2e-10 0.00498597 0.0183908 0.000363081
2.01e-10 0.0181166 0.0209492 0.000767081
2.02e-10 0.0274545 0.011233 0.000879929
2.03e-10 0.0227287 -0.00155429 0.00051901
2.04e-10 0.00644777 -0.0020163 4.56392e-05
2.05e-10 -0.00525926 0.0174797 0.000333198
2.06e-10 0.00560931 0.0473708 0.00227546
2.07e-10 0.0433348 0.0651056 0.00611664
2.08e-10 0.0921499 0.0509729 0.0110898
2.09e-10 0.125123 0.00325801 0.0156664
2.1e-10 0.121578 -0.0590667 0.0182701
2.11e-10 0.0802726 -0.107559 0.0180127
2.12e-10 0.0199974 -0.121091 0.015063
2.13e-10 -0.031798 -0.0974963 0.0105166
2.14e-10 -0.0548356 -0.0534705 0.00586604
2.15e-10 -0.0465291 -0.0133716 0.00234376
2.16e-10 -0.0209395 0.00550117 0.000468727
2.17e-10 0.00218432 0.00144591 6.8619e-06
2.18e-10 0.00997517 -0.0139799 0.000294943
2.19e-10 0.00236843 -0.0258526 0.000673964
2.2e-10 -0.0109932 -0.0256651 0.000779549
2.21e-10 -0.0190594 -0.0150355 0.000589326
2.22e-10 -0.016721 -0.00237471 0.000285232
2.23e-10 -0.00690107 0.00400391 6.36561e-05
2.24e-10 0.00289057 0.00135311 1.01863e-05
2.25e-10 0.00632258 -0.00665342 8.42429e-05
2.26e-10 0.00222441 -0.0133843 0.000184087
2.27e-10 -0.00544431 -0.0140482 0.000226993
2.28e-10 -0.0109263 -0.00854019 0.000192318
2.29e-10 -0.0106473 -0.000854685 0.000114096
2.3e-10 -0.00523847 0.00403029 4.36848e-05
2.31e-10 0.00138195 0.00347486 1.39844e-05
2.32e-10 0.0048855 -0.00139832 2.58234e-05
2.33e-10 0.00332424 -0.00681122 5.74433e-05
2.34e-10 -0.00187551 -0.00896702 8.3925e-05
2.35e-10 -0.00710808 -0.00642039 9.17462e-05
2.36e-10 -0.00899991 -0.000776307 8.1601e-05
2.37e-10 -0.00646223 0.004524 6.2227e-05
2.38e-10 -0.00120084 0.0064196 4.26533e-05
2.39e-10 0.0034753 0.00405283 2.85031e-05
2.4e-10 0.0047082 -0.00082962 2.28554e-05
2.41e-10 0.00175705 -0.0050168 2.82555e-05
2.42e-10 -0.00364403 -0.00575517 4.6401e-05
2.43e-10 -0.00835234 -0.00232028 7.51453e-05
2.44e-10 -0.00963098 0.00361345 0.000105813
2.45e-10 -0.00667795 0.00894362 0.000124583
2.46e-10 -0.00105764 0.0108639 0.000119143
2.47e-10 0.00414909 0.00839283 8.76545e-05
2.48e-10 0.00598507 0.00291385 4.43116e-05
2.49e-10 0.00317823 -0.00252198 1.64615e-05
2.5e-10 -0.00316596 -0.00474711 3.25584e-05
2.51e-10 -0.0100715 -0.00209203 0.000105812
2.52e-10 -0.0141333 0.00473278 0.00022215
2.53e-10 -0.0131854 0.012908 0.000340472
2.54e-10 -0.00740145 0.0187935 0.000407979
2.55e-10 0.00068502 0.0196284 0.000385743
2.56e-10 0.00724776 0.0148665 0.000273544
2.57e-10 0.00885177 0.00655099 0.000121269
2.58e-10 0.00402376 -0.00144848 1.82887e-05
2.59e-10 -0.00596825 -0.00502757 6.08965e-05
2.6e-10 -0.0174777 -0.00161621 0.000308082
2.61e-10 -0.0258681 0.00861127 0.000743315
2.62e-10 -0.0273884 0.022601 0.00126093
2.63e-10 -0.0207926 0.0354456 0.00168872
2.64e-10 -0.00806646 0.0421982 0.00184576
2.65e-10 0.00602946 0.0398125 0.00162139
2.66e-10 0.0154626 0.028518 0.00105237
2.67e-10 0.0149945 0.0121468 0.000372378
2.68e-10 0.00215869 -0.00274079 1.21719e-05
2.69e-10 -0.0214902 -0.008729 0.000538026
2.7e-10 -0.050321 0.000101111 0.00253222
2.71e-10 -0.0758938 0.0260667 0.00643935
2.72e-10 -0.0892452 0.0667526 0.0124206
2.73e-10 -0.0834823 0.115301 0.0202637
2.74e-10 -0.0558214 0.162065 0.029381
2.75e-10 -0.00841978 0.197046 0.0388981
2.76e-10 0.0521679 0.212326 0.0478038
2.77e-10 0.116586 0.203775 0.0551166
2.78e-10 0.174747 0.171734 0.0600291
2.79e-10 0.21781 0.120699 0.0620096
2.8e-10 0.239712 0.0582734 0.0608578
2.81e-10 0.238072 -0.00630963 0.056718
2.82e-10 0.214438 -0.0638273 0.0500578
2.83e-10 0.173893 -0.106644 0.0416118
2.84e-10 0.12405 -0.130008 0.0322906
2.85e-10 0.073591 -0.132829 0.0230592
2.86e-10 0.0305631 -0.117743 0.0147976
2.87e-10 0.000820884 -0.0903845 0.00817003
2.88e-10 -0.0130085 -0.058005 0.0035338
2.89e-10 -0.0117578 -0.0277998 0.000911074
2.9e-10 0.000872705 -0.00539233 2.98389e-05
2.91e-10 0.0194993 0.00613753 0.000417893
2.92e-10 0.0384494 0.00650994 0.00152074
2.93e-10 0.0529927 -0.00215431 0.00281287
2.94e-10 0.0601604 -0.0161718 0.0038808
2.95e-10 0.0590624 -0.0313063 0.00446845
2.96e-10 0.0507398 -0.0437169 0.00448569
2.97e-10 0.0376673 -0.0506789 0.00398717
2.98e-10 0.0230514 -0.050985 0.00313084
2.99e-10 0.0100804 -0.0449994 0.00212656
3e-10 0.00126842 -0.0343964 0.00118472
3.01e-10 -0.0019905 -0.0216662 0.000473388
3.02e-10 0.000409182 -0.0095098 9.06037e-05
3.03e-10 0.00739956 -0.000257041 5.48196e-05
3.04e-10 0.0170828 0.0045719 0.000312724
3.05e-10 0.027204 0.00448872 0.000760206
3.06e-10 0.0356393 2.42452e-05 0.00127016
3.07e-10 0.0407982 -0.00748401 0.0017205
3.08e-10 0.0418736 -0.0162341 0.00201694
3.09e-10 0.0389143 -0.0243486 0.00210718
3.1e-10 0.0327309 -0.0302318 0.00198527
3.11e-10 0.0246736 -0.032837 0.00168705
3.12e-10 0.016337 -0.0318067 0.00127856
3.13e-10 0.0092502 -0.0274768 0.000840541
3.14e-10 0.00460851 -0.0207573 0.000452105
3.15e-10 0.00308821 -0.0129229 0.000176539
3.16e-10 0.00476972 -0.00535833 5.14619e-05
3.17e-10 0.00917191 0.000692457 8.46034e-05
3.18e-10 0.0153806 0.00432923 0.000255307
3.19e-10 0.0222395 0.00512072 0.000520819
3.2e-10 0.0285633 0.00313859 0.00082571
3.21e-10 0.0333349 -0.00109529 0.00111241
3.22e-10 0.0358568 -0.00672942 0.001331
3.23e-10 0.0358366 -0.0127442 0.00144667
3.24e-10 0.0334007 -0.0181241 0.00144409
3.25e-10 0.0290444 -0.0220141 0.0013282
3.26e-10 0.0235289 -0.0238372 0.00112182
3.27e-10 0.0177494 -0.0233616 0.000860808
3.28e-10 0.012593 -0.0207119 0.000587566
3.29e-10 0.00880953 -0.0163265 0.000344163
3.3e-10 0.00691166 -0.0108747 0.00016603
3.31e-10 0.00711673 -0.00514577 7.71268e-05
3.32e-10 0.00933441 7.00818e-05 8.7136e-05
3.33e-10 0.0131984 0.00409203 0.000190942
3.34e-10 0.0181338 0.00643558 0.000370251
3.35e-10 0.0234479 0.00686621 0.000596948
3.36e-10 0.0284294 0.00541551 0.000837556
3.37e-10 0.0324427 0.00236123 0.00105811
3.38e-10 0.0350056 -0.00182273 0.00122872
3.39e-10 0.0358413 -0.00653726 0.00132733
3.4e-10 0.0349019 -0.0111393 0.00134222
3.41e-10 0.0323626 -0.0150227 0.00127302
3.42e-10 0.0285899 -0.01769 0.00113032
3.43e-10 0.0240889 -0.0188058 0.000933934
3.44e-10 0.0194383 -0.0182304 0.000710193
3.45e-10 0.0152202 -0.016027 0.00048852
3.46e-10 0.0119529 -0.012448 0.000297825
3.47e-10 0.0100344 -0.00789876 0.000163079
3.48e-10 0.00970139 -0.00288717 0.000102453
3.49e-10 0.0110082 0.00203603 0.000125325
3.5e-10 0.0138258 0.00633936 0.000231341
3.51e-10 0.0178618 0.00956792 0.000410588
3.52e-10 0.0226954 0.0113902 0.000644817
3.53e-10 0.027826 0.0116302 0.000909546
3.54e-10 0.032727 0.0102822 0.00117678
3.55e-10 0.0369009 0.00750793 0.00141805
3.56e-10 0.0399295 0.0036166 0.00160744
3.57e-10 0.0415142 -0.00096801 0.00172436
3.58e-10 0.0415046 -0.00575125 0.0017557
3.59e-10 0.0399113 -0.0102166 0.00169729
3.6e-10 0.0369046 -0.0138757 0.00155449
3.61e-10 0.0327971 -0.0163155 0.00134185
3.62e-10 0.0280146 -0.017237 0.00108194
3.63e-10 0.0230562 -0.0164848 0.000803335
3.64e-10 0.0184476 -0.0140619 0.000538053
3.65e-10 0.014693 -0.0101317 0.000318535
3.66e-10 0.012227 -0.00500409 0.00017454
3.67e-10 0.0113738 0.000890821 0.000130157
3.68e-10 0.0123157 0.00704099 0.000201253
3.69e-10 0.015074 0.012898 0.000393583
3.7e-10 0.0195042 0.0179265 0.000701773
3.71e-10 0.0253067 0.0216529 0.00110928
3.72e-10 0.0320504 0.0237087 0.00158933
3.73e-10 0.0392088 0.0238657 0.0021069
3.74e-10 0.0462036 0.0220581 0.00262133
3.75e-10 0.0524541 0.0183925 0.00308972
3.76e-10 0.0574262 0.0131427 0.00347049
3.77e-10 0.0606782 0.00673115 0.00372716
3.78e-10 0.0619007 -0.000300746 0.00383179
3.79e-10 0.0609456 -0.00733291 0.00376814
3.8e-10 0.0578443 -0.0137129 0.00353401
3.81e-10 0.0528133 -0.0188057 0.0031429
3.82e-10 0.0462456 -0.0220444 0.00262461
3.83e-10 0.0386899 -0.0229764 0.00202482
3.84e-10 0.0308173 -0.0213048 0.0014036
3.85e-10 0.0233781 -0.0169192 0.000832799
3.86e-10 0.0171503 -0.00991533 0.000392447
3.87e-10 0.0128837 -0.000600136 0.00016635
3.88e-10 0.0112434 0.0105177 0.000237037
3.89e-10 0.0127566 0.0227532 0.00068044
3.9e-10 0.0177667 0.0352843 0.00156064
3.91e-10 0.0264 0.0472033 0.00292511
3.92e-10 0.0385462 0.0575758 0.00480079
3.93e-10 0.0538572 0.0655045 0.00719143
3.94e-10 0.0717616 0.0701897 0.0100763
3.95e-10 0.091497 0.070985 0.0134106
3.96e-10 0.112155 0.0674408 0.0171269
3.97e-10 0.132734 0.0593348 0.021139
3.98e-10 0.152202 0.046686 0.0253451
3.99e-10 0.169553 0.0297528 0.0296336
4e-10 0.183865 0.0090171 0.0338875
4.01e-10 0.194344 -0.0148447 0.0379899
4.02e-10 0.200369 -0.0409999 0.0418287
4.03e-10 0.201513 -0.0685036 0.0453004
4.04e-10 0.197564 -0.0963462 0.0483139
4.05e-10 0.188522 -0.123501 0.0507932
4.06e-10 0.174605 -0.14897 0.052679
4.07e-10 0.156223 -0.171826 0.05393
4.08e-10 0.133965 -0.191251 0.0545236
4.09e-10 0.108568 -0.206564 0.0544557
4.1e-10 0.0808854 -0.21725 0.0537401
4.11e-10 0.0518494 -0.222978 0.0524075
4.12e-10 0.0224354 -0.223609 0.0505042
4.13e-10 -0.00637957 -0.219202 0.04809
4.14e-10 -0.0336563 -0.210009 0.0452364
4.15e-10 -0.0585315 -0.196463 0.0420236
4.16e-10 -0.0802532 -0.179158 0.0385383
4.17e-10 -0.0982121 -0.158824 0.0348706
4.18e-10 -0.111966 -0.136288 0.0311108
4.19e-10 -0.121255 -0.112444 0.0273465
4.2e-10 -0.126015 -0.0882051 0.0236599
4.21e-10 -0.12637 -0.0644637 0.020125
4.22e-10 -0.122625 -0.042051 0.0168052
4.23e-10 -0.115245 -0.0216989 0.0137523
4.24e-10 -0.104826 -0.00400905 0.0110046
4.25e-10 -0.0920614 0.0105705 0.00858703
4.26e-10 -0.0777032 0.0217597 0.00651127
4.27e-10 -0.0625222 0.0294511 0.00477639
4.28e-10 -0.047269 0.0337049 0.00337037
4.29e-10 -0.0326382 0.0347353 0.00227179
4.3e-10 -0.0192382 0.0328897 0.00145185
4.31e-10 -0.00756704 0.0286221 0.000876487
4.32e-10 0.00200392 0.0224625 0.000508582
4.33e-10 0.00923839 0.0149852 0.000309904
4.34e-10 0.0140363 0.00677689 0.000242945
4.35e-10 0.016428 -0.00159305 0.000272417
4.36e-10 0.0165619 -0.00959923 0.000366443
4.37e-10 0.0146881 -0.0167826 0.000497395
4.38e-10 0.0111375 -0.0227675 0.000642403
4.39e-10 0.00629946 -0.0272739 0.000783548
4.4e-10 0.000597611 -0.0301234 0.000907775
4.41e-10 -0.00553355 -0.0312404 0.00100658
4.42e-10 -0.0116712 -0.0306482 0.00107553
4.43e-10 -0.0174244 -0.0284603 0.0011136
4.44e-10 -0.0224516 -0.0248684 0.00112251
4.45e-10 -0.0264741 -0.0201272 0.00110598
4.46e-10 -0.0292861 -0.0145375 0.00106902
4.47e-10 -0.0307606 -0.0084273 0.00101724
4.48e-10 -0.0308504 -0.00213396 0.000956302
4.49e-10 -0.0295858 0.00401399 0.000891431
4.5e-10 -0.0270684 0.00971302 0.00082704
4.51e-10 -0.0234617 0.0146987 0.000766504
4.52e-10 -0.0189795 0.018757 0.000712046
4.53e-10 -0.0138718 0.0217325 0.000664728
4.54e-10 -0.0084104 0.0235333 0.000624549
4.55e-10 -0.0028741 0.024132 0.000590615
4.56e-10 0.00246597 0.0235646 0.000561372
4.57e-10 0.00735949 0.0219248 0.000534861
4.58e-10 0.0115885 0.0193573 0.000508998
4.59e-10 0.0149766 0.0160478 0.000481829
4.6e-10 0.0173962 0.0122122 0.000451766
4.61e-10 0.0187722 0.00808502 0.000417764
4.62e-10 0.019084 0.00390664 0.000379462
4.63e-10 0.0183639 -8.81193e-05 0.000337239
4.64e-10 0.0166935 -0.00368127 0.000292225
4.65e-10 0.0141985 -0.00668141 0.000246238
4.66e-10 0.0110404 -0.0089319 0.000201669
4.67e-10 0.00740808 -0.010317 0.000161321
4.68e-10 0.00350793 -0.0107661 0.000128215
4.69e-10 -0.000446527 -0.0102553 0.00010537
4.7e-10 -0.0042447 -0.00880723 9.55847e-05
4.71e-10 -0.00768861 -0.00648859 0.000101217
4.72e-10 -0.0106017 -0.00340571 0.000123995
4.73e-10 -0.0128362 0.000301435 0.000164859
4.74e-10 -0.0142793 0.00446653 0.000223847
4.75e-10 -0.0148569 0.00890518 0.000300029
4.76e-10 -0.0145364 0.0134237 0.000391503
4.77e-10 -0.013327 0.0178278 0.000495441
4.78e-10 -0.0112779 0.0219318 0.000608194
4.79e-10 -0.00847571 0.0255657 0.000725444
4.8e-10 -0.00503942 0.0285832 0.000842396
4.81e-10 -0.00111477 0.0308668 0.000954002
4.82e-10 0.00313269 0.0323325 0.00105521
4.83e-10 0.00752498 0.0329329 0.0011412
4.84e-10 0.0118795 0.0326581 0.00120767
4.85e-10 0.0160166 0.0315356 0.00125102
4.86e-10 0.0197672 0.0296286 0.00126859
4.87e-10 0.0229792 0.0270327 0.00125881
4.88e-10 0.0255238 0.0238717 0.00122132
4.89e-10 0.0272999 0.020292 0.00115705
4.9e-10 0.0282383 0.0164564 0.00106821
4.91e-10 0.0283035 0.012538 0.000958288
4.92e-10 0.0274951 0.00871259 0.000831891
4.93e-10 0.0258475 0.00515213 0.000694639
4.94e-10 0.0234279 0.00201811 0.000552941
4.95e-10 0.0203338 -0.000544626 0.000413758
4.96e-10 0.0166886 -0.0024133 0.000284333
4.97e-10 0.0126373 -0.00349171 0.000171894
4.98e-10 0.00834053 -0.00371367 8.33558e-05
4.99e-10 0.0039683 -0.00304533 2.50215e-05
5e-10 -0.000306109 -0.00148624 2.3026e-06
5.01e-10 -0.00431277 0.000930821 1.94665e-05
5.02e-10 -0.00789132 0.00414124 7.94228e-05
5.03e-10 -0.0108968 0.00805111 0.00018356
5.04e-10 -0.0132047 0.0125408 0.000331636
5.05e-10 -0.0147155 0.0174696 0.000521733
5.06e-10 -0.0153582 0.0226804 0.000750277
5.07e-10 -0.0150922 0.0280061 0.00101211
5.08e-10 -0.0139091 0.0332746 0.00130066
5.09e-10 -0.0118322 0.0383159 0.00160811
5.1e-10 -0.00891613 0.042967 0.00192566
5.11e-10 -0.0052442 0.0470778 0.00224382
5.12e-10 -0.000925802 0.0505161 0.00255274
5.13e-10 0.00390754 0.053172 0.00284253
5.14e-10 0.0091066 0.0549608 0.00310362
5.15e-10 0.0145094 0.0558263 0.0033271
5.16e-10 0.0199464 0.0557422 0.00350505
5.17e-10 0.0252461 0.0547124 0.00363081
5.18e-10 0.0302401 0.0527716 0.0036993
5.19e-10 0.0347687 0.0499833 0.00370719
5.2e-10 0.0386855 0.0464384 0.00365309
5.21e-10 0.0418619 0.042252 0.00353765
5.22e-10 0.0441912 0.0375602 0.00336363
5.23e-10 0.0455915 0.0325159 0.00313587
5.24e-10 0.0460083 0.0272844 0.0028612
5.25e-10 0.0454164 0.0220382 0.00254833
5.26e-10 0.0438205 0.0169526 0.00220762
5.27e-10 0.0412552 0.0121997 0.00185083
5.28e-10 0.0377845 0.00794435 0.00149078
5.29e-10 0.0334997 0.00433833 0.00114105
5.3e-10 0.0285169 0.00151647 0.000815516
5.31e-10 0.0229744 -0.000407599 0.000527991
5.32e-10 0.0170281 -0.00134488 0.000291765
5.33e-10 0.0108475 -0.00123374 0.000119189
5.34e-10 0.00461066 -4.18589e-05 2.126e-05
5.35e-10 -0.00150048 0.00223264 7.23611e-06
5.36e-10 -0.00730575 0.00556099 8.42986e-05
5.37e-10 -0.0126317 0.00988445 0.000257263
5.38e-10 -0.0173167 0.0151159 0.000528357
5.39e-10 -0.0212152 0.0211421 0.000897074
5.4e-10 -0.0242025 0.027827 0.00136011
5.41e-10 -0.0261776 0.0350155 0.00191135
5.42e-10 -0.0270664 0.0425375 0.00254203
5.43e-10 -0.0268234 0.0502131 0.00324085
5.44e-10 -0.0254332 0.0578567 0.00399425
5.45e-10 -0.0229107 0.0652829 0.00478675
5.46e-10 -0.0193002 0.0723106 0.00560133
5.47e-10 -0.014675 0.0787683 0.0064198
5.48e-10 -0.00913434 0.084498 0.00722335
5.49e-10 -0.0028016 0.0893594 0.00799295
5.5e-10 0.00417935 0.0932331 0.00870987
5.51e-10 0.0116475 0.0960236 0.00935619
5.52e-10 0.019429 0.0976613 0.00991522
5.53e-10 0.0273407 0.0981044 0.010372
5.54e-10 0.035195 0.0973393 0.0107136
5.55e-10 0.042804 0.0953812 0.0109298
5.56e-10 0.0499836 0.0922738 0.0110128
5.57e-10 0.0565577 0.0880882 0.0109583
5.58e-10 0.0623623 0.0829215 0.010765
5.59e-10 0.0672488 0.0768947 0.0104352
5.6e-10 0.0710876 0.0701506 0.00997456
5.61e-10 0.0737711 0.0628506 0.00939238
5.62e-10 0.0752162 0.0551713 0.00870135
5.63e-10 0.0753665 0.0473012 0.00791751
5.64e-10 0.0741936 0.0394368 0.00705995
5.65e-10 0.0716989 0.0317781 0.00615058
5.66e-10 0.0679133 0.0245246 0.00521368
5.67e-10 0.0628979 0.0178709 0.00427551
5.68e-10 0.0567425 0.0120019 0.00336375
5.69e-10 0.0495647 0.00708894 0.00250691
5.7e-10 0.0415078 0.00328535 0.00173369
5.71e-10 0.0327378 0.000722559 0.00107228
5.72e-10 0.0234403 -0.000493345 0.00054969
5.73e-10 0.0138165 -0.000284604 0.000190978
5.74e-10 0.00407901 0.00139584 1.85867e-05
5.75e-10 -0.00555349 0.00456267 5.16593e-05
5.76e-10 -0.0148608 0.00919737 0.000305434
5.77e-10 -0.0236265 0.0152481 0.000790718
5.78e-10 -0.0316434 0.0226308 0.00151346
5.79e-10 -0.0387181 0.0312303 0.00247442
5.8e-10 -0.0446761 0.0409034 0.00366904
5.81e-10 -0.0493654 0.0514818 0.00508732
5.82e-10 -0.0526608 0.0627762 0.006714
5.83e-10 -0.054466 0.0745801 0.00852874
5.84e-10 -0.0547163 0.0866752 0.0105065
5.85e-10 -0.0533794 0.0988361 0.0126179
5.86e-10 -0.0504562 0.110835 0.0148302
5.87e-10 -0.04598 0.122446 0.0171073
5.88e-10 -0.0400161 0.133453 0.019411
5.89e-10 -0.0326593 0.143649 0.0217017
5.9e-10 -0.0240323 0.152844 0.0239388
5.91e-10 -0.0142822 0.160866 0.0260819
5.92e-10 -0.00357833 0.167566 0.0280911
5.93e-10 0.00789203 0.172818 0.0299284
5.94e-10 0.0199265 0.176524 0.0315577
5.95e-10 0.0323114 0.178611 0.0329459
5.96e-10 0.0448254 0.179036 0.0340632
5.97e-10 0.0572426 0.177785 0.0348841
5.98e-10 0.0693365 0.174871 0.0353873
5.99e-10 0.080883 0.170337 0.0355568
6e-10 0.0916636 0.164255 0.035382
6.01e-10 0.101469 0.156723 0.034858
6.02e-10 0.110101 0.147866 0.0339865
6.03e-10 0.117376 0.137834 0.0327755
6.04e-10 0.123131 0.126802 0.0312398
6.05e-10 0.127219 0.114965 0.0294015
6.06e-10 0.129519 0.10254 0.0272897
6.07e-10 0.129937 0.0897615 0.0249408
6.08e-10 0.128407 0.0768786 0.0223987
6.09e-10 0.124894 0.0641527 0.0197141
6.1e-10 0.119398 0.0518535 0.0169446
6.11e-10 0.111953 0.040255 0.0141539
6.12e-10 0.102633 0.0296307 0.0114115
6.13e-10 0.0915495 0.0202483 0.0087913
6.14e-10 0.0788528 0.0123644 0.00637064
6.15e-10 0.0647319 0.00621816 0.00422888
6.16e-10 0.0494127 0.00202521 0.00244571
6.17e-10 0.0331552 -2.85212e-05 0.00109927
6.18e-10 0.0162498 0.000207038 0.0002641
6.19e-10 -0.000987828 0.00284063 9.04499e-06
6.2e-10 -0.0182233 0.00793489 0.00039505
6.21e-10 -0.0351104 0.0155026 0.00147307
6.22e-10 -0.0512998 0.0255045 0.00328215
6.23e-10 -0.0664471 0.0378482 0.0058477
6.24e-10 -0.0802223 0.0523891 0.00918024
6.25e-10 -0.0923183 0.0689333 0.0132745
6.26e-10 -0.102459 0.0872416 0.0181089
6.27e-10 -0.110407 0.107035 0.0236461
6.28e-10 -0.115967 0.128002 0.029833
6.29e-10 -0.118995 0.149808 0.0366022
6.3e-10 -0.119396 0.1721 0.0438739
6.31e-10 -0.117128 0.19452 0.0515568
6.32e-10 -0.1122 0.216708 0.0595511
6.33e-10 -0.104669 0.238316 0.06775
6.34e-10 -0.0946405 0.259009 0.0760425
6.35e-10 -0.0822591 0.278475 0.0843148
6.36e-10 -0.0677065 0.296426 0.0924527
6.37e-10 -0.0511957 0.312605 0.100343
6.38e-10 -0.032965 0.326785 0.107875
6.39e-10 -0.0132737 0.338772 0.114943
6.4e-10 0.00760313 0.348404 0.121443
6.41e-10 0.0293784 0.355551 0.127279
6.42e-10 0.0517567 0.360113 0.13236
6.43e-10 0.0744363 0.362021 0.1366
6.44e-10 0.0971116 0.361233 0.13992
6.45e-10 0.119474 0.357732 0.142246
6.46e-10 0.141212 0.35153 0.143514
6.47e-10 0.16201 0.34266 0.143663
6.48e-10 0.181551 0.331181 0.142642
6.49e-10 0.199512 0.317181 0.140409
6.5e-10 0.215563 0.300771 0.136931
6.51e-10 0.229369 0.282098 0.132189
6.52e-10 0.240584 0.261342 0.126181
6.53e-10 0.248859 0.238726 0.118921
6.54e-10 0.253834 0.214523 0.110452
6.55e-10 0.255151 0.189066 0.100848
6.56e-10 0.252453 0.162757 0.0902221
6.57e-10 0.245398 0.13608 0.0787379
6.58e-10 0.233675 0.109613 0.0666192
6.59e-10 0.217023 0.08404 0.0541618
6.6e-10 0.195261 0.0601538 0.0417454
6.61e-10 0.168323 0.038862 0.0298427
6.62e-10 0.1363 0.0211751 0.019026
6.63e-10 0.0994904 0.00818394 0.00996531
6.64e-10 0.0584445 0.0010174 0.0034168
6.65e-10 0.0140057 0.000777943 0.000196765
6.66e-10 -0.0326666 0.0084554 0.0011386
6.67e-10 -0.0801025 0.0248229 0.00703259
6.68e-10 -0.126567 0.0503261 0.0185519
6.69e-10 -0.170149 0.0849821 0.0361727
6.7e-10 -0.208897 0.128311 0.0601016
6.71e-10 -0.240978 0.179315 0.0902241
6.72e-10 -0.264845 0.236528 0.126088
6.73e-10 -0.279381 0.298121 0.166929
6.74e-10 -0.283991 0.362058 0.211737
6.75e-10 -0.278626 0.426276 0.259344
6.76e-10 -0.263745 0.488851 0.308537
6.77e-10 -0.24022 0.548129 0.358151
6.78e-10 -0.20921 0.602811 0.40715
6.79e-10 -0.172031 0.65198 0.454673
6.8e-10 -0.13004 0.695089 0.500059
6.81e-10 -0.0845386 0.731915 0.542847
6.82e-10 -0.0367107 0.762498 0.582751
6.83e-10 0.0124143 0.787072 0.619636
6.84e-10 0.061975 0.806007 0.653488
6.85e-10 0.111276 0.819755 0.68438
6.86e-10 0.159774 0.828805 0.712445
6.87e-10 0.20706 0.833656 0.737856
6.88e-10 0.252839 0.834794 0.760808
6.89e-10 0.29691 0.832676 0.781505
6.9e-10 0.339145 0.827724 0.800147
6.91e-10 0.379475 0.820322 0.81693
6.92e-10 0.417877 0.810812 0.832037
6.93e-10 0.45436 0.799498 0.84564
6.94e-10 0.488958 0.786648 0.857895
6.95e-10 0.521722 0.772495 0.868943
6.96e-10 0.552715 0.757244 0.878913
6.97e-10 0.582007 0.741072 0.887919
6.98e-10 0.609672 0.724131 0.896066
6.99e-10 0.635787 0.706554 0.903443
7e-10 0.660427 0.688455 0.910134
7.01e-10 0.683666 0.669933 0.916209
7.02e-10 0.705578 0.651071 0.921734
7.03e-10 0.726232 0.631944 0.926766
7.04e-10 0.745693 0.612614 0.931354
7.05e-10 0.764027 0.593134 0.935545
7.06e-10 0.781291 0.573551 0.939377
7.07e-10 0.797544 0.553905 0.942887
7.08e-10 0.812837 0.534231 0.946106
7.09e-10 0.827221 0.514556 0.949062
7.1e-10 0.840742 0.494907 0.95178
7.11e-10 0.853445 0.475305 0.954283
7.12e-10 0.86537 0.455768 0.95659
7.13e-10 0.876556 0.436312 0.958719
7.14e-10 0.887039 0.416951 0.960686
7.15e-10 0.896852 0.397696 0.962506
7.16e-10 0.906028 0.378556 0.964191
7.17e-10 0.914595 0.35954 0.965754
7.18e-10 0.922582 0.340654 0.967203
7.19e-10 0.930014 0.321905 0.96855
7.2e-10 0.936917 0.303297 0.969801
7.21e-10 0.943311 0.284833 0.970966
7.22e-10 0.94922 0.266517 0.97205
7.23e-10 0.954663 0.248351 0.97306
7.24e-10 0.95966 0.230338 0.974002
7.25e-10 0.964227 0.212478 0.974881
7.26e-10 0.968383 0.194772 0.975701
7.27e-10 0.972142 0.177222 0.976467
7.28e-10 0.975519 0.159828 0.977183
7.29e-10 0.978529 0.142588 0.977851
7.3e-10 0.981186 0.125505 0.978477
7.31e-10 0.9835 0.108576 0.979061
7.32e-10 0.985485 0.0918013 0.979607
7.33e-10 0.987151 0.0751803 0.980118
7.34e-10 0.988508 0.058712 0.980596
7.35e-10 0.989568 0.0423953 0.981042
7.36e-10 0.990339 0.0262291 0.981459
7.37e-10 0.99083 0.0102124 0.981849
7.38e-10 0.99105 -0.00565624 0.982212
7.39e-10 0.991006 -0.021378 0.982551
7.4e-10 0.990707 -0.0369544 0.982866
7.41e-10 0.990159 -0.0523866 0.983159
7.42e-10 0.989369 -0.0676762 0.983432
7.43e-10 0.988344 -0.0828247 0.983684
7.44e-10 0.98709 -0.0978334 0.983917
7.45e-10 0.985612 -0.112704 0.984133
7.46e-10 0.983916 -0.127438 0.98433
7.47e-10 0.982007 -0.142036 0.984512
7.48e-10 0.97989 -0.156501 0.984677
7.49e-10 0.97757 -0.170833 0.984826
7.5e-10 0.97505 -0.185035 0.984961
7.51e-10 0.972336 -0.199107 0.985081
7.52e-10 0.969431 -0.213052 0.985187
7.53e-10 0.966338 -0.22687 0.98528
7.54e-10 0.963062 -0.240563 0.985359
7.55e-10 0.959605 -0.254133 0.985425
7.56e-10 0.95597 -0.26758 0.985478
7.57e-10 0.952161 -0.280907 0.985519
7.58e-10 0.948179 -0.294115 0.985547
7.59e-10 0.944028 -0.307205 0.985563
7.6e-10 0.939709 -0.320177 0.985567
7.61e-10 0.935225 -0.333035 0.985559
7.62e-10 0.930578 -0.345778 0.985538
7.63e-10 0.925769 -0.358409 0.985506
7.64e-10 0.9208 -0.370928 0.985461
7.65e-10 0.915673 -0.383337 0.985404
7.66e-10 0.910388 -0.395636 0.985335
7.67e-10 0.904948 -0.407827 0.985253
7.68e-10 0.899352 -0.419911 0.985158
7.69e-10 0.893601 -0.431889 0.985051
7.7e-10 0.887697 -0.443761 0.98493
7.71e-10 0.881639 -0.45553 0.984796
7.72e-10 0.875429 -0.467196 0.984648
7.73e-10 0.869066 -0.478759 0.984486
7.74e-10 0.86255 -0.490222 0.984309
7.75e-10 0.85588 -0.501583 0.984117
7.76e-10 0.849058 -0.512845 0.98391
7.77e-10 0.842082 -0.524008 0.983686
7.78e-10 0.834951 -0.535072 0.983445
7.79e-10 0.827665 -0.546038 0.983187
7.8e-10 0.820223 -0.556908 0.982911
7.81e-10 0.812623 -0.56768 0.982616
7.82e-10 0.804864 -0.578356 0.982301
7.83e-10 0.796944 -0.588935 0.981964
7.84e-10 0.788862 -0.599419 0.981606
7.85e-10 0.780616 -0.609807 0.981225
7.86e-10 0.772203 -0.620099 0.98082
7.87e-10 0.763621 -0.630295 0.980389
7.88e-10 0.754867 -0.640396 0.979931
7.89e-10 0.745939 -0.6504 0.979445
7.9e-10 0.736833 -0.660307 0.978928
7.91e-10 0.727545 -0.670118 0.97838
7.92e-10 0.718072 -0.67983 0.977797
7.93e-10 0.708411 -0.689444 0.977178
7.94e-10 0.698555 -0.698957 0.976521
7.95e-10 0.688502 -0.70837 0.975822
7.96e-10 0.678246 -0.717679 0.97508
7.97e-10 0.66778 -0.726885 0.974292
7.98e-10 0.657101 -0.735983 0.973453
7.99e-10 0.646201 -0.744974 0.972562
8e-10 0.635074 -0.753852 0.971612
8.01e-10 0.623713 -0.762617 0.970602
8.02e-10 0.61211 -0.771263 0.969526
8.03e-10 0.600257 -0.779788 0.968378
8.04e-10 0.588146 -0.788187 0.967155
8.05e-10 0.575768 -0.796455 0.965849
8.06e-10 0.563112 -0.804586 0.964454
8.07e-10 0.550169 -0.812575 0.962963
8.08e-10 0.536926 -0.820414 0.961369
8.09e-10 0.523373 -0.828095 0.959662
8.1e-10 0.509497 -0.835611 0.957833
8.11e-10 0.495285 -0.84295 0.955872
8.12e-10 0.480722 -0.850102 0.953767
8.13e-10 0.465793 -0.857055 0.951506
8.14e-10 0.450483 -0.863794 0.949074
8.15e-10 0.434774 -0.870303 0.946456
8.16e-10 0.418648 -0.876566 0.943635
8.17e-10 0.402088 -0.882563 0.940591
8.18e-10 0.385072 -0.88827 0.937304
8.19e-10 0.36758 -0.893664 0.93375
8.2e-10 0.34959 -0.898715 0.929903
8.21e-10 0.33108 -0.903393 0.925733
8.22e-10 0.312025 -0.907661 0.921209
8.23e-10 0.292401 -0.911479 0.916293
8.24e-10 0.272184 -0.914802 0.910947
8.25e-10 0.251347 -0.917577 0.905123
8.26e-10 0.229866 -0.919747 0.898773
8.27e-10 0.207716 -0.921246 0.891839
8.28e-10 0.184873 -0.921999 0.88426
8.29e-10 0.161316 -0.921922 0.875963
8.3e-10 0.137024 -0.920921 0.866872
8.31e-10 0.111985 -0.918889 0.856899
8.32e-10 0.0861896 -0.915706 0.845946
8.33e-10 0.059637 -0.911235 0.833906
8.34e-10 0.0323381 -0.905325 0.820659
8.35e-10 0.00431788 -0.897807 0.806075
8.36e-10 -0.0243799 -0.888491 0.790011
8.37e-10 -0.0536875 -0.877171 0.772312
8.38e-10 -0.083507 -0.86362 0.752812
8.39e-10 -0.113702 -0.84759 0.731337
8.4e-10 -0.144091 -0.828821 0.707707
8.41e-10 -0.174433 -0.807041 0.681742
8.42e-10 -0.20442 -0.781973 0.65327
8.43e-10 -0.233665 -0.753351 0.622137
8.44e-10 -0.261688 -0.720934 0.588226
8.45e-10 -0.287911 -0.684528 0.551471
8.46e-10 -0.311649 -0.644017 0.511883
8.47e-10 -0.332114 -0.599401 0.469581
8.48e-10 -0.34843 -0.550831 0.424818
8.49e-10 -0.35966 -0.49866 0.378017
8.5e-10 -0.364851 -0.443479 0.32979
8.51e-10 -0.363104 -0.386149 0.280956
8.52e-10 -0.353661 -0.327812 0.232537
8.53e-10 -0.335994 -0.269866 0.185719
8.54e-10 -0.30991 -0.213907 0.141801
8.55e-10 -0.275623 -0.161632 0.102093
8.56e-10 -0.233792 -0.114705 0.0678161
8.57e-10 -0.185512 -0.0746108 0.0399816
8.58e-10 -0.132243 -0.0425195 0.019296
8.59e-10 -0.0756893 -0.0191828 0.00609685
8.6e-10 -0.0176584 -0.00488492 0.000335682
8.61e-10 0.0400951 0.000548885 0.00160792
8.62e-10 0.0959971 -0.00230856 0.00922077
8.63e-10 0.148745 -0.0125827 0.0222834
8.64e-10 0.197355 -0.0292081 0.039802
8.65e-10 0.241165 -0.0510356 0.0607654
8.66e-10 0.279812 -0.0769216 0.0842118
8.67e-10 0.313181 -0.105795 0.109275
8.68e-10 0.341352 -0.136698 0.135208
8.69e-10 0.36455 -0.168807 0.161393
8.7e-10 0.383091 -0.201441 0.187337
8.71e-10 0.397344 -0.234047 0.21266
8.72e-10 0.407703 -0.266197 0.237082
8.73e-10 0.414561 -0.297563 0.260404
8.74e-10 0.418297 -0.327906 0.282495
8.75e-10 0.419267 -0.357057 0.303274
8.76e-10 0.417797 -0.384903 0.322705
8.77e-10 0.414182 -0.411377 0.340778
8.78e-10 0.408686 -0.436442 0.357506
8.79e-10 0.401543 -0.460091 0.37292
8.8e-10 0.392958 -0.48233 0.387058
8.81e-10 0.383112 -0.503181 0.399965
8.82e-10 0.372161 -0.522673 0.411691
8.83e-10 0.360243 -0.540843 0.422286
8.84e-10 0.347477 -0.557726 0.431799
8.85e-10 0.333966 -0.573363 0.440279
8.86e-10 0.3198 -0.587792 0.447771
8.87e-10 0.305057 -0.601049 0.45432
8.88e-10 0.289807 -0.61317 0.459965
8.89e-10 0.274108 -0.624187 0.464744
8.9e-10 0.258013 -0.634129 0.46869
8.91e-10 0.24157 -0.643023 0.471835
8.92e-10 0.22482 -0.650892 0.474205
8.93e-10 0.2078 -0.657757 0.475825
8.94e-10 0.190545 -0.663633 0.476717
8.95e-10 0.173088 -0.668536 0.476899
8.96e-10 0.155457 -0.672475 0.476389
8.97e-10 0.137682 -0.675458 0.4752
8.98e-10 0.119791 -0.677492 0.473345
8.99e-10 0.10181 -0.678577 0.470832
9e-10 0.0837695 -0.678715 0.467671
9.01e-10 0.0656962 -0.677903 0.463869
9.02e-10 0.0476202 -0.676137 0.459429
9.03e-10 0.0295726 -0.673411 0.454357
9.04e-10 0.0115862 -0.669718 0.448656
9.05e-10 -0.00630384 -0.665048 0.442328
9.06e-10 -0.0240597 -0.659391 0.435376
9.07e-10 -0.0416407 -0.652738 0.427801
9.08e-10 -0.059003 -0.645078 0.419607
9.09e-10 -0.0760989 -0.6364 0.410796
9.1e-10 -0.0928769 -0.626694 0.401371
9.11e-10 -0.109282 -0.615951 0.391338
9.12e-10 -0.125253 -0.604165 0.380704
9.13e-10 -0.140726 -0.591332 0.369478
9.14e-10 -0.155632 -0.577451 0.357671
9.15e-10 -0.169896 -0.562524 0.345298
9.16e-10 -0.183441 -0.54656 0.332379
9.17e-10 -0.196183 -0.529573 0.318935
9.18e-10 -0.208034 -0.511583 0.304995
9.19e-10 -0.218905 -0.492619 0.290593
9.2e-10 -0.2287 -0.472719 0.275767
9.21e-10 -0.237324 -0.45193 0.260564
9.22e-10 -0.244679 -0.430311 0.245036
9.23e-10 -0.250668 -0.407933 0.229244
9.24e-10 -0.255195 -0.384879 0.213257
9.25e-10 -0.258168 -0.361245 0.197149
9.26e-10 -0.259499 -0.337142 0.181005
9.27e-10 -0.259109 -0.312694 0.164915
9.28e-10 -0.256928 -0.288038 0.148978
9.29e-10 -0.252897 -0.263325 0.133297
9.3e-10 -0.246974 -0.238718 0.117983
9.31e-10 -0.239132 -0.214389 0.103147
9.32e-10 -0.229363 -0.19052 0.0889053
9.33e-10 -0.217681 -0.167297 0.0753734
9.34e-10 -0.204122 -0.14491 0.0626646
9.35e-10 -0.188745 -0.123548 0.0508887
9.36e-10 -0.171633 -0.103395 0.0401486
9.37e-10 -0.152895 -0.0846301 0.030539
9.38e-10 -0.132658 -0.0674171 0.0221433
9.39e-10 -0.111076 -0.0519068 0.0150322
9.4e-10 -0.0883176 -0.0382307 0.00926157
9.41e-10 -0.0645688 -0.0264988 0.00487132
9.42e-10 -0.0400284 -0.0167975 0.00188443
9.43e-10 -0.0149035 -0.00918754 0.000306525
9.44e-10 0.010594 -0.0037034 0.000125948
9.45e-10 0.0362517 -0.000352973 0.00131431
9.46e-10 0.0618606 0.000881714 0.00382751
9.47e-10 0.0872192 4.32344e-05 0.00760718
9.48e-10 0.112136 -0.00280316 0.0125824
9.49e-10 0.136434 -0.00757198 0.0186716
9.5e-10 0.159951 -0.0141602 0.0257848
9.51e-10 0.182543 -0.0224505 0.0338258
9.52e-10 0.204083 -0.0323141 0.0426941
9.53e-10 0.224466 -0.0436141 0.0522872
9.54e-10 0.243604 -0.0562082 0.0625021
9.55e-10 0.261427 -0.0699518 0.0732375
9.56e-10 0.277886 -0.0847003 0.0843948
9.57e-10 0.292945 -0.100311 0.0958794
9.58e-10 0.306586 -0.116647 0.107602
9.59e-10 0.318804 -0.133573 0.119478
9.6e-10 0.329605 -0.150965 0.13143
9.61e-10 0.339006 -0.168704 0.143386
9.62e-10 0.347035 -0.186679 0.155282
9.63e-10 0.353725 -0.204788 0.16706
9.64e-10 0.359117 -0.222939 0.178667
9.65e-10 0.363254 -0.241046 0.190057
9.66e-10 0.366186 -0.259033 0.20119
9.67e-10 0.367962 -0.276831 0.212032
9.68e-10 0.368636 -0.294379 0.222552
9.69e-10 0.368261 -0.311623 0.232725
9.7e-10 0.366889 -0.328515 0.24253
9.71e-10 0.364574 -0.345015 0.25195
9.72e-10 0.361369 -0.361085 0.26097
9.73e-10 0.357323 -0.376696 0.26958
9.74e-10 0.352487 -0.391821 0.27777
9.75e-10 0.346908 -0.406436 0.285536
9.76e-10 0.340633 -0.420524 0.292871
9.77e-10 0.333705 -0.434068 0.299774
9.78e-10 0.326167 -0.447055 0.306244
9.79e-10 0.318059 -0.459475 0.312279
9.8e-10 0.30942 -0.471318 0.317881
9.81e-10 0.300285 -0.482577 0.323052
9.82e-10 0.29069 -0.493247 0.327794
9.83e-10 0.280668 -0.503323 0.332109
9.84e-10 0.270249 -0.512802 0.336001
9.85e-10 0.259465 -0.521681 0.339472
9.86e-10 0.248342 -0.529957 0.342528
9.87e-10 0.236908 -0.537629 0.34517
9.88e-10 0.225189 -0.544695 0.347403
9.89e-10 0.213211 -0.551155 0.34923
9.9e-10 0.200996 -0.557007 0.350656
9.91e-10 0.188568 -0.562249 0.351682
9.92e-10 0.175949 -0.566882 0.352313
9.93e-10 0.163162 -0.570904 0.352553
9.94e-10 0.150227 -0.574312 0.352403
9.95e-10 0.137165 -0.577107 0.351867
9.96e-10 0.123998 -0.579286 0.350947
9.97e-10 0.110746 -0.580846 0.349647
9.98e-10 0.0974299 -0.581788 0.347969
9.99e-10 0.0840703 -0.582107 0.345916
1e-09 0.0706883 -0.581801 0.343489
1.001e-09 0.0573054 -0.580869 0.340692
1.002e-09 0.0439434 -0.579306 0.337527
1.003e-09 0.0306246 -0.577112 0.333996
1.004e-09 0.017372 -0.574283 0.330103
1.005e-09 0.00420927 -0.570817 0.32585
1.006e-09 -0.00883897 -0.566712 0.32124
1.007e-09 -0.0217473 -0.561965 0.316277
1.008e-09 -0.0344894 -0.556575 0.310965
1.009e-09 -0.0470378 -0.550541 0.305308
1.01e-09 -0.0593639 -0.543864 0.299312
1.011e-09 -0.071438 -0.536542 0.292981
1.012e-09 -0.0832292 -0.528579 0.286323
1.013e-09 -0.0947053 -0.519976 0.279344
1.014e-09 -0.105833 -0.510738 0.272054
1.015e-09 -0.116578 -0.50087 0.264461
1.016e-09 -0.126904 -0.49038 0.256577
1.017e-09 -0.136774 -0.479276 0.248412
1.018e-09 -0.14615 -0.46757 0.239982
1.019e-09 -0.154993 -0.455277 0.2313
1.02e-09 -0.163264 -0.442412 0.222384
1.021e-09 -0.170922 -0.428996 0.213251
1.022e-09 -0.177925 -0.41505 0.203924
1.023e-09 -0.184234 -0.400601 0.194423
1.024e-09 -0.189806 -0.385678 0.184774
1.025e-09 -0.194601 -0.370315 0.175002
1.026e-09 -0.198579 -0.354548 0.165138
1.027e-09 -0.2017 -0.33842 0.155211
1.028e-09 -0.203929 -0.321976 0.145256
1.029e-09 -0.205229 -0.305265 0.135306
1.03e-09 -0.205568 -0.288342 0.1254
1.031e-09 -0.204917 -0.271265 0.115575
1.032e-09 -0.203249 -0.254095 0.105874
1.033e-09 -0.200543 -0.236899 0.0963385
1.034e-09 -0.196782 -0.219746 0.0870113
1.035e-09 -0.191953 -0.202709 0.0779372
1.036e-09 -0.186053 -0.185864 0.069161
1.037e-09 -0.179079 -0.169288 0.0607277
1.038e-09 -0.171041 -0.153059 0.0526822
1.039e-09 -0.161952 -0.137259 0.0450684
1.04e-09 -0.151833 -0.121967 0.0379292
1.041e-09 -0.140714 -0.107262 0.0313056
1.042e-09 -0.128631 -0.0932228 0.0252364
1.043e-09 -0.115628 -0.079924 0.0197577
1.044e-09 -0.101756 -0.0674378 0.0149022
1.045e-09 -0.0870746 -0.0558318 0.0106992
1.046e-09 -0.0716475 -0.0451689 0.00717358
1.047e-09 -0.0555458 -0.0355057 0.00434599
1.048e-09 -0.038846 -0.0268926 0.00223223
1.049e-09 -0.021629 -0.0193728 0.000843115
1.05e-09 -0.00397923 -0.0129815 0.000184353
1.051e-09 0.0140157 -0.00774609 0.000256441
1.052e-09 0.0322664 -0.00368563 0.0010547
1.053e-09 0.0506827 -0.000810636 0.00256939
1.054e-09 0.0691743 0.000876794 0.00478585
1.055e-09 0.0876521 0.00138284 0.0076848
1.056e-09 0.106029 0.00072172 0.0112426
1.057e-09 0.12422 -0.00108475 0.0154318
1.058e-09 0.142145 -0.00400762 0.0202212
1.059e-09 0.159726 -0.00801137 0.0255767
1.06e-09 0.176893 -0.0130546 0.0314616
1.061e-09 0.193579 -0.0190907 0.0378371
1.062e-09 0.209722 -0.0260687 0.0446629
1.063e-09 0.225268 -0.0339337 0.0518974
1.064e-09 0.240169 -0.042628 0.0594984
1.065e-09 0.254382 -0.0520917 0.0674237
1.066e-09 0.26787 -0.0622634 0.0756311
1.067e-09 0.280603 -0.0730807 0.0840789
1.068e-09 0.292557 -0.0844811 0.0927266
1.069e-09 0.303712 -0.0964023 0.101534
1.07e-09 0.314055 -0.108783 0.110465
1.071e-09 0.323578 -0.121563 0.11948
1.072e-09 0.332275 -0.134685 0.128547
1.073e-09 0.340148 -0.14809 0.137632
1.074e-09 0.347201 -0.161726 0.146704
1.075e-09 0.353439 -0.175541 0.155734
1.076e-09 0.358875 -0.189485 0.164696
1.077e-09 0.363521 -0.203512 0.173565
1.078e-09 0.367393 -0.217578 0.182318
1.079e-09 0.370507 -0.231642 0.190934
1.08e-09 0.372884 -0.245666 0.199394
1.081e-09 0.374542 -0.259614 0.207681
1.082e-09 0.375504 -0.273453 0.21578
1.083e-09 0.375792 -0.287154 0.223677
1.084e-09 0.375429 -0.300688 0.23136
1.085e-09 0.374437 -0.314029 0.238817
1.086e-09 0.37284 -0.327154 0.24604
1.087e-09 0.370662 -0.340043 0.25302
1.088e-09 0.367926 -0.352676 0.259749
1.089e-09 0.364654 -0.365034 0.266223
1.09e-09 0.36087 -0.377104 0.272434
1.091e-09 0.356596 -0.38887 0.278381
1.092e-09 0.351854 -0.40032 0.284057
1.093e-09 0.346666 -0.411442 0.289462
1.094e-09 0.341052 -0.422227 0.294592
1.095e-09 0.335034 -0.432664 0.299446
1.096e-09 0.328629 -0.442747 0.304022
1.097e-09 0.321859 -0.452467 0.30832
1.098e-09 0.31474 -0.461819 0.312338
1.099e-09 0.307293 -0.470796 0.316077
1.1e-09 0.299532 -0.479393 0.319538
1.101e-09 0.291477 -0.487606 0.322719
1.102e-09 0.283142 -0.49543 0.325621
1.103e-09 0.274544 -0.502862 0.328245
1.104e-09 0.265698 -0.509898 0.330592
1.105e-09 0.256618 -0.516535 0.332661
1.106e-09 0.24732 -0.522769 0.334455
1.107e-09 0.237817 -0.528599 0.335973
1.108e-09 nan nan nan
1.109e-09 nan nan nan
1.11e-09 nan nan nan
1.111e-09 nan nan nan
1.112e-09 nan nan nan
1.113e-09 nan nan nan
1.114e-09 nan nan nan
1.115e-09 nan nan nan
1.116e-09 nan nan nan
1.117e-09 nan nan nan
1.118e-09 nan nan nan
1.119e-09 nan nan nan
1.12e-09 nan nan nan
1.121e-09 nan nan nan
1.122e-09 nan nan nan
1.123e-09 nan nan nan
1.124e-09 nan nan nan
1.125e-09 nan nan nan
1.126e-09 nan nan nan
1.127e-09 nan nan nan
1.128e-09 nan nan nan
1.129e-09 nan nan nan
1.13e-09 nan nan nan
1.131e-09 nan nan nan
1.132e-09 nan nan nan
1.133e-09 nan nan nan
1.134e-09 nan nan nan
1.135e-09 nan nan nan
1.136e-09 nan nan nan
1.137e-09 nan nan nan
1.138e-09 nan nan nan
1.139e-09 nan nan nan
1.14e-09 nan nan nan
1.141e-09 nan nan nan
1.142e-09 nan nan nan
1.143e-09 nan nan nan
1.144e-09 nan nan nan
1.145e-09 nan nan nan
1.146e-09 nan nan nan
1.147e-09 nan nan nan
1.148e-09 nan nan nan
1.149e-09 nan nan nan
1.15e-09 nan nan nan
1.151e-09 nan nan nan
1.152e-09 nan nan nan
1.153e-09 nan nan nan
1.154e-09 nan nan nan
1.155e-09 nan nan nan
1.156e-09 nan nan nan
1.157e-09 nan nan nan
1.158e-09 nan nan nan
1.159e-09 nan nan nan
1.16e-09 nan nan nan
1.161e-09 nan nan nan
1.162e-09 nan nan nan
1.163e-09 nan nan nan
1.164e-09 nan nan nan
1.165e-09 nan nan nan
1.166e-09 nan nan nan
1.167e-09 nan nan nan
1.168e-09 nan nan nan
1.169e-09 nan nan nan
1.17e-09 nan nan nan
1.171e-09 nan nan nan
1.172e-09 nan nan nan
1.173e-09 nan nan nan
1.174e-09 nan nan nan
1.175e-09 nan nan nan
1.176e-09 nan nan nan
1.177e-09 nan nan nan
1.178e-09 nan nan nan
1.179e-09 nan nan nan
1.18e-09 nan nan nan
1.181e-09 nan nan nan
1.182e-09 nan nan nan
1.183e-09 nan nan nan
1.184e-09 nan nan nan
1.185e-09 nan nan nan
1.186e-09 nan nan nan
1.187e-09 nan nan nan
1.188e-09 nan nan nan
1.189e-09 nan nan nan
1.19e-09 nan nan nan
1.191e-09 nan nan nan
1.192e-09 nan nan nan
1.193e-09 nan nan nan
1.194e-09 nan nan nan
1.195e-09 nan nan nan
1.196e-09 nan nan nan
1.197e-09 nan nan nan
1.198e-09 nan nan nan
1.199e-09 nan nan nan
