0.0000175 	 -0.000002269 	 -197879.158094 	 -21.411419 
0.0000349 	 -0.000016406 	 -98939.578926 	 -104.293376 
0.0000524 	 -0.000006807 	 -65959.719150 	 -7.137140 
0.0000698 	 -0.000006632 	 -49469.789222 	 -3.614990 
0.0000873 	 -0.000010472 	 -39575.831233 	 -3.863550 
0.0001047 	 -0.000017279 	 -32979.859213 	 -4.917002 
0.0001222 	 0.000004887 	 -28268.450605 	 0.658621 
0.0001396 	 -0.000012392 	 -24734.894129 	 -1.665497 
0.0001571 	 -0.000011345 	 -21986.572407 	 -1.162200 
0.0001745 	 0.000001745 	 -19787.915014 	 0.122208 
0.0001920 	 0.000002094 	 -17989.013495 	 0.120980 
0.0002094 	 -0.000016581 	 -16489.928883 	 -0.969928 
0.0002269 	 0.000005411 	 -15221.472661 	 0.218145 
0.0002443 	 0.000017279 	 -14134.224459 	 0.549253 
0.0002618 	 -0.000013439 	 -13191.942673 	 -0.474047 
0.0002793 	 -0.000014312 	 -12367.446100 	 -0.443620 
0.0002967 	 0.000009076 	 -11639.949115 	 0.211191 
0.0003142 	 0.000013090 	 -10993.285119 	 0.265950 
0.0003316 	 0.000015184 	 -10414.691008 	 0.274703 
0.0003491 	 0.000016057 	 -9893.956301 	 0.262063 
0.0003665 	 -0.000012915 	 -9422.815368 	 -0.224747 
0.0003840 	 0.000006632 	 -8994.505422 	 0.094581 
0.0004014 	 -0.000004189 	 -8603.439811 	 -0.057757 
0.0004189 	 0.000008552 	 -8244.962995 	 0.101850 
0.0004363 	 -0.000013963 	 -7915.164318 	 -0.170294 
0.0004538 	 0.000017453 	 -7610.734763 	 0.171007 
0.0004712 	 -0.000016755 	 -7328.855540 	 -0.176494 
0.0004887 	 0.000005934 	 -7067.110542 	 0.052774 
0.0005061 	 -0.000006458 	 -6823.416917 	 -0.056273 
0.0005236 	 -0.000013265 	 -6595.969528 	 -0.110815 
0.0005411 	 -0.000008552 	 -6383.196159 	 -0.065622 
0.0005585 	 -0.000002094 	 -6183.721121 	 -0.014719 
0.0005760 	 -0.000007679 	 -5996.335474 	 -0.051740 
0.0005934 	 0.000008378 	 -5819.972508 	 0.050332 
0.0006109 	 -0.000011694 	 -5653.687421 	 -0.070871 
0.0006283 	 0.000004538 	 -5496.640389 	 0.024652 
0.0006458 	 0.000010297 	 -5348.082382 	 0.052053 
0.0006632 	 -0.000011170 	 -5207.343214 	 -0.057162 
0.0006807 	 0.000009076 	 -5073.821434 	 0.041506 
0.0006981 	 -0.000002443 	 -4946.975740 	 -0.010985 
0.0007156 	 0.000006109 	 -4826.317636 	 0.025519 
0.0007330 	 -0.000005411 	 -4711.405152 	 -0.022235 
0.0007505 	 0.000003665 	 -4601.837432 	 0.014021 
0.0007679 	 -0.000005760 	 -4497.250059 	 -0.021572 
0.0007854 	 0.000014312 	 -4397.311009 	 0.048691 
0.0008029 	 0.000010821 	 -4301.717133 	 0.035562 
0.0008203 	 0.000008029 	 -4210.191077 	 0.025459 
0.0008378 	 0.000005585 	 -4122.478604 	 0.017086 
0.0008552 	 0.000000175 	 -4038.346229 	 0.000519 
0.0008727 	 0.000015882 	 -3957.579145 	 0.043770 
0.0008901 	 -0.000015533 	 -3879.979395 	 -0.044186 
0.0009076 	 -0.000011170 	 -3805.364247 	 -0.030246 
0.0009250 	 0.000005061 	 -3733.564763 	 0.012731 
0.0009425 	 -0.000003142 	 -3664.424515 	 -0.007747 
0.0009599 	 -0.000013963 	 -3597.798456 	 -0.033949 
0.0009774 	 0.000007854 	 -3533.551895 	 0.017605 
0.0009948 	 0.000014661 	 -3471.559597 	 0.031301 
0.0010123 	 -0.000011694 	 -3411.704962 	 -0.025413 
0.0010297 	 0.000006632 	 -3353.879295 	 0.013435 
0.0010472 	 0.000011519 	 -3297.981147 	 0.022360 
0.0010647 	 -0.000015010 	 -3243.915723 	 -0.029642 
0.0010821 	 0.000002618 	 -3191.594342 	 0.004841 
0.0010996 	 0.000009599 	 -3140.933955 	 0.016977 
0.0011170 	 0.000015882 	 -3091.856703 	 0.026925 
0.0011345 	 0.000000698 	 -3044.289517 	 0.001179 
0.0011519 	 -0.000000175 	 -2998.163759 	 -0.000286 
0.0011694 	 0.000005760 	 -2953.414886 	 0.009075 
0.0011868 	 0.000007156 	 -2909.982155 	 0.010922 
0.0012043 	 0.000014137 	 -2867.808341 	 0.020720 
0.0012217 	 -0.000003840 	 -2826.839491 	 -0.005633 
0.0012392 	 -0.000009774 	 -2787.024691 	 -0.014070 
0.0012566 	 0.000003142 	 -2748.315855 	 0.004307 
0.0012741 	 0.000008029 	 -2710.667533 	 0.010627 
0.0012915 	 0.000010297 	 -2674.036731 	 0.013220 
0.0013090 	 0.000005760 	 -2638.382748 	 0.007250 
0.0013265 	 -0.000013090 	 -2603.667026 	 -0.016512 
0.0013439 	 0.000010647 	 -2569.853009 	 0.012625 
0.0013614 	 0.000003316 	 -2536.906015 	 0.003874 
0.0013788 	 -0.000011519 	 -2504.793121 	 -0.013407 
0.0013963 	 0.000001047 	 -2473.483048 	 0.001167 
0.0014137 	 -0.000002443 	 -2442.946060 	 -0.002669 
0.0014312 	 0.000007505 	 -2413.153875 	 0.007889 
0.0014486 	 -0.000002618 	 -2384.079572 	 -0.002724 
0.0014661 	 -0.000009250 	 -2355.697513 	 -0.009483 
0.0014835 	 -0.000005411 	 -2327.983265 	 -0.005388 
0.0015010 	 -0.000007679 	 -2300.913532 	 -0.007493 
0.0015184 	 -0.000000175 	 -2274.466090 	 -0.000165 
0.0015359 	 -0.000006981 	 -2248.619725 	 -0.006498 
0.0015533 	 -0.000002094 	 -2223.354175 	 -0.001894 
0.0015708 	 0.000008901 	 -2198.650080 	 0.007761 
0.0015882 	 0.000010821 	 -2174.488930 	 0.009208 
0.0016057 	 0.000013090 	 -2150.853021 	 0.010869 
0.0016232 	 -0.000016057 	 -2127.725409 	 -0.013527 
0.0016406 	 0.000012741 	 -2105.089873 	 0.010141 
0.0016581 	 0.000002618 	 -2082.930872 	 0.002065 
0.0016755 	 0.000000000 	 -2061.233515 	 0.000000 
0.0016930 	 0.000010821 	 -2039.983525 	 0.008111 
0.0017104 	 0.000007330 	 -2019.167207 	 0.005405 
0.0017279 	 -0.000016930 	 -1998.771419 	 -0.012583 
0.0017453 	 0.000011170 	 -1978.783545 	 0.007877 
0.0017628 	 -0.000006981 	 -1959.191469 	 -0.004927 
0.0017802 	 -0.000005760 	 -1939.983549 	 -0.003980 
0.0017977 	 -0.000014312 	 -1921.148597 	 -0.009791 
0.0018151 	 -0.000010297 	 -1902.675855 	 -0.006878 
0.0018326 	 0.000008901 	 -1884.554972 	 0.005711 
0.0018500 	 -0.000004014 	 -1866.775992 	 -0.002563 
0.0018675 	 -0.000000698 	 -1849.329327 	 -0.000436 
0.0018850 	 -0.000014137 	 -1832.205748 	 -0.008789 
0.0019024 	 0.000006807 	 -1815.396361 	 0.004063 
0.0019199 	 0.000017453 	 -1798.892597 	 0.010118 
0.0019373 	 0.000007505 	 -1782.686198 	 0.004317 
0.0019548 	 0.000003665 	 -1766.769197 	 0.002079 
0.0019722 	 0.000002094 	 -1751.133911 	 0.001169 
0.0019897 	 0.000005585 	 -1735.772927 	 0.003052 
0.0020071 	 0.000011694 	 -1720.679089 	 0.006243 
0.0020246 	 0.000008901 	 -1705.845489 	 0.004684 
0.0020420 	 -0.000003142 	 -1691.265453 	 -0.001644 
0.0020595 	 -0.000015010 	 -1676.932535 	 -0.007813 
0.0020769 	 0.000011345 	 -1662.840505 	 0.005660 
0.0020944 	 -0.000001396 	 -1648.983340 	 -0.000694 
0.0021118 	 -0.000004712 	 -1635.355219 	 -0.002309 
0.0021293 	 -0.000001047 	 -1621.950508 	 -0.000503 
0.0021468 	 0.000006109 	 -1608.763758 	 0.002868 
0.0021642 	 -0.000003491 	 -1595.789697 	 -0.001627 
0.0021817 	 -0.000006458 	 -1583.023219 	 -0.002970 
0.0021991 	 0.000000175 	 -1570.459383 	 0.000079 
0.0022166 	 -0.000016057 	 -1558.093401 	 -0.007215 
0.0022340 	 -0.000005236 	 -1545.920636 	 -0.002293 
0.0022515 	 0.000008029 	 -1533.936595 	 0.003422 
0.0022689 	 -0.000004363 	 -1522.136922 	 -0.001851 
0.0022864 	 -0.000014137 	 -1510.517397 	 -0.005958 
0.0023038 	 -0.000011170 	 -1499.073923 	 -0.004624 
0.0023213 	 0.000003142 	 -1487.802530 	 0.001265 
0.0023387 	 -0.000016057 	 -1476.699366 	 -0.006476 
0.0023562 	 -0.000012043 	 -1465.760692 	 -0.004768 
0.0023736 	 -0.000003665 	 -1454.982880 	 -0.001420 
0.0023911 	 0.000000873 	 -1444.362407 	 0.000332 
0.0024086 	 0.000000873 	 -1433.895852 	 0.000327 
0.0024260 	 -0.000012566 	 -1423.579895 	 -0.004694 
0.0024435 	 -0.000000873 	 -1413.411307 	 -0.000318 
0.0024609 	 0.000009425 	 -1403.386953 	 0.003360 
0.0024784 	 -0.000007156 	 -1393.503786 	 -0.002550 
0.0024958 	 -0.000001047 	 -1383.758844 	 -0.000366 
0.0025133 	 0.000015533 	 -1374.149247 	 0.005285 
0.0025307 	 0.000006458 	 -1364.672196 	 0.002183 
0.0025482 	 0.000006458 	 -1355.324966 	 0.002153 
0.0025656 	 0.000006109 	 -1346.104908 	 0.002010 
0.0025831 	 -0.000016755 	 -1337.009444 	 -0.005535 
0.0026005 	 0.000004712 	 -1328.036066 	 0.001511 
0.0026180 	 0.000010821 	 -1319.182332 	 0.003407 
0.0026354 	 0.000009599 	 -1310.445865 	 0.002985 
0.0026529 	 -0.000010297 	 -1301.824351 	 -0.003208 
0.0026704 	 -0.000014835 	 -1293.315535 	 -0.004577 
0.0026878 	 0.000004014 	 -1284.917222 	 0.001205 
0.0027053 	 0.000008552 	 -1276.627273 	 0.002527 
0.0027227 	 0.000016406 	 -1268.443604 	 0.004758 
0.0027402 	 -0.000004538 	 -1260.364186 	 -0.001319 
0.0027576 	 0.000000873 	 -1252.387037 	 0.000250 
0.0027751 	 0.000006458 	 -1244.510229 	 0.001816 
0.0027925 	 -0.000015184 	 -1236.731879 	 -0.004283 
0.0028100 	 0.000004363 	 -1229.050155 	 0.001199 
0.0028274 	 -0.000008901 	 -1221.463265 	 -0.002438 
0.0028449 	 0.000015533 	 -1213.969465 	 0.004131 
0.0028623 	 -0.000013614 	 -1206.567052 	 -0.003650 
0.0028798 	 0.000007854 	 -1199.254364 	 0.002049 
0.0028972 	 -0.000010123 	 -1192.029780 	 -0.002642 
0.0029147 	 0.000010123 	 -1184.891717 	 0.002575 
0.0029322 	 0.000004538 	 -1177.838630 	 0.001145 
0.0029496 	 0.000010821 	 -1170.869010 	 0.002686 
0.0029671 	 0.000016232 	 -1163.981385 	 0.003968 
0.0029845 	 0.000005934 	 -1157.174316 	 0.001444 
0.0030020 	 0.000001920 	 -1150.446398 	 0.000463 
0.0030194 	 -0.000013090 	 -1143.796259 	 -0.003151 
0.0030369 	 -0.000012566 	 -1137.222557 	 -0.002989 
0.0030543 	 0.000013439 	 -1130.723982 	 0.003107 
0.0030718 	 0.000004712 	 -1124.299254 	 0.001083 
0.0030892 	 0.000003840 	 -1117.947120 	 0.000873 
0.0031067 	 0.000002269 	 -1111.666358 	 0.000511 
0.0031241 	 0.000013090 	 -1105.455771 	 0.002894 
0.0031416 	 -0.000015359 	 -1099.314190 	 -0.003419 
0.0031590 	 -0.000016755 	 -1093.240471 	 -0.003692 
0.0031765 	 0.000015533 	 -1087.233494 	 0.003317 
0.0031940 	 -0.000015533 	 -1081.292168 	 -0.003346 
0.0032114 	 0.000011694 	 -1075.415419 	 0.002449 
0.0032289 	 -0.000012741 	 -1069.602203 	 -0.002680 
0.0032463 	 0.000000000 	 -1063.851493 	 0.000000 
0.0032638 	 -0.000012217 	 -1058.162287 	 -0.002514 
0.0032812 	 -0.000017279 	 -1052.533604 	 -0.003529 
0.0032987 	 -0.000007330 	 -1046.964483 	 -0.001472 
0.0033161 	 0.000011868 	 -1041.453983 	 0.002332 
0.0033336 	 -0.000012043 	 -1036.001184 	 -0.002375 
0.0033510 	 -0.000002269 	 -1030.605184 	 -0.000440 
0.0033685 	 0.000013090 	 -1025.265101 	 0.002491 
0.0033859 	 -0.000005585 	 -1019.980069 	 -0.001063 
0.0034034 	 0.000005236 	 -1014.749242 	 0.000981 
0.0034208 	 -0.000012915 	 -1009.571789 	 -0.002420 
0.0034383 	 -0.000007505 	 -1004.446899 	 -0.001387 
0.0034558 	 -0.000004887 	 -999.373774 	 -0.000893 
0.0034732 	 0.000005760 	 -994.351635 	 0.001035 
0.0034907 	 0.000004712 	 -989.379717 	 0.000839 
0.0035081 	 -0.000011170 	 -984.457269 	 -0.001987 
0.0035256 	 -0.000001396 	 -979.583558 	 -0.000245 
0.0035430 	 -0.000012741 	 -974.757863 	 -0.002224 
0.0035605 	 0.000001745 	 -969.979478 	 0.000299 
0.0035779 	 0.000016930 	 -965.247710 	 0.002850 
0.0035954 	 -0.000007330 	 -960.561881 	 -0.001239 
0.0036128 	 -0.000004363 	 -955.921326 	 -0.000729 
0.0036303 	 0.000005585 	 -951.325390 	 0.000919 
0.0036477 	 0.000017104 	 -946.773433 	 0.002771 
0.0036652 	 -0.000004538 	 -942.264828 	 -0.000737 
0.0036826 	 -0.000006109 	 -937.798957 	 -0.000983 
0.0037001 	 0.000009425 	 -933.375217 	 0.001490 
0.0037176 	 0.000002967 	 -928.993013 	 0.000466 
0.0037350 	 0.000012392 	 -924.651764 	 0.001920 
0.0037525 	 0.000001396 	 -920.350898 	 0.000216 
0.0037699 	 0.000009250 	 -916.089854 	 0.001409 
0.0037874 	 -0.000015882 	 -911.868081 	 -0.002429 
0.0038048 	 0.000004887 	 -907.685040 	 0.000733 
0.0038223 	 0.000015708 	 -903.540199 	 0.002320 
0.0038397 	 0.000012566 	 -899.433038 	 0.001842 
0.0038572 	 0.000015359 	 -895.363044 	 0.002228 
0.0038746 	 0.000016406 	 -891.329717 	 0.002358 
0.0038921 	 0.000006807 	 -887.332563 	 0.000974 
0.0039095 	 -0.000012741 	 -883.371096 	 -0.001826 
0.0039270 	 -0.000000349 	 -879.444842 	 -0.000049 
0.0039444 	 0.000000000 	 -875.553333 	 0.000000 
0.0039619 	 0.000011170 	 -871.696109 	 0.001540 
0.0039794 	 -0.000008029 	 -867.872720 	 -0.001108 
0.0039968 	 -0.000005236 	 -864.082723 	 -0.000715 
0.0040143 	 0.000013090 	 -860.325681 	 0.001756 
0.0040317 	 -0.000016232 	 -856.601167 	 -0.002190 
0.0040492 	 0.000013090 	 -852.908760 	 0.001726 
0.0040666 	 0.000005760 	 -849.248047 	 0.000756 
0.0040841 	 -0.000016930 	 -845.618621 	 -0.002227 
0.0041015 	 -0.000007854 	 -842.020084 	 -0.001020 
0.0041190 	 0.000001222 	 -838.452042 	 0.000157 
0.0041364 	 -0.000015708 	 -834.914109 	 -0.002013 
0.0041539 	 0.000012043 	 -831.405906 	 0.001510 
0.0041713 	 0.000002618 	 -827.927060 	 0.000327 
0.0041888 	 0.000006458 	 -824.477204 	 0.000798 
0.0042062 	 0.000009425 	 -821.055976 	 0.001154 
0.0042237 	 -0.000015533 	 -817.663022 	 -0.001909 
0.0042412 	 -0.000002618 	 -814.297993 	 -0.000317 
0.0042586 	 0.000016930 	 -810.960546 	 0.002015 
0.0042761 	 -0.000003142 	 -807.650343 	 -0.000374 
0.0042935 	 0.000016232 	 -804.367051 	 0.001901 
0.0043110 	 0.000003491 	 -801.110344 	 0.000408 
0.0043284 	 -0.000006283 	 -797.879900 	 -0.000732 
0.0043459 	 0.000002094 	 -794.675402 	 0.000241 
0.0043633 	 0.000001047 	 -791.496540 	 0.000120 
0.0043808 	 0.000005760 	 -788.343007 	 0.000651 
0.0043982 	 0.000012217 	 -785.214501 	 0.001367 
0.0044157 	 0.000000175 	 -782.110726 	 0.000019 
0.0044331 	 0.000006283 	 -779.031390 	 0.000694 
0.0044506 	 -0.000001571 	 -775.976204 	 -0.000173 
0.0044680 	 -0.000016930 	 -772.944887 	 -0.001859 
0.0044855 	 0.000017279 	 -769.937159 	 0.001854 
0.0045029 	 -0.000004189 	 -766.952746 	 -0.000450 
0.0045204 	 -0.000002269 	 -763.991378 	 -0.000242 
0.0045379 	 -0.000001222 	 -761.052789 	 -0.000129 
0.0045553 	 -0.000007505 	 -758.136717 	 -0.000790 
0.0045728 	 0.000013963 	 -755.242905 	 0.001444 
0.0045902 	 -0.000003316 	 -752.371099 	 -0.000343 
0.0046077 	 -0.000004189 	 -749.521048 	 -0.000430 
0.0046251 	 0.000010123 	 -746.692506 	 0.001025 
0.0046426 	 -0.000013788 	 -743.885231 	 -0.001400 
0.0046600 	 0.000004887 	 -741.098984 	 0.000489 
0.0046775 	 0.000002443 	 -738.333529 	 0.000243 
0.0046949 	 0.000000524 	 -735.588634 	 0.000052 
0.0047124 	 0.000009948 	 -732.864071 	 0.000971 
0.0047298 	 -0.000013439 	 -730.159615 	 -0.001315 
0.0047473 	 0.000006632 	 -727.475044 	 0.000639 
0.0047647 	 -0.000013439 	 -724.810140 	 -0.001295 
0.0047822 	 -0.000003840 	 -722.164687 	 -0.000366 
0.0047997 	 -0.000001222 	 -719.538473 	 -0.000115 
0.0048171 	 0.000016930 	 -716.931289 	 0.001576 
0.0048346 	 0.000000698 	 -714.342929 	 0.000065 
0.0048520 	 0.000010472 	 -711.773190 	 0.000964 
0.0048695 	 -0.000003316 	 -709.221871 	 -0.000305 
0.0048869 	 -0.000004014 	 -706.688775 	 -0.000366 
0.0049044 	 -0.000016581 	 -704.173708 	 -0.001510 
0.0049218 	 -0.000014137 	 -701.676478 	 -0.001277 
0.0049393 	 0.000005585 	 -699.196895 	 0.000497 
0.0049567 	 0.000013090 	 -696.734774 	 0.001153 
0.0049742 	 0.000015533 	 -694.289930 	 0.001357 
0.0049916 	 0.000007505 	 -691.862182 	 0.000653 
0.0050091 	 0.000005760 	 -689.451352 	 0.000498 
0.0050265 	 -0.000000698 	 -687.057264 	 -0.000060 
0.0050440 	 -0.000004887 	 -684.679742 	 -0.000419 
0.0050615 	 0.000015882 	 -682.318617 	 0.001341 
0.0050789 	 -0.000014312 	 -679.973719 	 -0.001214 
0.0050964 	 -0.000016581 	 -677.644882 	 -0.001398 
0.0051138 	 0.000009599 	 -675.331940 	 0.000796 
0.0051313 	 0.000002967 	 -673.034732 	 0.000245 
0.0051487 	 -0.000001745 	 -670.753098 	 -0.000143 
0.0051662 	 -0.000016406 	 -668.486880 	 -0.001346 
0.0051836 	 -0.000010297 	 -666.235922 	 -0.000837 
0.0052011 	 0.000000349 	 -664.000070 	 0.000028 
0.0052185 	 -0.000014312 	 -661.779174 	 -0.001150 
0.0052360 	 0.000005934 	 -659.573083 	 0.000470 
0.0052534 	 -0.000017104 	 -657.381650 	 -0.001357 
0.0052709 	 -0.000004189 	 -655.204729 	 -0.000329 
0.0052883 	 -0.000012392 	 -653.042176 	 -0.000969 
0.0053058 	 -0.000001745 	 -650.893851 	 -0.000135 
0.0053233 	 -0.000007505 	 -648.759612 	 -0.000578 
0.0053407 	 -0.000004887 	 -646.639322 	 -0.000373 
0.0053582 	 0.000004014 	 -644.532845 	 0.000304 
0.0053756 	 0.000000175 	 -642.440045 	 0.000013 
0.0053931 	 -0.000015359 	 -640.360791 	 -0.001156 
0.0054105 	 -0.000000175 	 -638.294950 	 -0.000013 
0.0054280 	 0.000012217 	 -636.242394 	 0.000898 
0.0054454 	 -0.000008203 	 -634.202995 	 -0.000604 
0.0054629 	 0.000012043 	 -632.176627 	 0.000874 
0.0054803 	 0.000016581 	 -630.163165 	 0.001194 
0.0054978 	 -0.000012217 	 -628.162487 	 -0.000883 
0.0055152 	 0.000000000 	 -626.174471 	 0.000000 
0.0055327 	 -0.000005061 	 -624.198996 	 -0.000360 
0.0055501 	 -0.000017104 	 -622.235946 	 -0.001216 
0.0055676 	 -0.000012217 	 -620.285202 	 -0.000861 
0.0055851 	 -0.000004712 	 -618.346651 	 -0.000329 
0.0056025 	 0.000011694 	 -616.420177 	 0.000807 
0.0056200 	 -0.000012043 	 -614.505668 	 -0.000833 
0.0056374 	 -0.000006109 	 -612.603013 	 -0.000419 
0.0056549 	 -0.000013265 	 -610.712102 	 -0.000907 
0.0056723 	 0.000015708 	 -608.832828 	 0.001056 
0.0056898 	 -0.000004189 	 -606.965082 	 -0.000282 
0.0057072 	 0.000016406 	 -605.108759 	 0.001090 
0.0057247 	 0.000004538 	 -603.263755 	 0.000301 
0.0057421 	 -0.000011694 	 -601.429966 	 -0.000775 
0.0057596 	 0.000005411 	 -599.607290 	 0.000354 
0.0057770 	 0.000014486 	 -597.795627 	 0.000940 
0.0057945 	 0.000006807 	 -595.994878 	 0.000440 
0.0058119 	 0.000003491 	 -594.204943 	 0.000225 
0.0058294 	 0.000013614 	 -592.425726 	 0.000868 
0.0058469 	 -0.000014835 	 -590.657130 	 -0.000949 
0.0058643 	 -0.000016755 	 -588.899061 	 -0.001066 
0.0058818 	 -0.000016755 	 -587.151426 	 -0.001060 
0.0058992 	 -0.000014661 	 -585.414131 	 -0.000921 
0.0059167 	 0.000017104 	 -583.687085 	 0.001057 
0.0059341 	 -0.000015882 	 -581.970198 	 -0.000987 
0.0059516 	 0.000015359 	 -580.263380 	 0.000939 
0.0059690 	 0.000011345 	 -578.566543 	 0.000690 
0.0059865 	 -0.000001920 	 -576.879600 	 -0.000117 
0.0060039 	 0.000010297 	 -575.202463 	 0.000619 
0.0060214 	 -0.000005934 	 -573.535049 	 -0.000357 
0.0060388 	 0.000006283 	 -571.877273 	 0.000374 
0.0060563 	 0.000003840 	 -570.229051 	 0.000227 
0.0060737 	 -0.000004887 	 -568.590302 	 -0.000289 
0.0060912 	 -0.000015010 	 -566.960943 	 -0.000885 
0.0061087 	 -0.000002967 	 -565.340894 	 -0.000173 
0.0061261 	 -0.000005236 	 -563.730075 	 -0.000304 
0.0061436 	 -0.000004712 	 -562.128409 	 -0.000272 
0.0061610 	 -0.000014137 	 -560.535817 	 -0.000814 
0.0061785 	 0.000005934 	 -558.952222 	 0.000338 
0.0061959 	 -0.000003316 	 -557.377548 	 -0.000188 
0.0062134 	 -0.000015533 	 -555.811720 	 -0.000880 
0.0062308 	 -0.000010996 	 -554.254664 	 -0.000618 
0.0062483 	 -0.000003316 	 -552.706306 	 -0.000185 
0.0062657 	 -0.000004014 	 -551.166574 	 -0.000223 
0.0062832 	 -0.000014835 	 -549.635395 	 -0.000822 
0.0063006 	 0.000010647 	 -548.112699 	 0.000582 
0.0063181 	 -0.000011868 	 -546.598415 	 -0.000649 
0.0063355 	 -0.000006109 	 -545.092473 	 -0.000332 
0.0063530 	 0.000002967 	 -543.594806 	 0.000160 
0.0063705 	 -0.000017453 	 -542.105345 	 -0.000941 
0.0063879 	 0.000013090 	 -540.624022 	 0.000695 
0.0064054 	 -0.000012043 	 -539.150771 	 -0.000641 
0.0064228 	 0.000013963 	 -537.685527 	 0.000733 
0.0064403 	 0.000002094 	 -536.228224 	 0.000110 
0.0064577 	 -0.000005585 	 -534.778798 	 -0.000292 
0.0064752 	 -0.000007505 	 -533.337186 	 -0.000390 
0.0064926 	 0.000004363 	 -531.903323 	 0.000225 
0.0065101 	 0.000010647 	 -530.477148 	 0.000545 
0.0065275 	 -0.000016232 	 -529.058600 	 -0.000833 
0.0065450 	 0.000001047 	 -527.647616 	 0.000053 
0.0065624 	 0.000000349 	 -526.244137 	 0.000018 
0.0065799 	 -0.000003665 	 -524.848104 	 -0.000184 
0.0065973 	 -0.000003316 	 -523.459456 	 -0.000166 
0.0066148 	 -0.000002443 	 -522.078136 	 -0.000122 
0.0066323 	 -0.000012392 	 -520.704086 	 -0.000615 
0.0066497 	 0.000004538 	 -519.337248 	 0.000223 
0.0066672 	 0.000015184 	 -517.977566 	 0.000740 
0.0066846 	 0.000013265 	 -516.624983 	 0.000643 
0.0067021 	 0.000016232 	 -515.279445 	 0.000782 
0.0067195 	 0.000000349 	 -513.940897 	 0.000017 
0.0067370 	 -0.000011868 	 -512.609283 	 -0.000571 
0.0067544 	 -0.000012392 	 -511.284551 	 -0.000593 
0.0067719 	 0.000010297 	 -509.966646 	 0.000487 
0.0067893 	 0.000012043 	 -508.655518 	 0.000566 
0.0068068 	 0.000016930 	 -507.351112 	 0.000791 
0.0068242 	 0.000012217 	 -506.053378 	 0.000569 
0.0068417 	 -0.000011868 	 -504.762265 	 -0.000554 
0.0068591 	 -0.000012392 	 -503.477723 	 -0.000575 
0.0068766 	 0.000003665 	 -502.199700 	 0.000168 
0.0068941 	 -0.000012566 	 -500.928148 	 -0.000577 
0.0069115 	 0.000009250 	 -499.663017 	 0.000420 
0.0069290 	 0.000002618 	 -498.404259 	 0.000119 
0.0069464 	 -0.000014137 	 -497.151827 	 -0.000640 
0.0069639 	 -0.000010996 	 -495.905672 	 -0.000495 
0.0069813 	 -0.000010821 	 -494.665747 	 -0.000485 
0.0069988 	 0.000005934 	 -493.432006 	 0.000263 
0.0070162 	 -0.000011519 	 -492.204403 	 -0.000511 
0.0070337 	 -0.000008901 	 -490.982891 	 -0.000392 
0.0070511 	 0.000002967 	 -489.767427 	 0.000130 
0.0070686 	 -0.000004538 	 -488.557964 	 -0.000198 
0.0070860 	 0.000013614 	 -487.354458 	 0.000588 
0.0071035 	 0.000016930 	 -486.156867 	 0.000727 
0.0071209 	 0.000003142 	 -484.965145 	 0.000135 
0.0071384 	 -0.000005236 	 -483.779251 	 -0.000224 
0.0071558 	 -0.000011170 	 -482.599141 	 -0.000476 
0.0071733 	 0.000016406 	 -481.424773 	 0.000691 
0.0071908 	 0.000009425 	 -480.256106 	 0.000396 
0.0072082 	 0.000012043 	 -479.093098 	 0.000503 
0.0072257 	 -0.000011345 	 -477.935707 	 -0.000474 
0.0072431 	 -0.000009948 	 -476.783895 	 -0.000414 
0.0072606 	 0.000007505 	 -475.637619 	 0.000309 
0.0072780 	 -0.000014835 	 -474.496841 	 -0.000612 
0.0072955 	 -0.000007679 	 -473.361520 	 -0.000315 
0.0073129 	 0.000013963 	 -472.231618 	 0.000566 
0.0073304 	 0.000001745 	 -471.107097 	 0.000071 
0.0073478 	 0.000011694 	 -469.987917 	 0.000470 
0.0073653 	 0.000002967 	 -468.874041 	 0.000119 
0.0073827 	 -0.000007505 	 -467.765431 	 -0.000300 
0.0074002 	 0.000016406 	 -466.662050 	 0.000649 
0.0074176 	 -0.000003142 	 -465.563862 	 -0.000124 
0.0074351 	 0.000008552 	 -464.470828 	 0.000336 
0.0074526 	 -0.000016755 	 -463.382914 	 -0.000659 
0.0074700 	 -0.000013963 	 -462.300083 	 -0.000546 
0.0074875 	 0.000006981 	 -461.222300 	 0.000270 
0.0075049 	 -0.000009425 	 -460.149529 	 -0.000365 
0.0075224 	 0.000003316 	 -459.081736 	 0.000127 
0.0075398 	 -0.000010647 	 -458.018887 	 -0.000409 
0.0075573 	 -0.000017104 	 -456.960946 	 -0.000655 
0.0075747 	 -0.000012392 	 -455.907880 	 -0.000471 
0.0075922 	 -0.000003840 	 -454.859655 	 -0.000145 
0.0076096 	 0.000006458 	 -453.816238 	 0.000242 
0.0076271 	 -0.000016755 	 -452.777597 	 -0.000629 
0.0076445 	 0.000008029 	 -451.743697 	 0.000298 
0.0076620 	 0.000017453 	 -450.714508 	 0.000644 
0.0076794 	 -0.000008552 	 -449.689996 	 -0.000316 
0.0076969 	 -0.000008552 	 -448.670130 	 -0.000315 
0.0077144 	 -0.000014312 	 -447.654879 	 -0.000525 
0.0077318 	 0.000012392 	 -446.644211 	 0.000450 
0.0077493 	 -0.000008378 	 -445.638095 	 -0.000304 
0.0077667 	 0.000016406 	 -444.636500 	 0.000589 
0.0077842 	 -0.000016406 	 -443.639397 	 -0.000592 
0.0078016 	 0.000006458 	 -442.646755 	 0.000230 
0.0078191 	 0.000009076 	 -441.658543 	 0.000322 
0.0078365 	 -0.000004887 	 -440.674733 	 -0.000173 
0.0078540 	 -0.000015533 	 -439.695296 	 -0.000550 
0.0078714 	 -0.000004363 	 -438.720201 	 -0.000153 
0.0078889 	 -0.000011868 	 -437.749420 	 -0.000416 
0.0079063 	 -0.000006807 	 -436.782926 	 -0.000237 
0.0079238 	 0.000005411 	 -435.820688 	 0.000187 
0.0079412 	 -0.000002443 	 -434.862680 	 -0.000084 
0.0079587 	 0.000000873 	 -433.908873 	 0.000030 
0.0079762 	 0.000015882 	 -432.959240 	 0.000541 
0.0079936 	 -0.000010647 	 -432.013754 	 -0.000364 
0.0080111 	 0.000014835 	 -431.072387 	 0.000501 
0.0080285 	 -0.000013963 	 -430.135112 	 -0.000473 
0.0080460 	 0.000013614 	 -429.201904 	 0.000456 
0.0080634 	 -0.000010123 	 -428.272735 	 -0.000340 
0.0080809 	 -0.000013788 	 -427.347579 	 -0.000461 
0.0080983 	 0.000012566 	 -426.426411 	 0.000416 
0.0081158 	 0.000005061 	 -425.509204 	 0.000167 
0.0081332 	 0.000014312 	 -424.595934 	 0.000469 
0.0081507 	 0.000008203 	 -423.686574 	 0.000268 
0.0081681 	 -0.000017279 	 -422.781100 	 -0.000566 
0.0081856 	 -0.000003316 	 -421.879487 	 -0.000108 
0.0082030 	 0.000003142 	 -420.981711 	 0.000102 
0.0082205 	 0.000007505 	 -420.087746 	 0.000241 
0.0082380 	 -0.000008203 	 -419.197569 	 -0.000264 
0.0082554 	 -0.000003491 	 -418.311156 	 -0.000112 
0.0082729 	 0.000011170 	 -417.428482 	 0.000354 
0.0082903 	 -0.000016232 	 -416.549525 	 -0.000516 
0.0083078 	 -0.000013439 	 -415.674260 	 -0.000425 
0.0083252 	 -0.000001047 	 -414.802665 	 -0.000033 
0.0083427 	 0.000003665 	 -413.934717 	 0.000114 
0.0083601 	 -0.000004189 	 -413.070392 	 -0.000131 
0.0083776 	 -0.000007156 	 -412.209668 	 -0.000222 
0.0083950 	 0.000005411 	 -411.352523 	 0.000167 
0.0084125 	 -0.000013439 	 -410.498934 	 -0.000415 
0.0084299 	 0.000016930 	 -409.648879 	 0.000516 
0.0084474 	 0.000004363 	 -408.802336 	 0.000133 
0.0084648 	 -0.000002269 	 -407.959284 	 -0.000069 
0.0084823 	 0.000000000 	 -407.119701 	 0.000000 
0.0084998 	 0.000016581 	 -406.283566 	 0.000497 
0.0085172 	 0.000011519 	 -405.450857 	 0.000345 
0.0085347 	 -0.000009425 	 -404.621554 	 -0.000282 
0.0085521 	 0.000010297 	 -403.795635 	 0.000306 
0.0085696 	 0.000009250 	 -402.973080 	 0.000273 
0.0085870 	 -0.000007679 	 -402.153868 	 -0.000227 
0.0086045 	 0.000015533 	 -401.337980 	 0.000455 
0.0086219 	 0.000009076 	 -400.525394 	 0.000265 
0.0086394 	 0.000016057 	 -399.716091 	 0.000466 
0.0086568 	 0.000014835 	 -398.910051 	 0.000429 
0.0086743 	 -0.000003491 	 -398.107255 	 -0.000101 
0.0086917 	 0.000017279 	 -397.307682 	 0.000496 
0.0087092 	 0.000006632 	 -396.511314 	 0.000190 
0.0087266 	 0.000010472 	 -395.718131 	 0.000298 
0.0087441 	 0.000013963 	 -394.928113 	 0.000396 
0.0087616 	 -0.000001396 	 -394.141243 	 -0.000040 
0.0087790 	 0.000010297 	 -393.357502 	 0.000290 
0.0087965 	 0.000015184 	 -392.576870 	 0.000426 
0.0088139 	 0.000005411 	 -391.799330 	 0.000151 
0.0088314 	 0.000001396 	 -391.024862 	 0.000039 
0.0088488 	 0.000012392 	 -390.253449 	 0.000343 
0.0088663 	 0.000009774 	 -389.485073 	 0.000270 
0.0088837 	 -0.000015708 	 -388.719716 	 -0.000435 
0.0089012 	 -0.000007330 	 -387.957360 	 -0.000202 
0.0089186 	 0.000004014 	 -387.197987 	 0.000110 
0.0089361 	 -0.000016755 	 -386.441581 	 -0.000458 
0.0089535 	 0.000013963 	 -385.688123 	 0.000378 
0.0089710 	 -0.000015708 	 -384.937596 	 -0.000426 
0.0089884 	 -0.000005236 	 -384.189984 	 -0.000141 
0.0090059 	 0.000006807 	 -383.445269 	 0.000182 
0.0090234 	 -0.000002443 	 -382.703435 	 -0.000065 
0.0090408 	 0.000003316 	 -381.964464 	 0.000088 
0.0090583 	 -0.000017104 	 -381.228341 	 -0.000455 
0.0090757 	 -0.000005236 	 -380.495049 	 -0.000138 
0.0090932 	 -0.000001047 	 -379.764572 	 -0.000028 
0.0091106 	 -0.000001396 	 -379.036893 	 -0.000037 
0.0091281 	 -0.000011694 	 -378.311997 	 -0.000306 
0.0091455 	 0.000017453 	 -377.589866 	 0.000452 
0.0091630 	 -0.000011519 	 -376.870487 	 -0.000299 
0.0091804 	 0.000015359 	 -376.153843 	 0.000395 
0.0091979 	 -0.000017453 	 -375.439918 	 -0.000451 
0.0092153 	 0.000006807 	 -374.728697 	 0.000174 
0.0092328 	 0.000010123 	 -374.020164 	 0.000258 
0.0092502 	 0.000007505 	 -373.314305 	 0.000191 
0.0092677 	 0.000005411 	 -372.611104 	 0.000137 
0.0092852 	 -0.000000349 	 -371.910547 	 -0.000009 
0.0093026 	 0.000004538 	 -371.212618 	 0.000114 
0.0093201 	 0.000013788 	 -370.517303 	 0.000344 
0.0093375 	 -0.000003142 	 -369.824586 	 -0.000078 
0.0093550 	 0.000005760 	 -369.134455 	 0.000143 
0.0093724 	 -0.000014312 	 -368.446893 	 -0.000356 
0.0093899 	 -0.000008552 	 -367.761887 	 -0.000211 
0.0094073 	 0.000009250 	 -367.079422 	 0.000227 
0.0094248 	 0.000011345 	 -366.399485 	 0.000277 
0.0094422 	 -0.000007854 	 -365.722061 	 -0.000192 
0.0094597 	 -0.000010996 	 -365.047136 	 -0.000268 
0.0094771 	 -0.000007679 	 -364.374697 	 -0.000186 
0.0094946 	 0.000013963 	 -363.704730 	 0.000336 
0.0095120 	 0.000015010 	 -363.037222 	 0.000360 
0.0095295 	 0.000007854 	 -362.372158 	 0.000188 
0.0095470 	 -0.000002793 	 -361.709525 	 -0.000067 
0.0095644 	 -0.000010297 	 -361.049311 	 -0.000245 
0.0095819 	 -0.000010297 	 -360.391501 	 -0.000245 
0.0095993 	 -0.000008552 	 -359.736083 	 -0.000202 
0.0096168 	 -0.000005760 	 -359.083044 	 -0.000136 
0.0096342 	 -0.000000698 	 -358.432371 	 -0.000016 
0.0096517 	 0.000010297 	 -357.784050 	 0.000240 
0.0096691 	 0.000009425 	 -357.138070 	 0.000219 
0.0096866 	 -0.000017104 	 -356.494417 	 -0.000398 
0.0097040 	 0.000013963 	 -355.853080 	 0.000322 
0.0097215 	 -0.000006109 	 -355.214045 	 -0.000141 
0.0097389 	 -0.000016232 	 -354.577300 	 -0.000374 
0.0097564 	 -0.000009425 	 -353.942833 	 -0.000216 
0.0097738 	 -0.000001745 	 -353.310631 	 -0.000040 
0.0097913 	 -0.000003142 	 -352.680683 	 -0.000071 
0.0098088 	 0.000012741 	 -352.052977 	 0.000287 
0.0098262 	 -0.000006458 	 -351.427500 	 -0.000146 
0.0098437 	 0.000012915 	 -350.804241 	 0.000289 
0.0098611 	 0.000014661 	 -350.183188 	 0.000327 
0.0098786 	 0.000010123 	 -349.564330 	 0.000225 
0.0098960 	 0.000009425 	 -348.947653 	 0.000209 
0.0099135 	 0.000010821 	 -348.333148 	 0.000239 
0.0099309 	 0.000008203 	 -347.720803 	 0.000181 
0.0099484 	 0.000017104 	 -347.110606 	 0.000375 
0.0099658 	 -0.000010821 	 -346.502546 	 -0.000238 
0.0099833 	 0.000003142 	 -345.896611 	 0.000069 
0.0100007 	 0.000002269 	 -345.292792 	 0.000049 
0.0100182 	 -0.000013788 	 -344.691076 	 -0.000300 
0.0100356 	 0.000000524 	 -344.091452 	 0.000011 
0.0100531 	 -0.000004014 	 -343.493911 	 -0.000086 
0.0100705 	 -0.000014137 	 -342.898440 	 -0.000304 
0.0100880 	 -0.000004363 	 -342.305030 	 -0.000093 
0.0101055 	 -0.000013439 	 -341.713669 	 -0.000287 
0.0101229 	 0.000006981 	 -341.124347 	 0.000148 
0.0101404 	 0.000006981 	 -340.537053 	 0.000148 
0.0101578 	 0.000006807 	 -339.951777 	 0.000143 
0.0101753 	 0.000005061 	 -339.368509 	 0.000106 
0.0101927 	 0.000007330 	 -338.787238 	 0.000153 
0.0102102 	 0.000009599 	 -338.207954 	 0.000200 
0.0102276 	 -0.000013265 	 -337.630646 	 -0.000277 
0.0102451 	 -0.000001745 	 -337.055306 	 -0.000036 
0.0102625 	 -0.000004014 	 -336.481922 	 -0.000083 
0.0102800 	 0.000006109 	 -335.910485 	 0.000126 
0.0102974 	 0.000010647 	 -335.340984 	 0.000218 
0.0103149 	 -0.000006807 	 -334.773411 	 -0.000139 
0.0103323 	 -0.000016755 	 -334.207754 	 -0.000343 
0.0103498 	 0.000007854 	 -333.644006 	 0.000159 
0.0103673 	 0.000001396 	 -333.082155 	 0.000028 
0.0103847 	 -0.000008552 	 -332.522192 	 -0.000173 
0.0104022 	 0.000009425 	 -331.964109 	 0.000189 
0.0104196 	 -0.000000349 	 -331.407894 	 -0.000007 
0.0104371 	 0.000008901 	 -330.853540 	 0.000177 
0.0104545 	 0.000016232 	 -330.301036 	 0.000322 
0.0104720 	 -0.000006458 	 -329.750374 	 -0.000128 
0.0104894 	 -0.000006807 	 -329.201543 	 -0.000135 
0.0105069 	 -0.000005585 	 -328.654536 	 -0.000110 
0.0105243 	 -0.000013439 	 -328.109343 	 -0.000265 
0.0105418 	 -0.000016930 	 -327.565955 	 -0.000333 
0.0105592 	 0.000007156 	 -327.024363 	 0.000139 
0.0105767 	 0.000006807 	 -326.484559 	 0.000132 
0.0105941 	 0.000017104 	 -325.946532 	 0.000331 
0.0106116 	 0.000008378 	 -325.410275 	 0.000162 
0.0106291 	 -0.000005061 	 -324.875779 	 -0.000098 
0.0106465 	 0.000010821 	 -324.343035 	 0.000207 
0.0106640 	 -0.000012741 	 -323.812035 	 -0.000244 
0.0106814 	 -0.000013439 	 -323.282770 	 -0.000257 
0.0106989 	 -0.000002967 	 -322.755231 	 -0.000056 
0.0107163 	 0.000009076 	 -322.229411 	 0.000172 
0.0107338 	 0.000006981 	 -321.705300 	 0.000132 
0.0107512 	 -0.000001571 	 -321.182890 	 -0.000030 
0.0107687 	 -0.000010123 	 -320.662174 	 -0.000190 
0.0107861 	 0.000000524 	 -320.143142 	 0.000010 
0.0108036 	 0.000013265 	 -319.625788 	 0.000247 
0.0108210 	 -0.000011519 	 -319.110102 	 -0.000215 
0.0108385 	 -0.000016232 	 -318.596076 	 -0.000302 
0.0108559 	 0.000003840 	 -318.083703 	 0.000071 
0.0108734 	 -0.000010821 	 -317.572975 	 -0.000200 
0.0108909 	 -0.000004712 	 -317.063883 	 -0.000087 
0.0109083 	 -0.000002269 	 -316.556420 	 -0.000042 
0.0109258 	 0.000001047 	 -316.050578 	 0.000019 
0.0109432 	 0.000004014 	 -315.546350 	 0.000073 
0.0109607 	 -0.000008029 	 -315.043727 	 -0.000146 
0.0109781 	 0.000009076 	 -314.542702 	 0.000164 
0.0109956 	 0.000005061 	 -314.043267 	 0.000091 
0.0110130 	 0.000016930 	 -313.545415 	 0.000303 
0.0110305 	 -0.000013614 	 -313.049138 	 -0.000244 
0.0110479 	 -0.000013265 	 -312.554429 	 -0.000237 
0.0110654 	 0.000010996 	 -312.061281 	 0.000195 
0.0110828 	 -0.000013788 	 -311.569685 	 -0.000245 
0.0111003 	 -0.000010297 	 -311.079635 	 -0.000182 
0.0111177 	 -0.000004014 	 -310.591123 	 -0.000071 
0.0111352 	 -0.000014312 	 -310.104143 	 -0.000252 
0.0111527 	 -0.000015359 	 -309.618686 	 -0.000269 
0.0111701 	 0.000006807 	 -309.134746 	 0.000119 
0.0111876 	 0.000011345 	 -308.652316 	 0.000197 
0.0112050 	 -0.000011694 	 -308.171389 	 -0.000203 
0.0112225 	 -0.000012043 	 -307.691957 	 -0.000209 
0.0112399 	 0.000006632 	 -307.214014 	 0.000114 
0.0112574 	 -0.000012566 	 -306.737552 	 -0.000216 
0.0112748 	 -0.000004538 	 -306.262566 	 -0.000078 
0.0112923 	 -0.000006283 	 -305.789047 	 -0.000107 
0.0113097 	 -0.000015533 	 -305.316990 	 -0.000265 
0.0113272 	 0.000002269 	 -304.846387 	 0.000038 
0.0113446 	 -0.000003142 	 -304.377232 	 -0.000053 
0.0113621 	 0.000010472 	 -303.909518 	 0.000176 
0.0113795 	 -0.000005411 	 -303.443238 	 -0.000091 
0.0113970 	 -0.000007679 	 -302.978387 	 -0.000129 
0.0114145 	 -0.000012043 	 -302.514956 	 -0.000202 
0.0114319 	 -0.000011345 	 -302.052941 	 -0.000189 
0.0114494 	 -0.000000175 	 -301.592334 	 -0.000003 
0.0114668 	 -0.000011868 	 -301.133128 	 -0.000197 
0.0114843 	 0.000015708 	 -300.675319 	 0.000258 
0.0115017 	 -0.000016232 	 -300.218898 	 -0.000268 
0.0115192 	 0.000013090 	 -299.763860 	 0.000214 
0.0115366 	 0.000016581 	 -299.310199 	 0.000270 
0.0115541 	 -0.000001920 	 -298.857908 	 -0.000031 
0.0115715 	 -0.000003491 	 -298.406982 	 -0.000057 
0.0115890 	 -0.000008203 	 -297.957413 	 -0.000133 
0.0116064 	 0.000012217 	 -297.509196 	 0.000197 
0.0116239 	 -0.000012217 	 -297.062325 	 -0.000197 
0.0116413 	 0.000017453 	 -296.616793 	 0.000279 
0.0116588 	 0.000007156 	 -296.172596 	 0.000114 
0.0116763 	 0.000008901 	 -295.729726 	 0.000142 
0.0116937 	 0.000012217 	 -295.288177 	 0.000194 
0.0117112 	 -0.000014661 	 -294.847945 	 -0.000233 
0.0117286 	 0.000000698 	 -294.409022 	 0.000011 
0.0117461 	 -0.000009250 	 -293.971404 	 -0.000146 
0.0117635 	 -0.000004712 	 -293.535084 	 -0.000074 
0.0117810 	 0.000001920 	 -293.100057 	 0.000030 
0.0117984 	 -0.000002967 	 -292.666316 	 -0.000046 
0.0118159 	 -0.000013265 	 -292.233857 	 -0.000207 
0.0118333 	 0.000015708 	 -291.802673 	 0.000243 
0.0118508 	 0.000012392 	 -291.372758 	 0.000192 
0.0118682 	 0.000002443 	 -290.944108 	 0.000038 
0.0118857 	 0.000005061 	 -290.516717 	 0.000078 
0.0119031 	 -0.000011170 	 -290.090579 	 -0.000172 
0.0119206 	 -0.000013614 	 -289.665688 	 -0.000209 
0.0119381 	 0.000012043 	 -289.242040 	 0.000183 
0.0119555 	 0.000010821 	 -288.819628 	 0.000164 
0.0119730 	 -0.000003142 	 -288.398447 	 -0.000048 
0.0119904 	 0.000016930 	 -287.978493 	 0.000256 
0.0120079 	 -0.000016406 	 -287.559759 	 -0.000248 
0.0120253 	 0.000014835 	 -287.142240 	 0.000223 
0.0120428 	 0.000002269 	 -286.725931 	 0.000034 
0.0120602 	 0.000012566 	 -286.310827 	 0.000188 
0.0120777 	 0.000007505 	 -285.896923 	 0.000112 
0.0120951 	 0.000017279 	 -285.484212 	 0.000256 
0.0121126 	 -0.000002094 	 -285.072691 	 -0.000031 
0.0121300 	 0.000002094 	 -284.662354 	 0.000031 
0.0121475 	 -0.000013614 	 -284.253196 	 -0.000201 
0.0121649 	 -0.000017104 	 -283.845211 	 -0.000252 
0.0121824 	 0.000003142 	 -283.438396 	 0.000046 
0.0121999 	 0.000011519 	 -283.032744 	 0.000168 
0.0122173 	 -0.000000175 	 -282.628250 	 -0.000003 
0.0122348 	 -0.000011170 	 -282.224911 	 -0.000163 
0.0122522 	 0.000015010 	 -281.822721 	 0.000217 
0.0122697 	 -0.000000349 	 -281.421674 	 -0.000005 
0.0122871 	 -0.000005236 	 -281.021767 	 -0.000076 
0.0123046 	 -0.000002094 	 -280.622994 	 -0.000030 
0.0123220 	 -0.000002094 	 -280.225350 	 -0.000030 
0.0123395 	 -0.000006632 	 -279.828831 	 -0.000095 
0.0123569 	 0.000002269 	 -279.433432 	 0.000032 
0.0123744 	 0.000001920 	 -279.039148 	 0.000027 
0.0123918 	 -0.000004538 	 -278.645975 	 -0.000064 
0.0124093 	 0.000012741 	 -278.253907 	 0.000180 
0.0124267 	 0.000012392 	 -277.862940 	 0.000174 
0.0124442 	 -0.000008552 	 -277.473070 	 -0.000120 
0.0124617 	 0.000008901 	 -277.084292 	 0.000125 
0.0124791 	 0.000008901 	 -276.696600 	 0.000124 
0.0124966 	 0.000008378 	 -276.309992 	 0.000117 
0.0125140 	 0.000006632 	 -275.924462 	 0.000092 
0.0125315 	 -0.000005934 	 -275.540005 	 -0.000082 
0.0125489 	 0.000007679 	 -275.156618 	 0.000106 
0.0125664 	 0.000007854 	 -274.774295 	 0.000108 
0.0125838 	 -0.000001222 	 -274.393033 	 -0.000017 
0.0126013 	 -0.000007505 	 -274.012827 	 -0.000103 
0.0126187 	 -0.000016581 	 -273.633672 	 -0.000227 
0.0126362 	 -0.000015708 	 -273.255564 	 -0.000215 
0.0126536 	 0.000010123 	 -272.878499 	 0.000137 
0.0126711 	 0.000016755 	 -272.502473 	 0.000226 
0.0126885 	 -0.000004538 	 -272.127481 	 -0.000061 
0.0127060 	 -0.000011345 	 -271.753519 	 -0.000153 
0.0127235 	 -0.000009599 	 -271.380582 	 -0.000129 
0.0127409 	 -0.000005236 	 -271.008667 	 -0.000070 
0.0127584 	 -0.000001745 	 -270.637770 	 -0.000023 
0.0127758 	 -0.000003491 	 -270.267885 	 -0.000047 
0.0127933 	 0.000003665 	 -269.899010 	 0.000049 
0.0128107 	 -0.000008378 	 -269.531140 	 -0.000111 
0.0128282 	 0.000014661 	 -269.164270 	 0.000193 
0.0128456 	 0.000014312 	 -268.798397 	 0.000188 
0.0128631 	 0.000011519 	 -268.433517 	 0.000151 
0.0128805 	 -0.000001745 	 -268.069625 	 -0.000023 
0.0128980 	 0.000014137 	 -267.706718 	 0.000185 
0.0129154 	 -0.000005760 	 -267.344791 	 -0.000075 
0.0129329 	 -0.000008727 	 -266.983842 	 -0.000114 
0.0129503 	 -0.000008901 	 -266.623864 	 -0.000116 
0.0129678 	 0.000016406 	 -266.264856 	 0.000212 
0.0129852 	 0.000013614 	 -265.906813 	 0.000175 
0.0130027 	 0.000016755 	 -265.549730 	 0.000215 
0.0130202 	 0.000006283 	 -265.193605 	 0.000081 
0.0130376 	 0.000006458 	 -264.838432 	 0.000083 
0.0130551 	 0.000002443 	 -264.484210 	 0.000031 
0.0130725 	 0.000007679 	 -264.130933 	 0.000098 
0.0130900 	 -0.000012915 	 -263.778597 	 -0.000164 
0.0131074 	 0.000002269 	 -263.427200 	 0.000029 
0.0131249 	 -0.000007505 	 -263.076737 	 -0.000095 
0.0131423 	 -0.000001920 	 -262.727205 	 -0.000024 
0.0131598 	 -0.000008378 	 -262.378600 	 -0.000105 
0.0131772 	 0.000005236 	 -262.030918 	 0.000066 
0.0131947 	 -0.000000524 	 -261.684156 	 -0.000007 
0.0132121 	 -0.000001920 	 -261.338309 	 -0.000024 
0.0132296 	 -0.000015359 	 -260.993375 	 -0.000191 
0.0132470 	 -0.000011868 	 -260.649350 	 -0.000147 
0.0132645 	 -0.000009076 	 -260.306229 	 -0.000112 
0.0132820 	 0.000005760 	 -259.964011 	 0.000071 
0.0132994 	 -0.000003142 	 -259.622690 	 -0.000039 
0.0133169 	 0.000002443 	 -259.282264 	 0.000030 
0.0133343 	 0.000002269 	 -258.942728 	 0.000028 
0.0133518 	 -0.000008552 	 -258.604080 	 -0.000105 
0.0133692 	 0.000014312 	 -258.266316 	 0.000174 
0.0133867 	 0.000000175 	 -257.929433 	 0.000002 
0.0134041 	 0.000000000 	 -257.593427 	 0.000000 
0.0134216 	 -0.000008029 	 -257.258294 	 -0.000097 
0.0134390 	 -0.000005760 	 -256.924032 	 -0.000069 
0.0134565 	 -0.000013439 	 -256.590636 	 -0.000162 
0.0134739 	 -0.000015708 	 -256.258104 	 -0.000189 
0.0134914 	 0.000002793 	 -255.926433 	 0.000033 
0.0135088 	 -0.000010821 	 -255.595618 	 -0.000129 
0.0135263 	 0.000010996 	 -255.265656 	 0.000131 
0.0135438 	 0.000005760 	 -254.936545 	 0.000068 
0.0135612 	 0.000009425 	 -254.608281 	 0.000111 
0.0135787 	 0.000014835 	 -254.280860 	 0.000175 
0.0135961 	 -0.000012566 	 -253.954280 	 -0.000148 
0.0136136 	 -0.000006807 	 -253.628537 	 -0.000080 
0.0136310 	 -0.000012741 	 -253.303628 	 -0.000149 
0.0136485 	 0.000008029 	 -252.979549 	 0.000094 
0.0136659 	 -0.000015882 	 -252.656299 	 -0.000185 
0.0136834 	 0.000014835 	 -252.333872 	 0.000172 
0.0137008 	 0.000017104 	 -252.012267 	 0.000198 
0.0137183 	 -0.000006458 	 -251.691480 	 -0.000075 
0.0137357 	 -0.000010123 	 -251.371508 	 -0.000117 
0.0137532 	 -0.000011519 	 -251.052348 	 -0.000133 
0.0137706 	 -0.000009076 	 -250.733997 	 -0.000104 
0.0137881 	 -0.000016755 	 -250.416452 	 -0.000192 
0.0138056 	 0.000003665 	 -250.099709 	 0.000042 
0.0138230 	 -0.000016232 	 -249.783766 	 -0.000185 
0.0138405 	 0.000004887 	 -249.468619 	 0.000055 
0.0138579 	 0.000010297 	 -249.154266 	 0.000117 
0.0138754 	 -0.000002094 	 -248.840704 	 -0.000024 
0.0138928 	 0.000010297 	 -248.527930 	 0.000116 
0.0139103 	 0.000011170 	 -248.215940 	 0.000125 
0.0139277 	 -0.000001047 	 -247.904731 	 -0.000012 
0.0139452 	 0.000009250 	 -247.594302 	 0.000103 
0.0139626 	 -0.000006632 	 -247.284648 	 -0.000074 
0.0139801 	 0.000003142 	 -246.975768 	 0.000035 
0.0139975 	 0.000011868 	 -246.667657 	 0.000132 
0.0140150 	 -0.000002269 	 -246.360314 	 -0.000025 
0.0140324 	 0.000010996 	 -246.053735 	 0.000121 
0.0140499 	 -0.000014661 	 -245.747918 	 -0.000162 
0.0140674 	 0.000002793 	 -245.442859 	 0.000031 
0.0140848 	 0.000005760 	 -245.138556 	 0.000063 
0.0141023 	 -0.000000175 	 -244.835006 	 -0.000002 
0.0141197 	 -0.000008378 	 -244.532206 	 -0.000092 
0.0141372 	 -0.000007679 	 -244.230154 	 -0.000084 
0.0141546 	 0.000009948 	 -243.928846 	 0.000108 
0.0141721 	 -0.000012043 	 -243.628281 	 -0.000131 
0.0141895 	 -0.000016930 	 -243.328454 	 -0.000183 
0.0142070 	 -0.000011519 	 -243.029364 	 -0.000124 
0.0142244 	 -0.000006458 	 -242.731008 	 -0.000070 
0.0142419 	 -0.000015533 	 -242.433383 	 -0.000167 
0.0142593 	 0.000005061 	 -242.136486 	 0.000054 
0.0142768 	 -0.000011868 	 -241.840315 	 -0.000127 
0.0142942 	 0.000015533 	 -241.544867 	 0.000165 
0.0143117 	 0.000014137 	 -241.250140 	 0.000150 
0.0143292 	 -0.000010647 	 -240.956130 	 -0.000113 
0.0143466 	 0.000007854 	 -240.662835 	 0.000083 
0.0143641 	 0.000003316 	 -240.370253 	 0.000035 
0.0143815 	 -0.000010472 	 -240.078381 	 -0.000110 
0.0143990 	 0.000013265 	 -239.787216 	 0.000139 
0.0144164 	 -0.000003665 	 -239.496756 	 -0.000038 
0.0144339 	 0.000002618 	 -239.206999 	 0.000027 
0.0144513 	 0.000002967 	 -238.917941 	 0.000031 
0.0144688 	 -0.000013963 	 -238.629580 	 -0.000145 
0.0144862 	 0.000000698 	 -238.341914 	 0.000007 
0.0145037 	 -0.000009425 	 -238.054940 	 -0.000098 
0.0145211 	 0.000016406 	 -237.768655 	 0.000169 
0.0145386 	 -0.000000175 	 -237.483058 	 -0.000002 
0.0145560 	 -0.000004712 	 -237.198145 	 -0.000048 
0.0145735 	 -0.000012741 	 -236.913915 	 -0.000131 
0.0145910 	 0.000013614 	 -236.630365 	 0.000139 
0.0146084 	 -0.000015533 	 -236.347491 	 -0.000159 
0.0146259 	 -0.000011868 	 -236.065293 	 -0.000121 
0.0146433 	 -0.000003491 	 -235.783767 	 -0.000035 
0.0146608 	 0.000004014 	 -235.502912 	 0.000041 
0.0146782 	 -0.000001396 	 -235.222724 	 -0.000014 
0.0146957 	 -0.000013614 	 -234.943201 	 -0.000137 
0.0147131 	 -0.000004712 	 -234.664342 	 -0.000047 
0.0147306 	 0.000005061 	 -234.386143 	 0.000051 
0.0147480 	 0.000001222 	 -234.108602 	 0.000012 
0.0147655 	 -0.000006981 	 -233.831717 	 -0.000070 
0.0147829 	 0.000004712 	 -233.555486 	 0.000047 
0.0148004 	 0.000009076 	 -233.279906 	 0.000090 
0.0148178 	 0.000010821 	 -233.004975 	 0.000107 
0.0148353 	 -0.000012915 	 -232.730691 	 -0.000128 
0.0148528 	 0.000010297 	 -232.457051 	 0.000101 
0.0148702 	 0.000014835 	 -232.184054 	 0.000146 
0.0148877 	 -0.000013265 	 -231.911696 	 -0.000130 
0.0149051 	 0.000015359 	 -231.639976 	 0.000150 
0.0149226 	 0.000005585 	 -231.368892 	 0.000055 
0.0149400 	 0.000010996 	 -231.098440 	 0.000107 
0.0149575 	 -0.000002443 	 -230.828620 	 -0.000024 
0.0149749 	 -0.000014137 	 -230.559428 	 -0.000137 
0.0149924 	 -0.000004538 	 -230.290863 	 -0.000044 
0.0150098 	 -0.000014312 	 -230.022922 	 -0.000138 
0.0150273 	 -0.000004363 	 -229.755604 	 -0.000042 
0.0150447 	 0.000006458 	 -229.488905 	 0.000062 
0.0150622 	 -0.000010297 	 -229.222824 	 -0.000099 
0.0150796 	 0.000013265 	 -228.957360 	 0.000127 
0.0150971 	 -0.000003316 	 -228.692508 	 -0.000032 
0.0151146 	 0.000009774 	 -228.428269 	 0.000093 
0.0151320 	 -0.000017453 	 -228.164638 	 -0.000166 
0.0151495 	 0.000004887 	 -227.901615 	 0.000046 
0.0151669 	 -0.000008203 	 -227.639197 	 -0.000078 
0.0151844 	 -0.000005585 	 -227.377382 	 -0.000053 
0.0152018 	 -0.000007854 	 -227.116168 	 -0.000074 
0.0152193 	 -0.000003142 	 -226.855553 	 -0.000030 
0.0152367 	 0.000009599 	 -226.595535 	 0.000090 
0.0152542 	 0.000015533 	 -226.336112 	 0.000145 
0.0152716 	 0.000004712 	 -226.077281 	 0.000044 
0.0152891 	 0.000001920 	 -225.819042 	 0.000018 
0.0153065 	 -0.000003491 	 -225.561391 	 -0.000032 
0.0153240 	 -0.000014835 	 -225.304326 	 -0.000138 
0.0153414 	 -0.000004189 	 -225.047847 	 -0.000039 
0.0153589 	 -0.000011170 	 -224.791950 	 -0.000103 
0.0153764 	 -0.000010647 	 -224.536634 	 -0.000098 
0.0153938 	 -0.000007330 	 -224.281896 	 -0.000067 
0.0154113 	 -0.000006458 	 -224.027736 	 -0.000059 
0.0154287 	 -0.000011868 	 -223.774150 	 -0.000109 
0.0154462 	 -0.000006109 	 -223.521137 	 -0.000056 
0.0154636 	 0.000010996 	 -223.268695 	 0.000100 
0.0154811 	 -0.000006109 	 -223.016823 	 -0.000056 
0.0154985 	 0.000015533 	 -222.765517 	 0.000140 
0.0155160 	 -0.000016057 	 -222.514776 	 -0.000145 
0.0155334 	 0.000016581 	 -222.264599 	 0.000149 
0.0155509 	 0.000002269 	 -222.014983 	 0.000020 
0.0155683 	 -0.000016755 	 -221.765927 	 -0.000151 
0.0155858 	 0.000002269 	 -221.517428 	 0.000020 
0.0156032 	 0.000005585 	 -221.269485 	 0.000050 
0.0156207 	 0.000015010 	 -221.022096 	 0.000134 
0.0156382 	 -0.000002269 	 -220.775259 	 -0.000020 
0.0156556 	 -0.000000175 	 -220.528972 	 -0.000002 
0.0156731 	 -0.000011519 	 -220.283233 	 -0.000102 
0.0156905 	 -0.000013090 	 -220.038041 	 -0.000116 
0.0157080 	 -0.000002618 	 -219.793394 	 -0.000023 
0.0157254 	 -0.000014661 	 -219.549289 	 -0.000129 
0.0157429 	 0.000016057 	 -219.305726 	 0.000141 
0.0157603 	 -0.000011868 	 -219.062702 	 -0.000104 
0.0157778 	 0.000007156 	 -218.820215 	 0.000062 
0.0157952 	 -0.000013439 	 -218.578264 	 -0.000117 
0.0158127 	 -0.000007330 	 -218.336847 	 -0.000064 
0.0158301 	 -0.000016406 	 -218.095962 	 -0.000143 
0.0158476 	 0.000017279 	 -217.855608 	 0.000149 
0.0158650 	 -0.000007156 	 -217.615782 	 -0.000062 
0.0158825 	 0.000001222 	 -217.376483 	 0.000011 
0.0158999 	 -0.000001920 	 -217.137709 	 -0.000017 
0.0159174 	 0.000011170 	 -216.899459 	 0.000096 
0.0159349 	 -0.000014137 	 -216.661730 	 -0.000121 
0.0159523 	 -0.000011345 	 -216.424522 	 -0.000097 
0.0159698 	 0.000010297 	 -216.187832 	 0.000088 
0.0159872 	 0.000001920 	 -215.951658 	 0.000016 
0.0160047 	 0.000015359 	 -215.715999 	 0.000130 
0.0160221 	 -0.000011170 	 -215.480854 	 -0.000095 
0.0160396 	 -0.000012217 	 -215.246220 	 -0.000103 
0.0160570 	 0.000015708 	 -215.012096 	 0.000132 
0.0160745 	 0.000008378 	 -214.778480 	 0.000070 
0.0160919 	 0.000009076 	 -214.545371 	 0.000076 
0.0161094 	 -0.000011694 	 -214.312767 	 -0.000098 
0.0161268 	 0.000009425 	 -214.080666 	 0.000079 
0.0161443 	 -0.000010821 	 -213.849067 	 -0.000090 
0.0161617 	 -0.000010996 	 -213.617968 	 -0.000092 
0.0161792 	 0.000004887 	 -213.387367 	 0.000041 
0.0161967 	 -0.000004712 	 -213.157263 	 -0.000039 
0.0162141 	 0.000010472 	 -212.927654 	 0.000087 
0.0162316 	 -0.000007679 	 -212.698539 	 -0.000063 
0.0162490 	 0.000007330 	 -212.469916 	 0.000060 
0.0162665 	 -0.000007330 	 -212.241783 	 -0.000060 
0.0162839 	 -0.000004712 	 -212.014139 	 -0.000039 
0.0163014 	 -0.000003316 	 -211.786983 	 -0.000027 
0.0163188 	 0.000017104 	 -211.560312 	 0.000139 
0.0163363 	 0.000007505 	 -211.334125 	 0.000061 
0.0163537 	 -0.000016581 	 -211.108421 	 -0.000135 
0.0163712 	 -0.000014486 	 -210.883198 	 -0.000118 
0.0163886 	 0.000014312 	 -210.658455 	 0.000116 
0.0164061 	 -0.000011868 	 -210.434190 	 -0.000096 
0.0164235 	 0.000012566 	 -210.210401 	 0.000101 
0.0164410 	 -0.000011694 	 -209.987087 	 -0.000094 
0.0164585 	 0.000017104 	 -209.764246 	 0.000137 
0.0164759 	 0.000004712 	 -209.541878 	 0.000038 
0.0164934 	 0.000015010 	 -209.319979 	 0.000120 
0.0165108 	 -0.000004887 	 -209.098550 	 -0.000039 
0.0165283 	 -0.000013963 	 -208.877589 	 -0.000111 
0.0165457 	 0.000003142 	 -208.657093 	 0.000025 
0.0165632 	 -0.000000698 	 -208.437062 	 -0.000006 
0.0165806 	 -0.000005585 	 -208.217494 	 -0.000044 
0.0165981 	 0.000007156 	 -207.998387 	 0.000056 
0.0166155 	 0.000017104 	 -207.779741 	 0.000135 
0.0166330 	 -0.000002793 	 -207.561553 	 -0.000022 
0.0166504 	 0.000016755 	 -207.343823 	 0.000131 
0.0166679 	 -0.000017453 	 -207.126548 	 -0.000137 
0.0166853 	 -0.000010123 	 -206.909728 	 -0.000079 
0.0167028 	 -0.000008901 	 -206.693360 	 -0.000070 
0.0167203 	 -0.000009774 	 -206.477445 	 -0.000076 
0.0167377 	 0.000001047 	 -206.261979 	 0.000008 
0.0167552 	 -0.000000524 	 -206.046962 	 -0.000004 
0.0167726 	 0.000014486 	 -205.832393 	 0.000112 
0.0167901 	 -0.000000524 	 -205.618269 	 -0.000004 
0.0168075 	 -0.000012392 	 -205.404590 	 -0.000096 
0.0168250 	 -0.000011868 	 -205.191354 	 -0.000091 
0.0168424 	 0.000000524 	 -204.978560 	 0.000004 
0.0168599 	 -0.000009599 	 -204.766206 	 -0.000074 
0.0168773 	 0.000001047 	 -204.554291 	 0.000008 
0.0168948 	 0.000013614 	 -204.342814 	 0.000104 
0.0169122 	 0.000009076 	 -204.131773 	 0.000069 
0.0169297 	 0.000005760 	 -203.921167 	 0.000044 
0.0169471 	 -0.000012741 	 -203.710995 	 -0.000097 
0.0169646 	 0.000010123 	 -203.501255 	 0.000076 
0.0169821 	 0.000013265 	 -203.291946 	 0.000100 
0.0169995 	 0.000012217 	 -203.083067 	 0.000092 
0.0170170 	 0.000011694 	 -202.874616 	 0.000088 
0.0170344 	 -0.000009076 	 -202.666592 	 -0.000068 
0.0170519 	 0.000005411 	 -202.458994 	 0.000040 
0.0170693 	 0.000011694 	 -202.251820 	 0.000087 
0.0170868 	 0.000005934 	 -202.045069 	 0.000044 
0.0171042 	 -0.000012392 	 -201.838740 	 -0.000092 
0.0171217 	 -0.000015708 	 -201.632831 	 -0.000117 
0.0171391 	 0.000010297 	 -201.427342 	 0.000076 
0.0171566 	 -0.000008029 	 -201.222270 	 -0.000059 
0.0171740 	 0.000011170 	 -201.017615 	 0.000082 
0.0171915 	 -0.000016581 	 -200.813376 	 -0.000122 
0.0172089 	 -0.000012741 	 -200.609550 	 -0.000094 
0.0172264 	 -0.000009948 	 -200.406138 	 -0.000073 
0.0172439 	 -0.000000175 	 -200.203137 	 -0.000001 
0.0172613 	 0.000005236 	 -200.000546 	 0.000038 
0.0172788 	 0.000005061 	 -199.798365 	 0.000037 
0.0172962 	 -0.000002618 	 -199.596591 	 -0.000019 
0.0173137 	 0.000008901 	 -199.395225 	 0.000065 
0.0173311 	 -0.000003665 	 -199.194263 	 -0.000027 
0.0173486 	 -0.000015533 	 -198.993706 	 -0.000113 
0.0173660 	 0.000003142 	 -198.793551 	 0.000023 
0.0173835 	 -0.000014486 	 -198.593799 	 -0.000104 
0.0174009 	 0.000014661 	 -198.394447 	 0.000105 
0.0174184 	 0.000012392 	 -198.195494 	 0.000089 
0.0174358 	 -0.000010297 	 -197.996939 	 -0.000074 
0.0174533 	 -0.000001396 	 -197.798782 	 -0.000010 
0.0174707 	 -0.000010297 	 -197.601020 	 -0.000073 
