0.0000175 	 -0.000002269 	 -0.00000000000000001730231 	 0.000005261 
0.0000349 	 -0.000016406 	 -0.00000000000000012510900 	 0.000009511 
0.0000524 	 -0.000006807 	 -0.00000000000000005190693 	 0.000001754 
0.0000698 	 -0.000006632 	 -0.00000000000000005057598 	 0.000000961 
0.0000873 	 -0.000010472 	 -0.00000000000000007985681 	 0.000000971 
0.0001047 	 -0.000017279 	 -0.00000000000000013176373 	 0.000001113 
0.0001222 	 0.000004887 	 0.00000000000000003726651 	 -0.000000231 
0.0001396 	 -0.000012392 	 -0.00000000000000009449722 	 0.000000449 
0.0001571 	 -0.000011345 	 -0.00000000000000008651154 	 0.000000325 
0.0001745 	 0.000001745 	 0.00000000000000001330947 	 -0.000000040 
0.0001920 	 0.000002094 	 0.00000000000000001597136 	 -0.000000040 
0.0002094 	 -0.000016581 	 -0.00000000000000012643995 	 0.000000267 
0.0002269 	 0.000005411 	 0.00000000000000004125935 	 -0.000000074 
0.0002443 	 0.000017279 	 0.00000000000000013176373 	 -0.000000204 
0.0002618 	 -0.000013439 	 -0.00000000000000010248290 	 0.000000139 
0.0002793 	 -0.000014312 	 -0.00000000000000010913764 	 0.000000130 
0.0002967 	 0.000009076 	 0.00000000000000006920923 	 -0.000000073 
0.0003142 	 0.000013090 	 0.00000000000000009982101 	 -0.000000094 
0.0003316 	 0.000015184 	 0.00000000000000011579237 	 -0.000000098 
0.0003491 	 0.000016057 	 0.00000000000000012244711 	 -0.000000093 
0.0003665 	 -0.000012915 	 -0.00000000000000009849006 	 0.000000068 
0.0003840 	 0.000006632 	 0.00000000000000005057598 	 -0.000000032 
0.0004014 	 -0.000004189 	 -0.00000000000000003194272 	 0.000000018 
0.0004189 	 0.000008552 	 0.00000000000000006521639 	 -0.000000034 
0.0004363 	 -0.000013963 	 -0.00000000000000010647575 	 0.000000052 
0.0004538 	 0.000017453 	 0.00000000000000013309468 	 -0.000000060 
0.0004712 	 -0.000016755 	 -0.00000000000000012777089 	 0.000000053 
0.0004887 	 0.000005934 	 0.00000000000000004525219 	 -0.000000018 
0.0005061 	 -0.000006458 	 -0.00000000000000004924503 	 0.000000018 
0.0005236 	 -0.000013265 	 -0.00000000000000010115196 	 0.000000034 
0.0005411 	 -0.000008552 	 -0.00000000000000006521639 	 0.000000021 
0.0005585 	 -0.000002094 	 -0.00000000000000001597136 	 0.000000005 
0.0005760 	 -0.000007679 	 -0.00000000000000005856166 	 0.000000016 
0.0005934 	 0.000008378 	 0.00000000000000006388545 	 -0.000000017 
0.0006109 	 -0.000011694 	 -0.00000000000000008917344 	 0.000000022 
0.0006283 	 0.000004538 	 0.00000000000000003460462 	 -0.000000008 
0.0006458 	 0.000010297 	 0.00000000000000007852586 	 -0.000000017 
0.0006632 	 -0.000011170 	 -0.00000000000000008518060 	 0.000000018 
0.0006807 	 0.000009076 	 0.00000000000000006920923 	 -0.000000014 
0.0006981 	 -0.000002443 	 -0.00000000000000001863326 	 0.000000004 
0.0007156 	 0.000006109 	 0.00000000000000004658314 	 -0.000000008 
0.0007330 	 -0.000005411 	 -0.00000000000000004125935 	 0.000000007 
0.0007505 	 0.000003665 	 0.00000000000000002794988 	 -0.000000005 
0.0007679 	 -0.000005760 	 -0.00000000000000004392124 	 0.000000007 
0.0007854 	 0.000014312 	 0.00000000000000010913764 	 -0.000000016 
0.0008029 	 0.000010821 	 0.00000000000000008251870 	 -0.000000012 
0.0008203 	 0.000008029 	 0.00000000000000006122355 	 -0.000000008 
0.0008378 	 0.000005585 	 0.00000000000000004259030 	 -0.000000006 
0.0008552 	 0.000000175 	 0.00000000000000000133095 	 -0.000000000 
0.0008727 	 0.000015882 	 0.00000000000000012111616 	 -0.000000015 
0.0008901 	 -0.000015533 	 -0.00000000000000011845427 	 0.000000014 
0.0009076 	 -0.000011170 	 -0.00000000000000008518060 	 0.000000010 
0.0009250 	 0.000005061 	 0.00000000000000003859746 	 -0.000000004 
0.0009425 	 -0.000003142 	 -0.00000000000000002395704 	 0.000000002 
0.0009599 	 -0.000013963 	 -0.00000000000000010647575 	 0.000000011 
0.0009774 	 0.000007854 	 0.00000000000000005989261 	 -0.000000006 
0.0009948 	 0.000014661 	 0.00000000000000011179953 	 -0.000000010 
0.0010123 	 -0.000011694 	 -0.00000000000000008917344 	 0.000000008 
0.0010297 	 0.000006632 	 0.00000000000000005057598 	 -0.000000004 
0.0010472 	 0.000011519 	 0.00000000000000008784249 	 -0.000000007 
0.0010647 	 -0.000015010 	 -0.00000000000000011446143 	 0.000000009 
0.0010821 	 0.000002618 	 0.00000000000000001996420 	 -0.000000002 
0.0010996 	 0.000009599 	 0.00000000000000007320207 	 -0.000000006 
0.0011170 	 0.000015882 	 0.00000000000000012111616 	 -0.000000009 
0.0011345 	 0.000000698 	 0.00000000000000000532379 	 -0.000000000 
0.0011519 	 -0.000000175 	 -0.00000000000000000133095 	 0.000000000 
0.0011694 	 0.000005760 	 0.00000000000000004392124 	 -0.000000003 
0.0011868 	 0.000007156 	 0.00000000000000005456882 	 -0.000000004 
0.0012043 	 0.000014137 	 0.00000000000000010780669 	 -0.000000007 
0.0012217 	 -0.000003840 	 -0.00000000000000002928083 	 0.000000002 
0.0012392 	 -0.000009774 	 -0.00000000000000007453302 	 0.000000004 
0.0012566 	 0.000003142 	 0.00000000000000002395704 	 -0.000000001 
0.0012741 	 0.000008029 	 0.00000000000000006122355 	 -0.000000003 
0.0012915 	 0.000010297 	 0.00000000000000007852586 	 -0.000000004 
0.0013090 	 0.000005760 	 0.00000000000000004392124 	 -0.000000002 
0.0013265 	 -0.000013090 	 -0.00000000000000009982101 	 0.000000005 
0.0013439 	 0.000010647 	 0.00000000000000008118776 	 -0.000000004 
0.0013614 	 0.000003316 	 0.00000000000000002528799 	 -0.000000001 
0.0013788 	 -0.000011519 	 -0.00000000000000008784249 	 0.000000004 
0.0013963 	 0.000001047 	 0.00000000000000000798568 	 -0.000000000 
0.0014137 	 -0.000002443 	 -0.00000000000000001863326 	 0.000000001 
0.0014312 	 0.000007505 	 0.00000000000000005723071 	 -0.000000003 
0.0014486 	 -0.000002618 	 -0.00000000000000001996420 	 0.000000001 
0.0014661 	 -0.000009250 	 -0.00000000000000007054018 	 0.000000003 
0.0014835 	 -0.000005411 	 -0.00000000000000004125935 	 0.000000002 
0.0015010 	 -0.000007679 	 -0.00000000000000005856166 	 0.000000002 
0.0015184 	 -0.000000175 	 -0.00000000000000000133095 	 0.000000000 
0.0015359 	 -0.000006981 	 -0.00000000000000005323787 	 0.000000002 
0.0015533 	 -0.000002094 	 -0.00000000000000001597136 	 0.000000001 
0.0015708 	 0.000008901 	 0.00000000000000006787829 	 -0.000000003 
0.0015882 	 0.000010821 	 0.00000000000000008251870 	 -0.000000003 
0.0016057 	 0.000013090 	 0.00000000000000009982101 	 -0.000000004 
0.0016232 	 -0.000016057 	 -0.00000000000000012244711 	 0.000000004 
0.0016406 	 0.000012741 	 0.00000000000000009715912 	 -0.000000003 
0.0016581 	 0.000002618 	 0.00000000000000001996420 	 -0.000000001 
0.0016755 	 0.000000000 	 0.00000000000000000000000 	 -0.000000000 
0.0016930 	 0.000010821 	 0.00000000000000008251870 	 -0.000000003 
0.0017104 	 0.000007330 	 0.00000000000000005589977 	 -0.000000002 
0.0017279 	 -0.000016930 	 -0.00000000000000012910184 	 0.000000004 
0.0017453 	 0.000011170 	 0.00000000000000008518060 	 -0.000000003 
0.0017628 	 -0.000006981 	 -0.00000000000000005323787 	 0.000000002 
0.0017802 	 -0.000005760 	 -0.00000000000000004392124 	 0.000000001 
0.0017977 	 -0.000014312 	 -0.00000000000000010913764 	 0.000000003 
0.0018151 	 -0.000010297 	 -0.00000000000000007852586 	 0.000000002 
0.0018326 	 0.000008901 	 0.00000000000000006787829 	 -0.000000002 
0.0018500 	 -0.000004014 	 -0.00000000000000003061178 	 0.000000001 
0.0018675 	 -0.000000698 	 -0.00000000000000000532379 	 0.000000000 
0.0018850 	 -0.000014137 	 -0.00000000000000010780669 	 0.000000003 
0.0019024 	 0.000006807 	 0.00000000000000005190693 	 -0.000000001 
0.0019199 	 0.000017453 	 0.00000000000000013309468 	 -0.000000003 
0.0019373 	 0.000007505 	 0.00000000000000005723071 	 -0.000000001 
0.0019548 	 0.000003665 	 0.00000000000000002794988 	 -0.000000001 
0.0019722 	 0.000002094 	 0.00000000000000001597136 	 -0.000000000 
0.0019897 	 0.000005585 	 0.00000000000000004259030 	 -0.000000001 
0.0020071 	 0.000011694 	 0.00000000000000008917344 	 -0.000000002 
0.0020246 	 0.000008901 	 0.00000000000000006787829 	 -0.000000002 
0.0020420 	 -0.000003142 	 -0.00000000000000002395704 	 0.000000001 
0.0020595 	 -0.000015010 	 -0.00000000000000011446143 	 0.000000002 
0.0020769 	 0.000011345 	 0.00000000000000008651154 	 -0.000000002 
0.0020944 	 -0.000001396 	 -0.00000000000000001064757 	 0.000000000 
0.0021118 	 -0.000004712 	 -0.00000000000000003593556 	 0.000000001 
0.0021293 	 -0.000001047 	 -0.00000000000000000798568 	 0.000000000 
0.0021468 	 0.000006109 	 0.00000000000000004658314 	 -0.000000001 
0.0021642 	 -0.000003491 	 -0.00000000000000002661894 	 0.000000001 
0.0021817 	 -0.000006458 	 -0.00000000000000004924503 	 0.000000001 
0.0021991 	 0.000000175 	 0.00000000000000000133095 	 -0.000000000 
0.0022166 	 -0.000016057 	 -0.00000000000000012244711 	 0.000000002 
0.0022340 	 -0.000005236 	 -0.00000000000000003992840 	 0.000000001 
0.0022515 	 0.000008029 	 0.00000000000000006122355 	 -0.000000001 
0.0022689 	 -0.000004363 	 -0.00000000000000003327367 	 0.000000001 
0.0022864 	 -0.000014137 	 -0.00000000000000010780669 	 0.000000002 
0.0023038 	 -0.000011170 	 -0.00000000000000008518060 	 0.000000001 
0.0023213 	 0.000003142 	 0.00000000000000002395704 	 -0.000000000 
0.0023387 	 -0.000016057 	 -0.00000000000000012244711 	 0.000000002 
0.0023562 	 -0.000012043 	 -0.00000000000000009183533 	 0.000000002 
0.0023736 	 -0.000003665 	 -0.00000000000000002794988 	 0.000000000 
0.0023911 	 0.000000873 	 0.00000000000000000665473 	 -0.000000000 
0.0024086 	 0.000000873 	 0.00000000000000000665473 	 -0.000000000 
0.0024260 	 -0.000012566 	 -0.00000000000000009582817 	 0.000000002 
0.0024435 	 -0.000000873 	 -0.00000000000000000665473 	 0.000000000 
0.0024609 	 0.000009425 	 0.00000000000000007187113 	 -0.000000001 
0.0024784 	 -0.000007156 	 -0.00000000000000005456882 	 0.000000001 
0.0024958 	 -0.000001047 	 -0.00000000000000000798568 	 0.000000000 
0.0025133 	 0.000015533 	 0.00000000000000011845427 	 -0.000000002 
0.0025307 	 0.000006458 	 0.00000000000000004924503 	 -0.000000001 
0.0025482 	 0.000006458 	 0.00000000000000004924503 	 -0.000000001 
0.0025656 	 0.000006109 	 0.00000000000000004658314 	 -0.000000001 
0.0025831 	 -0.000016755 	 -0.00000000000000012777089 	 0.000000002 
0.0026005 	 0.000004712 	 0.00000000000000003593556 	 -0.000000000 
0.0026180 	 0.000010821 	 0.00000000000000008251870 	 -0.000000001 
0.0026354 	 0.000009599 	 0.00000000000000007320207 	 -0.000000001 
0.0026529 	 -0.000010297 	 -0.00000000000000007852586 	 0.000000001 
0.0026704 	 -0.000014835 	 -0.00000000000000011313048 	 0.000000001 
0.0026878 	 0.000004014 	 0.00000000000000003061178 	 -0.000000000 
0.0027053 	 0.000008552 	 0.00000000000000006521639 	 -0.000000001 
0.0027227 	 0.000016406 	 0.00000000000000012510900 	 -0.000000002 
0.0027402 	 -0.000004538 	 -0.00000000000000003460462 	 0.000000000 
0.0027576 	 0.000000873 	 0.00000000000000000665473 	 -0.000000000 
0.0027751 	 0.000006458 	 0.00000000000000004924503 	 -0.000000001 
0.0027925 	 -0.000015184 	 -0.00000000000000011579237 	 0.000000001 
0.0028100 	 0.000004363 	 0.00000000000000003327367 	 -0.000000000 
0.0028274 	 -0.000008901 	 -0.00000000000000006787829 	 0.000000001 
0.0028449 	 0.000015533 	 0.00000000000000011845427 	 -0.000000001 
0.0028623 	 -0.000013614 	 -0.00000000000000010381385 	 0.000000001 
0.0028798 	 0.000007854 	 0.00000000000000005989261 	 -0.000000001 
0.0028972 	 -0.000010123 	 -0.00000000000000007719492 	 0.000000001 
0.0029147 	 0.000010123 	 0.00000000000000007719492 	 -0.000000001 
0.0029322 	 0.000004538 	 0.00000000000000003460462 	 -0.000000000 
0.0029496 	 0.000010821 	 0.00000000000000008251870 	 -0.000000001 
0.0029671 	 0.000016232 	 0.00000000000000012377805 	 -0.000000001 
0.0029845 	 0.000005934 	 0.00000000000000004525219 	 -0.000000000 
0.0030020 	 0.000001920 	 0.00000000000000001464041 	 -0.000000000 
0.0030194 	 -0.000013090 	 -0.00000000000000009982101 	 0.000000001 
0.0030369 	 -0.000012566 	 -0.00000000000000009582817 	 0.000000001 
0.0030543 	 0.000013439 	 0.00000000000000010248290 	 -0.000000001 
0.0030718 	 0.000004712 	 0.00000000000000003593556 	 -0.000000000 
0.0030892 	 0.000003840 	 0.00000000000000002928083 	 -0.000000000 
0.0031067 	 0.000002269 	 0.00000000000000001730231 	 -0.000000000 
0.0031241 	 0.000013090 	 0.00000000000000009982101 	 -0.000000001 
0.0031416 	 -0.000015359 	 -0.00000000000000011712332 	 0.000000001 
0.0031590 	 -0.000016755 	 -0.00000000000000012777089 	 0.000000001 
0.0031765 	 0.000015533 	 0.00000000000000011845427 	 -0.000000001 
0.0031940 	 -0.000015533 	 -0.00000000000000011845427 	 0.000000001 
0.0032114 	 0.000011694 	 0.00000000000000008917344 	 -0.000000001 
0.0032289 	 -0.000012741 	 -0.00000000000000009715912 	 0.000000001 
0.0032463 	 0.000000000 	 0.00000000000000000000000 	 -0.000000000 
0.0032638 	 -0.000012217 	 -0.00000000000000009316628 	 0.000000001 
0.0032812 	 -0.000017279 	 -0.00000000000000013176373 	 0.000000001 
0.0032987 	 -0.000007330 	 -0.00000000000000005589977 	 0.000000000 
0.0033161 	 0.000011868 	 0.00000000000000009050438 	 -0.000000001 
0.0033336 	 -0.000012043 	 -0.00000000000000009183533 	 0.000000001 
0.0033510 	 -0.000002269 	 -0.00000000000000001730231 	 0.000000000 
0.0033685 	 0.000013090 	 0.00000000000000009982101 	 -0.000000001 
0.0033859 	 -0.000005585 	 -0.00000000000000004259030 	 0.000000000 
0.0034034 	 0.000005236 	 0.00000000000000003992840 	 -0.000000000 
0.0034208 	 -0.000012915 	 -0.00000000000000009849006 	 0.000000001 
0.0034383 	 -0.000007505 	 -0.00000000000000005723071 	 0.000000000 
0.0034558 	 -0.000004887 	 -0.00000000000000003726651 	 0.000000000 
0.0034732 	 0.000005760 	 0.00000000000000004392124 	 -0.000000000 
0.0034907 	 0.000004712 	 0.00000000000000003593556 	 -0.000000000 
0.0035081 	 -0.000011170 	 -0.00000000000000008518060 	 0.000000001 
0.0035256 	 -0.000001396 	 -0.00000000000000001064757 	 0.000000000 
0.0035430 	 -0.000012741 	 -0.00000000000000009715912 	 0.000000001 
0.0035605 	 0.000001745 	 0.00000000000000001330947 	 -0.000000000 
0.0035779 	 0.000016930 	 0.00000000000000012910184 	 -0.000000001 
0.0035954 	 -0.000007330 	 -0.00000000000000005589977 	 0.000000000 
0.0036128 	 -0.000004363 	 -0.00000000000000003327367 	 0.000000000 
0.0036303 	 0.000005585 	 0.00000000000000004259030 	 -0.000000000 
0.0036477 	 0.000017104 	 0.00000000000000013043279 	 -0.000000001 
0.0036652 	 -0.000004538 	 -0.00000000000000003460462 	 0.000000000 
0.0036826 	 -0.000006109 	 -0.00000000000000004658314 	 0.000000000 
0.0037001 	 0.000009425 	 0.00000000000000007187113 	 -0.000000000 
0.0037176 	 0.000002967 	 0.00000000000000002262610 	 -0.000000000 
0.0037350 	 0.000012392 	 0.00000000000000009449722 	 -0.000000001 
0.0037525 	 0.000001396 	 0.00000000000000001064757 	 -0.000000000 
0.0037699 	 0.000009250 	 0.00000000000000007054018 	 -0.000000000 
0.0037874 	 -0.000015882 	 -0.00000000000000012111616 	 0.000000001 
0.0038048 	 0.000004887 	 0.00000000000000003726651 	 -0.000000000 
0.0038223 	 0.000015708 	 0.00000000000000011978521 	 -0.000000001 
0.0038397 	 0.000012566 	 0.00000000000000009582817 	 -0.000000001 
0.0038572 	 0.000015359 	 0.00000000000000011712332 	 -0.000000001 
0.0038746 	 0.000016406 	 0.00000000000000012510900 	 -0.000000001 
0.0038921 	 0.000006807 	 0.00000000000000005190693 	 -0.000000000 
0.0039095 	 -0.000012741 	 -0.00000000000000009715912 	 0.000000001 
0.0039270 	 -0.000000349 	 -0.00000000000000000266189 	 0.000000000 
0.0039444 	 0.000000000 	 0.00000000000000000000000 	 -0.000000000 
0.0039619 	 0.000011170 	 0.00000000000000008518060 	 -0.000000001 
0.0039794 	 -0.000008029 	 -0.00000000000000006122355 	 0.000000000 
0.0039968 	 -0.000005236 	 -0.00000000000000003992840 	 0.000000000 
0.0040143 	 0.000013090 	 0.00000000000000009982101 	 -0.000000001 
0.0040317 	 -0.000016232 	 -0.00000000000000012377805 	 0.000000001 
0.0040492 	 0.000013090 	 0.00000000000000009982101 	 -0.000000001 
0.0040666 	 0.000005760 	 0.00000000000000004392124 	 -0.000000000 
0.0040841 	 -0.000016930 	 -0.00000000000000012910184 	 0.000000001 
0.0041015 	 -0.000007854 	 -0.00000000000000005989261 	 0.000000000 
0.0041190 	 0.000001222 	 0.00000000000000000931663 	 -0.000000000 
0.0041364 	 -0.000015708 	 -0.00000000000000011978521 	 0.000000001 
0.0041539 	 0.000012043 	 0.00000000000000009183533 	 -0.000000000 
0.0041713 	 0.000002618 	 0.00000000000000001996420 	 -0.000000000 
0.0041888 	 0.000006458 	 0.00000000000000004924503 	 -0.000000000 
0.0042062 	 0.000009425 	 0.00000000000000007187113 	 -0.000000000 
0.0042237 	 -0.000015533 	 -0.00000000000000011845427 	 0.000000001 
0.0042412 	 -0.000002618 	 -0.00000000000000001996420 	 0.000000000 
0.0042586 	 0.000016930 	 0.00000000000000012910184 	 -0.000000001 
0.0042761 	 -0.000003142 	 -0.00000000000000002395704 	 0.000000000 
0.0042935 	 0.000016232 	 0.00000000000000012377805 	 -0.000000001 
0.0043110 	 0.000003491 	 0.00000000000000002661894 	 -0.000000000 
0.0043284 	 -0.000006283 	 -0.00000000000000004791409 	 0.000000000 
0.0043459 	 0.000002094 	 0.00000000000000001597136 	 -0.000000000 
0.0043633 	 0.000001047 	 0.00000000000000000798568 	 -0.000000000 
0.0043808 	 0.000005760 	 0.00000000000000004392124 	 -0.000000000 
0.0043982 	 0.000012217 	 0.00000000000000009316628 	 -0.000000000 
0.0044157 	 0.000000175 	 0.00000000000000000133095 	 -0.000000000 
0.0044331 	 0.000006283 	 0.00000000000000004791409 	 -0.000000000 
0.0044506 	 -0.000001571 	 -0.00000000000000001197852 	 0.000000000 
0.0044680 	 -0.000016930 	 -0.00000000000000012910184 	 0.000000001 
0.0044855 	 0.000017279 	 0.00000000000000013176373 	 -0.000000001 
0.0045029 	 -0.000004189 	 -0.00000000000000003194272 	 0.000000000 
0.0045204 	 -0.000002269 	 -0.00000000000000001730231 	 0.000000000 
0.0045379 	 -0.000001222 	 -0.00000000000000000931663 	 0.000000000 
0.0045553 	 -0.000007505 	 -0.00000000000000005723071 	 0.000000000 
0.0045728 	 0.000013963 	 0.00000000000000010647575 	 -0.000000000 
0.0045902 	 -0.000003316 	 -0.00000000000000002528799 	 0.000000000 
0.0046077 	 -0.000004189 	 -0.00000000000000003194272 	 0.000000000 
0.0046251 	 0.000010123 	 0.00000000000000007719492 	 -0.000000000 
0.0046426 	 -0.000013788 	 -0.00000000000000010514480 	 0.000000000 
0.0046600 	 0.000004887 	 0.00000000000000003726651 	 -0.000000000 
0.0046775 	 0.000002443 	 0.00000000000000001863326 	 -0.000000000 
0.0046949 	 0.000000524 	 0.00000000000000000399284 	 -0.000000000 
0.0047124 	 0.000009948 	 0.00000000000000007586397 	 -0.000000000 
0.0047298 	 -0.000013439 	 -0.00000000000000010248290 	 0.000000000 
0.0047473 	 0.000006632 	 0.00000000000000005057598 	 -0.000000000 
0.0047647 	 -0.000013439 	 -0.00000000000000010248290 	 0.000000000 
0.0047822 	 -0.000003840 	 -0.00000000000000002928083 	 0.000000000 
0.0047997 	 -0.000001222 	 -0.00000000000000000931663 	 0.000000000 
0.0048171 	 0.000016930 	 0.00000000000000012910184 	 -0.000000001 
0.0048346 	 0.000000698 	 0.00000000000000000532379 	 -0.000000000 
0.0048520 	 0.000010472 	 0.00000000000000007985681 	 -0.000000000 
0.0048695 	 -0.000003316 	 -0.00000000000000002528799 	 0.000000000 
0.0048869 	 -0.000004014 	 -0.00000000000000003061178 	 0.000000000 
0.0049044 	 -0.000016581 	 -0.00000000000000012643995 	 0.000000000 
0.0049218 	 -0.000014137 	 -0.00000000000000010780669 	 0.000000000 
0.0049393 	 0.000005585 	 0.00000000000000004259030 	 -0.000000000 
0.0049567 	 0.000013090 	 0.00000000000000009982101 	 -0.000000000 
0.0049742 	 0.000015533 	 0.00000000000000011845427 	 -0.000000000 
0.0049916 	 0.000007505 	 0.00000000000000005723071 	 -0.000000000 
0.0050091 	 0.000005760 	 0.00000000000000004392124 	 -0.000000000 
0.0050265 	 -0.000000698 	 -0.00000000000000000532379 	 0.000000000 
0.0050440 	 -0.000004887 	 -0.00000000000000003726651 	 0.000000000 
0.0050615 	 0.000015882 	 0.00000000000000012111616 	 -0.000000000 
0.0050789 	 -0.000014312 	 -0.00000000000000010913764 	 0.000000000 
0.0050964 	 -0.000016581 	 -0.00000000000000012643995 	 0.000000000 
0.0051138 	 0.000009599 	 0.00000000000000007320207 	 -0.000000000 
0.0051313 	 0.000002967 	 0.00000000000000002262610 	 -0.000000000 
0.0051487 	 -0.000001745 	 -0.00000000000000001330947 	 0.000000000 
0.0051662 	 -0.000016406 	 -0.00000000000000012510900 	 0.000000000 
0.0051836 	 -0.000010297 	 -0.00000000000000007852586 	 0.000000000 
0.0052011 	 0.000000349 	 0.00000000000000000266189 	 -0.000000000 
0.0052185 	 -0.000014312 	 -0.00000000000000010913764 	 0.000000000 
0.0052360 	 0.000005934 	 0.00000000000000004525219 	 -0.000000000 
0.0052534 	 -0.000017104 	 -0.00000000000000013043279 	 0.000000000 
0.0052709 	 -0.000004189 	 -0.00000000000000003194272 	 0.000000000 
0.0052883 	 -0.000012392 	 -0.00000000000000009449722 	 0.000000000 
0.0053058 	 -0.000001745 	 -0.00000000000000001330947 	 0.000000000 
0.0053233 	 -0.000007505 	 -0.00000000000000005723071 	 0.000000000 
0.0053407 	 -0.000004887 	 -0.00000000000000003726651 	 0.000000000 
0.0053582 	 0.000004014 	 0.00000000000000003061178 	 -0.000000000 
0.0053756 	 0.000000175 	 0.00000000000000000133095 	 -0.000000000 
0.0053931 	 -0.000015359 	 -0.00000000000000011712332 	 0.000000000 
0.0054105 	 -0.000000175 	 -0.00000000000000000133095 	 0.000000000 
0.0054280 	 0.000012217 	 0.00000000000000009316628 	 -0.000000000 
0.0054454 	 -0.000008203 	 -0.00000000000000006255450 	 0.000000000 
0.0054629 	 0.000012043 	 0.00000000000000009183533 	 -0.000000000 
0.0054803 	 0.000016581 	 0.00000000000000012643995 	 -0.000000000 
0.0054978 	 -0.000012217 	 -0.00000000000000009316628 	 0.000000000 
0.0055152 	 0.000000000 	 0.00000000000000000000000 	 -0.000000000 
0.0055327 	 -0.000005061 	 -0.00000000000000003859746 	 0.000000000 
0.0055501 	 -0.000017104 	 -0.00000000000000013043279 	 0.000000000 
0.0055676 	 -0.000012217 	 -0.00000000000000009316628 	 0.000000000 
0.0055851 	 -0.000004712 	 -0.00000000000000003593556 	 0.000000000 
0.0056025 	 0.000011694 	 0.00000000000000008917344 	 -0.000000000 
0.0056200 	 -0.000012043 	 -0.00000000000000009183533 	 0.000000000 
0.0056374 	 -0.000006109 	 -0.00000000000000004658314 	 0.000000000 
0.0056549 	 -0.000013265 	 -0.00000000000000010115196 	 0.000000000 
0.0056723 	 0.000015708 	 0.00000000000000011978521 	 -0.000000000 
0.0056898 	 -0.000004189 	 -0.00000000000000003194272 	 0.000000000 
0.0057072 	 0.000016406 	 0.00000000000000012510900 	 -0.000000000 
0.0057247 	 0.000004538 	 0.00000000000000003460462 	 -0.000000000 
0.0057421 	 -0.000011694 	 -0.00000000000000008917344 	 0.000000000 
0.0057596 	 0.000005411 	 0.00000000000000004125935 	 -0.000000000 
0.0057770 	 0.000014486 	 0.00000000000000011046859 	 -0.000000000 
0.0057945 	 0.000006807 	 0.00000000000000005190693 	 -0.000000000 
0.0058119 	 0.000003491 	 0.00000000000000002661894 	 -0.000000000 
0.0058294 	 0.000013614 	 0.00000000000000010381385 	 -0.000000000 
0.0058469 	 -0.000014835 	 -0.00000000000000011313048 	 0.000000000 
0.0058643 	 -0.000016755 	 -0.00000000000000012777089 	 0.000000000 
0.0058818 	 -0.000016755 	 -0.00000000000000012777089 	 0.000000000 
0.0058992 	 -0.000014661 	 -0.00000000000000011179953 	 0.000000000 
0.0059167 	 0.000017104 	 0.00000000000000013043279 	 -0.000000000 
0.0059341 	 -0.000015882 	 -0.00000000000000012111616 	 0.000000000 
0.0059516 	 0.000015359 	 0.00000000000000011712332 	 -0.000000000 
0.0059690 	 0.000011345 	 0.00000000000000008651154 	 -0.000000000 
0.0059865 	 -0.000001920 	 -0.00000000000000001464041 	 0.000000000 
0.0060039 	 0.000010297 	 0.00000000000000007852586 	 -0.000000000 
0.0060214 	 -0.000005934 	 -0.00000000000000004525219 	 0.000000000 
0.0060388 	 0.000006283 	 0.00000000000000004791409 	 -0.000000000 
0.0060563 	 0.000003840 	 0.00000000000000002928083 	 -0.000000000 
0.0060737 	 -0.000004887 	 -0.00000000000000003726651 	 0.000000000 
0.0060912 	 -0.000015010 	 -0.00000000000000011446143 	 0.000000000 
0.0061087 	 -0.000002967 	 -0.00000000000000002262610 	 0.000000000 
0.0061261 	 -0.000005236 	 -0.00000000000000003992840 	 0.000000000 
0.0061436 	 -0.000004712 	 -0.00000000000000003593556 	 0.000000000 
0.0061610 	 -0.000014137 	 -0.00000000000000010780669 	 0.000000000 
0.0061785 	 0.000005934 	 0.00000000000000004525219 	 -0.000000000 
0.0061959 	 -0.000003316 	 -0.00000000000000002528799 	 0.000000000 
0.0062134 	 -0.000015533 	 -0.00000000000000011845427 	 0.000000000 
0.0062308 	 -0.000010996 	 -0.00000000000000008384965 	 0.000000000 
0.0062483 	 -0.000003316 	 -0.00000000000000002528799 	 0.000000000 
0.0062657 	 -0.000004014 	 -0.00000000000000003061178 	 0.000000000 
0.0062832 	 -0.000014835 	 -0.00000000000000011313048 	 0.000000000 
0.0063006 	 0.000010647 	 0.00000000000000008118776 	 -0.000000000 
0.0063181 	 -0.000011868 	 -0.00000000000000009050438 	 0.000000000 
0.0063355 	 -0.000006109 	 -0.00000000000000004658314 	 0.000000000 
0.0063530 	 0.000002967 	 0.00000000000000002262610 	 -0.000000000 
0.0063705 	 -0.000017453 	 -0.00000000000000013309468 	 0.000000000 
0.0063879 	 0.000013090 	 0.00000000000000009982101 	 -0.000000000 
0.0064054 	 -0.000012043 	 -0.00000000000000009183533 	 0.000000000 
0.0064228 	 0.000013963 	 0.00000000000000010647575 	 -0.000000000 
0.0064403 	 0.000002094 	 0.00000000000000001597136 	 -0.000000000 
0.0064577 	 -0.000005585 	 -0.00000000000000004259030 	 0.000000000 
0.0064752 	 -0.000007505 	 -0.00000000000000005723071 	 0.000000000 
0.0064926 	 0.000004363 	 0.00000000000000003327367 	 -0.000000000 
0.0065101 	 0.000010647 	 0.00000000000000008118776 	 -0.000000000 
0.0065275 	 -0.000016232 	 -0.00000000000000012377805 	 0.000000000 
0.0065450 	 0.000001047 	 0.00000000000000000798568 	 -0.000000000 
0.0065624 	 0.000000349 	 0.00000000000000000266189 	 -0.000000000 
0.0065799 	 -0.000003665 	 -0.00000000000000002794988 	 0.000000000 
0.0065973 	 -0.000003316 	 -0.00000000000000002528799 	 0.000000000 
0.0066148 	 -0.000002443 	 -0.00000000000000001863326 	 0.000000000 
0.0066323 	 -0.000012392 	 -0.00000000000000009449722 	 0.000000000 
0.0066497 	 0.000004538 	 0.00000000000000003460462 	 -0.000000000 
0.0066672 	 0.000015184 	 0.00000000000000011579237 	 -0.000000000 
0.0066846 	 0.000013265 	 0.00000000000000010115196 	 -0.000000000 
0.0067021 	 0.000016232 	 0.00000000000000012377805 	 -0.000000000 
0.0067195 	 0.000000349 	 0.00000000000000000266189 	 -0.000000000 
0.0067370 	 -0.000011868 	 -0.00000000000000009050438 	 0.000000000 
0.0067544 	 -0.000012392 	 -0.00000000000000009449722 	 0.000000000 
0.0067719 	 0.000010297 	 0.00000000000000007852586 	 -0.000000000 
0.0067893 	 0.000012043 	 0.00000000000000009183533 	 -0.000000000 
0.0068068 	 0.000016930 	 0.00000000000000012910184 	 -0.000000000 
0.0068242 	 0.000012217 	 0.00000000000000009316628 	 -0.000000000 
0.0068417 	 -0.000011868 	 -0.00000000000000009050438 	 0.000000000 
0.0068591 	 -0.000012392 	 -0.00000000000000009449722 	 0.000000000 
0.0068766 	 0.000003665 	 0.00000000000000002794988 	 -0.000000000 
0.0068941 	 -0.000012566 	 -0.00000000000000009582817 	 0.000000000 
0.0069115 	 0.000009250 	 0.00000000000000007054018 	 -0.000000000 
0.0069290 	 0.000002618 	 0.00000000000000001996420 	 -0.000000000 
0.0069464 	 -0.000014137 	 -0.00000000000000010780669 	 0.000000000 
0.0069639 	 -0.000010996 	 -0.00000000000000008384965 	 0.000000000 
0.0069813 	 -0.000010821 	 -0.00000000000000008251870 	 0.000000000 
0.0069988 	 0.000005934 	 0.00000000000000004525219 	 -0.000000000 
0.0070162 	 -0.000011519 	 -0.00000000000000008784249 	 0.000000000 
0.0070337 	 -0.000008901 	 -0.00000000000000006787829 	 0.000000000 
0.0070511 	 0.000002967 	 0.00000000000000002262610 	 -0.000000000 
0.0070686 	 -0.000004538 	 -0.00000000000000003460462 	 0.000000000 
0.0070860 	 0.000013614 	 0.00000000000000010381385 	 -0.000000000 
0.0071035 	 0.000016930 	 0.00000000000000012910184 	 -0.000000000 
0.0071209 	 0.000003142 	 0.00000000000000002395704 	 -0.000000000 
0.0071384 	 -0.000005236 	 -0.00000000000000003992840 	 0.000000000 
0.0071558 	 -0.000011170 	 -0.00000000000000008518060 	 0.000000000 
0.0071733 	 0.000016406 	 0.00000000000000012510900 	 -0.000000000 
0.0071908 	 0.000009425 	 0.00000000000000007187113 	 -0.000000000 
0.0072082 	 0.000012043 	 0.00000000000000009183533 	 -0.000000000 
0.0072257 	 -0.000011345 	 -0.00000000000000008651154 	 0.000000000 
0.0072431 	 -0.000009948 	 -0.00000000000000007586397 	 0.000000000 
0.0072606 	 0.000007505 	 0.00000000000000005723071 	 -0.000000000 
0.0072780 	 -0.000014835 	 -0.00000000000000011313048 	 0.000000000 
0.0072955 	 -0.000007679 	 -0.00000000000000005856166 	 0.000000000 
0.0073129 	 0.000013963 	 0.00000000000000010647575 	 -0.000000000 
0.0073304 	 0.000001745 	 0.00000000000000001330947 	 -0.000000000 
0.0073478 	 0.000011694 	 0.00000000000000008917344 	 -0.000000000 
0.0073653 	 0.000002967 	 0.00000000000000002262610 	 -0.000000000 
0.0073827 	 -0.000007505 	 -0.00000000000000005723071 	 0.000000000 
0.0074002 	 0.000016406 	 0.00000000000000012510900 	 -0.000000000 
0.0074176 	 -0.000003142 	 -0.00000000000000002395704 	 0.000000000 
0.0074351 	 0.000008552 	 0.00000000000000006521639 	 -0.000000000 
0.0074526 	 -0.000016755 	 -0.00000000000000012777089 	 0.000000000 
0.0074700 	 -0.000013963 	 -0.00000000000000010647575 	 0.000000000 
0.0074875 	 0.000006981 	 0.00000000000000005323787 	 -0.000000000 
0.0075049 	 -0.000009425 	 -0.00000000000000007187113 	 0.000000000 
0.0075224 	 0.000003316 	 0.00000000000000002528799 	 -0.000000000 
0.0075398 	 -0.000010647 	 -0.00000000000000008118776 	 0.000000000 
0.0075573 	 -0.000017104 	 -0.00000000000000013043279 	 0.000000000 
0.0075747 	 -0.000012392 	 -0.00000000000000009449722 	 0.000000000 
0.0075922 	 -0.000003840 	 -0.00000000000000002928083 	 0.000000000 
0.0076096 	 0.000006458 	 0.00000000000000004924503 	 -0.000000000 
0.0076271 	 -0.000016755 	 -0.00000000000000012777089 	 0.000000000 
0.0076445 	 0.000008029 	 0.00000000000000006122355 	 -0.000000000 
0.0076620 	 0.000017453 	 0.00000000000000013309468 	 -0.000000000 
0.0076794 	 -0.000008552 	 -0.00000000000000006521639 	 0.000000000 
0.0076969 	 -0.000008552 	 -0.00000000000000006521639 	 0.000000000 
0.0077144 	 -0.000014312 	 -0.00000000000000010913764 	 0.000000000 
0.0077318 	 0.000012392 	 0.00000000000000009449722 	 -0.000000000 
0.0077493 	 -0.000008378 	 -0.00000000000000006388545 	 0.000000000 
0.0077667 	 0.000016406 	 0.00000000000000012510900 	 -0.000000000 
0.0077842 	 -0.000016406 	 -0.00000000000000012510900 	 0.000000000 
0.0078016 	 0.000006458 	 0.00000000000000004924503 	 -0.000000000 
0.0078191 	 0.000009076 	 0.00000000000000006920923 	 -0.000000000 
0.0078365 	 -0.000004887 	 -0.00000000000000003726651 	 0.000000000 
0.0078540 	 -0.000015533 	 -0.00000000000000011845427 	 0.000000000 
0.0078714 	 -0.000004363 	 -0.00000000000000003327367 	 0.000000000 
0.0078889 	 -0.000011868 	 -0.00000000000000009050438 	 0.000000000 
0.0079063 	 -0.000006807 	 -0.00000000000000005190693 	 0.000000000 
0.0079238 	 0.000005411 	 0.00000000000000004125935 	 -0.000000000 
0.0079412 	 -0.000002443 	 -0.00000000000000001863326 	 0.000000000 
0.0079587 	 0.000000873 	 0.00000000000000000665473 	 -0.000000000 
0.0079762 	 0.000015882 	 0.00000000000000012111616 	 -0.000000000 
0.0079936 	 -0.000010647 	 -0.00000000000000008118776 	 0.000000000 
0.0080111 	 0.000014835 	 0.00000000000000011313048 	 -0.000000000 
0.0080285 	 -0.000013963 	 -0.00000000000000010647575 	 0.000000000 
0.0080460 	 0.000013614 	 0.00000000000000010381385 	 -0.000000000 
0.0080634 	 -0.000010123 	 -0.00000000000000007719492 	 0.000000000 
0.0080809 	 -0.000013788 	 -0.00000000000000010514480 	 0.000000000 
0.0080983 	 0.000012566 	 0.00000000000000009582817 	 -0.000000000 
0.0081158 	 0.000005061 	 0.00000000000000003859746 	 -0.000000000 
0.0081332 	 0.000014312 	 0.00000000000000010913764 	 -0.000000000 
0.0081507 	 0.000008203 	 0.00000000000000006255450 	 -0.000000000 
0.0081681 	 -0.000017279 	 -0.00000000000000013176373 	 0.000000000 
0.0081856 	 -0.000003316 	 -0.00000000000000002528799 	 0.000000000 
0.0082030 	 0.000003142 	 0.00000000000000002395704 	 -0.000000000 
0.0082205 	 0.000007505 	 0.00000000000000005723071 	 -0.000000000 
0.0082380 	 -0.000008203 	 -0.00000000000000006255450 	 0.000000000 
0.0082554 	 -0.000003491 	 -0.00000000000000002661894 	 0.000000000 
0.0082729 	 0.000011170 	 0.00000000000000008518060 	 -0.000000000 
0.0082903 	 -0.000016232 	 -0.00000000000000012377805 	 0.000000000 
0.0083078 	 -0.000013439 	 -0.00000000000000010248290 	 0.000000000 
0.0083252 	 -0.000001047 	 -0.00000000000000000798568 	 0.000000000 
0.0083427 	 0.000003665 	 0.00000000000000002794988 	 -0.000000000 
0.0083601 	 -0.000004189 	 -0.00000000000000003194272 	 0.000000000 
0.0083776 	 -0.000007156 	 -0.00000000000000005456882 	 0.000000000 
0.0083950 	 0.000005411 	 0.00000000000000004125935 	 -0.000000000 
0.0084125 	 -0.000013439 	 -0.00000000000000010248290 	 0.000000000 
0.0084299 	 0.000016930 	 0.00000000000000012910184 	 -0.000000000 
0.0084474 	 0.000004363 	 0.00000000000000003327367 	 -0.000000000 
0.0084648 	 -0.000002269 	 -0.00000000000000001730231 	 0.000000000 
0.0084823 	 0.000000000 	 0.00000000000000000000000 	 -0.000000000 
0.0084998 	 0.000016581 	 0.00000000000000012643995 	 -0.000000000 
0.0085172 	 0.000011519 	 0.00000000000000008784249 	 -0.000000000 
0.0085347 	 -0.000009425 	 -0.00000000000000007187113 	 0.000000000 
0.0085521 	 0.000010297 	 0.00000000000000007852586 	 -0.000000000 
0.0085696 	 0.000009250 	 0.00000000000000007054018 	 -0.000000000 
0.0085870 	 -0.000007679 	 -0.00000000000000005856166 	 0.000000000 
0.0086045 	 0.000015533 	 0.00000000000000011845427 	 -0.000000000 
0.0086219 	 0.000009076 	 0.00000000000000006920923 	 -0.000000000 
0.0086394 	 0.000016057 	 0.00000000000000012244711 	 -0.000000000 
0.0086568 	 0.000014835 	 0.00000000000000011313048 	 -0.000000000 
0.0086743 	 -0.000003491 	 -0.00000000000000002661894 	 0.000000000 
0.0086917 	 0.000017279 	 0.00000000000000013176373 	 -0.000000000 
0.0087092 	 0.000006632 	 0.00000000000000005057598 	 -0.000000000 
0.0087266 	 0.000010472 	 0.00000000000000007985681 	 -0.000000000 
0.0087441 	 0.000013963 	 0.00000000000000010647575 	 -0.000000000 
0.0087616 	 -0.000001396 	 -0.00000000000000001064757 	 0.000000000 
0.0087790 	 0.000010297 	 0.00000000000000007852586 	 -0.000000000 
0.0087965 	 0.000015184 	 0.00000000000000011579237 	 -0.000000000 
0.0088139 	 0.000005411 	 0.00000000000000004125935 	 -0.000000000 
0.0088314 	 0.000001396 	 0.00000000000000001064757 	 -0.000000000 
0.0088488 	 0.000012392 	 0.00000000000000009449722 	 -0.000000000 
0.0088663 	 0.000009774 	 0.00000000000000007453302 	 -0.000000000 
0.0088837 	 -0.000015708 	 -0.00000000000000011978521 	 0.000000000 
0.0089012 	 -0.000007330 	 -0.00000000000000005589977 	 0.000000000 
0.0089186 	 0.000004014 	 0.00000000000000003061178 	 -0.000000000 
0.0089361 	 -0.000016755 	 -0.00000000000000012777089 	 0.000000000 
0.0089535 	 0.000013963 	 0.00000000000000010647575 	 -0.000000000 
0.0089710 	 -0.000015708 	 -0.00000000000000011978521 	 0.000000000 
0.0089884 	 -0.000005236 	 -0.00000000000000003992840 	 0.000000000 
0.0090059 	 0.000006807 	 0.00000000000000005190693 	 -0.000000000 
0.0090234 	 -0.000002443 	 -0.00000000000000001863326 	 0.000000000 
0.0090408 	 0.000003316 	 0.00000000000000002528799 	 -0.000000000 
0.0090583 	 -0.000017104 	 -0.00000000000000013043279 	 0.000000000 
0.0090757 	 -0.000005236 	 -0.00000000000000003992840 	 0.000000000 
0.0090932 	 -0.000001047 	 -0.00000000000000000798568 	 0.000000000 
0.0091106 	 -0.000001396 	 -0.00000000000000001064757 	 0.000000000 
0.0091281 	 -0.000011694 	 -0.00000000000000008917344 	 0.000000000 
0.0091455 	 0.000017453 	 0.00000000000000013309468 	 -0.000000000 
0.0091630 	 -0.000011519 	 -0.00000000000000008784249 	 0.000000000 
0.0091804 	 0.000015359 	 0.00000000000000011712332 	 -0.000000000 
0.0091979 	 -0.000017453 	 -0.00000000000000013309468 	 0.000000000 
0.0092153 	 0.000006807 	 0.00000000000000005190693 	 -0.000000000 
0.0092328 	 0.000010123 	 0.00000000000000007719492 	 -0.000000000 
0.0092502 	 0.000007505 	 0.00000000000000005723071 	 -0.000000000 
0.0092677 	 0.000005411 	 0.00000000000000004125935 	 -0.000000000 
0.0092852 	 -0.000000349 	 -0.00000000000000000266189 	 0.000000000 
0.0093026 	 0.000004538 	 0.00000000000000003460462 	 -0.000000000 
0.0093201 	 0.000013788 	 0.00000000000000010514480 	 -0.000000000 
0.0093375 	 -0.000003142 	 -0.00000000000000002395704 	 0.000000000 
0.0093550 	 0.000005760 	 0.00000000000000004392124 	 -0.000000000 
0.0093724 	 -0.000014312 	 -0.00000000000000010913764 	 0.000000000 
0.0093899 	 -0.000008552 	 -0.00000000000000006521639 	 0.000000000 
0.0094073 	 0.000009250 	 0.00000000000000007054018 	 -0.000000000 
0.0094248 	 0.000011345 	 0.00000000000000008651154 	 -0.000000000 
0.0094422 	 -0.000007854 	 -0.00000000000000005989261 	 0.000000000 
0.0094597 	 -0.000010996 	 -0.00000000000000008384965 	 0.000000000 
0.0094771 	 -0.000007679 	 -0.00000000000000005856166 	 0.000000000 
0.0094946 	 0.000013963 	 0.00000000000000010647575 	 -0.000000000 
0.0095120 	 0.000015010 	 0.00000000000000011446143 	 -0.000000000 
0.0095295 	 0.000007854 	 0.00000000000000005989261 	 -0.000000000 
0.0095470 	 -0.000002793 	 -0.00000000000000002129515 	 0.000000000 
0.0095644 	 -0.000010297 	 -0.00000000000000007852586 	 0.000000000 
0.0095819 	 -0.000010297 	 -0.00000000000000007852586 	 0.000000000 
0.0095993 	 -0.000008552 	 -0.00000000000000006521639 	 0.000000000 
0.0096168 	 -0.000005760 	 -0.00000000000000004392124 	 0.000000000 
0.0096342 	 -0.000000698 	 -0.00000000000000000532379 	 0.000000000 
0.0096517 	 0.000010297 	 0.00000000000000007852586 	 -0.000000000 
0.0096691 	 0.000009425 	 0.00000000000000007187113 	 -0.000000000 
0.0096866 	 -0.000017104 	 -0.00000000000000013043279 	 0.000000000 
0.0097040 	 0.000013963 	 0.00000000000000010647575 	 -0.000000000 
0.0097215 	 -0.000006109 	 -0.00000000000000004658314 	 0.000000000 
0.0097389 	 -0.000016232 	 -0.00000000000000012377805 	 0.000000000 
0.0097564 	 -0.000009425 	 -0.00000000000000007187113 	 0.000000000 
0.0097738 	 -0.000001745 	 -0.00000000000000001330947 	 0.000000000 
0.0097913 	 -0.000003142 	 -0.00000000000000002395704 	 0.000000000 
0.0098088 	 0.000012741 	 0.00000000000000009715912 	 -0.000000000 
0.0098262 	 -0.000006458 	 -0.00000000000000004924503 	 0.000000000 
0.0098437 	 0.000012915 	 0.00000000000000009849006 	 -0.000000000 
0.0098611 	 0.000014661 	 0.00000000000000011179953 	 -0.000000000 
0.0098786 	 0.000010123 	 0.00000000000000007719492 	 -0.000000000 
0.0098960 	 0.000009425 	 0.00000000000000007187113 	 -0.000000000 
0.0099135 	 0.000010821 	 0.00000000000000008251870 	 -0.000000000 
0.0099309 	 0.000008203 	 0.00000000000000006255450 	 -0.000000000 
0.0099484 	 0.000017104 	 0.00000000000000013043279 	 -0.000000000 
0.0099658 	 -0.000010821 	 -0.00000000000000008251870 	 0.000000000 
0.0099833 	 0.000003142 	 0.00000000000000002395704 	 -0.000000000 
0.0100007 	 0.000002269 	 0.00000000000000001730231 	 -0.000000000 
0.0100182 	 -0.000013788 	 -0.00000000000000010514480 	 0.000000000 
0.0100356 	 0.000000524 	 0.00000000000000000399284 	 -0.000000000 
0.0100531 	 -0.000004014 	 -0.00000000000000003061178 	 0.000000000 
0.0100705 	 -0.000014137 	 -0.00000000000000010780669 	 0.000000000 
0.0100880 	 -0.000004363 	 -0.00000000000000003327367 	 0.000000000 
0.0101055 	 -0.000013439 	 -0.00000000000000010248290 	 0.000000000 
0.0101229 	 0.000006981 	 0.00000000000000005323787 	 -0.000000000 
0.0101404 	 0.000006981 	 0.00000000000000005323787 	 -0.000000000 
0.0101578 	 0.000006807 	 0.00000000000000005190693 	 -0.000000000 
0.0101753 	 0.000005061 	 0.00000000000000003859746 	 -0.000000000 
0.0101927 	 0.000007330 	 0.00000000000000005589977 	 -0.000000000 
0.0102102 	 0.000009599 	 0.00000000000000007320207 	 -0.000000000 
0.0102276 	 -0.000013265 	 -0.00000000000000010115196 	 0.000000000 
0.0102451 	 -0.000001745 	 -0.00000000000000001330947 	 0.000000000 
0.0102625 	 -0.000004014 	 -0.00000000000000003061178 	 0.000000000 
0.0102800 	 0.000006109 	 0.00000000000000004658314 	 -0.000000000 
0.0102974 	 0.000010647 	 0.00000000000000008118776 	 -0.000000000 
0.0103149 	 -0.000006807 	 -0.00000000000000005190693 	 0.000000000 
0.0103323 	 -0.000016755 	 -0.00000000000000012777089 	 0.000000000 
0.0103498 	 0.000007854 	 0.00000000000000005989261 	 -0.000000000 
0.0103673 	 0.000001396 	 0.00000000000000001064757 	 -0.000000000 
0.0103847 	 -0.000008552 	 -0.00000000000000006521639 	 0.000000000 
0.0104022 	 0.000009425 	 0.00000000000000007187113 	 -0.000000000 
0.0104196 	 -0.000000349 	 -0.00000000000000000266189 	 0.000000000 
0.0104371 	 0.000008901 	 0.00000000000000006787829 	 -0.000000000 
0.0104545 	 0.000016232 	 0.00000000000000012377805 	 -0.000000000 
0.0104720 	 -0.000006458 	 -0.00000000000000004924503 	 0.000000000 
0.0104894 	 -0.000006807 	 -0.00000000000000005190693 	 0.000000000 
0.0105069 	 -0.000005585 	 -0.00000000000000004259030 	 0.000000000 
0.0105243 	 -0.000013439 	 -0.00000000000000010248290 	 0.000000000 
0.0105418 	 -0.000016930 	 -0.00000000000000012910184 	 0.000000000 
0.0105592 	 0.000007156 	 0.00000000000000005456882 	 -0.000000000 
0.0105767 	 0.000006807 	 0.00000000000000005190693 	 -0.000000000 
0.0105941 	 0.000017104 	 0.00000000000000013043279 	 -0.000000000 
0.0106116 	 0.000008378 	 0.00000000000000006388545 	 -0.000000000 
0.0106291 	 -0.000005061 	 -0.00000000000000003859746 	 0.000000000 
0.0106465 	 0.000010821 	 0.00000000000000008251870 	 -0.000000000 
0.0106640 	 -0.000012741 	 -0.00000000000000009715912 	 0.000000000 
0.0106814 	 -0.000013439 	 -0.00000000000000010248290 	 0.000000000 
0.0106989 	 -0.000002967 	 -0.00000000000000002262610 	 0.000000000 
0.0107163 	 0.000009076 	 0.00000000000000006920923 	 -0.000000000 
0.0107338 	 0.000006981 	 0.00000000000000005323787 	 -0.000000000 
0.0107512 	 -0.000001571 	 -0.00000000000000001197852 	 0.000000000 
0.0107687 	 -0.000010123 	 -0.00000000000000007719492 	 0.000000000 
0.0107861 	 0.000000524 	 0.00000000000000000399284 	 -0.000000000 
0.0108036 	 0.000013265 	 0.00000000000000010115196 	 -0.000000000 
0.0108210 	 -0.000011519 	 -0.00000000000000008784249 	 0.000000000 
0.0108385 	 -0.000016232 	 -0.00000000000000012377805 	 0.000000000 
0.0108559 	 0.000003840 	 0.00000000000000002928083 	 -0.000000000 
0.0108734 	 -0.000010821 	 -0.00000000000000008251870 	 0.000000000 
0.0108909 	 -0.000004712 	 -0.00000000000000003593556 	 0.000000000 
0.0109083 	 -0.000002269 	 -0.00000000000000001730231 	 0.000000000 
0.0109258 	 0.000001047 	 0.00000000000000000798568 	 -0.000000000 
0.0109432 	 0.000004014 	 0.00000000000000003061178 	 -0.000000000 
0.0109607 	 -0.000008029 	 -0.00000000000000006122355 	 0.000000000 
0.0109781 	 0.000009076 	 0.00000000000000006920923 	 -0.000000000 
0.0109956 	 0.000005061 	 0.00000000000000003859746 	 -0.000000000 
0.0110130 	 0.000016930 	 0.00000000000000012910184 	 -0.000000000 
0.0110305 	 -0.000013614 	 -0.00000000000000010381385 	 0.000000000 
0.0110479 	 -0.000013265 	 -0.00000000000000010115196 	 0.000000000 
0.0110654 	 0.000010996 	 0.00000000000000008384965 	 -0.000000000 
0.0110828 	 -0.000013788 	 -0.00000000000000010514480 	 0.000000000 
0.0111003 	 -0.000010297 	 -0.00000000000000007852586 	 0.000000000 
0.0111177 	 -0.000004014 	 -0.00000000000000003061178 	 0.000000000 
0.0111352 	 -0.000014312 	 -0.00000000000000010913764 	 0.000000000 
0.0111527 	 -0.000015359 	 -0.00000000000000011712332 	 0.000000000 
0.0111701 	 0.000006807 	 0.00000000000000005190693 	 -0.000000000 
0.0111876 	 0.000011345 	 0.00000000000000008651154 	 -0.000000000 
0.0112050 	 -0.000011694 	 -0.00000000000000008917344 	 0.000000000 
0.0112225 	 -0.000012043 	 -0.00000000000000009183533 	 0.000000000 
0.0112399 	 0.000006632 	 0.00000000000000005057598 	 -0.000000000 
0.0112574 	 -0.000012566 	 -0.00000000000000009582817 	 0.000000000 
0.0112748 	 -0.000004538 	 -0.00000000000000003460462 	 0.000000000 
0.0112923 	 -0.000006283 	 -0.00000000000000004791409 	 0.000000000 
0.0113097 	 -0.000015533 	 -0.00000000000000011845427 	 0.000000000 
0.0113272 	 0.000002269 	 0.00000000000000001730231 	 -0.000000000 
0.0113446 	 -0.000003142 	 -0.00000000000000002395704 	 0.000000000 
0.0113621 	 0.000010472 	 0.00000000000000007985681 	 -0.000000000 
0.0113795 	 -0.000005411 	 -0.00000000000000004125935 	 0.000000000 
0.0113970 	 -0.000007679 	 -0.00000000000000005856166 	 0.000000000 
0.0114145 	 -0.000012043 	 -0.00000000000000009183533 	 0.000000000 
0.0114319 	 -0.000011345 	 -0.00000000000000008651154 	 0.000000000 
0.0114494 	 -0.000000175 	 -0.00000000000000000133095 	 0.000000000 
0.0114668 	 -0.000011868 	 -0.00000000000000009050438 	 0.000000000 
0.0114843 	 0.000015708 	 0.00000000000000011978521 	 -0.000000000 
0.0115017 	 -0.000016232 	 -0.00000000000000012377805 	 0.000000000 
0.0115192 	 0.000013090 	 0.00000000000000009982101 	 -0.000000000 
0.0115366 	 0.000016581 	 0.00000000000000012643995 	 -0.000000000 
0.0115541 	 -0.000001920 	 -0.00000000000000001464041 	 0.000000000 
0.0115715 	 -0.000003491 	 -0.00000000000000002661894 	 0.000000000 
0.0115890 	 -0.000008203 	 -0.00000000000000006255450 	 0.000000000 
0.0116064 	 0.000012217 	 0.00000000000000009316628 	 -0.000000000 
0.0116239 	 -0.000012217 	 -0.00000000000000009316628 	 0.000000000 
0.0116413 	 0.000017453 	 0.00000000000000013309468 	 -0.000000000 
0.0116588 	 0.000007156 	 0.00000000000000005456882 	 -0.000000000 
0.0116763 	 0.000008901 	 0.00000000000000006787829 	 -0.000000000 
0.0116937 	 0.000012217 	 0.00000000000000009316628 	 -0.000000000 
0.0117112 	 -0.000014661 	 -0.00000000000000011179953 	 0.000000000 
0.0117286 	 0.000000698 	 0.00000000000000000532379 	 -0.000000000 
0.0117461 	 -0.000009250 	 -0.00000000000000007054018 	 0.000000000 
0.0117635 	 -0.000004712 	 -0.00000000000000003593556 	 0.000000000 
0.0117810 	 0.000001920 	 0.00000000000000001464041 	 -0.000000000 
0.0117984 	 -0.000002967 	 -0.00000000000000002262610 	 0.000000000 
0.0118159 	 -0.000013265 	 -0.00000000000000010115196 	 0.000000000 
0.0118333 	 0.000015708 	 0.00000000000000011978521 	 -0.000000000 
0.0118508 	 0.000012392 	 0.00000000000000009449722 	 -0.000000000 
0.0118682 	 0.000002443 	 0.00000000000000001863326 	 -0.000000000 
0.0118857 	 0.000005061 	 0.00000000000000003859746 	 -0.000000000 
0.0119031 	 -0.000011170 	 -0.00000000000000008518060 	 0.000000000 
0.0119206 	 -0.000013614 	 -0.00000000000000010381385 	 0.000000000 
0.0119381 	 0.000012043 	 0.00000000000000009183533 	 -0.000000000 
0.0119555 	 0.000010821 	 0.00000000000000008251870 	 -0.000000000 
0.0119730 	 -0.000003142 	 -0.00000000000000002395704 	 0.000000000 
0.0119904 	 0.000016930 	 0.00000000000000012910184 	 -0.000000000 
0.0120079 	 -0.000016406 	 -0.00000000000000012510900 	 0.000000000 
0.0120253 	 0.000014835 	 0.00000000000000011313048 	 -0.000000000 
0.0120428 	 0.000002269 	 0.00000000000000001730231 	 -0.000000000 
0.0120602 	 0.000012566 	 0.00000000000000009582817 	 -0.000000000 
0.0120777 	 0.000007505 	 0.00000000000000005723071 	 -0.000000000 
0.0120951 	 0.000017279 	 0.00000000000000013176373 	 -0.000000000 
0.0121126 	 -0.000002094 	 -0.00000000000000001597136 	 0.000000000 
0.0121300 	 0.000002094 	 0.00000000000000001597136 	 -0.000000000 
0.0121475 	 -0.000013614 	 -0.00000000000000010381385 	 0.000000000 
0.0121649 	 -0.000017104 	 -0.00000000000000013043279 	 0.000000000 
0.0121824 	 0.000003142 	 0.00000000000000002395704 	 -0.000000000 
0.0121999 	 0.000011519 	 0.00000000000000008784249 	 -0.000000000 
0.0122173 	 -0.000000175 	 -0.00000000000000000133095 	 0.000000000 
0.0122348 	 -0.000011170 	 -0.00000000000000008518060 	 0.000000000 
0.0122522 	 0.000015010 	 0.00000000000000011446143 	 -0.000000000 
0.0122697 	 -0.000000349 	 -0.00000000000000000266189 	 0.000000000 
0.0122871 	 -0.000005236 	 -0.00000000000000003992840 	 0.000000000 
0.0123046 	 -0.000002094 	 -0.00000000000000001597136 	 0.000000000 
0.0123220 	 -0.000002094 	 -0.00000000000000001597136 	 0.000000000 
0.0123395 	 -0.000006632 	 -0.00000000000000005057598 	 0.000000000 
0.0123569 	 0.000002269 	 0.00000000000000001730231 	 -0.000000000 
0.0123744 	 0.000001920 	 0.00000000000000001464041 	 -0.000000000 
0.0123918 	 -0.000004538 	 -0.00000000000000003460462 	 0.000000000 
0.0124093 	 0.000012741 	 0.00000000000000009715912 	 -0.000000000 
0.0124267 	 0.000012392 	 0.00000000000000009449722 	 -0.000000000 
0.0124442 	 -0.000008552 	 -0.00000000000000006521639 	 0.000000000 
0.0124617 	 0.000008901 	 0.00000000000000006787829 	 -0.000000000 
0.0124791 	 0.000008901 	 0.00000000000000006787829 	 -0.000000000 
0.0124966 	 0.000008378 	 0.00000000000000006388545 	 -0.000000000 
0.0125140 	 0.000006632 	 0.00000000000000005057598 	 -0.000000000 
0.0125315 	 -0.000005934 	 -0.00000000000000004525219 	 0.000000000 
0.0125489 	 0.000007679 	 0.00000000000000005856166 	 -0.000000000 
0.0125664 	 0.000007854 	 0.00000000000000005989261 	 -0.000000000 
0.0125838 	 -0.000001222 	 -0.00000000000000000931663 	 0.000000000 
0.0126013 	 -0.000007505 	 -0.00000000000000005723071 	 0.000000000 
0.0126187 	 -0.000016581 	 -0.00000000000000012643995 	 0.000000000 
0.0126362 	 -0.000015708 	 -0.00000000000000011978521 	 0.000000000 
0.0126536 	 0.000010123 	 0.00000000000000007719492 	 -0.000000000 
0.0126711 	 0.000016755 	 0.00000000000000012777089 	 -0.000000000 
0.0126885 	 -0.000004538 	 -0.00000000000000003460462 	 0.000000000 
0.0127060 	 -0.000011345 	 -0.00000000000000008651154 	 0.000000000 
0.0127235 	 -0.000009599 	 -0.00000000000000007320207 	 0.000000000 
0.0127409 	 -0.000005236 	 -0.00000000000000003992840 	 0.000000000 
0.0127584 	 -0.000001745 	 -0.00000000000000001330947 	 0.000000000 
0.0127758 	 -0.000003491 	 -0.00000000000000002661894 	 0.000000000 
0.0127933 	 0.000003665 	 0.00000000000000002794988 	 -0.000000000 
0.0128107 	 -0.000008378 	 -0.00000000000000006388545 	 0.000000000 
0.0128282 	 0.000014661 	 0.00000000000000011179953 	 -0.000000000 
0.0128456 	 0.000014312 	 0.00000000000000010913764 	 -0.000000000 
0.0128631 	 0.000011519 	 0.00000000000000008784249 	 -0.000000000 
0.0128805 	 -0.000001745 	 -0.00000000000000001330947 	 0.000000000 
0.0128980 	 0.000014137 	 0.00000000000000010780669 	 -0.000000000 
0.0129154 	 -0.000005760 	 -0.00000000000000004392124 	 0.000000000 
0.0129329 	 -0.000008727 	 -0.00000000000000006654734 	 0.000000000 
0.0129503 	 -0.000008901 	 -0.00000000000000006787829 	 0.000000000 
0.0129678 	 0.000016406 	 0.00000000000000012510900 	 -0.000000000 
0.0129852 	 0.000013614 	 0.00000000000000010381385 	 -0.000000000 
0.0130027 	 0.000016755 	 0.00000000000000012777089 	 -0.000000000 
0.0130202 	 0.000006283 	 0.00000000000000004791409 	 -0.000000000 
0.0130376 	 0.000006458 	 0.00000000000000004924503 	 -0.000000000 
0.0130551 	 0.000002443 	 0.00000000000000001863326 	 -0.000000000 
0.0130725 	 0.000007679 	 0.00000000000000005856166 	 -0.000000000 
0.0130900 	 -0.000012915 	 -0.00000000000000009849006 	 0.000000000 
0.0131074 	 0.000002269 	 0.00000000000000001730231 	 -0.000000000 
0.0131249 	 -0.000007505 	 -0.00000000000000005723071 	 0.000000000 
0.0131423 	 -0.000001920 	 -0.00000000000000001464041 	 0.000000000 
0.0131598 	 -0.000008378 	 -0.00000000000000006388545 	 0.000000000 
0.0131772 	 0.000005236 	 0.00000000000000003992840 	 -0.000000000 
0.0131947 	 -0.000000524 	 -0.00000000000000000399284 	 0.000000000 
0.0132121 	 -0.000001920 	 -0.00000000000000001464041 	 0.000000000 
0.0132296 	 -0.000015359 	 -0.00000000000000011712332 	 0.000000000 
0.0132470 	 -0.000011868 	 -0.00000000000000009050438 	 0.000000000 
0.0132645 	 -0.000009076 	 -0.00000000000000006920923 	 0.000000000 
0.0132820 	 0.000005760 	 0.00000000000000004392124 	 -0.000000000 
0.0132994 	 -0.000003142 	 -0.00000000000000002395704 	 0.000000000 
0.0133169 	 0.000002443 	 0.00000000000000001863326 	 -0.000000000 
0.0133343 	 0.000002269 	 0.00000000000000001730231 	 -0.000000000 
0.0133518 	 -0.000008552 	 -0.00000000000000006521639 	 0.000000000 
0.0133692 	 0.000014312 	 0.00000000000000010913764 	 -0.000000000 
0.0133867 	 0.000000175 	 0.00000000000000000133095 	 -0.000000000 
0.0134041 	 0.000000000 	 0.00000000000000000000000 	 -0.000000000 
0.0134216 	 -0.000008029 	 -0.00000000000000006122355 	 0.000000000 
0.0134390 	 -0.000005760 	 -0.00000000000000004392124 	 0.000000000 
0.0134565 	 -0.000013439 	 -0.00000000000000010248290 	 0.000000000 
0.0134739 	 -0.000015708 	 -0.00000000000000011978521 	 0.000000000 
0.0134914 	 0.000002793 	 0.00000000000000002129515 	 -0.000000000 
0.0135088 	 -0.000010821 	 -0.00000000000000008251870 	 0.000000000 
0.0135263 	 0.000010996 	 0.00000000000000008384965 	 -0.000000000 
0.0135438 	 0.000005760 	 0.00000000000000004392124 	 -0.000000000 
0.0135612 	 0.000009425 	 0.00000000000000007187113 	 -0.000000000 
0.0135787 	 0.000014835 	 0.00000000000000011313048 	 -0.000000000 
0.0135961 	 -0.000012566 	 -0.00000000000000009582817 	 0.000000000 
0.0136136 	 -0.000006807 	 -0.00000000000000005190693 	 0.000000000 
0.0136310 	 -0.000012741 	 -0.00000000000000009715912 	 0.000000000 
0.0136485 	 0.000008029 	 0.00000000000000006122355 	 -0.000000000 
0.0136659 	 -0.000015882 	 -0.00000000000000012111616 	 0.000000000 
0.0136834 	 0.000014835 	 0.00000000000000011313048 	 -0.000000000 
0.0137008 	 0.000017104 	 0.00000000000000013043279 	 -0.000000000 
0.0137183 	 -0.000006458 	 -0.00000000000000004924503 	 0.000000000 
0.0137357 	 -0.000010123 	 -0.00000000000000007719492 	 0.000000000 
0.0137532 	 -0.000011519 	 -0.00000000000000008784249 	 0.000000000 
0.0137706 	 -0.000009076 	 -0.00000000000000006920923 	 0.000000000 
0.0137881 	 -0.000016755 	 -0.00000000000000012777089 	 0.000000000 
0.0138056 	 0.000003665 	 0.00000000000000002794988 	 -0.000000000 
0.0138230 	 -0.000016232 	 -0.00000000000000012377805 	 0.000000000 
0.0138405 	 0.000004887 	 0.00000000000000003726651 	 -0.000000000 
0.0138579 	 0.000010297 	 0.00000000000000007852586 	 -0.000000000 
0.0138754 	 -0.000002094 	 -0.00000000000000001597136 	 0.000000000 
0.0138928 	 0.000010297 	 0.00000000000000007852586 	 -0.000000000 
0.0139103 	 0.000011170 	 0.00000000000000008518060 	 -0.000000000 
0.0139277 	 -0.000001047 	 -0.00000000000000000798568 	 0.000000000 
0.0139452 	 0.000009250 	 0.00000000000000007054018 	 -0.000000000 
0.0139626 	 -0.000006632 	 -0.00000000000000005057598 	 0.000000000 
0.0139801 	 0.000003142 	 0.00000000000000002395704 	 -0.000000000 
0.0139975 	 0.000011868 	 0.00000000000000009050438 	 -0.000000000 
0.0140150 	 -0.000002269 	 -0.00000000000000001730231 	 0.000000000 
0.0140324 	 0.000010996 	 0.00000000000000008384965 	 -0.000000000 
0.0140499 	 -0.000014661 	 -0.00000000000000011179953 	 0.000000000 
0.0140674 	 0.000002793 	 0.00000000000000002129515 	 -0.000000000 
0.0140848 	 0.000005760 	 0.00000000000000004392124 	 -0.000000000 
0.0141023 	 -0.000000175 	 -0.00000000000000000133095 	 0.000000000 
0.0141197 	 -0.000008378 	 -0.00000000000000006388545 	 0.000000000 
0.0141372 	 -0.000007679 	 -0.00000000000000005856166 	 0.000000000 
0.0141546 	 0.000009948 	 0.00000000000000007586397 	 -0.000000000 
0.0141721 	 -0.000012043 	 -0.00000000000000009183533 	 0.000000000 
0.0141895 	 -0.000016930 	 -0.00000000000000012910184 	 0.000000000 
0.0142070 	 -0.000011519 	 -0.00000000000000008784249 	 0.000000000 
0.0142244 	 -0.000006458 	 -0.00000000000000004924503 	 0.000000000 
0.0142419 	 -0.000015533 	 -0.00000000000000011845427 	 0.000000000 
0.0142593 	 0.000005061 	 0.00000000000000003859746 	 -0.000000000 
0.0142768 	 -0.000011868 	 -0.00000000000000009050438 	 0.000000000 
0.0142942 	 0.000015533 	 0.00000000000000011845427 	 -0.000000000 
0.0143117 	 0.000014137 	 0.00000000000000010780669 	 -0.000000000 
0.0143292 	 -0.000010647 	 -0.00000000000000008118776 	 0.000000000 
0.0143466 	 0.000007854 	 0.00000000000000005989261 	 -0.000000000 
0.0143641 	 0.000003316 	 0.00000000000000002528799 	 -0.000000000 
0.0143815 	 -0.000010472 	 -0.00000000000000007985681 	 0.000000000 
0.0143990 	 0.000013265 	 0.00000000000000010115196 	 -0.000000000 
0.0144164 	 -0.000003665 	 -0.00000000000000002794988 	 0.000000000 
0.0144339 	 0.000002618 	 0.00000000000000001996420 	 -0.000000000 
0.0144513 	 0.000002967 	 0.00000000000000002262610 	 -0.000000000 
0.0144688 	 -0.000013963 	 -0.00000000000000010647575 	 0.000000000 
0.0144862 	 0.000000698 	 0.00000000000000000532379 	 -0.000000000 
0.0145037 	 -0.000009425 	 -0.00000000000000007187113 	 0.000000000 
0.0145211 	 0.000016406 	 0.00000000000000012510900 	 -0.000000000 
0.0145386 	 -0.000000175 	 -0.00000000000000000133095 	 0.000000000 
0.0145560 	 -0.000004712 	 -0.00000000000000003593556 	 0.000000000 
0.0145735 	 -0.000012741 	 -0.00000000000000009715912 	 0.000000000 
0.0145910 	 0.000013614 	 0.00000000000000010381385 	 -0.000000000 
0.0146084 	 -0.000015533 	 -0.00000000000000011845427 	 0.000000000 
0.0146259 	 -0.000011868 	 -0.00000000000000009050438 	 0.000000000 
0.0146433 	 -0.000003491 	 -0.00000000000000002661894 	 0.000000000 
0.0146608 	 0.000004014 	 0.00000000000000003061178 	 -0.000000000 
0.0146782 	 -0.000001396 	 -0.00000000000000001064757 	 0.000000000 
0.0146957 	 -0.000013614 	 -0.00000000000000010381385 	 0.000000000 
0.0147131 	 -0.000004712 	 -0.00000000000000003593556 	 0.000000000 
0.0147306 	 0.000005061 	 0.00000000000000003859746 	 -0.000000000 
0.0147480 	 0.000001222 	 0.00000000000000000931663 	 -0.000000000 
0.0147655 	 -0.000006981 	 -0.00000000000000005323787 	 0.000000000 
0.0147829 	 0.000004712 	 0.00000000000000003593556 	 -0.000000000 
0.0148004 	 0.000009076 	 0.00000000000000006920923 	 -0.000000000 
0.0148178 	 0.000010821 	 0.00000000000000008251870 	 -0.000000000 
0.0148353 	 -0.000012915 	 -0.00000000000000009849006 	 0.000000000 
0.0148528 	 0.000010297 	 0.00000000000000007852586 	 -0.000000000 
0.0148702 	 0.000014835 	 0.00000000000000011313048 	 -0.000000000 
0.0148877 	 -0.000013265 	 -0.00000000000000010115196 	 0.000000000 
0.0149051 	 0.000015359 	 0.00000000000000011712332 	 -0.000000000 
0.0149226 	 0.000005585 	 0.00000000000000004259030 	 -0.000000000 
0.0149400 	 0.000010996 	 0.00000000000000008384965 	 -0.000000000 
0.0149575 	 -0.000002443 	 -0.00000000000000001863326 	 0.000000000 
0.0149749 	 -0.000014137 	 -0.00000000000000010780669 	 0.000000000 
0.0149924 	 -0.000004538 	 -0.00000000000000003460462 	 0.000000000 
0.0150098 	 -0.000014312 	 -0.00000000000000010913764 	 0.000000000 
0.0150273 	 -0.000004363 	 -0.00000000000000003327367 	 0.000000000 
0.0150447 	 0.000006458 	 0.00000000000000004924503 	 -0.000000000 
0.0150622 	 -0.000010297 	 -0.00000000000000007852586 	 0.000000000 
0.0150796 	 0.000013265 	 0.00000000000000010115196 	 -0.000000000 
0.0150971 	 -0.000003316 	 -0.00000000000000002528799 	 0.000000000 
0.0151146 	 0.000009774 	 0.00000000000000007453302 	 -0.000000000 
0.0151320 	 -0.000017453 	 -0.00000000000000013309468 	 0.000000000 
0.0151495 	 0.000004887 	 0.00000000000000003726651 	 -0.000000000 
0.0151669 	 -0.000008203 	 -0.00000000000000006255450 	 0.000000000 
0.0151844 	 -0.000005585 	 -0.00000000000000004259030 	 0.000000000 
0.0152018 	 -0.000007854 	 -0.00000000000000005989261 	 0.000000000 
0.0152193 	 -0.000003142 	 -0.00000000000000002395704 	 0.000000000 
0.0152367 	 0.000009599 	 0.00000000000000007320207 	 -0.000000000 
0.0152542 	 0.000015533 	 0.00000000000000011845427 	 -0.000000000 
0.0152716 	 0.000004712 	 0.00000000000000003593556 	 -0.000000000 
0.0152891 	 0.000001920 	 0.00000000000000001464041 	 -0.000000000 
0.0153065 	 -0.000003491 	 -0.00000000000000002661894 	 0.000000000 
0.0153240 	 -0.000014835 	 -0.00000000000000011313048 	 0.000000000 
0.0153414 	 -0.000004189 	 -0.00000000000000003194272 	 0.000000000 
0.0153589 	 -0.000011170 	 -0.00000000000000008518060 	 0.000000000 
0.0153764 	 -0.000010647 	 -0.00000000000000008118776 	 0.000000000 
0.0153938 	 -0.000007330 	 -0.00000000000000005589977 	 0.000000000 
0.0154113 	 -0.000006458 	 -0.00000000000000004924503 	 0.000000000 
0.0154287 	 -0.000011868 	 -0.00000000000000009050438 	 0.000000000 
0.0154462 	 -0.000006109 	 -0.00000000000000004658314 	 0.000000000 
0.0154636 	 0.000010996 	 0.00000000000000008384965 	 -0.000000000 
0.0154811 	 -0.000006109 	 -0.00000000000000004658314 	 0.000000000 
0.0154985 	 0.000015533 	 0.00000000000000011845427 	 -0.000000000 
0.0155160 	 -0.000016057 	 -0.00000000000000012244711 	 0.000000000 
0.0155334 	 0.000016581 	 0.00000000000000012643995 	 -0.000000000 
0.0155509 	 0.000002269 	 0.00000000000000001730231 	 -0.000000000 
0.0155683 	 -0.000016755 	 -0.00000000000000012777089 	 0.000000000 
0.0155858 	 0.000002269 	 0.00000000000000001730231 	 -0.000000000 
0.0156032 	 0.000005585 	 0.00000000000000004259030 	 -0.000000000 
0.0156207 	 0.000015010 	 0.00000000000000011446143 	 -0.000000000 
0.0156382 	 -0.000002269 	 -0.00000000000000001730231 	 0.000000000 
0.0156556 	 -0.000000175 	 -0.00000000000000000133095 	 0.000000000 
0.0156731 	 -0.000011519 	 -0.00000000000000008784249 	 0.000000000 
0.0156905 	 -0.000013090 	 -0.00000000000000009982101 	 0.000000000 
0.0157080 	 -0.000002618 	 -0.00000000000000001996420 	 0.000000000 
0.0157254 	 -0.000014661 	 -0.00000000000000011179953 	 0.000000000 
0.0157429 	 0.000016057 	 0.00000000000000012244711 	 -0.000000000 
0.0157603 	 -0.000011868 	 -0.00000000000000009050438 	 0.000000000 
0.0157778 	 0.000007156 	 0.00000000000000005456882 	 -0.000000000 
0.0157952 	 -0.000013439 	 -0.00000000000000010248290 	 0.000000000 
0.0158127 	 -0.000007330 	 -0.00000000000000005589977 	 0.000000000 
0.0158301 	 -0.000016406 	 -0.00000000000000012510900 	 0.000000000 
0.0158476 	 0.000017279 	 0.00000000000000013176373 	 -0.000000000 
0.0158650 	 -0.000007156 	 -0.00000000000000005456882 	 0.000000000 
0.0158825 	 0.000001222 	 0.00000000000000000931663 	 -0.000000000 
0.0158999 	 -0.000001920 	 -0.00000000000000001464041 	 0.000000000 
0.0159174 	 0.000011170 	 0.00000000000000008518060 	 -0.000000000 
0.0159349 	 -0.000014137 	 -0.00000000000000010780669 	 0.000000000 
0.0159523 	 -0.000011345 	 -0.00000000000000008651154 	 0.000000000 
0.0159698 	 0.000010297 	 0.00000000000000007852586 	 -0.000000000 
0.0159872 	 0.000001920 	 0.00000000000000001464041 	 -0.000000000 
0.0160047 	 0.000015359 	 0.00000000000000011712332 	 -0.000000000 
0.0160221 	 -0.000011170 	 -0.00000000000000008518060 	 0.000000000 
0.0160396 	 -0.000012217 	 -0.00000000000000009316628 	 0.000000000 
0.0160570 	 0.000015708 	 0.00000000000000011978521 	 -0.000000000 
0.0160745 	 0.000008378 	 0.00000000000000006388545 	 -0.000000000 
0.0160919 	 0.000009076 	 0.00000000000000006920923 	 -0.000000000 
0.0161094 	 -0.000011694 	 -0.00000000000000008917344 	 0.000000000 
0.0161268 	 0.000009425 	 0.00000000000000007187113 	 -0.000000000 
0.0161443 	 -0.000010821 	 -0.00000000000000008251870 	 0.000000000 
0.0161617 	 -0.000010996 	 -0.00000000000000008384965 	 0.000000000 
0.0161792 	 0.000004887 	 0.00000000000000003726651 	 -0.000000000 
0.0161967 	 -0.000004712 	 -0.00000000000000003593556 	 0.000000000 
0.0162141 	 0.000010472 	 0.00000000000000007985681 	 -0.000000000 
0.0162316 	 -0.000007679 	 -0.00000000000000005856166 	 0.000000000 
0.0162490 	 0.000007330 	 0.00000000000000005589977 	 -0.000000000 
0.0162665 	 -0.000007330 	 -0.00000000000000005589977 	 0.000000000 
0.0162839 	 -0.000004712 	 -0.00000000000000003593556 	 0.000000000 
0.0163014 	 -0.000003316 	 -0.00000000000000002528799 	 0.000000000 
0.0163188 	 0.000017104 	 0.00000000000000013043279 	 -0.000000000 
0.0163363 	 0.000007505 	 0.00000000000000005723071 	 -0.000000000 
0.0163537 	 -0.000016581 	 -0.00000000000000012643995 	 0.000000000 
0.0163712 	 -0.000014486 	 -0.00000000000000011046859 	 0.000000000 
0.0163886 	 0.000014312 	 0.00000000000000010913764 	 -0.000000000 
0.0164061 	 -0.000011868 	 -0.00000000000000009050438 	 0.000000000 
0.0164235 	 0.000012566 	 0.00000000000000009582817 	 -0.000000000 
0.0164410 	 -0.000011694 	 -0.00000000000000008917344 	 0.000000000 
0.0164585 	 0.000017104 	 0.00000000000000013043279 	 -0.000000000 
0.0164759 	 0.000004712 	 0.00000000000000003593556 	 -0.000000000 
0.0164934 	 0.000015010 	 0.00000000000000011446143 	 -0.000000000 
0.0165108 	 -0.000004887 	 -0.00000000000000003726651 	 0.000000000 
0.0165283 	 -0.000013963 	 -0.00000000000000010647575 	 0.000000000 
0.0165457 	 0.000003142 	 0.00000000000000002395704 	 -0.000000000 
0.0165632 	 -0.000000698 	 -0.00000000000000000532379 	 0.000000000 
0.0165806 	 -0.000005585 	 -0.00000000000000004259030 	 0.000000000 
0.0165981 	 0.000007156 	 0.00000000000000005456882 	 -0.000000000 
0.0166155 	 0.000017104 	 0.00000000000000013043279 	 -0.000000000 
0.0166330 	 -0.000002793 	 -0.00000000000000002129515 	 0.000000000 
0.0166504 	 0.000016755 	 0.00000000000000012777089 	 -0.000000000 
0.0166679 	 -0.000017453 	 -0.00000000000000013309468 	 0.000000000 
0.0166853 	 -0.000010123 	 -0.00000000000000007719492 	 0.000000000 
0.0167028 	 -0.000008901 	 -0.00000000000000006787829 	 0.000000000 
0.0167203 	 -0.000009774 	 -0.00000000000000007453302 	 0.000000000 
0.0167377 	 0.000001047 	 0.00000000000000000798568 	 -0.000000000 
0.0167552 	 -0.000000524 	 -0.00000000000000000399284 	 0.000000000 
0.0167726 	 0.000014486 	 0.00000000000000011046859 	 -0.000000000 
0.0167901 	 -0.000000524 	 -0.00000000000000000399284 	 0.000000000 
0.0168075 	 -0.000012392 	 -0.00000000000000009449722 	 0.000000000 
0.0168250 	 -0.000011868 	 -0.00000000000000009050438 	 0.000000000 
0.0168424 	 0.000000524 	 0.00000000000000000399284 	 -0.000000000 
0.0168599 	 -0.000009599 	 -0.00000000000000007320207 	 0.000000000 
0.0168773 	 0.000001047 	 0.00000000000000000798568 	 -0.000000000 
0.0168948 	 0.000013614 	 0.00000000000000010381385 	 -0.000000000 
0.0169122 	 0.000009076 	 0.00000000000000006920923 	 -0.000000000 
0.0169297 	 0.000005760 	 0.00000000000000004392124 	 -0.000000000 
0.0169471 	 -0.000012741 	 -0.00000000000000009715912 	 0.000000000 
0.0169646 	 0.000010123 	 0.00000000000000007719492 	 -0.000000000 
0.0169821 	 0.000013265 	 0.00000000000000010115196 	 -0.000000000 
0.0169995 	 0.000012217 	 0.00000000000000009316628 	 -0.000000000 
0.0170170 	 0.000011694 	 0.00000000000000008917344 	 -0.000000000 
0.0170344 	 -0.000009076 	 -0.00000000000000006920923 	 0.000000000 
0.0170519 	 0.000005411 	 0.00000000000000004125935 	 -0.000000000 
0.0170693 	 0.000011694 	 0.00000000000000008917344 	 -0.000000000 
0.0170868 	 0.000005934 	 0.00000000000000004525219 	 -0.000000000 
0.0171042 	 -0.000012392 	 -0.00000000000000009449722 	 0.000000000 
0.0171217 	 -0.000015708 	 -0.00000000000000011978521 	 0.000000000 
0.0171391 	 0.000010297 	 0.00000000000000007852586 	 -0.000000000 
0.0171566 	 -0.000008029 	 -0.00000000000000006122355 	 0.000000000 
0.0171740 	 0.000011170 	 0.00000000000000008518060 	 -0.000000000 
0.0171915 	 -0.000016581 	 -0.00000000000000012643995 	 0.000000000 
0.0172089 	 -0.000012741 	 -0.00000000000000009715912 	 0.000000000 
0.0172264 	 -0.000009948 	 -0.00000000000000007586397 	 0.000000000 
0.0172439 	 -0.000000175 	 -0.00000000000000000133095 	 0.000000000 
0.0172613 	 0.000005236 	 0.00000000000000003992840 	 -0.000000000 
0.0172788 	 0.000005061 	 0.00000000000000003859746 	 -0.000000000 
0.0172962 	 -0.000002618 	 -0.00000000000000001996420 	 0.000000000 
0.0173137 	 0.000008901 	 0.00000000000000006787829 	 -0.000000000 
0.0173311 	 -0.000003665 	 -0.00000000000000002794988 	 0.000000000 
0.0173486 	 -0.000015533 	 -0.00000000000000011845427 	 0.000000000 
0.0173660 	 0.000003142 	 0.00000000000000002395704 	 -0.000000000 
0.0173835 	 -0.000014486 	 -0.00000000000000011046859 	 0.000000000 
0.0174009 	 0.000014661 	 0.00000000000000011179953 	 -0.000000000 
0.0174184 	 0.000012392 	 0.00000000000000009449722 	 -0.000000000 
0.0174358 	 -0.000010297 	 -0.00000000000000007852586 	 0.000000000 
0.0174533 	 -0.000001396 	 -0.00000000000000001064757 	 0.000000000 
0.0174707 	 -0.000010297 	 -0.00000000000000007852586 	 0.000000000 
