2e-10 0.988346 -0.171729 1.00632
2.01e-10 0.988003 -0.172718 1.00598
2.02e-10 0.987819 -0.173634 1.00593
2.03e-10 0.987843 -0.174734 1.00637
2.04e-10 0.987846 -0.176274 1.00691
2.05e-10 0.98738 -0.17825 1.00669
2.06e-10 0.986058 -0.180263 1.0048
2.07e-10 0.983874 -0.181652 1.00101
2.08e-10 0.981323 -0.181853 0.996066
2.09e-10 0.979212 -0.18075 0.991526
2.1e-10 0.97827 -0.178778 0.988973
2.11e-10 0.978808 -0.17674 0.989302
2.12e-10 0.980592 -0.175453 0.992344
2.13e-10 0.982969 -0.175409 0.996996
2.14e-10 0.985172 -0.176609 1.00175
2.15e-10 0.986644 -0.178629 1.00538
2.16e-10 0.98723 -0.180875 1.00734
2.17e-10 0.987135 -0.182869 1.00788
2.18e-10 0.986737 -0.184416 1.00766
2.19e-10 0.986362 -0.185587 1.00735
2.2e-10 0.986157 -0.186585 1.00732
2.21e-10 0.986101 -0.187593 1.00759
2.22e-10 0.986085 -0.188693 1.00797
2.23e-10 0.986012 -0.189859 1.00827
2.24e-10 0.985854 -0.191021 1.0084
2.25e-10 0.98564 -0.192125 1.0084
2.26e-10 0.985425 -0.19316 1.00837
2.27e-10 0.985247 -0.194157 1.00841
2.28e-10 0.985107 -0.195154 1.00852
2.29e-10 0.984983 -0.196177 1.00868
2.3e-10 0.984849 -0.197224 1.00883
2.31e-10 0.984693 -0.198279 1.00893
2.32e-10 0.984515 -0.199325 1.009
2.33e-10 0.98433 -0.200354 1.00905
2.34e-10 0.984149 -0.201371 1.0091
2.35e-10 0.983978 -0.202384 1.00917
2.36e-10 0.983814 -0.203402 1.00926
2.37e-10 0.983652 -0.204428 1.00936
2.38e-10 0.983488 -0.205463 1.00946
2.39e-10 0.983318 -0.206504 1.00956
2.4e-10 0.983142 -0.207551 1.00965
2.41e-10 0.982959 -0.208602 1.00972
2.42e-10 0.982767 -0.209653 1.00979
2.43e-10 0.98257 -0.210702 1.00984
2.44e-10 0.982372 -0.211748 1.00989
2.45e-10 0.98218 -0.212791 1.00996
2.46e-10 0.981997 -0.21384 1.01005
2.47e-10 0.981824 -0.214905 1.01016
2.48e-10 0.981649 -0.215996 1.01029
2.49e-10 0.981461 -0.217112 1.0104
2.5e-10 0.981244 -0.218245 1.01047
2.51e-10 0.980998 -0.219377 1.01048
2.52e-10 0.980732 -0.220491 1.01045
2.53e-10 0.980469 -0.221582 1.01042
2.54e-10 0.980234 -0.22266 1.01044
2.55e-10 0.98004 -0.223757 1.01055
2.56e-10 0.979879 -0.224907 1.01075
2.57e-10 0.979719 -0.22614 1.01099
2.58e-10 0.979512 -0.227458 1.01118
2.59e-10 0.979215 -0.228833 1.01123
2.6e-10 0.978809 -0.230211 1.01106
2.61e-10 0.978318 -0.231533 1.01071
2.62e-10 0.977804 -0.232764 1.01028
2.63e-10 0.977354 -0.233916 1.00994
2.64e-10 0.977043 -0.235065 1.00987
2.65e-10 0.976897 -0.236344 1.01019
2.66e-10 0.976859 -0.237907 1.01085
2.67e-10 0.976774 -0.239884 1.01163
2.68e-10 0.976404 -0.242329 1.01209
2.69e-10 0.97547 -0.245165 1.01165
2.7e-10 0.973721 -0.248173 1.00972
2.71e-10 0.971009 -0.251 1.00586
2.72e-10 0.967353 -0.253226 0.999895
2.73e-10 0.962967 -0.254443 0.992046
2.74e-10 0.958234 -0.254349 0.982906
2.75e-10 0.953646 -0.252819 0.973359
2.76e-10 0.949718 -0.249929 0.96443
2.77e-10 0.946902 -0.245947 0.957113
2.78e-10 0.94552 -0.241284 0.952226
2.79e-10 0.945731 -0.236439 0.95031
2.8e-10 0.947511 -0.231927 0.951567
2.81e-10 0.950666 -0.228224 0.955853
2.82e-10 0.954856 -0.22571 0.962694
2.83e-10 0.959631 -0.224621 0.971347
2.84e-10 0.964496 -0.225026 0.980888
2.85e-10 0.968968 -0.22681 0.990341
2.86e-10 0.972652 -0.229697 0.998813
2.87e-10 0.975296 -0.233299 1.00563
2.88e-10 0.976819 -0.237182 1.01043
2.89e-10 0.97731 -0.240945 1.01319
2.9e-10 0.97699 -0.244282 1.01418
2.91e-10 0.976151 -0.247018 1.01389
2.92e-10 0.975096 -0.249114 1.01287
2.93e-10 0.974083 -0.250647 1.01166
2.94e-10 0.973289 -0.251768 1.01068
2.95e-10 0.972803 -0.252663 1.01018
2.96e-10 0.972626 -0.253509 1.01027
2.97e-10 0.972694 -0.254446 1.01088
2.98e-10 0.972901 -0.255562 1.01185
2.99e-10 0.97313 -0.25688 1.01297
3e-10 0.973279 -0.258374 1.01403
3.01e-10 0.973277 -0.259978 1.01486
3.02e-10 0.973093 -0.261609 1.01535
3.03e-10 0.97274 -0.263186 1.01549
3.04e-10 0.972263 -0.264646 1.01533
3.05e-10 0.971726 -0.265958 1.01498
3.06e-10 0.971195 -0.26712 1.01457
3.07e-10 0.970727 -0.26816 1.01422
3.08e-10 0.97036 -0.269124 1.01403
3.09e-10 0.970106 -0.270066 1.01404
3.1e-10 0.969955 -0.271037 1.01427
3.11e-10 0.969876 -0.272075 1.01468
3.12e-10 0.969829 -0.273202 1.01521
3.13e-10 0.969771 -0.274419 1.01576
3.14e-10 0.969664 -0.275709 1.01626
3.15e-10 0.969485 -0.277044 1.01665
3.16e-10 0.969222 -0.278389 1.01689
3.17e-10 0.968881 -0.279709 1.01697
3.18e-10 0.968481 -0.280977 1.0169
3.19e-10 0.96805 -0.282177 1.01675
3.2e-10 0.967618 -0.283305 1.01655
3.21e-10 0.967212 -0.284371 1.01637
3.22e-10 0.966854 -0.285393 1.01626
3.23e-10 0.966555 -0.286396 1.01625
3.24e-10 0.966315 -0.287405 1.01637
3.25e-10 0.966124 -0.288445 1.0166
3.26e-10 0.965967 -0.289531 1.01692
3.27e-10 0.965821 -0.290673 1.0173
3.28e-10 0.965663 -0.291869 1.01769
3.29e-10 0.965474 -0.293112 1.01806
3.3e-10 0.965241 -0.294385 1.01835
3.31e-10 0.964955 -0.29567 1.01856
3.32e-10 0.964617 -0.296947 1.01866
3.33e-10 0.964236 -0.298198 1.01867
3.34e-10 0.963826 -0.299412 1.01861
3.35e-10 0.963403 -0.300581 1.01849
3.36e-10 0.962985 -0.301706 1.01837
3.37e-10 0.962588 -0.302794 1.01826
3.38e-10 0.962224 -0.303856 1.0182
3.39e-10 0.961901 -0.304907 1.01822
3.4e-10 0.961619 -0.305964 1.01833
3.41e-10 0.961374 -0.307043 1.01852
3.42e-10 0.961156 -0.308156 1.01878
3.43e-10 0.960952 -0.309311 1.0191
3.44e-10 0.960746 -0.310511 1.01945
3.45e-10 0.960524 -0.311755 1.0198
3.46e-10 0.960272 -0.313034 1.02011
3.47e-10 0.959981 -0.314338 1.02037
3.48e-10 0.959646 -0.315653 1.02056
3.49e-10 0.959265 -0.316963 1.02066
3.5e-10 0.958845 -0.318257 1.02067
3.51e-10 0.958393 -0.319521 1.02061
3.52e-10 0.957923 -0.320749 1.0205
3.53e-10 0.957447 -0.321938 1.02035
3.54e-10 0.956982 -0.323088 1.0202
3.55e-10 0.95654 -0.324208 1.02008
3.56e-10 0.956131 -0.325307 1.02001
3.57e-10 0.955762 -0.326398 1.02002
3.58e-10 0.955436 -0.327497 1.02011
3.59e-10 0.955148 -0.328619 1.0203
3.6e-10 0.954891 -0.329778 1.02057
3.61e-10 0.954654 -0.330983 1.02091
3.62e-10 0.954423 -0.332243 1.02131
3.63e-10 0.95418 -0.333558 1.02172
3.64e-10 0.953911 -0.334926 1.02212
3.65e-10 0.953599 -0.336339 1.02247
3.66e-10 0.953233 -0.337784 1.02275
3.67e-10 0.952806 -0.339245 1.02293
3.68e-10 0.952315 -0.340706 1.02298
3.69e-10 0.951763 -0.342147 1.02292
3.7e-10 0.95116 -0.343552 1.02273
3.71e-10 0.950519 -0.344909 1.02245
3.72e-10 0.949857 -0.346208 1.02209
3.73e-10 0.949195 -0.347447 1.02169
3.74e-10 0.948553 -0.348629 1.0213
3.75e-10 0.947952 -0.349764 1.02095
3.76e-10 0.947409 -0.350868 1.02069
3.77e-10 0.946935 -0.351962 1.02056
3.78e-10 0.946536 -0.353072 1.02059
3.79e-10 0.94621 -0.354224 1.02079
3.8e-10 0.94595 -0.355446 1.02116
3.81e-10 0.945737 -0.356763 1.0217
3.82e-10 0.945547 -0.358198 1.02237
3.83e-10 0.945349 -0.359766 1.02312
3.84e-10 0.945107 -0.361474 1.02389
3.85e-10 0.94478 -0.363322 1.02461
3.86e-10 0.94433 -0.365297 1.0252
3.87e-10 0.943719 -0.367377 1.02557
3.88e-10 0.942912 -0.369531 1.02564
3.89e-10 0.941884 -0.371719 1.02532
3.9e-10 0.940618 -0.373891 1.02456
3.91e-10 0.939107 -0.375997 1.0233
3.92e-10 0.937358 -0.377981 1.02151
3.93e-10 0.93539 -0.379791 1.0192
3.94e-10 0.933234 -0.381378 1.01637
3.95e-10 0.930931 -0.382699 1.01309
3.96e-10 0.928531 -0.383722 1.00941
3.97e-10 0.926093 -0.384427 1.00543
3.98e-10 0.923676 -0.384803 1.00125
3.99e-10 0.921342 -0.384855 0.996984
4e-10 0.91915 -0.384598 0.992752
4.01e-10 0.917155 -0.384059 0.988675
4.02e-10 0.915406 -0.383275 0.984868
4.03e-10 0.913943 -0.382291 0.981438
4.04e-10 0.912795 -0.381159 0.978478
4.05e-10 0.911986 -0.379933 0.976067
4.06e-10 0.911523 -0.378671 0.974266
4.07e-10 0.911408 -0.37743 0.973118
4.08e-10 0.91163 -0.376266 0.972646
4.09e-10 0.912172 -0.375231 0.972855
4.1e-10 0.913004 -0.374372 0.973731
4.11e-10 0.914093 -0.373732 0.975243
4.12e-10 0.915399 -0.373345 0.977342
4.13e-10 0.916877 -0.373237 0.979969
4.14e-10 0.918478 -0.373428 0.983049
4.15e-10 0.920152 -0.373926 0.986501
4.16e-10 0.921851 -0.374732 0.990234
4.17e-10 0.923527 -0.37584 0.994157
4.18e-10 0.925133 -0.377233 0.998176
4.19e-10 0.926631 -0.378889 1.0022
4.2e-10 0.927985 -0.380779 1.00615
4.21e-10 0.929167 -0.38287 1.00994
4.22e-10 0.930157 -0.385124 1.01351
4.23e-10 0.930941 -0.387505 1.01681
4.24e-10 0.931513 -0.389972 1.0198
4.25e-10 0.931876 -0.39249 1.02244
4.26e-10 0.932036 -0.395023 1.02474
4.27e-10 0.932008 -0.397541 1.02668
4.28e-10 0.93181 -0.400019 1.02828
4.29e-10 0.931461 -0.402434 1.02957
4.3e-10 0.930985 -0.404773 1.03058
4.31e-10 0.930407 -0.407024 1.03133
4.32e-10 0.929748 -0.409183 1.03186
4.33e-10 0.929031 -0.41125 1.03222
4.34e-10 0.928276 -0.413226 1.03245
4.35e-10 0.9275 -0.415119 1.03258
4.36e-10 0.926717 -0.416938 1.03264
4.37e-10 0.925938 -0.418693 1.03267
4.38e-10 0.925173 -0.420394 1.03268
4.39e-10 0.924425 -0.422052 1.03269
4.4e-10 0.923698 -0.423679 1.03272
4.41e-10 0.922992 -0.425283 1.03278
4.42e-10 0.922306 -0.426874 1.03287
4.43e-10 0.921638 -0.428457 1.03299
4.44e-10 0.920984 -0.43004 1.03315
4.45e-10 0.92034 -0.431625 1.03333
4.46e-10 0.919701 -0.433216 1.03353
4.47e-10 0.919065 -0.434813 1.03374
4.48e-10 0.918428 -0.436417 1.03397
4.49e-10 0.917787 -0.438028 1.0342
4.5e-10 0.917141 -0.439644 1.03443
4.51e-10 0.916486 -0.441265 1.03466
4.52e-10 0.915824 -0.442888 1.03488
4.53e-10 0.915154 -0.444514 1.0351
4.54e-10 0.914476 -0.44614 1.03531
4.55e-10 0.913792 -0.447766 1.03551
4.56e-10 0.913101 -0.449392 1.03571
4.57e-10 0.912406 -0.451019 1.0359
4.58e-10 0.911707 -0.452647 1.0361
4.59e-10 0.911004 -0.454277 1.0363
4.6e-10 0.910298 -0.45591 1.0365
4.61e-10 0.909589 -0.457547 1.0367
4.62e-10 0.908876 -0.45919 1.03691
4.63e-10 0.908159 -0.460841 1.03713
4.64e-10 0.907435 -0.462499 1.03734
4.65e-10 0.906705 -0.464165 1.03756
4.66e-10 0.905966 -0.46584 1.03778
4.67e-10 0.905217 -0.467524 1.038
4.68e-10 0.904457 -0.469215 1.0382
4.69e-10 0.903683 -0.470913 1.0384
4.7e-10 0.902895 -0.472615 1.03859
4.71e-10 0.902094 -0.474322 1.03875
4.72e-10 0.901277 -0.47603 1.03891
4.73e-10 0.900447 -0.477739 1.03904
4.74e-10 0.899603 -0.479445 1.03915
4.75e-10 0.898747 -0.481148 1.03925
4.76e-10 0.897881 -0.482847 1.03933
4.77e-10 0.897007 -0.484541 1.0394
4.78e-10 0.896127 -0.486229 1.03946
4.79e-10 0.895243 -0.487912 1.03952
4.8e-10 0.894358 -0.48959 1.03957
4.81e-10 0.893474 -0.491265 1.03964
4.82e-10 0.892593 -0.49294 1.03971
4.83e-10 0.891716 -0.494615 1.0398
4.84e-10 0.890845 -0.496295 1.03991
4.85e-10 0.889979 -0.497982 1.04005
4.86e-10 0.889119 -0.499678 1.04021
4.87e-10 0.888264 -0.501389 1.0404
4.88e-10 0.887412 -0.503115 1.04062
4.89e-10 0.886561 -0.50486 1.04087
4.9e-10 0.885709 -0.506626 1.04115
4.91e-10 0.884852 -0.508415 1.04145
4.92e-10 0.883986 -0.510228 1.04176
4.93e-10 0.883109 -0.512064 1.04209
4.94e-10 0.882216 -0.513925 1.04242
4.95e-10 0.881304 -0.515808 1.04276
4.96e-10 0.88037 -0.517712 1.04308
4.97e-10 0.87941 -0.519634 1.04338
4.98e-10 0.878421 -0.521571 1.04366
4.99e-10 0.877403 -0.52352 1.04391
5e-10 0.876354 -0.525476 1.04412
5.01e-10 0.875273 -0.527435 1.04429
5.02e-10 0.874163 -0.529393 1.04442
5.03e-10 0.873023 -0.531347 1.0445
5.04e-10 0.871856 -0.533292 1.04453
5.05e-10 0.870666 -0.535226 1.04453
5.06e-10 0.869456 -0.537145 1.04448
5.07e-10 0.86823 -0.539048 1.0444
5.08e-10 0.866992 -0.540934 1.04429
5.09e-10 0.865749 -0.542803 1.04416
5.1e-10 0.864503 -0.544656 1.04402
5.11e-10 0.863261 -0.546495 1.04388
5.12e-10 0.862026 -0.548323 1.04375
5.13e-10 0.860802 -0.550143 1.04364
5.14e-10 0.859592 -0.55196 1.04356
5.15e-10 0.858399 -0.553779 1.04352
5.16e-10 0.857223 -0.555605 1.04353
5.17e-10 0.856065 -0.557444 1.04359
5.18e-10 0.854925 -0.559303 1.04372
5.19e-10 0.8538 -0.561187 1.0439
5.2e-10 0.852687 -0.563101 1.04416
5.21e-10 0.851583 -0.565051 1.04448
5.22e-10 0.850483 -0.567041 1.04486
5.23e-10 0.849382 -0.569074 1.04529
5.24e-10 0.848272 -0.571154 1.04578
5.25e-10 0.847147 -0.573282 1.04631
5.26e-10 0.846 -0.575458 1.04687
5.27e-10 0.844824 -0.577682 1.04744
5.28e-10 0.843611 -0.57995 1.04802
5.29e-10 0.842356 -0.582261 1.04859
5.3e-10 0.841052 -0.584609 1.04914
5.31e-10 0.839693 -0.586989 1.04964
5.32e-10 0.838276 -0.589394 1.05009
5.33e-10 0.836798 -0.591817 1.05048
5.34e-10 0.835255 -0.594251 1.05079
5.35e-10 0.833648 -0.596688 1.05101
5.36e-10 0.831978 -0.599118 1.05113
5.37e-10 0.830248 -0.601535 1.05116
5.38e-10 0.828459 -0.60393 1.05108
5.39e-10 0.826619 -0.606297 1.0509
5.4e-10 0.824734 -0.60863 1.05062
5.41e-10 0.82281 -0.610925 1.05024
5.42e-10 0.820855 -0.613177 1.04979
5.43e-10 0.81888 -0.615384 1.04926
5.44e-10 0.816893 -0.617547 1.04868
5.45e-10 0.814903 -0.619666 1.04805
5.46e-10 0.81292 -0.621745 1.04741
5.47e-10 0.810952 -0.623787 1.04675
5.48e-10 0.809007 -0.625799 1.04612
5.49e-10 0.807093 -0.627788 1.04552
5.5e-10 0.805216 -0.629762 1.04497
5.51e-10 0.803379 -0.631731 1.0445
5.52e-10 0.801586 -0.633707 1.04412
5.53e-10 0.799839 -0.635699 1.04386
5.54e-10 0.798136 -0.63772 1.04371
5.55e-10 0.796476 -0.63978 1.04369
5.56e-10 0.794855 -0.641892 1.04382
5.57e-10 0.793266 -0.644066 1.04409
5.58e-10 0.791702 -0.646311 1.04451
5.59e-10 0.790153 -0.648638 1.04507
5.6e-10 0.78861 -0.651053 1.04578
5.61e-10 0.787059 -0.653563 1.04661
5.62e-10 0.785488 -0.656173 1.04755
5.63e-10 0.783883 -0.658884 1.0486
5.64e-10 0.78223 -0.661697 1.04973
5.65e-10 0.780513 -0.66461 1.05091
5.66e-10 0.778718 -0.66762 1.05212
5.67e-10 0.776831 -0.67072 1.05333
5.68e-10 0.774838 -0.673901 1.05452
5.69e-10 0.772729 -0.677153 1.05565
5.7e-10 0.770491 -0.680464 1.05669
5.71e-10 0.768117 -0.683819 1.05761
5.72e-10 0.765599 -0.687202 1.05839
5.73e-10 0.762935 -0.690597 1.05899
5.74e-10 0.760121 -0.693987 1.0594
5.75e-10 0.757161 -0.697353 1.05959
5.76e-10 0.754057 -0.700678 1.05955
5.77e-10 0.750817 -0.703945 1.05926
5.78e-10 0.74745 -0.707138 1.05872
5.79e-10 0.743968 -0.710243 1.05793
5.8e-10 0.740387 -0.713247 1.05689
5.81e-10 0.736723 -0.71614 1.05562
5.82e-10 0.732994 -0.718916 1.05412
5.83e-10 0.729219 -0.721569 1.05242
5.84e-10 0.72542 -0.724099 1.05055
5.85e-10 0.721615 -0.726506 1.04854
5.86e-10 0.717826 -0.728797 1.04642
5.87e-10 0.714072 -0.730979 1.04423
5.88e-10 0.710371 -0.733064 1.04201
5.89e-10 0.70674 -0.735067 1.0398
5.9e-10 0.703194 -0.737003 1.03766
5.91e-10 0.699745 -0.738893 1.03561
5.92e-10 0.696402 -0.740758 1.0337
5.93e-10 0.693172 -0.742621 1.03197
5.94e-10 0.690059 -0.744505 1.03047
5.95e-10 0.687062 -0.746436 1.02922
5.96e-10 0.684179 -0.748439 1.02826
5.97e-10 0.681401 -0.75054 1.02762
5.98e-10 0.678719 -0.752763 1.02731
5.99e-10 0.676119 -0.755133 1.02736
6e-10 0.673582 -0.757672 1.02778
6.01e-10 0.671088 -0.760402 1.02857
6.02e-10 0.668613 -0.76334 1.02973
6.03e-10 0.66613 -0.766504 1.03126
6.04e-10 0.663607 -0.769905 1.03313
6.05e-10 0.661014 -0.773554 1.03532
6.06e-10 0.658314 -0.777455 1.03781
6.07e-10 0.655471 -0.78161 1.04056
6.08e-10 0.652448 -0.786016 1.04351
6.09e-10 0.649207 -0.790662 1.04662
6.1e-10 0.645708 -0.795534 1.04981
6.11e-10 0.641915 -0.800613 1.05304
6.12e-10 0.637792 -0.805872 1.05621
6.13e-10 0.633307 -0.811281 1.05925
6.14e-10 0.628429 -0.816801 1.06209
6.15e-10 0.623134 -0.822391 1.06462
6.16e-10 0.617404 -0.828004 1.06678
6.17e-10 0.611225 -0.83359 1.06847
6.18e-10 0.604593 -0.839094 1.06961
6.19e-10 0.597511 -0.844461 1.07013
6.2e-10 0.589991 -0.849637 1.06997
6.21e-10 0.582053 -0.854567 1.06907
6.22e-10 0.573727 -0.859199 1.06739
6.23e-10 0.56505 -0.863486 1.06489
6.24e-10 0.556068 -0.867386 1.06157
6.25e-10 0.546834 -0.870866 1.05744
6.26e-10 0.537406 -0.873899 1.0525
6.27e-10 0.527845 -0.876469 1.04682
6.28e-10 0.518217 -0.87857 1.04043
6.29e-10 0.508587 -0.880205 1.03342
6.3e-10 0.49902 -0.881389 1.02587
6.31e-10 0.489578 -0.882146 1.01787
6.32e-10 0.480319 -0.882511 1.00953
6.33e-10 0.471296 -0.882526 1.00097
6.34e-10 0.462554 -0.882243 0.992308
6.35e-10 0.454134 -0.881717 0.983663
6.36e-10 0.446065 -0.881013 0.975157
6.37e-10 0.438368 -0.880197 0.966914
6.38e-10 0.431058 -0.879342 0.959053
6.39e-10 0.424137 -0.878519 0.951687
6.4e-10 0.4176 -0.877803 0.944929
6.41e-10 0.411433 -0.877271 0.938882
6.42e-10 0.405611 -0.876998 0.933645
6.43e-10 0.400101 -0.877058 0.929312
6.44e-10 0.39486 -0.877526 0.925967
6.45e-10 0.389837 -0.878475 0.923691
6.46e-10 0.384967 -0.879974 0.922554
6.47e-10 0.380178 -0.882093 0.922623
6.48e-10 0.375384 -0.884895 0.923952
6.49e-10 0.370488 -0.888442 0.92659
6.5e-10 0.365377 -0.892788 0.930571
6.51e-10 0.359926 -0.897982 0.935918
6.52e-10 0.35399 -0.904061 0.942635
6.53e-10 0.347407 -0.911051 0.950705
6.54e-10 0.339995 -0.91896 0.960085
6.55e-10 0.331553 -0.927776 0.970696
6.56e-10 0.321858 -0.937455 0.982415
6.57e-10 0.310668 -0.947921 0.995069
6.58e-10 0.297725 -0.959048 1.00841
6.59e-10 0.282761 -0.970659 1.02213
6.6e-10 0.265508 -0.982507 1.03582
6.61e-10 0.245711 -0.994271 1.04895
6.62e-10 0.223149 -1.00554 1.06092
6.63e-10 0.19766 -1.01583 1.07099
6.64e-10 0.169172 -1.02456 1.07835
6.65e-10 0.137736 -1.03109 1.08211
6.66e-10 0.103558 -1.03472 1.08137
6.67e-10 0.0670237 -1.03478 1.07527
6.68e-10 0.0287123 -1.03065 1.06307
6.69e-10 -0.0106142 -1.02183 1.04426
6.7e-10 -0.0500455 -1.00801 1.0186
6.71e-10 -0.0885827 -0.989121 0.986208
6.72e-10 -0.125217 -0.965349 0.947578
6.73e-10 -0.159018 -0.937147 0.903531
6.74e-10 -0.189206 -0.905185 0.855158
6.75e-10 -0.215217 -0.870289 0.803722
6.76e-10 -0.236726 -0.833366 0.750538
6.77e-10 -0.253646 -0.795319 0.696868
6.78e-10 -0.2661 -0.756988 0.64384
6.79e-10 -0.274375 -0.7191 0.592387
6.8e-10 -0.278872 -0.682245 0.543227
6.81e-10 -0.280059 -0.646865 0.496867
6.82e-10 -0.278424 -0.613268 0.453618
6.83e-10 -0.274446 -0.581642 0.413628
6.84e-10 -0.268572 -0.552073 0.376916
6.85e-10 -0.261205 -0.524574 0.343406
6.86e-10 -0.252698 -0.499098 0.312954
6.87e-10 -0.24335 -0.475559 0.285375
6.88e-10 -0.233413 -0.453848 0.260459
6.89e-10 -0.223094 -0.433839 0.237987
6.9e-10 -0.212559 -0.415403 0.217741
6.91e-10 -0.201943 -0.398408 0.19951
6.92e-10 -0.191349 -0.382728 0.183095
6.93e-10 -0.180859 -0.368243 0.168313
6.94e-10 -0.170533 -0.35484 0.154993
6.95e-10 -0.160418 -0.342415 0.142982
6.96e-10 -0.150546 -0.330873 0.132141
6.97e-10 -0.140939 -0.320128 0.122346
6.98e-10 -0.131613 -0.310101 0.113484
6.99e-10 -0.122574 -0.300722 0.105458
7e-10 -0.113828 -0.291927 0.098178
7.01e-10 -0.105372 -0.283659 0.091566
7.02e-10 -0.0972042 -0.275869 0.0855521
7.03e-10 -0.0893191 -0.268508 0.0800746
7.04e-10 -0.0817097 -0.261538 0.0750784
7.05e-10 -0.0743679 -0.25492 0.0705148
7.06e-10 -0.0672852 -0.248623 0.0663406
7.07e-10 -0.0604523 -0.242616 0.0625171
7.08e-10 -0.0538599 -0.236874 0.0590101
7.09e-10 -0.0474985 -0.231372 0.0557892
7.1e-10 -0.0413588 -0.22609 0.0528271
7.11e-10 -0.0354315 -0.221007 0.0500996
7.12e-10 -0.0297076 -0.216107 0.047585
7.13e-10 -0.0241783 -0.211375 0.0452638
7.14e-10 -0.0188351 -0.206795 0.0431189
7.15e-10 -0.01367 -0.202355 0.0411345
7.16e-10 -0.00867516 -0.198044 0.0392967
7.17e-10 -0.00384306 -0.193851 0.037593
7.18e-10 0.000833399 -0.189766 0.0360119
7.19e-10 0.005361 -0.185781 0.0345434
7.2e-10 0.00974621 -0.181888 0.0331782
7.21e-10 0.0139952 -0.178079 0.0319081
7.22e-10 0.0181137 -0.174348 0.0307254
7.23e-10 0.0221073 -0.170689 0.0296235
7.24e-10 0.0259814 -0.167096 0.0285961
7.25e-10 0.0297407 -0.163564 0.0276376
7.26e-10 0.0333902 -0.160087 0.0267429
7.27e-10 0.0369342 -0.156663 0.0259074
7.28e-10 0.040377 -0.153286 0.0251269
7.29e-10 0.0437226 -0.149953 0.0243976
7.3e-10 0.0469748 -0.146661 0.0237159
7.31e-10 0.0501373 -0.143405 0.0230787
7.32e-10 0.0532134 -0.140183 0.022483
7.33e-10 0.0562065 -0.136993 0.0219262
7.34e-10 0.0591196 -0.133831 0.0214058
7.35e-10 0.0619556 -0.130694 0.0209196
7.36e-10 0.0647174 -0.127582 0.0204655
7.37e-10 0.0674074 -0.12449 0.0200416
7.38e-10 0.0700283 -0.121418 0.0196464
7.39e-10 0.0725824 -0.118363 0.0192781
7.4e-10 0.075072 -0.115323 0.0189353
7.41e-10 0.0774991 -0.112297 0.0186167
7.42e-10 0.0798659 -0.109282 0.0183212
7.43e-10 0.0821743 -0.106278 0.0180475
7.44e-10 0.084426 -0.103281 0.0177948
7.45e-10 0.0866229 -0.100292 0.017562
7.46e-10 0.0887666 -0.0973077 0.0173483
7.47e-10 0.0908587 -0.0943275 0.017153
7.48e-10 0.0929006 -0.0913499 0.0169753
7.49e-10 0.0948939 -0.0883733 0.0168147
7.5e-10 0.0968399 -0.0853966 0.0166705
7.51e-10 0.0987398 -0.0824184 0.0165423
7.52e-10 0.100595 -0.0794374 0.0164296
7.53e-10 0.102406 -0.0764523 0.016332
7.54e-10 0.104175 -0.073462 0.0162492
7.55e-10 0.105903 -0.0704652 0.0161808
7.56e-10 0.10759 -0.0674606 0.0161265
7.57e-10 0.109238 -0.064447 0.0160863
7.58e-10 0.110847 -0.0614232 0.0160598
7.59e-10 0.112418 -0.0583881 0.016047
7.6e-10 0.113953 -0.0553403 0.0160477
7.61e-10 0.115451 -0.0522787 0.016062
7.62e-10 0.116914 -0.0492019 0.0160898
7.63e-10 0.118343 -0.0461089 0.0161311
7.64e-10 0.119738 -0.0429982 0.0161859
7.65e-10 0.121099 -0.0398687 0.0162545
7.66e-10 0.122428 -0.0367189 0.0163369
7.67e-10 0.123725 -0.0335477 0.0164333
7.68e-10 0.12499 -0.0303536 0.0165439
7.69e-10 0.126225 -0.0271352 0.016669
7.7e-10 0.127429 -0.0238912 0.0168089
7.71e-10 0.128603 -0.02062 0.0169639
7.72e-10 0.129748 -0.0173202 0.0171344
7.73e-10 0.130863 -0.0139902 0.017321
7.74e-10 0.131951 -0.0106285 0.0175239
7.75e-10 0.13301 -0.00723342 0.0177439
7.76e-10 0.134041 -0.00380322 0.0179815
7.77e-10 0.135045 -0.000336186 0.0182374
7.78e-10 0.136023 0.00316952 0.0185122
7.79e-10 0.136973 0.00671577 0.0188068
7.8e-10 0.137898 0.0103045 0.0191219
7.81e-10 0.138796 0.0139379 0.0194587
7.82e-10 0.139669 0.0176179 0.0198179
7.83e-10 0.140517 0.0213469 0.0202008
7.84e-10 0.14134 0.025127 0.0206085
7.85e-10 0.142139 0.0289609 0.0210423
7.86e-10 0.142914 0.0328509 0.0215036
7.87e-10 0.143665 0.0367999 0.0219939
7.88e-10 0.144393 0.0408104 0.0225148
7.89e-10 0.145098 0.0448856 0.0230681
7.9e-10 0.14578 0.0490284 0.0236557
7.91e-10 0.146441 0.0532421 0.0242797
7.92e-10 0.14708 0.0575302 0.0249423
7.93e-10 0.147699 0.0618961 0.025646
7.94e-10 0.148297 0.0663438 0.0263934
7.95e-10 0.148875 0.0708771 0.0271873
7.96e-10 0.149434 0.0755003 0.028031
7.97e-10 0.149976 0.080218 0.0289277
7.98e-10 0.1505 0.0850347 0.0298812
7.99e-10 0.151008 0.0899556 0.0308954
8e-10 0.151501 0.0949859 0.0319748
8.01e-10 0.15198 0.100131 0.0331241
8.02e-10 0.152446 0.105398 0.0343485
8.03e-10 0.152902 0.110791 0.0356537
8.04e-10 0.153349 0.116319 0.0370459
8.05e-10 0.153788 0.121988 0.038532
8.06e-10 0.154223 0.127807 0.0401192
8.07e-10 0.154655 0.133782 0.0418159
8.08e-10 0.155089 0.139923 0.043631
8.09e-10 0.155526 0.146239 0.0455743
8.1e-10 0.155971 0.15274 0.0476566
8.11e-10 0.156429 0.159437 0.0498901
8.12e-10 0.156903 0.16634 0.0522877
8.13e-10 0.1574 0.173463 0.0548641
8.14e-10 0.157926 0.180817 0.0576352
8.15e-10 0.158488 0.188416 0.060619
8.16e-10 0.159095 0.196275 0.0638351
8.17e-10 0.159755 0.204411 0.0673054
8.18e-10 0.16048 0.212838 0.0710541
8.19e-10 0.161282 0.221577 0.0751082
8.2e-10 0.162176 0.230644 0.0794976
8.21e-10 0.163176 0.240061 0.0842558
8.22e-10 0.164302 0.24985 0.0894201
8.23e-10 0.165575 0.260033 0.0950319
8.24e-10 0.167019 0.270633 0.101138
8.25e-10 0.168663 0.281677 0.107789
8.26e-10 0.170538 0.293192 0.115044
8.27e-10 0.172681 0.305203 0.122968
8.28e-10 0.175135 0.317741 0.131632
8.29e-10 0.177948 0.330835 0.141117
8.3e-10 0.181178 0.344512 0.151514
8.31e-10 0.184887 0.358803 0.162923
8.32e-10 0.189151 0.373735 0.175456
8.33e-10 0.194053 0.389332 0.189236
8.34e-10 0.199692 0.405616 0.204401
8.35e-10 0.206177 0.422603 0.221102
8.36e-10 0.213634 0.4403 0.239504
8.37e-10 0.222207 0.458703 0.259784
8.38e-10 0.232054 0.477792 0.282135
8.39e-10 0.243355 0.497529 0.306757
8.4e-10 0.256306 0.517847 0.333858
8.41e-10 0.271123 0.538647 0.363648
8.42e-10 0.288033 0.559787 0.396325
8.43e-10 0.307276 0.581076 0.432068
8.44e-10 0.32909 0.602258 0.471015
8.45e-10 0.353703 0.623009 0.513246
8.46e-10 0.381314 0.642923 0.558751
8.47e-10 0.41207 0.66151 0.607398
8.48e-10 0.446038 0.678195 0.658899
8.49e-10 0.483172 0.692329 0.712775
8.5e-10 0.52328 0.70321 0.768326
8.51e-10 0.565992 0.710117 0.824613
8.52e-10 0.61074 0.712366 0.880468
8.53e-10 0.656748 0.709371 0.934526
8.54e-10 0.70306 0.700716 0.985297
8.55e-10 0.74858 0.686219 1.03127
8.56e-10 0.792151 0.665983 1.07104
8.57e-10 0.832646 0.640415 1.10343
8.58e-10 0.869068 0.610204 1.12763
8.59e-10 0.900634 0.576275 1.14324
8.6e-10 0.926834 0.539698 1.1503
8.61e-10 0.947452 0.501596 1.14926
8.62e-10 0.962556 0.463054 1.14093
8.63e-10 0.972448 0.425043 1.12632
8.64e-10 0.977611 0.388371 1.10655
8.65e-10 0.978638 0.353659 1.08281
8.66e-10 0.976175 0.321345 1.05618
8.67e-10 0.970866 0.291696 1.02767
8.68e-10 0.963322 0.264835 0.998128
8.69e-10 0.954098 0.240775 0.968276
8.7e-10 0.943677 0.219442 0.938681
8.71e-10 0.932468 0.200706 0.90978
8.72e-10 0.920813 0.184399 0.8819
8.73e-10 0.908987 0.170334 0.855271
8.74e-10 0.897208 0.158317 0.830047
8.75e-10 0.885647 0.148155 0.80632
8.76e-10 0.874432 0.139663 0.784137
8.77e-10 0.863661 0.132668 0.76351
8.78e-10 0.853401 0.127008 0.744425
8.79e-10 0.843703 0.122538 0.72685
8.8e-10 0.834596 0.119125 0.710741
8.81e-10 0.826099 0.116649 0.696047
8.82e-10 0.818222 0.115004 0.682712
8.83e-10 0.810965 0.114094 0.670682
8.84e-10 0.804325 0.113835 0.659898
8.85e-10 0.798295 0.114152 0.650306
8.86e-10 0.792865 0.114978 0.641855
8.87e-10 0.788023 0.116253 0.634495
8.88e-10 0.783756 0.117925 0.62818
8.89e-10 0.780053 0.119945 0.622869
8.9e-10 0.7769 0.122272 0.618524
8.91e-10 0.774285 0.124867 0.615109
8.92e-10 0.772197 0.127696 0.612594
8.93e-10 0.770624 0.130726 0.610951
8.94e-10 0.769558 0.13393 0.610157
8.95e-10 0.768989 0.13728 0.61019
8.96e-10 0.768909 0.14075 0.611031
8.97e-10 0.76931 0.144318 0.612666
8.98e-10 0.770188 0.14796 0.615081
8.99e-10 0.771535 0.151655 0.618266
9e-10 0.773349 0.155381 0.622212
9.01e-10 0.775625 0.159118 0.626913
9.02e-10 0.77836 0.162842 0.632362
9.03e-10 0.781551 0.166535 0.638556
9.04e-10 0.785197 0.170173 0.645493
9.05e-10 0.789294 0.173736 0.653169
9.06e-10 0.793842 0.177198 0.661584
9.07e-10 0.798838 0.180538 0.670735
9.08e-10 0.804279 0.183729 0.680622
9.09e-10 0.810165 0.186746 0.691241
9.1e-10 0.816489 0.189561 0.702588
9.11e-10 0.82325 0.192146 0.71466
9.12e-10 0.830439 0.194471 0.727449
9.13e-10 0.838051 0.196505 0.740944
9.14e-10 0.846077 0.198214 0.755134
9.15e-10 0.854503 0.199565 0.770002
9.16e-10 0.863318 0.200522 0.785526
9.17e-10 0.872502 0.201049 0.801681
9.18e-10 0.882037 0.201109 0.818433
9.19e-10 0.891897 0.200664 0.835746
9.2e-10 0.902054 0.199677 0.853573
9.21e-10 0.912476 0.198109 0.87186
9.22e-10 0.923125 0.195926 0.890546
9.23e-10 0.933957 0.193092 0.90956
9.24e-10 0.944926 0.189574 0.928823
9.25e-10 0.955977 0.185343 0.948244
9.26e-10 0.967052 0.180374 0.967725
9.27e-10 0.978089 0.174645 0.987159
9.28e-10 0.989019 0.168143 1.00643
9.29e-10 0.99977 0.160858 1.02542
9.3e-10 1.01027 0.152792 1.04398
9.31e-10 1.02043 0.143952 1.062
9.32e-10 1.03019 0.134355 1.07933
9.33e-10 1.03945 0.124028 1.09584
9.34e-10 1.04815 0.11301 1.11138
9.35e-10 1.0562 0.101346 1.12583
9.36e-10 1.06355 0.0890929 1.13907
9.37e-10 1.07012 0.0763178 1.15098
9.38e-10 1.07586 0.0630945 1.16145
9.39e-10 1.08072 0.049505 1.17041
9.4e-10 1.08467 0.0356367 1.17779
9.41e-10 1.08769 0.0215815 1.18353
9.42e-10 1.08975 0.00743383 1.1876
9.43e-10 1.09085 -0.00671121 1.19001
9.44e-10 1.09102 -0.0207597 1.19075
9.45e-10 1.09026 -0.0346206 1.18986
9.46e-10 1.08861 -0.0482074 1.18739
9.47e-10 1.08611 -0.0614398 1.18341
9.48e-10 1.08282 -0.0742445 1.17801
9.49e-10 1.07878 -0.0865564 1.17127
9.5e-10 1.07407 -0.0983194 1.1633
9.51e-10 1.06875 -0.109486 1.15421
9.52e-10 1.06289 -0.120019 1.14413
9.53e-10 1.05655 -0.12989 1.13318
9.54e-10 1.04982 -0.139079 1.12147
9.55e-10 1.04276 -0.147573 1.10913
9.56e-10 1.03544 -0.15537 1.09627
9.57e-10 1.02792 -0.162473 1.08301
9.58e-10 1.02026 -0.168889 1.06946
9.59e-10 1.01253 -0.174634 1.05571
9.6e-10 1.00476 -0.179726 1.04185
9.61e-10 0.997024 -0.184187 1.02798
9.62e-10 0.989348 -0.188042 1.01417
9.63e-10 0.981777 -0.191319 1.00049
9.64e-10 0.974345 -0.194046 0.987002
9.65e-10 0.967082 -0.196254 0.973763
9.66e-10 0.960015 -0.197972 0.960822
9.67e-10 0.953167 -0.199231 0.94822
9.68e-10 0.946557 -0.200061 0.935995
9.69e-10 0.940202 -0.200493 0.924177
9.7e-10 0.934114 -0.200555 0.912791
9.71e-10 0.928305 -0.200275 0.901861
9.72e-10 0.922784 -0.199681 0.891402
9.73e-10 0.917556 -0.198798 0.88143
9.74e-10 0.912627 -0.197653 0.871955
9.75e-10 0.908001 -0.196267 0.862986
9.76e-10 0.903678 -0.194665 0.854528
9.77e-10 0.89966 -0.192867 0.846586
9.78e-10 0.895947 -0.190894 0.839161
9.79e-10 0.892537 -0.188765 0.832255
9.8e-10 0.88943 -0.186498 0.825868
9.81e-10 0.886623 -0.18411 0.819997
9.82e-10 0.884114 -0.181618 0.814642
9.83e-10 0.881899 -0.179035 0.809799
9.84e-10 0.879975 -0.176378 0.805466
9.85e-10 0.87834 -0.17366 0.801639
9.86e-10 0.876989 -0.170893 0.798315
9.87e-10 0.875919 -0.168091 0.795489
9.88e-10 0.875127 -0.165264 0.793159
9.89e-10 0.874608 -0.162425 0.791321
9.9e-10 0.874359 -0.159585 0.78997
9.91e-10 0.874376 -0.156753 0.789104
9.92e-10 0.874655 -0.15394 0.788719
9.93e-10 0.875194 -0.151157 0.788812
9.94e-10 0.875988 -0.148412 0.78938
9.95e-10 0.877033 -0.145716 0.79042
9.96e-10 0.878327 -0.143078 0.79193
9.97e-10 0.879865 -0.140508 0.793906
9.98e-10 0.881645 -0.138014 0.796346
9.99e-10 0.883662 -0.135606 0.799248
1e-09 0.885913 -0.133293 0.802609
1.001e-09 0.888394 -0.131086 0.806428
1.002e-09 0.891102 -0.128992 0.810702
1.003e-09 0.894032 -0.127023 0.815427
1.004e-09 0.897179 -0.125188 0.820603
1.005e-09 0.900541 -0.123497 0.826225
1.006e-09 0.904111 -0.12196 0.832291
1.007e-09 0.907885 -0.120587 0.838796
1.008e-09 0.911858 -0.119389 0.845738
1.009e-09 0.916023 -0.118376 0.85311
1.01e-09 0.920374 -0.11756 0.860908
1.011e-09 0.924904 -0.116952 0.869125
1.012e-09 0.929606 -0.116561 0.877754
1.013e-09 0.934472 -0.116401 0.886786
1.014e-09 0.939492 -0.116482 0.896213
1.015e-09 0.944656 -0.116816 0.906022
1.016e-09 0.949955 -0.117414 0.916201
1.017e-09 0.955377 -0.118287 0.926736
1.018e-09 0.960908 -0.119447 0.937612
1.019e-09 0.966536 -0.120904 0.948809
1.02e-09 0.972245 -0.122669 0.960308
1.021e-09 0.97802 -0.124753 0.972087
1.022e-09 0.983844 -0.127164 0.98412
1.023e-09 0.989699 -0.129912 0.99638
1.024e-09 0.995564 -0.133004 1.00884
1.025e-09 1.00142 -0.136448 1.02146
1.026e-09 1.00724 -0.14025 1.03421
1.027e-09 1.01301 -0.144414 1.04705
1.028e-09 1.01871 -0.148943 1.05995
1.029e-09 1.0243 -0.153839 1.07285
1.03e-09 1.02976 -0.159101 1.08571
1.031e-09 1.03506 -0.164727 1.09848
1.032e-09 1.04018 -0.170711 1.11112
1.033e-09 1.04509 -0.177048 1.12356
1.034e-09 1.04976 -0.183729 1.13576
1.035e-09 1.05417 -0.19074 1.14765
1.036e-09 1.05828 -0.198068 1.15919
1.037e-09 1.06208 -0.205696 1.17032
1.038e-09 1.06553 -0.213603 1.18097
1.039e-09 1.06861 -0.221769 1.1911
1.04e-09 1.07129 -0.230167 1.20065
1.041e-09 1.07357 -0.23877 1.20956
1.042e-09 1.07541 -0.24755 1.21779
1.043e-09 1.07681 -0.256474 1.2253
1.044e-09 1.07775 -0.26551 1.23203
1.045e-09 1.07821 -0.274622 1.23796
1.046e-09 1.0782 -0.283776 1.24304
1.047e-09 1.07771 -0.292933 1.24726
1.048e-09 1.07673 -0.302058 1.25059
1.049e-09 1.07528 -0.311113 1.25301
1.05e-09 1.07335 -0.320062 1.25453
1.051e-09 1.07097 -0.328869 1.25512
1.052e-09 1.06813 -0.3375 1.25481
1.053e-09 1.06486 -0.345922 1.2536
1.054e-09 1.06118 -0.354104 1.2515
1.055e-09 1.05711 -0.362017 1.24854
1.056e-09 1.05268 -0.369635 1.24475
1.057e-09 1.0479 -0.376934 1.24017
1.058e-09 1.04281 -0.383893 1.23482
1.059e-09 1.03743 -0.390495 1.22876
1.06e-09 1.03181 -0.396724 1.22202
1.061e-09 1.02596 -0.402568 1.21465
1.062e-09 1.01992 -0.408019 1.20671
1.063e-09 1.01371 -0.413069 1.19824
1.064e-09 1.00738 -0.417717 1.18931
1.065e-09 1.00095 -0.421959 1.17995
1.066e-09 0.994445 -0.4258 1.17023
1.067e-09 0.987897 -0.429241 1.16019
1.068e-09 0.981332 -0.432289 1.14989
1.069e-09 0.974775 -0.434952 1.13937
1.07e-09 0.968251 -0.437239 1.12869
1.071e-09 0.961782 -0.439161 1.11789
1.072e-09 0.955388 -0.440729 1.10701
1.073e-09 0.949089 -0.441957 1.0961
1.074e-09 0.942902 -0.442859 1.08519
1.075e-09 0.936843 -0.443448 1.07432
1.076e-09 0.930927 -0.44374 1.06353
1.077e-09 0.925166 -0.44375 1.05285
1.078e-09 0.919572 -0.443493 1.0423
1.079e-09 0.914155 -0.442984 1.03191
1.08e-09 0.908924 -0.44224 1.02172
1.081e-09 0.903885 -0.441275 1.01173
1.082e-09 0.899046 -0.440104 1.00197
1.083e-09 0.894411 -0.438742 0.992465
1.084e-09 0.889985 -0.437203 0.98322
1.085e-09 0.885772 -0.435502 0.974253
1.086e-09 0.881773 -0.433651 0.965577
1.087e-09 0.877991 -0.431665 0.957203
1.088e-09 0.874427 -0.429555 0.949141
1.089e-09 0.871082 -0.427334 0.941398
1.09e-09 0.867956 -0.425013 0.933983
1.091e-09 0.865047 -0.422605 0.926901
1.092e-09 0.862356 -0.420118 0.920158
1.093e-09 0.859882 -0.417565 0.913758
1.094e-09 0.857623 -0.414955 0.907704
1.095e-09 0.855576 -0.412296 0.901999
1.096e-09 0.853742 -0.409599 0.896646
1.097e-09 0.852116 -0.406872 0.891647
1.098e-09 0.850697 -0.404123 0.887002
1.099e-09 0.849484 -0.401361 0.882713
1.1e-09 0.848472 -0.398592 0.87878
1.101e-09 0.84766 -0.395823 0.875203
1.102e-09 0.847045 -0.393064 0.871984
1.103e-09 0.846624 -0.390318 0.869121
1.104e-09 0.846396 -0.387595 0.866615
1.105e-09 0.846356 -0.384899 0.864465
1.106e-09 0.846503 -0.382237 0.862671
1.107e-09 0.846833 -0.379614 0.861233
1.108e-09 nan nan nan
1.109e-09 nan nan nan
1.11e-09 nan nan nan
1.111e-09 nan nan nan
1.112e-09 nan nan nan
1.113e-09 nan nan nan
1.114e-09 nan nan nan
1.115e-09 nan nan nan
1.116e-09 nan nan nan
1.117e-09 nan nan nan
1.118e-09 nan nan nan
1.119e-09 nan nan nan
1.12e-09 nan nan nan
1.121e-09 nan nan nan
1.122e-09 nan nan nan
1.123e-09 nan nan nan
1.124e-09 nan nan nan
1.125e-09 nan nan nan
1.126e-09 nan nan nan
1.127e-09 nan nan nan
1.128e-09 nan nan nan
1.129e-09 nan nan nan
1.13e-09 nan nan nan
1.131e-09 nan nan nan
1.132e-09 nan nan nan
1.133e-09 nan nan nan
1.134e-09 nan nan nan
1.135e-09 nan nan nan
1.136e-09 nan nan nan
1.137e-09 nan nan nan
1.138e-09 nan nan nan
1.139e-09 nan nan nan
1.14e-09 nan nan nan
1.141e-09 nan nan nan
1.142e-09 nan nan nan
1.143e-09 nan nan nan
1.144e-09 nan nan nan
1.145e-09 nan nan nan
1.146e-09 nan nan nan
1.147e-09 nan nan nan
1.148e-09 nan nan nan
1.149e-09 nan nan nan
1.15e-09 nan nan nan
1.151e-09 nan nan nan
1.152e-09 nan nan nan
1.153e-09 nan nan nan
1.154e-09 nan nan nan
1.155e-09 nan nan nan
1.156e-09 nan nan nan
1.157e-09 nan nan nan
1.158e-09 nan nan nan
1.159e-09 nan nan nan
1.16e-09 nan nan nan
1.161e-09 nan nan nan
1.162e-09 nan nan nan
1.163e-09 nan nan nan
1.164e-09 nan nan nan
1.165e-09 nan nan nan
1.166e-09 nan nan nan
1.167e-09 nan nan nan
1.168e-09 nan nan nan
1.169e-09 nan nan nan
1.17e-09 nan nan nan
1.171e-09 nan nan nan
1.172e-09 nan nan nan
1.173e-09 nan nan nan
1.174e-09 nan nan nan
1.175e-09 nan nan nan
1.176e-09 nan nan nan
1.177e-09 nan nan nan
1.178e-09 nan nan nan
1.179e-09 nan nan nan
1.18e-09 nan nan nan
1.181e-09 nan nan nan
1.182e-09 nan nan nan
1.183e-09 nan nan nan
1.184e-09 nan nan nan
1.185e-09 nan nan nan
1.186e-09 nan nan nan
1.187e-09 nan nan nan
1.188e-09 nan nan nan
1.189e-09 nan nan nan
1.19e-09 nan nan nan
1.191e-09 nan nan nan
1.192e-09 nan nan nan
1.193e-09 nan nan nan
1.194e-09 nan nan nan
1.195e-09 nan nan nan
1.196e-09 nan nan nan
1.197e-09 nan nan nan
1.198e-09 nan nan nan
1.199e-09 nan nan nan
