6.94405e-10
6.94709e-10
6.94912e-10
6.95114e-10
6.95216e-10
6.95519e-10
6.95722e-10
6.96228e-10
6.96431e-10
6.96633e-10
6.9714e-10
6.97646e-10
6.9795e-10
6.98051e-10
6.98254e-10
6.98456e-10
6.99064e-10
6.99064e-10
6.99368e-10
6.99975e-10
6.99975e-10
7.00178e-10
7.00482e-10
7.00482e-10
7.00887e-10
7.00887e-10
7.00988e-10
7.01089e-10
7.01292e-10
7.01393e-10
7.01494e-10
7.01494e-10
7.01596e-10
7.02001e-10
7.02102e-10
7.0271e-10
7.0271e-10
7.02811e-10
7.03115e-10
7.03216e-10
7.04026e-10
7.04229e-10
7.04634e-10
7.0595e-10
7.06153e-10
7.06254e-10
7.06862e-10
7.07165e-10
7.07672e-10
7.07976e-10
7.0909e-10
7.09191e-10
7.09393e-10
7.09495e-10
7.09596e-10
7.10204e-10
7.10406e-10
7.10406e-10
7.1071e-10
7.11723e-10
7.13242e-10
7.14153e-10
7.15166e-10
7.15368e-10
7.15773e-10
7.17292e-10
7.18508e-10
7.20634e-10
7.21141e-10
7.21445e-10
7.23571e-10
7.24179e-10
7.26913e-10
7.28432e-10
7.28533e-10
7.29647e-10
7.31572e-10
7.3785e-10
7.69143e-10
7.82207e-10
7.95878e-10
7.96081e-10
7.99828e-10
8.18765e-10
8.19373e-10
8.22613e-10
8.24841e-10
8.26259e-10
8.2636e-10
8.26664e-10
8.26765e-10
8.26968e-10
8.27272e-10
8.27272e-10
8.27677e-10
8.28183e-10
8.28588e-10
8.2869e-10
8.2869e-10
8.29196e-10
8.29297e-10
8.29601e-10
8.29601e-10
8.30209e-10
8.3031e-10
8.30411e-10
8.30512e-10
8.30614e-10
8.30816e-10
8.31019e-10
8.31019e-10
8.31221e-10
8.31221e-10
8.31323e-10
8.31626e-10
8.31829e-10
8.32133e-10
8.32133e-10
8.32234e-10
8.33044e-10
8.33247e-10
8.33551e-10
8.33956e-10
8.33956e-10
8.33956e-10
8.33956e-10
8.34057e-10
8.34462e-10
8.34664e-10
8.34766e-10
8.34867e-10
8.34968e-10
8.34968e-10
8.35475e-10
8.35475e-10
8.35576e-10
8.35576e-10
8.35677e-10
8.35981e-10
8.35981e-10
8.36082e-10
8.36082e-10
8.36285e-10
8.36386e-10
8.36589e-10
8.36589e-10
8.36589e-10
8.36791e-10
8.36892e-10
8.36994e-10
8.37196e-10
8.37196e-10
8.37196e-10
8.37298e-10
8.37298e-10
8.37399e-10
8.375e-10
8.37703e-10
8.38006e-10
8.3831e-10
8.3831e-10
8.38513e-10
8.38817e-10
8.38817e-10
8.38918e-10
8.38918e-10
8.39019e-10
8.39323e-10
8.39323e-10
8.39424e-10
8.39424e-10
8.39525e-10
8.39525e-10
8.39525e-10
8.39627e-10
8.39829e-10
8.39829e-10
8.39829e-10
8.39931e-10
8.40133e-10
8.40234e-10
8.40437e-10
8.40437e-10
8.40842e-10
8.40842e-10
8.40842e-10
8.41045e-10
8.41045e-10
8.41045e-10
8.41146e-10
8.41146e-10
8.41247e-10
8.41247e-10
8.41247e-10
8.41247e-10
8.41348e-10
8.41348e-10
8.41348e-10
8.41348e-10
8.41551e-10
8.41753e-10
8.41855e-10
8.42361e-10
8.42462e-10
8.42564e-10
8.42564e-10
8.42665e-10
8.42766e-10
8.42867e-10
8.42867e-10
8.42867e-10
8.4307e-10
8.43171e-10
8.43171e-10
8.43272e-10
8.43374e-10
8.43374e-10
8.43374e-10
8.43475e-10
8.43475e-10
8.43475e-10
8.43475e-10
8.43678e-10
8.43678e-10
8.43779e-10
