6.93899e-10
6.94e-10
6.94e-10
6.94e-10
6.94e-10
6.94e-10
6.94102e-10
6.94102e-10
6.94102e-10
6.94102e-10
6.94102e-10
6.94203e-10
6.94203e-10
6.94203e-10
6.94304e-10
6.94405e-10
6.94405e-10
6.94405e-10
6.94405e-10
6.94608e-10
6.94608e-10
6.94709e-10
6.94709e-10
6.9481e-10
6.9481e-10
6.94912e-10
6.94912e-10
6.95013e-10
6.95013e-10
6.95013e-10
6.95013e-10
6.95013e-10
6.95013e-10
6.95114e-10
6.95114e-10
6.95114e-10
6.95114e-10
6.95114e-10
6.95114e-10
6.95216e-10
6.95216e-10
6.95317e-10
6.95418e-10
6.95418e-10
6.95519e-10
6.95519e-10
6.95519e-10
6.95519e-10
6.95621e-10
6.95621e-10
6.95621e-10
6.95621e-10
6.95722e-10
6.95722e-10
6.95722e-10
6.95722e-10
6.95823e-10
6.95823e-10
6.95823e-10
6.95924e-10
6.95924e-10
6.96026e-10
6.96026e-10
6.96026e-10
6.96127e-10
6.96127e-10
6.96127e-10
6.96127e-10
6.96127e-10
6.96127e-10
6.9633e-10
6.9633e-10
6.96532e-10
6.96633e-10
6.96735e-10
6.96735e-10
6.96735e-10
6.96836e-10
6.96937e-10
6.9714e-10
6.9714e-10
6.9714e-10
6.9714e-10
6.97241e-10
6.97241e-10
6.97342e-10
6.97342e-10
6.97444e-10
6.97545e-10
6.97545e-10
6.97545e-10
6.97545e-10
6.97646e-10
6.97849e-10
6.9795e-10
6.9795e-10
6.9795e-10
6.98355e-10
6.98355e-10
6.98456e-10
6.98456e-10
6.98456e-10
6.98557e-10
6.98557e-10
6.98659e-10
6.98659e-10
6.9876e-10
6.9876e-10
6.98861e-10
6.98861e-10
6.98963e-10
6.99064e-10
6.99064e-10
6.99064e-10
6.99064e-10
6.99165e-10
6.99165e-10
6.99266e-10
6.99266e-10
6.99368e-10
6.99469e-10
6.99671e-10
6.99671e-10
6.99671e-10
6.99773e-10
7.00077e-10
7.00178e-10
7.00279e-10
7.00482e-10
7.00684e-10
7.00785e-10
7.00887e-10
7.01089e-10
7.01089e-10
7.01089e-10
7.01089e-10
7.01292e-10
7.01393e-10
7.01697e-10
7.01697e-10
7.01798e-10
7.01798e-10
7.01798e-10
7.02001e-10
7.02406e-10
7.02406e-10
7.02406e-10
7.02406e-10
7.02507e-10
7.02608e-10
7.0271e-10
7.0271e-10
7.0271e-10
7.03115e-10
7.03317e-10
7.03418e-10
7.03621e-10
7.03722e-10
7.04026e-10
7.04127e-10
7.04229e-10
7.04229e-10
7.04634e-10
7.04634e-10
7.04735e-10
7.04836e-10
7.05039e-10
7.0514e-10
7.05241e-10
7.05444e-10
7.05545e-10
7.05545e-10
7.05545e-10
7.05748e-10
7.05748e-10
7.05748e-10
7.05748e-10
7.06457e-10
7.06659e-10
7.06963e-10
7.07165e-10
7.07267e-10
7.07368e-10
7.07469e-10
7.07773e-10
7.07976e-10
7.08077e-10
7.08077e-10
7.08178e-10
7.08178e-10
7.08988e-10
7.08988e-10
7.09292e-10
7.10406e-10
7.10507e-10
7.10507e-10
7.10811e-10
7.11115e-10
7.11419e-10
7.11621e-10
7.1233e-10
7.12634e-10
7.12735e-10
7.13343e-10
7.13444e-10
7.13545e-10
7.14153e-10
7.14356e-10
7.14659e-10
7.15368e-10
7.1547e-10
7.16077e-10
7.17191e-10
7.17191e-10
7.18305e-10
7.18508e-10
7.19014e-10
7.19217e-10
7.19925e-10
7.20736e-10
7.20837e-10
7.25495e-10
7.259e-10
7.27217e-10
7.27419e-10
7.29242e-10
7.31774e-10
7.32382e-10
7.32888e-10
7.3461e-10
7.36534e-10
7.36939e-10
7.44332e-10
7.45142e-10
7.46458e-10
7.56484e-10
7.62054e-10
7.67522e-10
7.6975e-10
7.78662e-10
7.79979e-10
7.84637e-10
7.94967e-10
7.97093e-10
7.99119e-10
8.02562e-10
8.04486e-10
8.05195e-10
8.05296e-10
8.0955e-10
8.11676e-10
8.13094e-10
8.14005e-10
8.15423e-10
8.15626e-10
8.16942e-10
8.18259e-10
8.18563e-10
8.19069e-10
8.19271e-10
8.19373e-10
8.19778e-10
8.20183e-10
8.20183e-10
8.20284e-10
8.20284e-10
8.20892e-10
8.21499e-10
8.21601e-10
8.21803e-10
8.21904e-10
8.22208e-10
8.22512e-10
8.22613e-10
8.23322e-10
8.24537e-10
8.24537e-10
8.24943e-10
8.25449e-10
8.25449e-10
8.26867e-10
8.27474e-10
8.27474e-10
8.27576e-10
8.27677e-10
8.27879e-10
8.2869e-10
8.28892e-10
8.28993e-10
8.28993e-10
8.29297e-10
8.29398e-10
8.30209e-10
8.3031e-10
8.30512e-10
8.30715e-10
8.30917e-10
8.31019e-10
8.31019e-10
8.3112e-10
8.31221e-10
8.31221e-10
8.31323e-10
8.31323e-10
8.31626e-10
8.31728e-10
8.32335e-10
8.32437e-10
8.32437e-10
8.32437e-10
8.32639e-10
8.32639e-10
8.3274e-10
8.33145e-10
8.33551e-10
8.33854e-10
8.34057e-10
8.34158e-10
8.34462e-10
8.34664e-10
8.34766e-10
8.34766e-10
8.34867e-10
8.34867e-10
8.34968e-10
8.3507e-10
8.3507e-10
8.35171e-10
8.35272e-10
8.35475e-10
8.35778e-10
8.3588e-10
8.3588e-10
8.3588e-10
8.35981e-10
8.36285e-10
8.36285e-10
8.36386e-10
8.3669e-10
8.36892e-10
8.37095e-10
8.37298e-10
8.37298e-10
8.37399e-10
8.375e-10
8.37601e-10
8.37601e-10
8.37703e-10
8.37804e-10
8.37804e-10
8.38108e-10
8.38108e-10
8.38209e-10
8.3831e-10
8.3831e-10
8.38411e-10
8.38411e-10
8.38513e-10
8.38513e-10
8.38715e-10
8.38715e-10
8.38918e-10
8.38918e-10
8.3912e-10
8.3912e-10
8.3912e-10
8.39323e-10
8.39424e-10
8.39424e-10
8.39627e-10
8.39728e-10
8.40133e-10
8.40133e-10
8.40234e-10
8.40336e-10
8.40437e-10
8.40741e-10
8.40741e-10
8.40842e-10
8.40842e-10
8.40943e-10
8.41045e-10
8.41045e-10
8.41146e-10
8.41247e-10
8.41247e-10
8.41348e-10
8.41348e-10
8.41652e-10
8.41652e-10
8.41753e-10
8.41753e-10
8.41855e-10
8.41956e-10
8.42057e-10
8.42158e-10
8.42158e-10
8.4226e-10
8.4226e-10
8.42361e-10
8.42564e-10
8.42564e-10
8.42665e-10
8.4307e-10
8.4307e-10
8.43171e-10
8.43272e-10
8.43374e-10
8.43374e-10
8.43374e-10
8.43374e-10
8.43475e-10
8.43576e-10
8.43576e-10
8.43779e-10
8.43779e-10
