6.93899e-10
6.93899e-10
6.93899e-10
6.93899e-10
6.94e-10
6.94203e-10
6.94203e-10
6.94203e-10
6.94304e-10
6.94304e-10
6.94405e-10
6.94507e-10
6.94507e-10
6.94507e-10
6.94608e-10
6.94709e-10
6.94912e-10
6.94912e-10
6.94912e-10
6.94912e-10
6.95013e-10
6.95013e-10
6.95216e-10
6.95216e-10
6.95317e-10
6.95317e-10
6.95317e-10
6.95519e-10
6.95519e-10
6.95621e-10
6.95621e-10
6.95722e-10
6.95722e-10
6.95823e-10
6.95823e-10
6.95924e-10
6.95924e-10
6.95924e-10
6.95924e-10
6.95924e-10
6.96127e-10
6.96228e-10
6.96228e-10
6.9633e-10
6.9633e-10
6.9633e-10
6.96431e-10
6.96431e-10
6.96431e-10
6.96937e-10
6.97241e-10
6.97444e-10
6.97545e-10
6.97646e-10
6.97747e-10
6.97849e-10
6.97849e-10
6.9795e-10
6.9795e-10
6.98051e-10
6.98152e-10
6.98152e-10
6.98152e-10
6.98254e-10
6.98254e-10
6.98254e-10
6.98355e-10
6.98355e-10
6.98557e-10
6.98557e-10
6.98659e-10
6.9876e-10
6.9876e-10
6.98861e-10
6.99064e-10
6.99064e-10
6.99165e-10
6.99368e-10
6.99469e-10
6.9957e-10
7.00077e-10
7.00279e-10
7.00279e-10
7.00279e-10
7.0038e-10
7.00684e-10
7.00887e-10
7.00887e-10
7.01393e-10
7.01494e-10
7.01596e-10
7.01697e-10
7.01798e-10
7.01899e-10
7.02001e-10
7.02406e-10
7.02608e-10
7.02608e-10
7.0271e-10
7.02912e-10
7.03216e-10
7.03317e-10
7.03317e-10
7.0352e-10
7.0352e-10
7.03722e-10
7.03722e-10
7.03925e-10
7.04026e-10
7.04431e-10
7.04938e-10
7.05241e-10
7.05545e-10
7.05748e-10
7.05849e-10
7.05849e-10
7.06153e-10
7.06254e-10
7.06355e-10
7.06457e-10
7.06862e-10
7.06862e-10
7.07368e-10
7.07773e-10
7.07773e-10
7.07976e-10
7.08482e-10
7.08482e-10
7.08583e-10
7.08786e-10
7.08887e-10
7.0909e-10
7.09191e-10
7.09191e-10
7.09596e-10
7.10609e-10
7.1071e-10
7.11318e-10
7.11318e-10
7.11621e-10
7.12229e-10
7.1233e-10
7.12938e-10
7.13343e-10
7.14052e-10
7.14356e-10
7.15065e-10
7.15368e-10
7.15368e-10
7.15976e-10
7.16989e-10
7.17292e-10
7.20229e-10
7.20736e-10
7.21343e-10
7.2185e-10
7.23875e-10
7.24989e-10
7.25495e-10
7.25698e-10
7.27014e-10
7.29647e-10
7.3228e-10
7.34002e-10
7.34306e-10
7.34812e-10
7.43015e-10
7.51623e-10
7.93042e-10
8.02258e-10
8.07524e-10
8.1036e-10
8.10663e-10
8.1117e-10
8.13094e-10
8.15018e-10
8.15626e-10
8.16233e-10
8.16942e-10
8.19069e-10
8.19271e-10
8.19677e-10
8.21094e-10
8.21904e-10
8.22208e-10
8.23626e-10
8.23727e-10
8.24132e-10
8.24537e-10
8.2474e-10
8.24841e-10
8.25449e-10
8.2555e-10
8.2636e-10
8.26664e-10
8.26867e-10
8.26867e-10
8.26968e-10
8.27171e-10
8.27373e-10
8.27474e-10
8.27879e-10
8.27879e-10
8.27879e-10
8.28082e-10
8.28183e-10
8.28892e-10
8.29095e-10
8.29398e-10
8.29702e-10
8.30917e-10
8.31019e-10
8.3112e-10
8.31221e-10
8.31221e-10
8.31323e-10
8.31323e-10
8.31323e-10
8.31323e-10
8.3193e-10
8.32133e-10
8.32437e-10
8.32437e-10
8.32538e-10
8.32639e-10
8.32842e-10
8.32943e-10
8.33044e-10
8.33145e-10
8.33247e-10
8.33348e-10
8.33652e-10
8.33753e-10
8.33753e-10
8.33854e-10
8.34158e-10
8.34158e-10
8.34563e-10
8.34664e-10
8.34766e-10
8.3507e-10
8.3507e-10
8.35373e-10
8.35475e-10
8.35576e-10
8.35576e-10
8.35677e-10
8.35677e-10
8.35677e-10
8.35778e-10
8.3588e-10
8.35981e-10
8.36285e-10
8.36386e-10
8.36386e-10
8.36386e-10
8.36386e-10
8.36589e-10
8.36589e-10
8.3669e-10
8.36994e-10
8.36994e-10
8.36994e-10
8.37196e-10
8.37298e-10
8.37298e-10
8.37399e-10
8.37804e-10
8.37905e-10
8.38006e-10
8.38108e-10
8.38411e-10
8.38513e-10
8.38513e-10
8.38614e-10
8.38614e-10
8.38614e-10
8.38918e-10
8.38918e-10
8.3912e-10
8.39222e-10
8.39222e-10
8.39323e-10
8.39323e-10
8.39424e-10
8.39525e-10
8.40032e-10
8.40032e-10
8.40234e-10
8.40336e-10
8.40336e-10
8.40336e-10
8.40336e-10
8.40437e-10
8.40437e-10
8.40538e-10
8.40639e-10
8.40741e-10
8.40842e-10
8.40943e-10
8.40943e-10
8.40943e-10
8.40943e-10
8.41045e-10
8.41247e-10
8.4145e-10
8.4145e-10
8.4145e-10
8.4145e-10
8.41551e-10
8.41956e-10
8.4226e-10
8.42462e-10
8.42462e-10
8.42564e-10
8.42564e-10
8.42665e-10
8.42665e-10
8.42766e-10
8.42867e-10
8.42969e-10
8.43171e-10
8.43171e-10
8.43171e-10
8.43171e-10
8.43272e-10
8.43272e-10
8.43272e-10
8.43374e-10
8.43475e-10
8.43475e-10
8.43576e-10
8.43678e-10
8.43678e-10
8.43678e-10
