6.94405e-10
6.96026e-10
6.96532e-10
6.9714e-10
6.99469e-10
6.99671e-10
6.99773e-10
7.00583e-10
7.00684e-10
7.00785e-10
7.00887e-10
7.01191e-10
7.01292e-10
7.01798e-10
7.01798e-10
7.02001e-10
7.02001e-10
7.02001e-10
7.02102e-10
7.02102e-10
7.02304e-10
7.02406e-10
7.02507e-10
7.02507e-10
7.02507e-10
7.02608e-10
7.0271e-10
7.0271e-10
7.02912e-10
7.02912e-10
7.03115e-10
7.03216e-10
7.03824e-10
7.0433e-10
7.04634e-10
7.04634e-10
7.05241e-10
7.05241e-10
7.05343e-10
7.05444e-10
7.05748e-10
7.05849e-10
7.06355e-10
7.07267e-10
7.07368e-10
7.07976e-10
7.08381e-10
7.08988e-10
7.0909e-10
7.09495e-10
7.099e-10
7.10507e-10
7.11014e-10
7.12128e-10
7.13545e-10
7.14761e-10
7.21748e-10
7.23774e-10
7.23875e-10
7.26508e-10
7.27622e-10
7.28837e-10
7.29344e-10
7.47775e-10
7.68738e-10
8.0398e-10
8.05803e-10
8.0722e-10
8.11069e-10
8.1117e-10
8.12689e-10
8.13094e-10
8.23626e-10
8.24537e-10
8.25753e-10
8.2636e-10
8.26563e-10
8.27069e-10
8.27272e-10
8.27981e-10
8.28284e-10
8.28791e-10
8.28892e-10
8.29095e-10
8.29095e-10
8.29196e-10
8.29196e-10
8.29196e-10
8.295e-10
8.30107e-10
8.30512e-10
8.31829e-10
8.32335e-10
8.32335e-10
8.32437e-10
8.32639e-10
8.33652e-10
8.33753e-10
8.33956e-10
8.34563e-10
8.34766e-10
8.34968e-10
8.35272e-10
8.35373e-10
8.3588e-10
8.36285e-10
8.36791e-10
8.37196e-10
8.37905e-10
8.38513e-10
8.40133e-10
8.41753e-10
8.41956e-10
8.41956e-10
8.42969e-10
8.4307e-10
8.4307e-10
8.43678e-10
