6.93899e-10
6.94e-10
6.94203e-10
6.94507e-10
6.9481e-10
6.9481e-10
6.95519e-10
6.95722e-10
6.95823e-10
6.96532e-10
6.96735e-10
6.97038e-10
6.9714e-10
6.97342e-10
6.97444e-10
6.97747e-10
6.98051e-10
6.98355e-10
6.98355e-10
6.98456e-10
6.98557e-10
6.99469e-10
6.9957e-10
7.00077e-10
7.00684e-10
7.01089e-10
7.01292e-10
7.01596e-10
7.02001e-10
7.02406e-10
7.02507e-10
7.02608e-10
7.02811e-10
7.02912e-10
7.03115e-10
7.03418e-10
7.0352e-10
7.03621e-10
7.04026e-10
7.0433e-10
7.04532e-10
7.04532e-10
7.04634e-10
7.04836e-10
7.04836e-10
7.04938e-10
7.04938e-10
7.05241e-10
7.05343e-10
7.05343e-10
7.05444e-10
7.06355e-10
7.06457e-10
7.07368e-10
7.08279e-10
7.0909e-10
7.09292e-10
7.09393e-10
7.09596e-10
7.09697e-10
7.11318e-10
7.11621e-10
7.11824e-10
7.12128e-10
7.12634e-10
7.12938e-10
7.13039e-10
7.13951e-10
7.15267e-10
7.16077e-10
7.16482e-10
7.16786e-10
7.17191e-10
7.18406e-10
7.19318e-10
7.19318e-10
7.19419e-10
7.21039e-10
7.21647e-10
7.21748e-10
7.22761e-10
7.24786e-10
7.27318e-10
7.27723e-10
7.30356e-10
7.39471e-10
7.43218e-10
7.44838e-10
7.46053e-10
7.50914e-10
7.58307e-10
7.64991e-10
7.65396e-10
7.73092e-10
7.76029e-10
7.77346e-10
7.78662e-10
7.81295e-10
7.83219e-10
7.90004e-10
7.90106e-10
7.90308e-10
7.91017e-10
8.01245e-10
8.01549e-10
8.05904e-10
8.1117e-10
8.17752e-10
8.22107e-10
8.2231e-10
8.22613e-10
8.27576e-10
8.35576e-10
8.42867e-10
8.43475e-10
8.43475e-10
