6.93899e-10
6.93899e-10
6.94e-10
6.94102e-10
6.94102e-10
6.94608e-10
6.9481e-10
6.94912e-10
6.94912e-10
6.95013e-10
6.95114e-10
6.95621e-10
6.95924e-10
6.96228e-10
6.96431e-10
6.96937e-10
6.97038e-10
6.97038e-10
6.97038e-10
6.9714e-10
6.97241e-10
6.97342e-10
6.97444e-10
6.97545e-10
6.97545e-10
6.97545e-10
6.9795e-10
6.98152e-10
6.98254e-10
6.98254e-10
6.98659e-10
6.98659e-10
6.9876e-10
6.98861e-10
6.99165e-10
6.99469e-10
7.00077e-10
7.00077e-10
7.00077e-10
7.00077e-10
7.01393e-10
7.01494e-10
7.01596e-10
7.03418e-10
7.04431e-10
7.07773e-10
7.08077e-10
7.08887e-10
7.08988e-10
7.16482e-10
7.18305e-10
7.20331e-10
7.20634e-10
7.26812e-10
7.27318e-10
7.33698e-10
7.39066e-10
7.47066e-10
7.84029e-10
7.91827e-10
7.92536e-10
8.01043e-10
8.11474e-10
8.15018e-10
8.20892e-10
8.25753e-10
8.27677e-10
8.27879e-10
8.28993e-10
8.29702e-10
8.30209e-10
8.30816e-10
8.31829e-10
8.31829e-10
8.32234e-10
8.32639e-10
8.33145e-10
8.33956e-10
8.36386e-10
8.36589e-10
8.37601e-10
8.37601e-10
8.37804e-10
8.38006e-10
8.38411e-10
8.38918e-10
8.39019e-10
8.39019e-10
8.39323e-10
8.39424e-10
8.39424e-10
8.39525e-10
8.39728e-10
8.40032e-10
8.40741e-10
8.40842e-10
8.41146e-10
8.41247e-10
8.41652e-10
8.42361e-10
8.42766e-10
8.42766e-10
8.43272e-10
8.43374e-10
8.43475e-10
8.43576e-10
