6.94e-10
6.94e-10
6.94203e-10
6.94203e-10
6.94405e-10
6.94405e-10
6.94405e-10
6.94507e-10
6.94507e-10
6.94709e-10
6.95013e-10
6.95317e-10
6.95418e-10
6.95519e-10
6.95722e-10
6.95924e-10
6.95924e-10
6.96127e-10
6.96228e-10
6.96228e-10
6.96228e-10
6.9633e-10
6.9633e-10
6.96431e-10
6.96532e-10
6.96633e-10
6.96735e-10
6.97241e-10
6.97342e-10
6.97545e-10
6.97646e-10
6.97646e-10
6.98051e-10
6.98152e-10
6.98254e-10
6.98254e-10
6.98254e-10
6.98355e-10
6.9876e-10
6.98963e-10
6.99165e-10
6.99165e-10
6.99671e-10
7.00077e-10
7.00178e-10
7.00279e-10
7.00482e-10
7.00583e-10
7.00785e-10
7.01292e-10
7.02102e-10
7.0271e-10
7.02912e-10
7.03925e-10
7.0514e-10
7.05849e-10
7.06051e-10
7.06254e-10
7.06355e-10
7.06558e-10
7.0909e-10
7.11216e-10
7.14356e-10
7.1952e-10
7.20938e-10
7.22052e-10
7.4342e-10
7.5618e-10
7.77649e-10
7.90207e-10
8.01245e-10
8.04182e-10
8.12385e-10
8.14005e-10
8.14208e-10
8.1441e-10
8.23525e-10
8.24639e-10
8.24841e-10
8.25246e-10
8.25753e-10
8.25854e-10
8.26563e-10
8.27373e-10
8.27474e-10
8.27576e-10
8.30006e-10
8.30411e-10
8.33247e-10
8.34057e-10
8.34361e-10
8.3507e-10
8.36285e-10
8.36589e-10
8.3669e-10
8.37298e-10
8.37703e-10
8.38108e-10
8.38411e-10
8.38817e-10
8.39222e-10
8.39424e-10
8.39525e-10
8.39829e-10
8.40133e-10
8.40234e-10
8.40234e-10
8.40538e-10
8.40842e-10
8.41045e-10
8.41348e-10
8.41551e-10
8.42057e-10
8.42158e-10
8.43171e-10
