6.93899e-10
6.94102e-10
6.94102e-10
6.94912e-10
6.95317e-10
6.95317e-10
6.95519e-10
6.96735e-10
6.97545e-10
6.97646e-10
6.97747e-10
6.97849e-10
6.9795e-10
6.98051e-10
6.98659e-10
6.98659e-10
6.99266e-10
6.99368e-10
7.00077e-10
7.00178e-10
7.00988e-10
7.01191e-10
7.01596e-10
7.02912e-10
7.03317e-10
7.0352e-10
7.03722e-10
7.04431e-10
7.04634e-10
7.06659e-10
7.0676e-10
7.07874e-10
7.07976e-10
7.09495e-10
7.10912e-10
7.13343e-10
7.13951e-10
7.14761e-10
7.15166e-10
7.15976e-10
7.17596e-10
7.17698e-10
7.19115e-10
7.20229e-10
7.20432e-10
7.20634e-10
7.20736e-10
7.21141e-10
7.21546e-10
7.24078e-10
7.25799e-10
7.26812e-10
7.31268e-10
7.31673e-10
7.40281e-10
7.46762e-10
7.5294e-10
7.57395e-10
7.60332e-10
7.70257e-10
7.70763e-10
7.79675e-10
7.94055e-10
7.98207e-10
8.01752e-10
8.03878e-10
8.05397e-10
8.18157e-10
8.23018e-10
8.27373e-10
8.33348e-10
8.36487e-10
8.3669e-10
8.40639e-10
8.41348e-10
8.42564e-10
8.42665e-10
8.42867e-10
8.42969e-10
8.43374e-10
8.43374e-10
8.43779e-10
