6.94e-10
6.94203e-10
6.94507e-10
6.94608e-10
6.94709e-10
6.94709e-10
6.9481e-10
6.95013e-10
6.95013e-10
6.95114e-10
6.95114e-10
6.95114e-10
6.95216e-10
6.95216e-10
6.95317e-10
6.95418e-10
6.95621e-10
6.96026e-10
6.96127e-10
6.96127e-10
6.9633e-10
6.96431e-10
6.96532e-10
6.96633e-10
6.97038e-10
6.9714e-10
6.97241e-10
6.97545e-10
6.97646e-10
6.97747e-10
6.98051e-10
6.98355e-10
6.98355e-10
6.98456e-10
6.9957e-10
6.99671e-10
6.99874e-10
6.99874e-10
6.99975e-10
7.00077e-10
7.0038e-10
7.00684e-10
7.00887e-10
7.00988e-10
7.00988e-10
7.01089e-10
7.01191e-10
7.01393e-10
7.01494e-10
7.01596e-10
7.01798e-10
7.01899e-10
7.02203e-10
7.02304e-10
7.02811e-10
7.02912e-10
7.03621e-10
7.03621e-10
7.03722e-10
7.03722e-10
7.03925e-10
7.04431e-10
7.04735e-10
7.05241e-10
7.05444e-10
7.05444e-10
7.05748e-10
7.05849e-10
7.0595e-10
7.06558e-10
7.06659e-10
7.0676e-10
7.07064e-10
7.07267e-10
7.07976e-10
7.08381e-10
7.08684e-10
7.09393e-10
7.09596e-10
7.10305e-10
7.10406e-10
7.12735e-10
7.12735e-10
7.13242e-10
7.14254e-10
7.14659e-10
7.14862e-10
7.15368e-10
7.15571e-10
7.16178e-10
7.1628e-10
7.17596e-10
7.20837e-10
7.26609e-10
7.27622e-10
7.29445e-10
7.3704e-10
7.40686e-10
7.47167e-10
7.50104e-10
7.58206e-10
7.64079e-10
7.73902e-10
7.78662e-10
7.83928e-10
7.88587e-10
8.06005e-10
8.13195e-10
8.19778e-10
8.27373e-10
8.29196e-10
8.34563e-10
8.39829e-10
8.41855e-10
8.41956e-10
