6.94203e-10
6.94203e-10
6.94608e-10
6.94709e-10
6.9481e-10
6.94912e-10
6.95114e-10
6.95216e-10
6.95317e-10
6.95317e-10
6.95317e-10
6.95418e-10
6.95418e-10
6.95621e-10
6.96026e-10
6.96532e-10
6.96937e-10
6.97038e-10
6.97038e-10
6.97038e-10
6.9714e-10
6.97241e-10
6.97342e-10
6.97545e-10
6.9795e-10
6.9795e-10
6.98051e-10
6.98051e-10
6.98254e-10
6.98355e-10
6.98456e-10
6.98456e-10
6.98557e-10
6.98659e-10
6.99064e-10
6.99165e-10
6.99469e-10
6.99469e-10
6.9957e-10
6.99671e-10
7.00077e-10
7.00077e-10
7.0038e-10
7.00583e-10
7.00785e-10
7.00887e-10
7.00988e-10
7.00988e-10
7.01697e-10
7.01697e-10
7.02406e-10
7.03013e-10
7.03115e-10
7.0352e-10
7.03722e-10
7.03925e-10
7.0433e-10
7.04634e-10
7.04735e-10
7.05241e-10
7.05343e-10
7.05444e-10
7.06051e-10
7.06659e-10
7.06862e-10
7.07064e-10
7.07165e-10
7.07368e-10
7.07368e-10
7.07874e-10
7.07976e-10
7.08077e-10
7.08178e-10
7.08988e-10
7.0909e-10
7.09596e-10
7.09596e-10
7.10001e-10
7.11216e-10
7.12128e-10
7.13039e-10
7.14356e-10
7.15571e-10
7.15976e-10
7.16989e-10
7.17495e-10
7.19014e-10
7.19419e-10
7.19419e-10
7.19419e-10
7.1952e-10
7.19925e-10
7.21242e-10
7.24584e-10
7.26508e-10
7.2985e-10
7.30559e-10
7.33192e-10
7.45648e-10
7.50003e-10
7.56687e-10
7.57699e-10
7.58509e-10
7.75624e-10
7.77548e-10
7.82207e-10
7.83726e-10
7.91321e-10
8.056e-10
8.07524e-10
8.18968e-10
8.21398e-10
8.40234e-10
8.42969e-10
