6.93899e-10
6.94e-10
6.94709e-10
6.94912e-10
6.95114e-10
6.95216e-10
6.95216e-10
6.95418e-10
6.95519e-10
6.96127e-10
6.96228e-10
6.97038e-10
6.97038e-10
6.97342e-10
6.97444e-10
6.97545e-10
6.97646e-10
6.98051e-10
6.98152e-10
6.98152e-10
6.98254e-10
6.98355e-10
6.98456e-10
6.98557e-10
6.98557e-10
6.98557e-10
6.98659e-10
6.9876e-10
6.98861e-10
6.99064e-10
6.99266e-10
6.99469e-10
7.00279e-10
7.00785e-10
7.00988e-10
7.01292e-10
7.01393e-10
7.01697e-10
7.01798e-10
7.02001e-10
7.02102e-10
7.02102e-10
7.02912e-10
7.03115e-10
7.03115e-10
7.03115e-10
7.03722e-10
7.03824e-10
7.04026e-10
7.04026e-10
7.04127e-10
7.04229e-10
7.04532e-10
7.04634e-10
7.04735e-10
7.04836e-10
7.05039e-10
7.05241e-10
7.05545e-10
7.0595e-10
7.06558e-10
7.06963e-10
7.06963e-10
7.07267e-10
7.08684e-10
7.08887e-10
7.0909e-10
7.09191e-10
7.09393e-10
7.09798e-10
7.10102e-10
7.10204e-10
7.10811e-10
7.10811e-10
7.11115e-10
7.11216e-10
7.11925e-10
7.12431e-10
7.12533e-10
7.12634e-10
7.12938e-10
7.13039e-10
7.13343e-10
7.13647e-10
7.13849e-10
7.13951e-10
7.15571e-10
7.1628e-10
7.16482e-10
7.17596e-10
7.17596e-10
7.20027e-10
7.20837e-10
7.20837e-10
7.21748e-10
7.22255e-10
7.23166e-10
7.24584e-10
7.27116e-10
7.27318e-10
7.30863e-10
7.37344e-10
7.40888e-10
7.41699e-10
7.43825e-10
7.44028e-10
7.47066e-10
7.4899e-10
7.51117e-10
7.57598e-10
7.60231e-10
7.60839e-10
7.63573e-10
7.77649e-10
7.91523e-10
8.09246e-10
8.11271e-10
8.20284e-10
8.23626e-10
8.23727e-10
8.25044e-10
8.26057e-10
8.40842e-10
8.4145e-10
8.42766e-10
8.43678e-10
