6.93899e-10
6.94e-10
6.94e-10
6.94102e-10
6.94507e-10
6.94507e-10
6.94507e-10
6.94608e-10
6.94608e-10
6.94709e-10
6.9481e-10
6.95013e-10
6.95013e-10
6.95519e-10
6.95621e-10
6.95621e-10
6.95722e-10
6.95722e-10
6.95924e-10
6.95924e-10
6.95924e-10
6.96026e-10
6.96228e-10
6.96228e-10
6.9633e-10
6.9633e-10
6.96532e-10
6.96633e-10
6.96633e-10
6.96937e-10
6.9714e-10
6.9714e-10
6.97342e-10
6.97545e-10
6.97646e-10
6.97646e-10
6.97646e-10
6.97646e-10
6.97747e-10
6.97849e-10
6.9795e-10
6.9795e-10
6.9795e-10
6.98051e-10
6.98254e-10
6.98355e-10
6.98456e-10
6.98659e-10
6.9876e-10
6.9876e-10
6.99064e-10
6.99165e-10
6.99266e-10
6.9957e-10
6.99773e-10
6.99773e-10
6.99773e-10
7.00279e-10
7.00482e-10
7.00482e-10
7.00583e-10
7.00785e-10
7.04229e-10
7.05444e-10
7.05646e-10
7.05849e-10
7.0595e-10
7.06051e-10
7.06153e-10
7.06558e-10
7.0676e-10
7.07571e-10
7.08279e-10
7.08381e-10
7.08583e-10
7.09596e-10
7.09596e-10
7.09798e-10
7.1152e-10
7.1152e-10
7.15773e-10
7.17191e-10
7.18406e-10
7.19115e-10
7.30154e-10
7.34812e-10
7.45547e-10
7.81903e-10
7.84029e-10
7.89599e-10
7.93751e-10
8.03372e-10
8.1036e-10
8.10967e-10
8.14714e-10
8.17955e-10
8.18259e-10
8.20993e-10
8.21094e-10
8.23424e-10
8.23525e-10
8.24031e-10
8.25348e-10
8.26563e-10
8.28082e-10
8.31323e-10
8.3193e-10
8.32842e-10
8.33348e-10
8.34462e-10
8.34664e-10
8.34867e-10
8.3507e-10
8.35576e-10
8.36386e-10
8.36892e-10
8.36994e-10
8.37196e-10
8.37399e-10
8.37804e-10
8.37804e-10
8.37905e-10
8.38209e-10
8.3831e-10
8.38817e-10
8.38918e-10
8.39424e-10
8.39525e-10
8.40234e-10
8.40538e-10
8.40741e-10
8.41045e-10
8.41146e-10
8.41247e-10
8.4145e-10
8.41956e-10
8.42462e-10
8.42564e-10
8.43374e-10
8.43678e-10
