6.93899e-10
6.93899e-10
6.94e-10
6.94102e-10
6.94203e-10
6.94203e-10
6.94304e-10
6.94405e-10
6.94507e-10
6.94507e-10
6.94608e-10
6.94709e-10
6.94709e-10
6.9481e-10
6.9481e-10
6.9481e-10
6.95013e-10
6.95013e-10
6.95317e-10
6.95317e-10
6.95317e-10
6.95418e-10
6.95418e-10
6.95621e-10
6.95621e-10
6.95621e-10
6.95722e-10
6.95823e-10
6.95823e-10
6.95823e-10
6.95823e-10
6.96026e-10
6.96026e-10
6.96026e-10
6.96127e-10
6.96127e-10
6.96127e-10
6.9633e-10
6.9633e-10
6.96532e-10
6.96532e-10
6.96532e-10
6.96633e-10
6.96633e-10
6.96735e-10
6.97241e-10
6.97646e-10
6.97747e-10
6.97849e-10
6.97849e-10
6.98152e-10
6.98254e-10
6.98355e-10
6.98456e-10
6.98659e-10
6.98861e-10
6.98963e-10
6.99266e-10
6.99266e-10
6.9957e-10
6.99671e-10
6.99773e-10
6.99773e-10
6.99874e-10
6.99874e-10
6.99975e-10
7.00077e-10
7.00178e-10
7.0038e-10
7.00482e-10
7.00684e-10
7.00785e-10
7.00785e-10
7.00887e-10
7.00887e-10
7.00887e-10
7.00887e-10
7.00887e-10
7.01089e-10
7.01393e-10
7.01494e-10
7.01596e-10
7.01596e-10
7.01596e-10
7.01899e-10
7.02001e-10
7.02608e-10
7.03013e-10
7.03013e-10
7.03115e-10
7.03115e-10
7.03317e-10
7.03317e-10
7.03317e-10
7.03418e-10
7.0352e-10
7.03621e-10
7.03722e-10
7.03722e-10
7.03824e-10
7.03824e-10
7.04026e-10
7.04229e-10
7.0433e-10
7.0433e-10
7.04532e-10
7.04735e-10
7.04735e-10
7.05444e-10
7.06355e-10
7.06355e-10
7.06355e-10
7.06355e-10
7.06355e-10
7.06457e-10
7.06457e-10
7.0676e-10
7.07469e-10
7.07672e-10
7.07874e-10
7.08279e-10
7.08583e-10
7.09495e-10
7.09596e-10
7.10001e-10
7.10102e-10
7.10912e-10
7.11014e-10
7.11115e-10
7.11216e-10
7.11419e-10
7.12026e-10
7.12026e-10
7.12634e-10
7.12837e-10
7.13039e-10
7.14761e-10
7.15065e-10
7.15875e-10
7.16584e-10
7.17292e-10
7.18609e-10
7.18812e-10
7.20938e-10
7.23369e-10
7.23672e-10
7.25394e-10
7.25799e-10
7.28432e-10
7.30458e-10
7.33293e-10
7.36534e-10
7.37445e-10
7.47876e-10
8.0003e-10
8.0084e-10
8.07423e-10
8.11372e-10
8.12486e-10
8.16638e-10
8.17449e-10
8.18765e-10
8.18765e-10
8.19069e-10
8.19373e-10
8.19778e-10
8.20487e-10
8.20689e-10
8.20892e-10
8.21094e-10
8.21499e-10
8.22715e-10
8.22715e-10
8.2312e-10
8.23525e-10
8.23727e-10
8.25145e-10
8.26563e-10
8.27474e-10
8.27778e-10
8.28082e-10
8.28791e-10
8.28892e-10
8.29297e-10
8.29804e-10
8.29804e-10
8.29905e-10
8.30006e-10
8.30512e-10
8.30512e-10
8.30614e-10
8.30917e-10
8.30917e-10
8.31019e-10
8.31221e-10
8.31525e-10
8.31525e-10
8.31525e-10
8.31626e-10
8.3193e-10
8.32335e-10
8.32335e-10
8.32538e-10
8.32538e-10
8.33348e-10
8.33449e-10
8.33449e-10
8.34057e-10
8.34158e-10
8.34158e-10
8.34462e-10
8.34766e-10
8.34867e-10
8.34867e-10
8.34968e-10
8.34968e-10
8.3507e-10
8.35272e-10
8.35373e-10
8.35677e-10
8.36285e-10
8.36285e-10
8.36386e-10
8.36386e-10
8.36487e-10
8.36791e-10
8.36892e-10
8.36892e-10
8.36892e-10
8.36994e-10
8.37196e-10
8.37196e-10
8.37298e-10
8.37298e-10
8.37399e-10
8.37601e-10
8.37601e-10
8.37905e-10
8.37905e-10
8.38108e-10
8.38209e-10
8.3831e-10
8.38411e-10
8.38513e-10
8.38715e-10
8.38817e-10
8.3912e-10
8.3912e-10
8.3912e-10
8.39323e-10
8.39323e-10
8.39323e-10
8.39323e-10
8.39627e-10
8.39728e-10
8.39931e-10
8.40133e-10
8.40234e-10
8.40234e-10
8.40437e-10
8.40437e-10
8.40538e-10
8.40538e-10
8.40538e-10
8.40639e-10
8.40741e-10
8.40741e-10
8.40842e-10
8.41045e-10
8.41045e-10
8.41045e-10
8.41146e-10
8.41146e-10
8.41146e-10
8.41348e-10
8.41551e-10
8.41652e-10
8.41753e-10
8.41753e-10
8.41753e-10
8.41855e-10
8.41855e-10
8.41855e-10
8.41956e-10
8.42057e-10
8.4226e-10
8.4226e-10
8.42361e-10
8.42361e-10
8.42462e-10
8.42665e-10
8.42665e-10
8.42766e-10
8.42766e-10
8.42766e-10
8.42867e-10
8.42867e-10
8.42969e-10
8.42969e-10
8.42969e-10
8.42969e-10
8.42969e-10
8.42969e-10
8.4307e-10
8.4307e-10
8.43171e-10
8.43171e-10
8.43272e-10
8.43272e-10
8.43272e-10
8.43576e-10
8.43678e-10
8.43678e-10
8.43678e-10
8.43678e-10
8.43779e-10
8.43779e-10
