6.93899e-10
6.94e-10
6.94102e-10
6.94203e-10
6.94507e-10
6.94608e-10
6.94608e-10
6.94709e-10
6.9481e-10
6.94912e-10
6.95114e-10
6.95216e-10
6.95216e-10
6.95621e-10
6.96127e-10
6.96127e-10
6.96127e-10
6.96228e-10
6.96228e-10
6.9633e-10
6.96431e-10
6.96431e-10
6.96532e-10
6.96532e-10
6.96532e-10
6.96633e-10
6.96633e-10
6.96735e-10
6.96836e-10
6.96937e-10
6.96937e-10
6.96937e-10
6.97038e-10
6.9714e-10
6.97241e-10
6.97342e-10
6.97444e-10
6.97646e-10
6.98051e-10
6.98051e-10
6.98861e-10
6.98861e-10
6.99064e-10
6.99165e-10
6.99469e-10
6.99469e-10
6.99469e-10
6.99469e-10
7.00279e-10
7.00583e-10
7.00887e-10
7.01292e-10
7.03925e-10
7.05343e-10
7.06254e-10
7.06659e-10
7.07165e-10
7.07165e-10
7.08583e-10
7.09292e-10
7.10001e-10
7.11115e-10
7.1152e-10
7.1314e-10
7.14558e-10
7.16685e-10
7.20837e-10
7.24381e-10
7.29141e-10
7.29445e-10
7.3461e-10
7.4261e-10
8.06005e-10
8.11676e-10
8.13195e-10
8.13296e-10
8.15727e-10
8.16335e-10
8.21297e-10
8.22208e-10
8.22917e-10
8.23829e-10
8.24335e-10
8.24841e-10
8.25145e-10
8.25753e-10
8.26563e-10
8.26968e-10
8.27272e-10
8.27879e-10
8.28386e-10
8.30107e-10
8.35778e-10
8.35778e-10
8.3588e-10
8.36285e-10
8.36791e-10
8.37601e-10
8.37804e-10
8.38108e-10
8.3831e-10
8.38411e-10
8.38513e-10
8.38715e-10
8.3912e-10
8.39424e-10
8.39525e-10
8.40234e-10
8.40639e-10
8.40639e-10
8.41247e-10
8.41753e-10
8.41855e-10
8.41956e-10
8.42766e-10
8.42969e-10
8.4307e-10
