6.93899e-10
6.93899e-10
6.93899e-10
6.93899e-10
6.94e-10
6.94e-10
6.94e-10
6.94e-10
6.94102e-10
6.94102e-10
6.94102e-10
6.94102e-10
6.94304e-10
6.94304e-10
6.94405e-10
6.94608e-10
6.94608e-10
6.94608e-10
6.94709e-10
6.94709e-10
6.9481e-10
6.9481e-10
6.9481e-10
6.94912e-10
6.94912e-10
6.95013e-10
6.95013e-10
6.95013e-10
6.95114e-10
6.95114e-10
6.95114e-10
6.95114e-10
6.95114e-10
6.95216e-10
6.95317e-10
6.95418e-10
6.95418e-10
6.95418e-10
6.95519e-10
6.95519e-10
6.95621e-10
6.95621e-10
6.95722e-10
6.95823e-10
6.95823e-10
6.95823e-10
6.95924e-10
6.95924e-10
6.95924e-10
6.96228e-10
6.96228e-10
6.9633e-10
6.9633e-10
6.9633e-10
6.96431e-10
6.96431e-10
6.96431e-10
6.96532e-10
6.96532e-10
6.96532e-10
6.96633e-10
6.96633e-10
6.96735e-10
6.96735e-10
6.96836e-10
6.96937e-10
6.96937e-10
6.96937e-10
6.96937e-10
6.96937e-10
6.97038e-10
6.97038e-10
6.9714e-10
6.97241e-10
6.97342e-10
6.97342e-10
6.97342e-10
6.97444e-10
6.97646e-10
6.97747e-10
6.97849e-10
6.98152e-10
6.98152e-10
6.98254e-10
6.98254e-10
6.98456e-10
6.98456e-10
6.98557e-10
6.98659e-10
6.98659e-10
6.98659e-10
6.98659e-10
6.9876e-10
6.98861e-10
6.98861e-10
6.98963e-10
6.98963e-10
6.99064e-10
6.99165e-10
6.99469e-10
6.99671e-10
7.00077e-10
7.00077e-10
7.00077e-10
7.00178e-10
7.00178e-10
7.0038e-10
7.00482e-10
7.01393e-10
7.02203e-10
7.0271e-10
7.03722e-10
7.05545e-10
7.06153e-10
7.06153e-10
7.06355e-10
7.07064e-10
7.07267e-10
7.07368e-10
7.07368e-10
7.07571e-10
7.08178e-10
7.08381e-10
7.09292e-10
7.09393e-10
7.09596e-10
7.10507e-10
7.11723e-10
7.15267e-10
7.16887e-10
7.179e-10
7.18204e-10
7.19217e-10
7.19419e-10
7.20027e-10
7.20128e-10
7.20229e-10
7.41192e-10
7.43521e-10
7.66408e-10
7.6651e-10
7.68839e-10
7.77447e-10
7.79067e-10
7.80282e-10
7.83219e-10
7.90916e-10
7.94055e-10
7.99119e-10
8.02258e-10
8.05701e-10
8.12891e-10
8.12891e-10
8.12993e-10
8.14613e-10
8.15221e-10
8.15828e-10
8.16233e-10
8.16537e-10
8.16537e-10
8.21803e-10
8.23322e-10
8.24537e-10
8.24537e-10
8.2555e-10
8.25854e-10
8.26259e-10
8.27069e-10
8.2869e-10
8.29297e-10
8.29297e-10
8.29702e-10
8.29905e-10
8.29905e-10
8.30107e-10
8.3031e-10
8.30411e-10
8.31525e-10
8.32335e-10
8.33145e-10
8.33348e-10
8.33449e-10
8.33753e-10
8.34361e-10
8.34563e-10
8.34867e-10
8.34867e-10
8.3507e-10
8.35171e-10
8.35171e-10
8.35272e-10
8.35373e-10
8.35677e-10
8.35778e-10
8.3588e-10
8.36184e-10
8.36184e-10
8.36285e-10
8.36386e-10
8.36589e-10
8.36589e-10
8.3669e-10
8.37095e-10
8.37095e-10
8.37095e-10
8.37095e-10
8.37298e-10
8.37298e-10
8.375e-10
8.37601e-10
8.37601e-10
8.37601e-10
8.37804e-10
8.38006e-10
8.38209e-10
8.38209e-10
8.3831e-10
8.3831e-10
8.38411e-10
8.38614e-10
8.38715e-10
8.38918e-10
8.38918e-10
8.39019e-10
8.39019e-10
8.3912e-10
8.39323e-10
8.39424e-10
8.39525e-10
8.39728e-10
8.39728e-10
8.39829e-10
8.39931e-10
8.40234e-10
8.40234e-10
8.40437e-10
8.40538e-10
8.40538e-10
8.40639e-10
8.40741e-10
8.40943e-10
8.41146e-10
8.41348e-10
8.41348e-10
8.41348e-10
8.4145e-10
8.41551e-10
8.41855e-10
8.41855e-10
8.41956e-10
8.42057e-10
8.42057e-10
8.42057e-10
8.42361e-10
8.42361e-10
8.42665e-10
8.42969e-10
8.43171e-10
8.43171e-10
8.43374e-10
