6.94e-10
6.94102e-10
6.94608e-10
6.94709e-10
6.94709e-10
6.94709e-10
6.94709e-10
6.94912e-10
6.95013e-10
6.95114e-10
6.95216e-10
6.95216e-10
6.95216e-10
6.95317e-10
6.95317e-10
6.95519e-10
6.95621e-10
6.95722e-10
6.95722e-10
6.95823e-10
6.95823e-10
6.96127e-10
6.96127e-10
6.96127e-10
6.96228e-10
6.9633e-10
6.96532e-10
6.96532e-10
6.96633e-10
6.96735e-10
6.96836e-10
6.96836e-10
6.97038e-10
6.9714e-10
6.9714e-10
6.97444e-10
6.97444e-10
6.97545e-10
6.97545e-10
6.97646e-10
6.97849e-10
6.98051e-10
6.98152e-10
6.98254e-10
6.98355e-10
6.98557e-10
6.9876e-10
6.9876e-10
6.99266e-10
7.00279e-10
7.00684e-10
7.01798e-10
7.01899e-10
7.02304e-10
7.02608e-10
7.03824e-10
7.04431e-10
7.05646e-10
7.06254e-10
7.06457e-10
7.06862e-10
7.08077e-10
7.10305e-10
7.14558e-10
7.16381e-10
7.19014e-10
7.20634e-10
7.24888e-10
7.80688e-10
7.83017e-10
8.00233e-10
8.00435e-10
8.01043e-10
8.05904e-10
8.06106e-10
8.10562e-10
8.13904e-10
8.1593e-10
8.1674e-10
8.17752e-10
8.17854e-10
8.18968e-10
8.2474e-10
8.26158e-10
8.26867e-10
8.27879e-10
8.28791e-10
8.29196e-10
8.29297e-10
8.29804e-10
8.30006e-10
8.30411e-10
8.3193e-10
8.33044e-10
8.33247e-10
8.34361e-10
8.34968e-10
8.3507e-10
8.35373e-10
8.35981e-10
8.35981e-10
8.36589e-10
8.36589e-10
8.36791e-10
8.36791e-10
8.36892e-10
8.37095e-10
8.37298e-10
8.37399e-10
8.375e-10
8.38006e-10
8.38209e-10
8.38614e-10
8.38715e-10
8.3912e-10
8.39222e-10
8.39323e-10
8.39627e-10
8.39627e-10
8.39627e-10
8.39728e-10
8.39829e-10
8.39829e-10
8.39931e-10
8.40842e-10
8.40842e-10
8.41247e-10
8.41348e-10
8.41348e-10
8.42057e-10
8.42867e-10
8.42969e-10
8.42969e-10
8.43171e-10
8.43576e-10
