6.93899e-10
6.94e-10
6.94203e-10
6.94405e-10
6.94405e-10
6.94405e-10
6.94507e-10
6.94608e-10
6.94608e-10
6.94608e-10
6.94709e-10
6.9481e-10
6.9481e-10
6.9481e-10
6.9481e-10
6.95114e-10
6.95216e-10
6.95418e-10
6.95418e-10
6.95418e-10
6.95519e-10
6.95519e-10
6.95621e-10
6.95722e-10
6.95924e-10
6.96026e-10
6.96026e-10
6.9633e-10
6.96431e-10
6.96532e-10
6.96532e-10
6.96633e-10
6.96735e-10
6.96735e-10
6.96735e-10
6.96836e-10
6.96937e-10
6.97241e-10
6.97241e-10
6.97241e-10
6.97444e-10
6.97444e-10
6.97444e-10
6.97646e-10
6.97646e-10
6.97747e-10
6.9795e-10
6.9795e-10
6.98051e-10
6.98254e-10
6.98355e-10
6.98659e-10
6.98659e-10
6.98659e-10
6.9876e-10
6.98963e-10
6.99064e-10
6.99266e-10
6.99368e-10
6.99469e-10
6.9957e-10
6.9957e-10
7.00178e-10
7.00279e-10
7.00279e-10
7.0038e-10
7.00583e-10
7.00583e-10
7.00785e-10
7.01292e-10
7.01494e-10
7.01596e-10
7.02507e-10
7.02811e-10
7.03013e-10
7.03621e-10
7.03722e-10
7.04026e-10
7.04026e-10
7.04229e-10
7.04229e-10
7.04229e-10
7.04836e-10
7.05241e-10
7.05748e-10
7.05849e-10
7.0595e-10
7.06051e-10
7.06254e-10
7.06558e-10
7.06659e-10
7.07064e-10
7.07165e-10
7.07165e-10
7.07267e-10
7.07368e-10
7.07469e-10
7.07469e-10
7.07571e-10
7.07773e-10
7.07976e-10
7.08279e-10
7.08887e-10
7.09495e-10
7.09596e-10
7.10912e-10
7.1233e-10
7.13647e-10
7.14356e-10
7.14356e-10
7.15875e-10
7.15875e-10
7.1628e-10
7.16482e-10
7.16482e-10
7.29141e-10
7.35825e-10
7.37445e-10
7.38053e-10
7.59016e-10
7.64484e-10
7.66206e-10
7.92536e-10
7.98207e-10
7.99321e-10
8.00435e-10
8.01853e-10
8.07727e-10
8.07929e-10
8.08537e-10
8.08942e-10
8.09246e-10
8.09752e-10
8.12284e-10
8.15727e-10
8.16031e-10
8.16233e-10
8.17651e-10
8.18866e-10
8.19271e-10
8.19879e-10
8.20385e-10
8.20487e-10
8.20993e-10
8.23829e-10
8.2393e-10
8.2474e-10
8.27373e-10
8.27879e-10
8.28183e-10
8.28791e-10
8.28993e-10
8.28993e-10
8.29095e-10
8.29095e-10
8.29297e-10
8.29398e-10
8.29398e-10
8.29398e-10
8.295e-10
8.29601e-10
8.29601e-10
8.29804e-10
8.30209e-10
8.30715e-10
8.31525e-10
8.33247e-10
8.35778e-10
8.36184e-10
8.36285e-10
8.36386e-10
8.36892e-10
8.36994e-10
8.36994e-10
8.37399e-10
8.375e-10
8.37601e-10
8.37601e-10
8.3831e-10
8.38513e-10
8.38715e-10
8.38715e-10
8.38715e-10
8.38817e-10
8.38918e-10
8.38918e-10
8.39019e-10
8.39525e-10
8.39627e-10
8.39728e-10
8.39829e-10
8.39931e-10
8.40032e-10
8.40032e-10
8.40032e-10
8.40133e-10
8.40133e-10
8.40234e-10
8.40234e-10
8.40639e-10
8.40741e-10
8.40741e-10
8.40741e-10
8.40943e-10
8.41146e-10
8.41247e-10
8.41247e-10
8.4145e-10
8.4145e-10
8.41551e-10
8.41956e-10
8.42057e-10
8.42057e-10
8.42564e-10
8.42665e-10
8.42766e-10
8.43374e-10
8.43475e-10
8.43779e-10
8.43779e-10
