6.94e-10
6.94709e-10
6.95621e-10
6.96532e-10
6.96836e-10
6.97545e-10
6.97545e-10
6.97849e-10
6.98254e-10
6.98254e-10
6.98456e-10
6.9876e-10
6.99165e-10
6.99368e-10
7.00583e-10
7.00684e-10
7.00887e-10
7.01292e-10
7.01899e-10
7.02102e-10
7.02203e-10
7.02406e-10
7.0271e-10
7.02811e-10
7.03013e-10
7.03216e-10
7.03722e-10
7.03925e-10
7.04026e-10
7.04431e-10
7.04634e-10
7.05241e-10
7.05343e-10
7.05748e-10
7.06254e-10
7.06355e-10
7.0676e-10
7.06963e-10
7.08178e-10
7.10102e-10
7.10507e-10
7.10912e-10
7.11014e-10
7.11723e-10
7.12128e-10
7.13849e-10
7.14153e-10
7.14457e-10
7.15267e-10
7.16178e-10
7.17394e-10
7.18001e-10
7.18406e-10
7.1952e-10
7.21951e-10
7.26002e-10
7.26508e-10
7.41597e-10
7.44939e-10
7.80181e-10
7.83523e-10
7.93853e-10
8.0084e-10
8.01954e-10
8.17449e-10
8.19373e-10
8.22715e-10
8.25246e-10
8.26563e-10
8.26968e-10
8.36184e-10
8.38715e-10
8.39424e-10
8.40741e-10
8.41551e-10
8.42462e-10
8.42766e-10
8.43272e-10
8.43576e-10
8.43576e-10
