6.93899e-10
6.94e-10
6.94e-10
6.94e-10
6.94e-10
6.94e-10
6.94102e-10
6.94102e-10
6.94102e-10
6.94102e-10
6.94203e-10
6.94203e-10
6.94203e-10
6.94304e-10
6.94304e-10
6.94304e-10
6.94405e-10
6.94405e-10
6.94405e-10
6.94507e-10
6.94507e-10
6.94507e-10
6.94608e-10
6.94608e-10
6.94608e-10
6.94608e-10
6.9481e-10
6.9481e-10
6.9481e-10
6.9481e-10
6.94912e-10
6.94912e-10
6.95013e-10
6.95013e-10
6.95216e-10
6.95216e-10
6.95317e-10
6.95317e-10
6.95418e-10
6.95621e-10
6.95621e-10
6.95722e-10
6.95722e-10
6.95722e-10
6.95823e-10
6.95823e-10
6.95924e-10
6.96026e-10
6.96026e-10
6.96127e-10
6.96228e-10
6.9633e-10
6.96431e-10
6.96431e-10
6.96532e-10
6.96532e-10
6.96633e-10
6.96735e-10
6.96836e-10
6.96836e-10
6.96836e-10
6.96937e-10
6.96937e-10
6.97038e-10
6.9714e-10
6.97241e-10
6.97241e-10
6.97545e-10
6.97646e-10
6.97747e-10
6.97747e-10
6.97747e-10
6.97849e-10
6.98152e-10
6.98254e-10
6.98456e-10
6.98456e-10
6.98557e-10
6.98659e-10
6.9876e-10
6.9876e-10
6.98861e-10
6.99064e-10
6.99266e-10
6.99266e-10
6.99368e-10
6.99975e-10
7.00279e-10
7.00482e-10
7.00887e-10
7.00988e-10
7.01191e-10
7.01697e-10
7.02608e-10
7.03013e-10
7.03621e-10
7.04431e-10
7.0514e-10
7.05241e-10
7.05748e-10
7.06051e-10
7.06254e-10
7.06254e-10
7.06355e-10
7.06457e-10
7.06558e-10
7.06862e-10
7.07469e-10
7.07571e-10
7.07672e-10
7.07672e-10
7.07976e-10
7.08381e-10
7.08482e-10
7.08583e-10
7.08684e-10
7.0909e-10
7.0909e-10
7.09292e-10
7.09798e-10
7.10305e-10
7.10406e-10
7.10406e-10
7.10507e-10
7.11115e-10
7.14963e-10
7.17191e-10
7.17394e-10
7.17495e-10
7.18001e-10
7.18103e-10
7.19318e-10
7.19318e-10
7.19419e-10
7.19824e-10
7.19925e-10
7.21141e-10
7.2185e-10
7.2266e-10
7.24483e-10
7.25192e-10
7.28331e-10
7.29344e-10
7.32382e-10
7.32584e-10
7.42407e-10
7.45547e-10
7.65294e-10
7.66003e-10
7.75118e-10
7.78662e-10
7.817e-10
7.88688e-10
7.93954e-10
7.98309e-10
8.03271e-10
8.03777e-10
8.11575e-10
8.12081e-10
8.15221e-10
8.15626e-10
8.16031e-10
8.16436e-10
8.16942e-10
8.18765e-10
8.23221e-10
8.24031e-10
8.24234e-10
8.2474e-10
8.25044e-10
8.25348e-10
8.2555e-10
8.26259e-10
8.26563e-10
8.26867e-10
8.27171e-10
8.27474e-10
8.27474e-10
8.28791e-10
8.29196e-10
8.29398e-10
8.29601e-10
8.29601e-10
8.29702e-10
8.29804e-10
8.29804e-10
8.30006e-10
8.3031e-10
8.30917e-10
8.31525e-10
8.32031e-10
8.32031e-10
8.32842e-10
8.33145e-10
8.33854e-10
8.33854e-10
8.33956e-10
8.33956e-10
8.34158e-10
8.34259e-10
8.34462e-10
8.34563e-10
8.34968e-10
8.35272e-10
8.35373e-10
8.35475e-10
8.35677e-10
8.35778e-10
8.3588e-10
8.3588e-10
8.35981e-10
8.36082e-10
8.36082e-10
8.36285e-10
8.36994e-10
8.36994e-10
8.37095e-10
8.37095e-10
8.37399e-10
8.375e-10
8.375e-10
8.37804e-10
8.37905e-10
8.38411e-10
8.38411e-10
8.38513e-10
8.38614e-10
8.38614e-10
8.38715e-10
8.38817e-10
8.38817e-10
8.39019e-10
8.39222e-10
8.39829e-10
8.40032e-10
8.40133e-10
8.40133e-10
8.40234e-10
8.40336e-10
8.40538e-10
8.40538e-10
8.40842e-10
8.40943e-10
8.41045e-10
8.41247e-10
8.41247e-10
8.4145e-10
8.41753e-10
8.41855e-10
8.41956e-10
8.41956e-10
8.41956e-10
8.42462e-10
8.42462e-10
8.42564e-10
8.4307e-10
8.4307e-10
8.43272e-10
8.43272e-10
8.43374e-10
8.43576e-10
8.43576e-10
8.43678e-10
