6.95418e-10
6.95418e-10
6.98557e-10
6.98557e-10
6.99773e-10
7.0038e-10
7.0038e-10
7.00583e-10
7.01089e-10
7.01596e-10
7.02102e-10
7.03216e-10
7.03317e-10
7.03418e-10
7.03722e-10
7.0433e-10
7.04431e-10
7.04532e-10
7.04634e-10
7.04634e-10
7.05039e-10
7.05039e-10
7.05241e-10
7.05444e-10
7.05444e-10
7.0595e-10
7.06153e-10
7.06254e-10
7.06355e-10
7.06862e-10
7.06963e-10
7.07267e-10
7.07368e-10
7.07672e-10
7.08381e-10
7.08583e-10
7.08887e-10
7.10406e-10
7.12533e-10
7.12735e-10
7.15166e-10
7.22356e-10
7.23672e-10
7.23774e-10
7.27116e-10
7.30255e-10
7.38964e-10
7.47167e-10
7.53142e-10
7.63674e-10
7.70966e-10
7.93346e-10
7.9365e-10
8.10562e-10
8.12183e-10
8.15423e-10
8.24436e-10
8.26563e-10
8.26765e-10
8.27677e-10
8.27981e-10
8.28183e-10
8.29398e-10
8.29398e-10
8.30006e-10
8.3031e-10
8.31323e-10
8.31626e-10
8.31829e-10
8.3193e-10
8.32437e-10
8.32538e-10
8.34361e-10
8.34563e-10
8.35475e-10
8.35677e-10
8.38006e-10
8.38006e-10
8.41348e-10
8.4226e-10
8.42665e-10
8.42867e-10
8.43272e-10
8.43374e-10
8.43374e-10
8.43475e-10
8.43576e-10
8.43779e-10
