6.93899e-10
6.93899e-10
6.93899e-10
6.94e-10
6.94e-10
6.94102e-10
6.94203e-10
6.94203e-10
6.94304e-10
6.94304e-10
6.94304e-10
6.94304e-10
6.94405e-10
6.94405e-10
6.94507e-10
6.94507e-10
6.94507e-10
6.94608e-10
6.94709e-10
6.94709e-10
6.9481e-10
6.94912e-10
6.94912e-10
6.94912e-10
6.94912e-10
6.95013e-10
6.95114e-10
6.95317e-10
6.95317e-10
6.95418e-10
6.95418e-10
6.95519e-10
6.95722e-10
6.95823e-10
6.95823e-10
6.95823e-10
6.95924e-10
6.96026e-10
6.96026e-10
6.96026e-10
6.96026e-10
6.96228e-10
6.96228e-10
6.9633e-10
6.9633e-10
6.96431e-10
6.96431e-10
6.96431e-10
6.96532e-10
6.96532e-10
6.96532e-10
6.96633e-10
6.96633e-10
6.96735e-10
6.96836e-10
6.96836e-10
6.96836e-10
6.96836e-10
6.96937e-10
6.96937e-10
6.96937e-10
6.96937e-10
6.97038e-10
6.97241e-10
6.97342e-10
6.97444e-10
6.97646e-10
6.97747e-10
6.98051e-10
6.98152e-10
6.98355e-10
6.98659e-10
6.9876e-10
6.9876e-10
6.9876e-10
6.9876e-10
6.98963e-10
6.99165e-10
6.99165e-10
6.99368e-10
6.99469e-10
6.99671e-10
6.99773e-10
6.99773e-10
6.99773e-10
7.00077e-10
7.00178e-10
7.01798e-10
7.02203e-10
7.02406e-10
7.0271e-10
7.03418e-10
7.03418e-10
7.03621e-10
7.04229e-10
7.04836e-10
7.04938e-10
7.05039e-10
7.0514e-10
7.05849e-10
7.06254e-10
7.06254e-10
7.06355e-10
7.06457e-10
7.06457e-10
7.06558e-10
7.06862e-10
7.07571e-10
7.07571e-10
7.07773e-10
7.08381e-10
7.08583e-10
7.08684e-10
7.0909e-10
7.099e-10
7.10305e-10
7.12533e-10
7.13242e-10
7.14254e-10
7.15571e-10
7.16178e-10
7.17191e-10
7.17292e-10
7.18001e-10
7.19115e-10
7.20938e-10
7.21039e-10
7.29546e-10
7.32787e-10
7.39876e-10
7.48281e-10
7.8089e-10
7.80991e-10
7.81194e-10
7.99929e-10
8.01549e-10
8.03473e-10
8.05397e-10
8.05499e-10
8.10461e-10
8.12183e-10
8.12284e-10
8.14512e-10
8.15221e-10
8.15524e-10
8.16841e-10
8.17246e-10
8.17752e-10
8.19373e-10
8.21702e-10
8.25854e-10
8.26057e-10
8.26158e-10
8.26968e-10
8.27069e-10
8.27069e-10
8.27677e-10
8.28284e-10
8.28588e-10
8.30006e-10
8.31424e-10
8.31424e-10
8.31626e-10
8.32133e-10
8.32335e-10
8.33753e-10
8.33854e-10
8.34057e-10
8.34664e-10
8.34867e-10
8.35778e-10
8.36487e-10
8.36487e-10
8.3669e-10
8.3669e-10
8.36994e-10
8.37196e-10
8.375e-10
8.375e-10
8.37601e-10
8.37703e-10
8.37703e-10
8.37804e-10
8.38006e-10
8.38108e-10
8.38108e-10
8.38209e-10
8.38411e-10
8.38411e-10
8.38614e-10
8.38614e-10
8.38715e-10
8.38817e-10
8.38817e-10
8.38817e-10
8.38817e-10
8.38918e-10
8.39019e-10
8.39019e-10
8.39019e-10
8.39019e-10
8.39323e-10
8.39323e-10
8.39424e-10
8.39525e-10
8.39627e-10
8.39627e-10
8.39627e-10
8.39728e-10
8.39728e-10
8.39728e-10
8.40032e-10
8.40234e-10
8.40336e-10
8.40437e-10
8.40437e-10
8.40538e-10
8.40639e-10
8.40741e-10
8.41045e-10
8.41045e-10
8.41045e-10
8.41045e-10
8.41146e-10
8.41247e-10
8.41247e-10
8.41348e-10
8.41348e-10
8.41348e-10
8.41348e-10
8.4145e-10
8.41551e-10
8.41551e-10
8.41753e-10
8.42158e-10
8.4226e-10
8.42361e-10
8.42564e-10
8.42564e-10
8.42969e-10
8.4307e-10
8.4307e-10
8.43171e-10
8.43272e-10
8.43374e-10
8.43374e-10
8.43678e-10
