6.93899e-10
6.94203e-10
6.94203e-10
6.94405e-10
6.94608e-10
6.94709e-10
6.94709e-10
6.94709e-10
6.94912e-10
6.95114e-10
6.95317e-10
6.95519e-10
6.95924e-10
6.95924e-10
6.96127e-10
6.96228e-10
6.9633e-10
6.96532e-10
6.96937e-10
6.97038e-10
6.9714e-10
6.9714e-10
6.9714e-10
6.97545e-10
6.97849e-10
6.97849e-10
6.98355e-10
6.9876e-10
6.9876e-10
6.9876e-10
6.9876e-10
6.9876e-10
6.99064e-10
6.99064e-10
6.99165e-10
6.99266e-10
6.99368e-10
6.99671e-10
6.99773e-10
7.00482e-10
7.02507e-10
7.03013e-10
7.03925e-10
7.04938e-10
7.0514e-10
7.05343e-10
7.06051e-10
7.06153e-10
7.06659e-10
7.07064e-10
7.08077e-10
7.08988e-10
7.09596e-10
7.09596e-10
7.10001e-10
7.11115e-10
7.1628e-10
7.19318e-10
7.19318e-10
7.21242e-10
7.34205e-10
7.38559e-10
7.89295e-10
7.92637e-10
7.95777e-10
8.03676e-10
8.06714e-10
8.13296e-10
8.16537e-10
8.17955e-10
8.21803e-10
8.23626e-10
8.23727e-10
8.24132e-10
8.25246e-10
8.2555e-10
8.26664e-10
8.26867e-10
8.26867e-10
8.27474e-10
8.27778e-10
8.28284e-10
8.28284e-10
8.32842e-10
8.33145e-10
8.34361e-10
8.34867e-10
8.3507e-10
8.3507e-10
8.35677e-10
8.37298e-10
8.37298e-10
8.37399e-10
8.37399e-10
8.37399e-10
8.38108e-10
8.3831e-10
8.38411e-10
8.38411e-10
8.39019e-10
8.39019e-10
8.39323e-10
8.39525e-10
8.40032e-10
8.40234e-10
8.40336e-10
8.40437e-10
8.40639e-10
8.40842e-10
8.41045e-10
8.41348e-10
8.4145e-10
8.41551e-10
8.41652e-10
8.42057e-10
8.42564e-10
8.42969e-10
8.43272e-10
8.43272e-10
8.43374e-10
8.43475e-10
8.43779e-10
