6.94304e-10
6.94709e-10
6.9481e-10
6.95418e-10
6.97545e-10
7.00583e-10
7.01596e-10
7.02304e-10
7.02507e-10
7.0271e-10
7.03722e-10
7.03824e-10
7.04026e-10
7.04431e-10
7.04532e-10
7.04532e-10
7.04634e-10
7.05343e-10
7.06862e-10
7.07773e-10
7.08583e-10
7.08887e-10
7.10609e-10
7.10912e-10
7.11419e-10
7.13951e-10
7.14457e-10
7.15672e-10
7.16685e-10
7.24381e-10
7.28027e-10
7.39369e-10
7.4342e-10
7.4737e-10
7.89599e-10
7.91017e-10
7.98511e-10
8.02562e-10
8.11676e-10
8.32031e-10
8.32335e-10
8.35981e-10
8.36386e-10
8.41652e-10
8.42867e-10
8.43171e-10
