6.94e-10
6.94e-10
6.94102e-10
6.94304e-10
6.9481e-10
6.94912e-10
6.95114e-10
6.96026e-10
6.96127e-10
6.96532e-10
6.96532e-10
6.96836e-10
6.97849e-10
6.98152e-10
6.98254e-10
6.98861e-10
6.98963e-10
6.99165e-10
6.99368e-10
6.99368e-10
6.99671e-10
6.99773e-10
6.99874e-10
6.99874e-10
7.00077e-10
7.00279e-10
7.00583e-10
7.00887e-10
7.01089e-10
7.01191e-10
7.01393e-10
7.01494e-10
7.02001e-10
7.02406e-10
7.02608e-10
7.02912e-10
7.03824e-10
7.04229e-10
7.0433e-10
7.04634e-10
7.04634e-10
7.04735e-10
7.05241e-10
7.05545e-10
7.05646e-10
7.0595e-10
7.06153e-10
7.06153e-10
7.06963e-10
7.07773e-10
7.07874e-10
7.07874e-10
7.07976e-10
7.07976e-10
7.08077e-10
7.08077e-10
7.08684e-10
7.08786e-10
7.08887e-10
7.09191e-10
7.09393e-10
7.10507e-10
7.10609e-10
7.11115e-10
7.11621e-10
7.12837e-10
7.1314e-10
7.13343e-10
7.13444e-10
7.14457e-10
7.14659e-10
7.14963e-10
7.14963e-10
7.15976e-10
7.1709e-10
7.19419e-10
7.20533e-10
7.25394e-10
7.28533e-10
7.28533e-10
7.2904e-10
7.32989e-10
7.36534e-10
7.36939e-10
7.40078e-10
7.41699e-10
7.4504e-10
7.49699e-10
7.5142e-10
7.70864e-10
7.78763e-10
7.80789e-10
7.82409e-10
7.83827e-10
8.00233e-10
8.14816e-10
8.17752e-10
8.18461e-10
8.20082e-10
8.30816e-10
8.35272e-10
