6.93899e-10
6.95013e-10
6.96026e-10
6.96228e-10
6.96228e-10
6.96532e-10
6.97545e-10
6.97646e-10
6.97747e-10
6.98051e-10
6.98051e-10
6.98152e-10
6.98254e-10
6.98254e-10
6.98355e-10
6.98355e-10
6.98355e-10
6.98963e-10
6.98963e-10
6.99064e-10
6.99671e-10
6.99773e-10
6.99874e-10
7.00279e-10
7.00583e-10
7.00887e-10
7.01494e-10
7.01899e-10
7.02406e-10
7.02811e-10
7.03317e-10
7.03418e-10
7.03925e-10
7.0433e-10
7.04431e-10
7.04431e-10
7.04938e-10
7.04938e-10
7.06153e-10
7.07267e-10
7.07368e-10
7.08482e-10
7.08786e-10
7.08887e-10
7.08988e-10
7.09393e-10
7.09393e-10
7.09596e-10
7.10001e-10
7.10001e-10
7.10102e-10
7.10102e-10
7.10305e-10
7.11318e-10
7.11621e-10
7.12026e-10
7.12026e-10
7.13343e-10
7.13343e-10
7.13444e-10
7.13647e-10
7.13849e-10
7.13951e-10
7.14558e-10
7.14963e-10
7.15166e-10
7.15672e-10
7.15672e-10
7.15773e-10
7.15976e-10
7.16482e-10
7.16685e-10
7.18406e-10
7.19217e-10
7.19824e-10
7.22761e-10
7.23267e-10
7.28331e-10
7.64687e-10
7.66712e-10
7.76839e-10
7.77852e-10
7.81903e-10
7.85245e-10
7.89599e-10
7.91422e-10
7.93144e-10
8.1441e-10
8.1441e-10
8.15727e-10
8.17246e-10
8.18765e-10
8.19778e-10
8.22107e-10
8.23322e-10
8.24639e-10
8.24841e-10
8.25246e-10
8.27474e-10
8.27576e-10
8.27576e-10
8.27576e-10
8.27677e-10
8.28082e-10
8.28487e-10
8.2869e-10
8.28791e-10
8.295e-10
8.295e-10
8.30006e-10
8.30512e-10
8.31323e-10
8.31424e-10
8.31626e-10
8.3193e-10
8.3193e-10
8.32437e-10
8.32538e-10
8.3274e-10
8.32842e-10
8.33044e-10
8.33044e-10
8.33247e-10
8.33348e-10
8.33449e-10
8.33551e-10
8.33956e-10
8.34361e-10
8.34361e-10
8.34664e-10
8.34867e-10
8.35171e-10
8.35272e-10
8.35576e-10
8.35778e-10
8.35778e-10
8.35981e-10
8.35981e-10
8.36082e-10
8.36285e-10
8.36285e-10
8.36386e-10
8.36487e-10
8.3669e-10
8.3669e-10
8.36791e-10
8.36994e-10
8.37095e-10
8.37196e-10
8.37196e-10
8.37298e-10
8.37298e-10
8.37298e-10
8.37298e-10
8.37399e-10
8.37399e-10
8.375e-10
8.37703e-10
8.37703e-10
8.37905e-10
8.38411e-10
8.38817e-10
8.38817e-10
8.38918e-10
8.39019e-10
8.3912e-10
8.39525e-10
8.40032e-10
8.40032e-10
8.40032e-10
8.40032e-10
8.40133e-10
8.40234e-10
8.40234e-10
8.40234e-10
8.40336e-10
8.40538e-10
8.40538e-10
8.40639e-10
8.40943e-10
8.41045e-10
8.41146e-10
8.41146e-10
8.41247e-10
8.41247e-10
8.41348e-10
8.4145e-10
8.4145e-10
8.41551e-10
8.41855e-10
8.41956e-10
8.41956e-10
8.41956e-10
8.41956e-10
8.42158e-10
8.4226e-10
8.4226e-10
8.42361e-10
8.42361e-10
8.42462e-10
8.42564e-10
8.42564e-10
8.42766e-10
8.42867e-10
8.42969e-10
8.43171e-10
8.43272e-10
8.43374e-10
8.43374e-10
8.43475e-10
8.43475e-10
8.43576e-10
8.43678e-10
8.43678e-10
