6.94e-10
6.94e-10
6.94e-10
6.94203e-10
6.94304e-10
6.94304e-10
6.94405e-10
6.94709e-10
6.94912e-10
6.95317e-10
6.95317e-10
6.95418e-10
6.95519e-10
6.96026e-10
6.96026e-10
6.9633e-10
6.96431e-10
6.96836e-10
6.96937e-10
6.97038e-10
6.97241e-10
6.97444e-10
6.97545e-10
6.9795e-10
6.98152e-10
6.98152e-10
6.98152e-10
6.98254e-10
6.98355e-10
6.98355e-10
6.98355e-10
6.98861e-10
6.99165e-10
6.99266e-10
6.99266e-10
6.99368e-10
6.99874e-10
7.00279e-10
7.00482e-10
7.00785e-10
7.02608e-10
7.02811e-10
7.02912e-10
7.03216e-10
7.03621e-10
7.04127e-10
7.04229e-10
7.06963e-10
7.07874e-10
7.0909e-10
7.10811e-10
7.12634e-10
7.14862e-10
7.23571e-10
7.26711e-10
7.28837e-10
7.3623e-10
7.67219e-10
7.7613e-10
7.80586e-10
7.90815e-10
7.95068e-10
7.99828e-10
8.08942e-10
8.09246e-10
8.1198e-10
8.1917e-10
8.20385e-10
8.22512e-10
8.2312e-10
8.23829e-10
8.24943e-10
8.27069e-10
8.28588e-10
8.2869e-10
8.29196e-10
8.29905e-10
8.30512e-10
8.31019e-10
8.3112e-10
8.31221e-10
8.32437e-10
8.33247e-10
8.33652e-10
8.33753e-10
8.34158e-10
8.35981e-10
8.36487e-10
8.37703e-10
8.3831e-10
8.38411e-10
8.38817e-10
8.39525e-10
8.39829e-10
8.39829e-10
8.40437e-10
8.40943e-10
8.40943e-10
8.41348e-10
8.41348e-10
8.41551e-10
8.41551e-10
8.41753e-10
8.41855e-10
8.42057e-10
8.42057e-10
8.42361e-10
8.4307e-10
8.43576e-10
8.43678e-10
