6.93899e-10
6.95722e-10
6.97342e-10
6.97646e-10
6.99266e-10
6.9957e-10
6.99671e-10
7.00178e-10
7.00583e-10
7.00988e-10
7.01191e-10
7.02001e-10
7.0271e-10
7.04229e-10
7.05646e-10
7.05646e-10
7.0595e-10
7.08583e-10
7.08988e-10
7.10305e-10
7.12634e-10
7.12938e-10
7.13444e-10
7.14963e-10
7.16077e-10
7.1628e-10
7.19723e-10
7.21242e-10
7.22153e-10
7.23065e-10
7.23672e-10
7.24685e-10
7.2509e-10
7.27521e-10
7.27622e-10
7.2823e-10
7.28635e-10
7.35926e-10
7.37344e-10
7.38964e-10
7.44838e-10
7.48686e-10
7.5456e-10
7.54864e-10
7.70358e-10
7.83422e-10
7.89295e-10
7.9446e-10
7.94967e-10
8.00739e-10
8.09043e-10
8.14309e-10
8.15626e-10
8.16233e-10
8.19373e-10
8.38614e-10
8.42057e-10
8.42867e-10
8.42969e-10
8.43171e-10
8.43272e-10
