6.9e-10 0.00043 0.0316673
6.90101e-10 0.000484404 0.0303493
6.90203e-10 0.000548223 0.0290505
6.90304e-10 0.000620972 0.0277734
6.90405e-10 0.000702166 0.0265202
6.90506e-10 0.000791321 0.0252929
6.90608e-10 0.000887951 0.0240935
6.90709e-10 0.000991571 0.022924
6.9081e-10 0.0011017 0.0217862
6.90911e-10 0.00121785 0.0206816
6.91013e-10 0.00133954 0.019612
6.91114e-10 0.00146629 0.0185786
6.91215e-10 0.00159763 0.0175828
6.91317e-10 0.00173307 0.0166258
6.91418e-10 0.00187216 0.0157087
6.91519e-10 0.0020144 0.0148324
6.9162e-10 0.00215936 0.0139977
6.91722e-10 0.00230655 0.0132053
6.91823e-10 0.00245554 0.0124557
6.91924e-10 0.00260586 0.0117495
6.92025e-10 0.00275709 0.0110869
6.92127e-10 0.00290878 0.0104681
6.92228e-10 0.00306052 0.00989326
6.92329e-10 0.00321188 0.00936229
6.9243e-10 0.00336247 0.00887506
6.92532e-10 0.00351188 0.00843131
6.92633e-10 0.00365972 0.00803068
6.92734e-10 0.00380564 0.00767272
6.92836e-10 0.00394926 0.00735686
6.92937e-10 0.00409023 0.00708244
6.93038e-10 0.00422823 0.00684871
6.93139e-10 0.00436294 0.00665483
6.93241e-10 0.00449405 0.00649988
6.93342e-10 0.00462127 0.00638286
6.93443e-10 0.00474432 0.00630269
6.93544e-10 0.00486296 0.00625823
6.93646e-10 0.00497693 0.00624827
6.93747e-10 0.00508602 0.00627155
6.93848e-10 0.00519002 0.00632673
6.9395e-10 0.00528874 0.00641244
6.94051e-10 0.00538201 0.00652727
6.94152e-10 0.00546967 0.00666975
6.94253e-10 0.0055516 0.0068384
6.94355e-10 0.00562767 0.00703167
6.94456e-10 0.00569779 0.00724803
6.94557e-10 0.00576187 0.00748589
6.94658e-10 0.00581986 0.00774368
6.9476e-10 0.0058717 0.00801978
6.94861e-10 0.00591737 0.0083126
6.94962e-10 0.00595686 0.00862053
6.95064e-10 0.00599017 0.00894195
6.95165e-10 0.00601733 0.00927527
6.95266e-10 0.00603838 0.00961889
6.95367e-10 0.00605337 0.00997124
6.95469e-10 0.00606238 0.0103308
6.9557e-10 0.00606548 0.0106959
6.95671e-10 0.00606278 0.0110652
6.95772e-10 0.0060544 0.0114371
6.95874e-10 0.00604045 0.0118102
6.95975e-10 0.00602107 0.0121831
6.96076e-10 0.00599643 0.0125543
6.96177e-10 0.00596667 0.0129226
6.96279e-10 0.00593197 0.0132867
6.9638e-10 0.00589252 0.0136453
6.96481e-10 0.0058485 0.0139972
6.96583e-10 0.00580011 0.0143412
6.96684e-10 0.00574756 0.0146763
6.96785e-10 0.00569106 0.0150014
6.96886e-10 0.00563083 0.0153155
6.96988e-10 0.00556709 0.0156177
6.97089e-10 0.00550007 0.015907
6.9719e-10 0.00543001 0.0161827
6.97291e-10 0.00535713 0.0164441
6.97393e-10 0.00528168 0.0166902
6.97494e-10 0.00520388 0.0169207
6.97595e-10 0.00512398 0.0171347
6.97697e-10 0.00504222 0.0173319
6.97798e-10 0.00495884 0.0175117
6.97899e-10 0.00487406 0.0176737
6.98e-10 0.00478813 0.0178176
6.98102e-10 0.00470127 0.0179431
6.98203e-10 0.0046137 0.0180499
6.98304e-10 0.00452567 0.0181378
6.98405e-10 0.00443737 0.0182067
6.98507e-10 0.00434903 0.0182566
6.98608e-10 0.00426086 0.0182874
6.98709e-10 0.00417305 0.0182991
6.9881e-10 0.0040858 0.0182919
6.98912e-10 0.0039993 0.0182658
6.99013e-10 0.00391374 0.0182211
6.99114e-10 0.00382927 0.0181579
6.99216e-10 0.00374608 0.0180765
6.99317e-10 0.00366432 0.0179773
6.99418e-10 0.00358413 0.0178606
6.99519e-10 0.00350566 0.0177267
6.99621e-10 0.00342904 0.0175762
6.99722e-10 0.00335439 0.0174094
6.99823e-10 0.00328182 0.0172269
6.99924e-10 0.00321145 0.0170291
7.00026e-10 0.00314336 0.0168167
7.00127e-10 0.00307764 0.0165902
7.00228e-10 0.00301437 0.0163502
7.0033e-10 0.00295361 0.0160974
7.00431e-10 0.00289542 0.0158323
7.00532e-10 0.00283986 0.0155557
7.00633e-10 0.00278696 0.0152683
7.00735e-10 0.00273674 0.0149707
7.00836e-10 0.00268925 0.0146636
7.00937e-10 0.00264448 0.0143478
7.01038e-10 0.00260245 0.0140239
7.0114e-10 0.00256314 0.0136928
7.01241e-10 0.00252656 0.0133551
7.01342e-10 0.00249268 0.0130116
7.01444e-10 0.00246148 0.012663
7.01545e-10 0.00243293 0.0123101
7.01646e-10 0.00240698 0.0119535
7.01747e-10 0.00238359 0.0115941
7.01849e-10 0.00236271 0.0112325
7.0195e-10 0.00234428 0.0108694
7.02051e-10 0.00232823 0.0105056
7.02152e-10 0.00231451 0.0101417
7.02254e-10 0.00230303 0.00977846
7.02355e-10 0.00229372 0.00941645
7.02456e-10 0.0022865 0.00905636
7.02557e-10 0.00228128 0.00869883
7.02659e-10 0.00227798 0.00834445
7.0276e-10 0.0022765 0.00799383
7.02861e-10 0.00227674 0.00764754
7.02963e-10 0.00227862 0.00730612
7.03064e-10 0.00228203 0.00697012
7.03165e-10 0.00228687 0.00664005
7.03266e-10 0.00229305 0.00631637
7.03368e-10 0.00230046 0.00599957
7.03469e-10 0.00230899 0.00569006
7.0357e-10 0.00231855 0.00538828
7.03671e-10 0.00232904 0.0050946
7.03773e-10 0.00234034 0.00480938
7.03874e-10 0.00235236 0.00453296
7.03975e-10 0.002365 0.00426564
7.04077e-10 0.00237816 0.00400772
7.04178e-10 0.00239174 0.00375944
7.04279e-10 0.00240565 0.00352104
7.0438e-10 0.00241978 0.00329272
7.04482e-10 0.00243405 0.00307465
7.04583e-10 0.00244838 0.00286699
7.04684e-10 0.00246266 0.00266986
7.04785e-10 0.00247682 0.00248335
7.04887e-10 0.00249077 0.00230755
7.04988e-10 0.00250445 0.00214251
7.05089e-10 0.00251776 0.00198823
7.05191e-10 0.00253065 0.00184474
7.05292e-10 0.00254304 0.00171199
7.05393e-10 0.00255487 0.00158995
7.05494e-10 0.00256607 0.00147855
7.05596e-10 0.0025766 0.00137769
7.05697e-10 0.0025864 0.00128727
7.05798e-10 0.00259541 0.00120715
7.05899e-10 0.0026036 0.00113718
7.06001e-10 0.00261092 0.00107719
7.06102e-10 0.00261733 0.00102699
7.06203e-10 0.0026228 0.00098638
7.06304e-10 0.0026273 0.000955131
7.06406e-10 0.00263081 0.000933006
7.06507e-10 0.0026333 0.000919755
7.06608e-10 0.00263475 0.00091511
7.0671e-10 0.00263516 0.000918793
7.06811e-10 0.0026345 0.000930511
7.06912e-10 0.00263278 0.000949964
7.07013e-10 0.00262998 0.000976837
7.07115e-10 0.00262612 0.00101081
7.07216e-10 0.00262119 0.00105155
7.07317e-10 0.00261519 0.00109873
7.07418e-10 0.00260814 0.00115199
7.0752e-10 0.00260006 0.00121099
7.07621e-10 0.00259095 0.00127538
7.07722e-10 0.00258083 0.00134479
7.07824e-10 0.00256973 0.00141887
7.07925e-10 0.00255767 0.00149725
7.08026e-10 0.00254468 0.00157956
7.08127e-10 0.00253078 0.00166546
7.08229e-10 0.002516 0.00175456
7.0833e-10 0.00250037 0.00184651
7.08431e-10 0.00248394 0.00194094
7.08532e-10 0.00246673 0.0020375
7.08634e-10 0.00244878 0.00213584
7.08735e-10 0.00243013 0.0022356
7.08836e-10 0.00241082 0.00233645
7.08938e-10 0.00239089 0.00243803
7.09039e-10 0.00237038 0.00254001
7.0914e-10 0.00234934 0.00264208
7.09241e-10 0.00232779 0.00274391
7.09343e-10 0.0023058 0.00284519
7.09444e-10 0.0022834 0.00294562
7.09545e-10 0.00226064 0.0030449
7.09646e-10 0.00223755 0.00314275
7.09748e-10 0.00221419 0.0032389
7.09849e-10 0.0021906 0.00333308
7.0995e-10 0.00216681 0.00342504
7.10051e-10 0.00214288 0.00351454
7.10153e-10 0.00211884 0.00360135
7.10254e-10 0.00209474 0.00368525
7.10355e-10 0.00207062 0.00376602
7.10457e-10 0.00204651 0.00384349
7.10558e-10 0.00202246 0.00391745
7.10659e-10 0.00199849 0.00398775
7.1076e-10 0.00197466 0.00405422
7.10862e-10 0.001951 0.00411672
7.10963e-10 0.00192753 0.00417512
7.11064e-10 0.0019043 0.00422929
7.11165e-10 0.00188133 0.00427913
7.11267e-10 0.00185865 0.00432455
7.11368e-10 0.0018363 0.00436545
7.11469e-10 0.00181429 0.00440178
7.11571e-10 0.00179266 0.00443347
7.11672e-10 0.00177143 0.00446047
7.11773e-10 0.00175062 0.00448277
7.11874e-10 0.00173025 0.00450033
7.11976e-10 0.00171034 0.00451315
7.12077e-10 0.00169091 0.00452122
7.12178e-10 0.00167197 0.00452457
7.12279e-10 0.00165354 0.00452322
7.12381e-10 0.00163563 0.0045172
7.12482e-10 0.00161824 0.00450655
7.12583e-10 0.0016014 0.00449135
7.12684e-10 0.0015851 0.00447164
7.12786e-10 0.00156935 0.00444752
7.12887e-10 0.00155415 0.00441906
7.12988e-10 0.00153951 0.00438635
7.1309e-10 0.00152543 0.0043495
7.13191e-10 0.00151191 0.00430861
7.13292e-10 0.00149895 0.00426382
7.13393e-10 0.00148653 0.00421523
7.13495e-10 0.00147466 0.00416298
7.13596e-10 0.00146334 0.00410722
7.13697e-10 0.00145254 0.00404807
7.13798e-10 0.00144228 0.0039857
7.139e-10 0.00143252 0.00392025
7.14001e-10 0.00142327 0.00385189
7.14102e-10 0.00141452 0.00378078
7.14204e-10 0.00140624 0.00370708
7.14305e-10 0.00139843 0.00363096
7.14406e-10 0.00139107 0.0035526
7.14507e-10 0.00138415 0.00347218
7.14609e-10 0.00137765 0.00338986
7.1471e-10 0.00137155 0.00330583
7.14811e-10 0.00136584 0.00322026
7.14912e-10 0.00136049 0.00313335
7.15014e-10 0.0013555 0.00304526
7.15115e-10 0.00135083 0.00295618
7.15216e-10 0.00134648 0.00286629
7.15318e-10 0.00134242 0.00277577
7.15419e-10 0.00133863 0.00268479
7.1552e-10 0.0013351 0.00259354
7.15621e-10 0.00133179 0.00250217
7.15723e-10 0.00132871 0.00241088
7.15824e-10 0.00132581 0.00231982
7.15925e-10 0.00132309 0.00222916
7.16026e-10 0.00132053 0.00213907
7.16128e-10 0.0013181 0.0020497
7.16229e-10 0.00131578 0.00196121
7.1633e-10 0.00131356 0.00187374
7.16431e-10 0.00131142 0.00178745
7.16533e-10 0.00130934 0.00170248
7.16634e-10 0.00130731 0.00161896
7.16735e-10 0.00130529 0.00153702
7.16837e-10 0.00130329 0.00145679
7.16938e-10 0.00130128 0.00137839
7.17039e-10 0.00129924 0.00130193
7.1714e-10 0.00129717 0.00122753
7.17242e-10 0.00129504 0.00115528
7.17343e-10 0.00129284 0.00108529
7.17444e-10 0.00129057 0.00101764
7.17545e-10 0.0012882 0.000952419
7.17647e-10 0.00128573 0.000889701
7.17748e-10 0.00128314 0.000829559
7.17849e-10 0.00128042 0.000772057
7.17951e-10 0.00127757 0.000717254
7.18052e-10 0.00127457 0.000665202
7.18153e-10 0.00127143 0.000615944
7.18254e-10 0.00126812 0.000569519
7.18356e-10 0.00126465 0.00052596
7.18457e-10 0.001261 0.00048529
7.18558e-10 0.00125718 0.00044753
7.18659e-10 0.00125317 0.000412691
7.18761e-10 0.00124899 0.00038078
7.18862e-10 0.00124461 0.000351795
7.18963e-10 0.00124005 0.000325732
7.19065e-10 0.00123529 0.000302577
7.19166e-10 0.00123035 0.000282312
7.19267e-10 0.00122521 0.000264913
7.19368e-10 0.00121988 0.000250351
7.1947e-10 0.00121437 0.00023859
7.19571e-10 0.00120867 0.000229589
7.19672e-10 0.00120278 0.000223303
7.19773e-10 0.00119672 0.000219682
7.19875e-10 0.00119048 0.00021867
7.19976e-10 0.00118407 0.000220206
7.20077e-10 0.00117749 0.000224227
7.20178e-10 0.00117075 0.000230663
7.2028e-10 0.00116386 0.000239443
7.20381e-10 0.00115681 0.00025049
7.20482e-10 0.00114963 0.000263723
7.20584e-10 0.00114231 0.00027906
7.20685e-10 0.00113486 0.000296414
7.20786e-10 0.0011273 0.000315696
7.20887e-10 0.00111962 0.000336814
7.20989e-10 0.00111184 0.000359674
7.2109e-10 0.00110397 0.00038418
7.21191e-10 0.00109601 0.000410232
7.21292e-10 0.00108798 0.000437732
7.21394e-10 0.00107988 0.000466577
7.21495e-10 0.00107172 0.000496665
7.21596e-10 0.00106352 0.000527892
7.21698e-10 0.00105527 0.000560153
7.21799e-10 0.001047 0.000593344
7.219e-10 0.00103871 0.00062736
7.22001e-10 0.0010304 0.000662095
7.22103e-10 0.0010221 0.000697444
7.22204e-10 0.0010138 0.000733301
7.22305e-10 0.00100552 0.000769564
7.22406e-10 0.000997265 0.000806129
7.22508e-10 0.000989046 0.000842893
7.22609e-10 0.000980871 0.000879755
7.2271e-10 0.000972748 0.000916615
7.22812e-10 0.000964685 0.000953376
7.22913e-10 0.000956692 0.000989941
7.23014e-10 0.000948774 0.00102621
7.23115e-10 0.00094094 0.00106211
7.23217e-10 0.000933197 0.00109752
7.23318e-10 0.000925552 0.00113238
7.23419e-10 0.00091801 0.0011666
7.2352e-10 0.00091058 0.00120008
7.23622e-10 0.000903266 0.00123276
7.23723e-10 0.000896074 0.00126456
7.23824e-10 0.000889009 0.0012954
7.23925e-10 0.000882075 0.00132521
7.24027e-10 0.000875279 0.00135393
7.24128e-10 0.000868622 0.00138149
7.24229e-10 0.000862109 0.00140784
7.24331e-10 0.000855744 0.00143292
7.24432e-10 0.000849528 0.00145667
7.24533e-10 0.000843465 0.00147905
7.24634e-10 0.000837557 0.0015
7.24736e-10 0.000831805 0.0015195
7.24837e-10 0.000826211 0.0015375
7.24938e-10 0.000820775 0.00155398
7.25039e-10 0.000815498 0.00156888
7.25141e-10 0.00081038 0.00158221
7.25242e-10 0.000805421 0.00159392
7.25343e-10 0.00080062 0.00160401
7.25445e-10 0.000795976 0.00161246
7.25546e-10 0.000791489 0.00161925
7.25647e-10 0.000787156 0.00162439
7.25748e-10 0.000782976 0.00162786
7.2585e-10 0.000778946 0.00162968
7.25951e-10 0.000775064 0.00162984
7.26052e-10 0.000771326 0.00162836
7.26153e-10 0.00076773 0.00162523
7.26255e-10 0.000764273 0.00162049
7.26356e-10 0.00076095 0.00161415
7.26457e-10 0.000757758 0.00160622
7.26559e-10 0.000754693 0.00159674
7.2666e-10 0.00075175 0.00158574
7.26761e-10 0.000748924 0.00157323
7.26862e-10 0.000746212 0.00155927
7.26964e-10 0.000743609 0.00154388
7.27065e-10 0.000741108 0.00152711
7.27166e-10 0.000738707 0.001509
7.27267e-10 0.000736398 0.00148958
7.27369e-10 0.000734176 0.00146892
7.2747e-10 0.000732038 0.00144705
7.27571e-10 0.000729976 0.00142404
7.27672e-10 0.000727985 0.00139992
7.27774e-10 0.00072606 0.00137477
7.27875e-10 0.000724196 0.00134863
7.27976e-10 0.000722386 0.00132156
7.28078e-10 0.000720626 0.00129362
7.28179e-10 0.000718909 0.00126487
7.2828e-10 0.000717231 0.00123538
7.28381e-10 0.000715585 0.00120521
7.28483e-10 0.000713967 0.00117442
7.28584e-10 0.000712371 0.00114307
7.28685e-10 0.000710792 0.00111123
7.28786e-10 0.000709224 0.00107897
7.28888e-10 0.000707664 0.00104635
7.28989e-10 0.000706106 0.00101343
7.2909e-10 0.000704546 0.000980288
7.29192e-10 0.000702979 0.00094698
7.29293e-10 0.0007014 0.000913573
7.29394e-10 0.000699806 0.000880132
7.29495e-10 0.000698192 0.000846721
7.29597e-10 0.000696555 0.000813403
7.29698e-10 0.000694891 0.000780241
7.29799e-10 0.000693196 0.000747295
7.299e-10 0.000691468 0.000714627
7.30002e-10 0.000689703 0.000682294
7.30103e-10 0.000687899 0.000650356
7.30204e-10 0.000686052 0.000618869
7.30305e-10 0.000684161 0.000587887
7.30407e-10 0.000682224 0.000557464
7.30508e-10 0.000680238 0.000527651
7.30609e-10 0.000678201 0.000498499
7.30711e-10 0.000676113 0.000470056
7.30812e-10 0.000673972 0.000442367
7.30913e-10 0.000671777 0.000415477
7.31014e-10 0.000669527 0.000389427
7.31116e-10 0.000667222 0.000364257
7.31217e-10 0.000664861 0.000340006
7.31318e-10 0.000662444 0.000316707
7.31419e-10 0.000659972 0.000294395
7.31521e-10 0.000657444 0.0002731
7.31622e-10 0.000654861 0.00025285
7.31723e-10 0.000652224 0.00023367
7.31825e-10 0.000649533 0.000215585
7.31926e-10 0.000646791 0.000198615
7.32027e-10 0.000643997 0.000182778
7.32128e-10 0.000641153 0.000168091
7.3223e-10 0.000638262 0.000154566
7.32331e-10 0.000635324 0.000142214
7.32432e-10 0.000632342 0.000131044
7.32533e-10 0.000629317 0.000121061
7.32635e-10 0.000626253 0.000112269
7.32736e-10 0.000623151 0.000104668
7.32837e-10 0.000620013 9.82571e-05
7.32939e-10 0.000616843 9.30314e-05
7.3304e-10 0.000613643 8.89848e-05
7.33141e-10 0.000610415 8.61084e-05
7.33242e-10 0.000607163 8.43909e-05
7.33344e-10 0.00060389 8.3819e-05
7.33445e-10 0.000600597 8.4377e-05
7.33546e-10 0.00059729 8.60471e-05
7.33647e-10 0.00059397 8.88092e-05
7.33749e-10 0.00059064 9.26415e-05
7.3385e-10 0.000587305 9.75199e-05
7.33951e-10 0.000583967 0.000103419
7.34052e-10 0.000580628 0.00011031
7.34154e-10 0.000577293 0.000118164
7.34255e-10 0.000573965 0.00012695
7.34356e-10 0.000570646 0.000136635
7.34458e-10 0.00056734 0.000147185
7.34559e-10 0.00056405 0.000158563
7.3466e-10 0.000560779 0.000170734
7.34761e-10 0.000557529 0.000183658
7.34863e-10 0.000554305 0.000197296
7.34964e-10 0.000551108 0.000211607
7.35065e-10 0.000547942 0.00022655
7.35166e-10 0.000544808 0.000242081
7.35268e-10 0.000541711 0.000258159
7.35369e-10 0.000538652 0.000274738
7.3547e-10 0.000535634 0.000291774
7.35572e-10 0.000532658 0.000309222
7.35673e-10 0.000529729 0.000327036
7.35774e-10 0.000526846 0.00034517
7.35875e-10 0.000524013 0.000363579
7.35977e-10 0.000521231 0.000382215
7.36078e-10 0.000518502 0.000401034
7.36179e-10 0.000515828 0.000419987
7.3628e-10 0.000513209 0.000439031
7.36382e-10 0.000510648 0.000458117
7.36483e-10 0.000508146 0.000477202
7.36584e-10 0.000505703 0.00049624
7.36686e-10 0.00050332 0.000515186
7.36787e-10 0.000500999 0.000533997
7.36888e-10 0.00049874 0.00055263
7.36989e-10 0.000496543 0.000571041
7.37091e-10 0.000494408 0.00058919
7.37192e-10 0.000492337 0.000607036
7.37293e-10 0.000490329 0.000624538
7.37394e-10 0.000488383 0.00064166
7.37496e-10 0.000486501 0.000658362
7.37597e-10 0.00048468 0.000674608
7.37698e-10 0.000482922 0.000690365
7.37799e-10 0.000481224 0.000705598
7.37901e-10 0.000479587 0.000720275
7.38002e-10 0.00047801 0.000734365
7.38103e-10 0.000476491 0.000747839
7.38205e-10 0.00047503 0.000760669
7.38306e-10 0.000473626 0.000772829
7.38407e-10 0.000472276 0.000784295
7.38508e-10 0.00047098 0.000795044
7.3861e-10 0.000469736 0.000805054
7.38711e-10 0.000468542 0.000814306
7.38812e-10 0.000467397 0.000822782
7.38913e-10 0.000466299 0.000830467
7.39015e-10 0.000465246 0.000837347
7.39116e-10 0.000464236 0.000843408
7.39217e-10 0.000463268 0.000848642
7.39319e-10 0.000462338 0.000853038
7.3942e-10 0.000461445 0.000856591
7.39521e-10 0.000460588 0.000859295
7.39622e-10 0.000459763 0.000861147
7.39724e-10 0.000458968 0.000862145
7.39825e-10 0.000458201 0.000862291
7.39926e-10 0.000457461 0.000861586
7.40027e-10 0.000456743 0.000860035
7.40129e-10 0.000456047 0.000857643
7.4023e-10 0.00045537 0.000854418
7.40331e-10 0.00045471 0.000850369
7.40433e-10 0.000454064 0.000845507
7.40534e-10 0.00045343 0.000839843
7.40635e-10 0.000452805 0.000833394
7.40736e-10 0.000452188 0.000826173
7.40838e-10 0.000451577 0.000818199
7.40939e-10 0.000450968 0.00080949
7.4104e-10 0.000450361 0.000800065
7.41141e-10 0.000449752 0.000789948
7.41243e-10 0.00044914 0.000779159
7.41344e-10 0.000448523 0.000767723
7.41445e-10 0.000447899 0.000755666
7.41546e-10 0.000447266 0.000743013
7.41648e-10 0.000446623 0.000729792
7.41749e-10 0.000445967 0.000716032
7.4185e-10 0.000445297 0.000701762
7.41952e-10 0.000444611 0.000687012
7.42053e-10 0.000443909 0.000671813
7.42154e-10 0.000443188 0.000656197
7.42255e-10 0.000442447 0.000640197
7.42357e-10 0.000441685 0.000623846
7.42458e-10 0.000440901 0.000607178
7.42559e-10 0.000440095 0.000590226
7.4266e-10 0.000439264 0.000573025
7.42762e-10 0.000438409 0.00055561
7.42863e-10 0.000437528 0.000538017
7.42964e-10 0.000436621 0.00052028
7.43066e-10 0.000435687 0.000502435
7.43167e-10 0.000434727 0.000484517
7.43268e-10 0.000433739 0.000466562
7.43369e-10 0.000432723 0.000448605
7.43471e-10 0.00043168 0.000430681
7.43572e-10 0.00043061 0.000412825
7.43673e-10 0.000429511 0.000395071
7.43774e-10 0.000428386 0.000377455
7.43876e-10 0.000427233 0.000360008
7.43977e-10 0.000426054 0.000342766
7.44078e-10 0.000424849 0.000325759
7.44179e-10 0.000423617 0.000309021
7.44281e-10 0.000422361 0.000292581
7.44382e-10 0.000421081 0.000276472
7.44483e-10 0.000419777 0.000260722
7.44585e-10 0.00041845 0.000245361
7.44686e-10 0.000417102 0.000230415
7.44787e-10 0.000415733 0.000215913
7.44888e-10 0.000414345 0.000201879
7.4499e-10 0.000412939 0.000188339
7.45091e-10 0.000411515 0.000175317
7.45192e-10 0.000410076 0.000162833
7.45293e-10 0.000408622 0.000150911
7.45395e-10 0.000407156 0.00013957
7.45496e-10 0.000405678 0.000128829
7.45597e-10 0.000404189 0.000118705
7.45699e-10 0.000402692 0.000109214
7.458e-10 0.000401188 0.000100371
7.45901e-10 0.000399679 9.21902e-05
7.46002e-10 0.000398166 8.46826e-05
7.46104e-10 0.00039665 7.78592e-05
7.46205e-10 0.000395134 7.1729e-05
7.46306e-10 0.000393619 6.62999e-05
7.46407e-10 0.000392106 6.1578e-05
7.46509e-10 0.000390598 5.75681e-05
7.4661e-10 0.000389096 5.42737e-05
7.46711e-10 0.000387601 5.16965e-05
7.46813e-10 0.000386116 4.98371e-05
7.46914e-10 0.000384641 4.86945e-05
7.47015e-10 0.000383179 4.82661e-05
7.47116e-10 0.000381731 4.85481e-05
7.47218e-10 0.000380298 4.95353e-05
7.47319e-10 0.000378882 5.12208e-05
7.4742e-10 0.000377484 5.35968e-05
7.47521e-10 0.000376106 5.66538e-05
7.47623e-10 0.000374749 6.03809e-05
7.47724e-10 0.000373415 6.47663e-05
7.47825e-10 0.000372104 6.97966e-05
7.47926e-10 0.000370818 7.54571e-05
7.48028e-10 0.000369559 8.17323e-05
7.48129e-10 0.000368326 8.86051e-05
7.4823e-10 0.000367122 9.60575e-05
7.48332e-10 0.000365947 0.00010407
7.48433e-10 0.000364802 0.000112623
7.48534e-10 0.000363688 0.000121696
7.48635e-10 0.000362605 0.000131265
7.48737e-10 0.000361555 0.000141308
7.48838e-10 0.000360537 0.000151801
7.48939e-10 0.000359553 0.000162719
7.4904e-10 0.000358603 0.000174037
7.49142e-10 0.000357688 0.000185729
7.49243e-10 0.000356806 0.000197768
7.49344e-10 0.00035596 0.000210126
7.49446e-10 0.000355149 0.000222776
7.49547e-10 0.000354372 0.000235689
7.49648e-10 0.000353631 0.000248837
7.49749e-10 0.000352925 0.000262189
7.49851e-10 0.000352253 0.000275718
7.49952e-10 0.000351616 0.000289392
7.50053e-10 0.000351013 0.000303183
7.50154e-10 0.000350444 0.00031706
7.50256e-10 0.000349908 0.000330993
7.50357e-10 0.000349405 0.000344952
7.50458e-10 0.000348934 0.000358907
7.5056e-10 0.000348495 0.000372829
7.50661e-10 0.000348087 0.000386687
7.50762e-10 0.000347708 0.000400452
7.50863e-10 0.000347359 0.000414096
7.50965e-10 0.000347038 0.000427588
7.51066e-10 0.000346744 0.000440902
7.51167e-10 0.000346477 0.000454008
7.51268e-10 0.000346234 0.00046688
7.5137e-10 0.000346016 0.000479491
7.51471e-10 0.000345821 0.000491815
7.51572e-10 0.000345647 0.000503825
7.51673e-10 0.000345493 0.000515498
7.51775e-10 0.000345359 0.000526809
7.51876e-10 0.000345243 0.000537735
7.51977e-10 0.000345143 0.000548254
7.52079e-10 0.000345058 0.000558344
7.5218e-10 0.000344988 0.000567985
7.52281e-10 0.000344929 0.000577156
7.52382e-10 0.000344882 0.000585841
7.52484e-10 0.000344844 0.00059402
7.52585e-10 0.000344814 0.000601679
7.52686e-10 0.000344791 0.000608801
7.52787e-10 0.000344773 0.000615372
7.52889e-10 0.000344759 0.000621379
7.5299e-10 0.000344748 0.000626811
7.53091e-10 0.000344738 0.000631657
7.53193e-10 0.000344728 0.000635907
7.53294e-10 0.000344716 0.000639554
7.53395e-10 0.000344701 0.00064259
7.53496e-10 0.000344682 0.00064501
7.53598e-10 0.000344658 0.000646809
7.53699e-10 0.000344627 0.000647984
7.538e-10 0.000344587 0.000648534
7.53901e-10 0.000344539 0.000648458
7.54003e-10 0.000344481 0.000647757
7.54104e-10 0.000344411 0.000646432
7.54205e-10 0.00034433 0.000644487
7.54307e-10 0.000344235 0.000641927
7.54408e-10 0.000344125 0.000638756
7.54509e-10 0.000344001 0.000634983
7.5461e-10 0.000343861 0.000630615
7.54712e-10 0.000343704 0.000625662
7.54813e-10 0.00034353 0.000620134
7.54914e-10 0.000343338 0.000614043
7.55015e-10 0.000343127 0.000607402
7.55117e-10 0.000342898 0.000600225
7.55218e-10 0.000342649 0.000592526
7.55319e-10 0.00034238 0.000584323
7.5542e-10 0.000342091 0.000575631
7.55522e-10 0.000341781 0.000566469
7.55623e-10 0.000341452 0.000556855
7.55724e-10 0.000341101 0.000546811
7.55826e-10 0.000340729 0.000536355
7.55927e-10 0.000340337 0.00052551
7.56028e-10 0.000339925 0.000514298
7.56129e-10 0.000339492 0.000502742
7.56231e-10 0.000339038 0.000490865
7.56332e-10 0.000338565 0.000478693
7.56433e-10 0.000338072 0.000466248
7.56534e-10 0.00033756 0.000453558
7.56636e-10 0.00033703 0.000440647
7.56737e-10 0.000336481 0.000427543
7.56838e-10 0.000335915 0.00041427
7.5694e-10 0.000335332 0.000400858
7.57041e-10 0.000334732 0.000387332
7.57142e-10 0.000334118 0.00037372
7.57243e-10 0.000333488 0.00036005
7.57345e-10 0.000332845 0.000346349
7.57446e-10 0.00033219 0.000332646
7.57547e-10 0.000331522 0.000318967
7.57648e-10 0.000330843 0.00030534
7.5775e-10 0.000330155 0.000291793
7.57851e-10 0.000329458 0.000278354
7.57952e-10 0.000328753 0.000265049
7.58053e-10 0.000328042 0.000251905
7.58155e-10 0.000327325 0.000238949
7.58256e-10 0.000326604 0.000226207
7.58357e-10 0.00032588 0.000213705
7.58459e-10 0.000325154 0.000201467
7.5856e-10 0.000324428 0.000189519
7.58661e-10 0.000323702 0.000177885
7.58762e-10 0.000322979 0.000166588
7.58864e-10 0.000322258 0.00015565
7.58965e-10 0.000321542 0.000145095
7.59066e-10 0.000320832 0.000134943
7.59167e-10 0.000320128 0.000125215
7.59269e-10 0.000319433 0.000115931
7.5937e-10 0.000318747 0.000107109
7.59471e-10 0.000318072 9.87676e-05
7.59573e-10 0.000317408 9.09233e-05
7.59674e-10 0.000316758 8.35922e-05
7.59775e-10 0.000316121 7.67894e-05
7.59876e-10 0.0003155 7.05285e-05
7.59978e-10 0.000314895 6.48226e-05
7.60079e-10 0.000314308 5.96834e-05
7.6018e-10 0.000313738 5.51214e-05
7.60281e-10 0.000313189 5.11462e-05
7.60383e-10 0.000312659 4.7766e-05
7.60484e-10 0.000312151 4.4988e-05
7.60585e-10 0.000311664 4.28183e-05
7.60687e-10 0.000311201 4.12614e-05
7.60788e-10 0.000310761 4.0321e-05
7.60889e-10 0.000310345 3.99995e-05
7.6099e-10 0.000309955 4.02979e-05
7.61092e-10 0.000309589 4.12161e-05
7.61193e-10 0.00030925 4.27529e-05
7.61294e-10 0.000308938 4.49056e-05
7.61395e-10 0.000308652 4.76705e-05
7.61497e-10 0.000308394 5.10427e-05
7.61598e-10 0.000308163 5.50159e-05
7.61699e-10 0.00030796 5.95828e-05
7.618e-10 0.000307785 6.47349e-05
7.61902e-10 0.000307639 7.04624e-05
7.62003e-10 0.00030752 7.67547e-05
7.62104e-10 0.000307429 8.35997e-05
7.62206e-10 0.000307367 9.09843e-05
7.62307e-10 0.000307332 9.88946e-05
7.62408e-10 0.000307326 0.000107315
7.62509e-10 0.000307346 0.00011623
7.62611e-10 0.000307394 0.000125622
7.62712e-10 0.000307468 0.000135473
7.62813e-10 0.000307569 0.000145765
7.62914e-10 0.000307695 0.000156476
7.63016e-10 0.000307847 0.000167587
7.63117e-10 0.000308023 0.000179075
7.63218e-10 0.000308223 0.000190919
7.6332e-10 0.000308446 0.000203096
7.63421e-10 0.000308691 0.000215582
7.63522e-10 0.000308958 0.000228352
7.63623e-10 0.000309245 0.000241382
7.63725e-10 0.000309553 0.000254646
7.63826e-10 0.000309879 0.000268119
7.63927e-10 0.000310222 0.000281774
7.64028e-10 0.000310583 0.000295584
7.6413e-10 0.000310959 0.000309522
7.64231e-10 0.000311349 0.000323562
7.64332e-10 0.000311753 0.000337674
7.64434e-10 0.000312169 0.000351833
7.64535e-10 0.000312597 0.000366009
7.64636e-10 0.000313034 0.000380176
7.64737e-10 0.000313479 0.000394304
7.64839e-10 0.000313932 0.000408367
7.6494e-10 0.000314391 0.000422336
7.65041e-10 0.000314855 0.000436184
7.65142e-10 0.000315323 0.000449883
7.65244e-10 0.000315792 0.000463407
7.65345e-10 0.000316263 0.000476728
7.65446e-10 0.000316734 0.00048982
7.65547e-10 0.000317203 0.000502657
7.65649e-10 0.00031767 0.000515213
7.6575e-10 0.000318133 0.000527464
7.65851e-10 0.000318591 0.000539384
7.65953e-10 0.000319042 0.00055095
7.66054e-10 0.000319486 0.00056214
7.66155e-10 0.000319922 0.000572929
7.66256e-10 0.000320347 0.000583297
7.66358e-10 0.000320763 0.000593222
7.66459e-10 0.000321166 0.000602685
7.6656e-10 0.000321557 0.000611667
7.66661e-10 0.000321934 0.000620148
7.66763e-10 0.000322296 0.000628113
7.66864e-10 0.000322643 0.000635543
7.66965e-10 0.000322974 0.000642425
7.67067e-10 0.000323288 0.000648744
7.67168e-10 0.000323584 0.000654486
7.67269e-10 0.000323861 0.00065964
7.6737e-10 0.00032412 0.000664196
7.67472e-10 0.000324359 0.000668142
7.67573e-10 0.000324578 0.000671471
7.67674e-10 0.000324776 0.000674176
7.67775e-10 0.000324954 0.000676249
7.67877e-10 0.00032511 0.000677688
7.67978e-10 0.000325246 0.000678487
7.68079e-10 0.000325359 0.000678645
7.68181e-10 0.000325451 0.00067816
7.68282e-10 0.000325522 0.000677033
7.68383e-10 0.000325571 0.000675266
7.68484e-10 0.000325598 0.000672861
7.68586e-10 0.000325604 0.000669822
7.68687e-10 0.000325588 0.000666154
7.68788e-10 0.000325552 0.000661865
7.68889e-10 0.000325495 0.000656961
7.68991e-10 0.000325418 0.000651453
7.69092e-10 0.000325322 0.000645351
7.69193e-10 0.000325206 0.000638665
7.69294e-10 0.000325072 0.000631409
7.69396e-10 0.00032492 0.000623598
7.69497e-10 0.000324751 0.000615245
7.69598e-10 0.000324566 0.000606367
7.697e-10 0.000324365 0.000596981
7.69801e-10 0.000324149 0.000587107
7.69902e-10 0.00032392 0.000576762
7.70003e-10 0.000323678 0.000565968
7.70105e-10 0.000323425 0.000554747
7.70206e-10 0.000323161 0.000543119
7.70307e-10 0.000322887 0.000531109
7.70408e-10 0.000322605 0.000518741
7.7051e-10 0.000322316 0.000506039
7.70611e-10 0.000322021 0.000493029
7.70712e-10 0.000321722 0.000479737
7.70814e-10 0.000321419 0.000466191
7.70915e-10 0.000321114 0.000452417
7.71016e-10 0.000320808 0.000438445
7.71117e-10 0.000320503 0.000424302
7.71219e-10 0.0003202 0.000410018
7.7132e-10 0.0003199 0.000395622
7.71421e-10 0.000319605 0.000381144
7.71522e-10 0.000319316 0.000366615
7.71624e-10 0.000319034 0.000352064
7.71725e-10 0.000318761 0.000337522
7.71826e-10 0.000318498 0.00032302
7.71928e-10 0.000318247 0.000308589
7.72029e-10 0.000318009 0.000294258
7.7213e-10 0.000317785 0.00028006
7.72231e-10 0.000317576 0.000266023
7.72333e-10 0.000317384 0.00025218
7.72434e-10 0.000317211 0.000238559
7.72535e-10 0.000317056 0.000225191
7.72636e-10 0.000316922 0.000212105
7.72738e-10 0.00031681 0.00019933
7.72839e-10 0.00031672 0.000186894
7.7294e-10 0.000316654 0.000174827
7.73041e-10 0.000316613 0.000163154
7.73143e-10 0.000316598 0.000151903
7.73244e-10 0.000316609 0.000141101
7.73345e-10 0.000316648 0.000130771
7.73447e-10 0.000316715 0.00012094
7.73548e-10 0.000316812 0.000111631
7.73649e-10 0.000316938 0.000102866
7.7375e-10 0.000317095 9.46668e-05
7.73852e-10 0.000317283 8.70554e-05
7.73953e-10 0.000317502 8.0051e-05
7.74054e-10 0.000317754 7.36725e-05
7.74155e-10 0.000318038 6.79376e-05
7.74257e-10 0.000318354 6.28626e-05
7.74358e-10 0.000318703 5.84629e-05
7.74459e-10 0.000319086 5.47525e-05
7.74561e-10 0.000319501 5.17443e-05
7.74662e-10 0.000319949 4.94497e-05
7.74763e-10 0.000320431 4.78789e-05
7.74864e-10 0.000320945 4.70407e-05
7.74966e-10 0.000321492 4.69426e-05
7.75067e-10 0.000322071 4.75907e-05
7.75168e-10 0.000322683 4.89896e-05
7.75269e-10 0.000323325 5.11426e-05
7.75371e-10 0.000323999 5.40514e-05
7.75472e-10 0.000324703 5.77165e-05
7.75573e-10 0.000325437 6.21366e-05
7.75674e-10 0.0003262 6.73093e-05
7.75776e-10 0.000326991 7.32304e-05
7.75877e-10 0.000327809 7.98946e-05
7.75978e-10 0.000328654 8.72948e-05
7.7608e-10 0.000329524 9.54226e-05
7.76181e-10 0.000330419 0.000104268
7.76282e-10 0.000331337 0.00011382
7.76383e-10 0.000332277 0.000124066
7.76485e-10 0.000333238 0.000134992
7.76586e-10 0.000334218 0.000146582
7.76687e-10 0.000335217 0.000158819
7.76788e-10 0.000336232 0.000171685
7.7689e-10 0.000337263 0.000185161
7.76991e-10 0.000338308 0.000199226
7.77092e-10 0.000339366 0.000213858
7.77194e-10 0.000340434 0.000229034
7.77295e-10 0.000341513 0.000244729
7.77396e-10 0.000342599 0.000260918
7.77497e-10 0.000343691 0.000277574
7.77599e-10 0.000344788 0.00029467
7.777e-10 0.000345889 0.000312177
7.77801e-10 0.000346991 0.000330065
7.77902e-10 0.000348093 0.000348304
7.78004e-10 0.000349193 0.000366862
7.78105e-10 0.000350289 0.000385709
7.78206e-10 0.000351381 0.00040481
7.78308e-10 0.000352466 0.000424132
7.78409e-10 0.000353544 0.000443641
7.7851e-10 0.000354611 0.000463303
7.78611e-10 0.000355667 0.000483082
7.78713e-10 0.000356711 0.000502943
7.78814e-10 0.00035774 0.00052285
7.78915e-10 0.000358753 0.000542767
7.79016e-10 0.00035975 0.000562657
7.79118e-10 0.000360727 0.000582484
7.79219e-10 0.000361686 0.000602211
7.7932e-10 0.000362623 0.000621802
7.79421e-10 0.000363538 0.000641219
7.79523e-10 0.000364429 0.000660427
7.79624e-10 0.000365297 0.00067939
7.79725e-10 0.000366138 0.00069807
7.79827e-10 0.000366954 0.000716434
7.79928e-10 0.000367742 0.000734444
7.80029e-10 0.000368502 0.000752067
7.8013e-10 0.000369233 0.000769269
7.80232e-10 0.000369934 0.000786015
7.80333e-10 0.000370606 0.000802274
7.80434e-10 0.000371247 0.000818012
7.80535e-10 0.000371857 0.000833199
7.80637e-10 0.000372436 0.000847804
7.80738e-10 0.000372984 0.000861797
7.80839e-10 0.0003735 0.000875151
7.80941e-10 0.000373984 0.000887837
7.81042e-10 0.000374437 0.00089983
7.81143e-10 0.000374859 0.000911104
7.81244e-10 0.000375249 0.000921637
7.81346e-10 0.000375608 0.000931404
7.81447e-10 0.000375937 0.000940386
7.81548e-10 0.000376237 0.000948561
7.81649e-10 0.000376507 0.000955913
7.81751e-10 0.000376748 0.000962425
7.81852e-10 0.000376961 0.00096808
7.81953e-10 0.000377148 0.000972866
7.82055e-10 0.000377309 0.00097677
7.82156e-10 0.000377445 0.000979782
7.82257e-10 0.000377557 0.000981894
7.82358e-10 0.000377647 0.000983097
7.8246e-10 0.000377715 0.000983389
7.82561e-10 0.000377764 0.000982763
7.82662e-10 0.000377794 0.00098122
7.82763e-10 0.000377808 0.000978759
7.82865e-10 0.000377807 0.000975382
7.82966e-10 0.000377792 0.000971092
7.83067e-10 0.000377765 0.000965896
7.83168e-10 0.000377729 0.000959801
7.8327e-10 0.000377684 0.000952816
7.83371e-10 0.000377633 0.000944952
7.83472e-10 0.000377578 0.000936222
7.83574e-10 0.000377521 0.000926641
7.83675e-10 0.000377463 0.000916225
7.83776e-10 0.000377407 0.000904992
7.83877e-10 0.000377356 0.000892963
7.83979e-10 0.00037731 0.00088016
7.8408e-10 0.000377272 0.000866605
7.84181e-10 0.000377245 0.000852325
7.84282e-10 0.000377231 0.000837346
7.84384e-10 0.000377231 0.000821695
7.84485e-10 0.000377247 0.000805405
7.84586e-10 0.000377283 0.000788505
7.84688e-10 0.00037734 0.000771028
7.84789e-10 0.000377421 0.000753011
7.8489e-10 0.000377526 0.000734487
7.84991e-10 0.000377659 0.000715494
7.85093e-10 0.000377822 0.00069607
7.85194e-10 0.000378016 0.000676256
7.85295e-10 0.000378243 0.000656091
7.85396e-10 0.000378506 0.000635617
7.85498e-10 0.000378806 0.000614878
7.85599e-10 0.000379145 0.000593916
7.857e-10 0.000379524 0.000572776
7.85802e-10 0.000379946 0.000551503
7.85903e-10 0.000380412 0.000530143
7.86004e-10 0.000380923 0.000508743
7.86105e-10 0.000381482 0.00048735
7.86207e-10 0.000382088 0.000466011
7.86308e-10 0.000382743 0.000444773
7.86409e-10 0.00038345 0.000423686
7.8651e-10 0.000384207 0.000402796
7.86612e-10 0.000385017 0.000382153
7.86713e-10 0.000385881 0.000361805
7.86814e-10 0.000386798 0.0003418
7.86915e-10 0.00038777 0.000322186
7.87017e-10 0.000388798 0.00030301
7.87118e-10 0.00038988 0.000284321
7.87219e-10 0.000391019 0.000266164
7.87321e-10 0.000392213 0.000248587
7.87422e-10 0.000393463 0.000231635
7.87523e-10 0.000394768 0.000215352
7.87624e-10 0.00039613 0.000199783
7.87726e-10 0.000397546 0.000184972
7.87827e-10 0.000399016 0.000170959
7.87928e-10 0.000400541 0.000157787
7.88029e-10 0.000402119 0.000145495
7.88131e-10 0.000403748 0.000134122
7.88232e-10 0.00040543 0.000123704
7.88333e-10 0.000407161 0.000114278
7.88435e-10 0.000408941 0.000105878
7.88536e-10 0.000410768 9.85356e-05
7.88637e-10 0.000412641 9.22829e-05
7.88738e-10 0.000414558 8.71487e-05
7.8884e-10 0.000416518 8.31603e-05
7.88941e-10 0.000418518 8.03431e-05
7.89042e-10 0.000420558 7.87206e-05
7.89143e-10 0.000422633 7.83144e-05
7.89245e-10 0.000424743 7.91437e-05
7.89346e-10 0.000426885 8.12257e-05
7.89447e-10 0.000429057 8.45756e-05
7.89548e-10 0.000431256 8.92062e-05
7.8965e-10 0.00043348 9.51278e-05
7.89751e-10 0.000435726 0.000102349
7.89852e-10 0.000437991 0.000110875
7.89954e-10 0.000440273 0.00012071
7.90055e-10 0.000442569 0.000131854
7.90156e-10 0.000444876 0.000144306
7.90257e-10 0.000447191 0.000158062
7.90359e-10 0.000449511 0.000173116
7.9046e-10 0.000451833 0.000189459
7.90561e-10 0.000454154 0.000207079
7.90662e-10 0.000456471 0.000225962
7.90764e-10 0.000458781 0.000246092
7.90865e-10 0.000461081 0.00026745
7.90966e-10 0.000463368 0.000290014
7.91068e-10 0.000465639 0.000313761
7.91169e-10 0.000467891 0.000338663
7.9127e-10 0.00047012 0.000364693
7.91371e-10 0.000472324 0.000391818
7.91473e-10 0.000474501 0.000420006
7.91574e-10 0.000476646 0.00044922
7.91675e-10 0.000478757 0.000479422
7.91776e-10 0.000480832 0.000510571
7.91878e-10 0.000482867 0.000542625
7.91979e-10 0.000484861 0.000575539
7.9208e-10 0.00048681 0.000609267
7.92182e-10 0.000488712 0.000643759
7.92283e-10 0.000490565 0.000678964
7.92384e-10 0.000492367 0.00071483
7.92485e-10 0.000494115 0.000751304
7.92587e-10 0.000495808 0.000788327
7.92688e-10 0.000497444 0.000825844
7.92789e-10 0.00049902 0.000863795
7.9289e-10 0.000500536 0.000902119
7.92992e-10 0.00050199 0.000940754
7.93093e-10 0.000503381 0.000979638
7.93194e-10 0.000504707 0.00101871
7.93295e-10 0.000505968 0.00105789
7.93397e-10 0.000507162 0.00109713
7.93498e-10 0.00050829 0.00113636
7.93599e-10 0.000509351 0.00117551
7.93701e-10 0.000510344 0.00121451
7.93802e-10 0.00051127 0.00125329
7.93903e-10 0.000512128 0.00129178
7.94004e-10 0.00051292 0.00132992
7.94106e-10 0.000513644 0.00136764
7.94207e-10 0.000514303 0.00140487
7.94308e-10 0.000514897 0.00144154
7.94409e-10 0.000515427 0.00147758
7.94511e-10 0.000515894 0.00151292
7.94612e-10 0.0005163 0.0015475
7.94713e-10 0.000516646 0.00158126
7.94815e-10 0.000516934 0.00161412
7.94916e-10 0.000517167 0.00164603
7.95017e-10 0.000517346 0.00167691
7.95118e-10 0.000517475 0.00170672
7.9522e-10 0.000517554 0.00173538
7.95321e-10 0.000517588 0.00176285
7.95422e-10 0.00051758 0.00178906
7.95523e-10 0.000517531 0.00181396
7.95625e-10 0.000517446 0.00183749
7.95726e-10 0.000517328 0.00185961
7.95827e-10 0.000517181 0.00188027
7.95929e-10 0.000517008 0.00189941
7.9603e-10 0.000516814 0.00191701
7.96131e-10 0.000516601 0.00193301
7.96232e-10 0.000516375 0.00194738
7.96334e-10 0.00051614 0.00196007
7.96435e-10 0.000515899 0.00197107
7.96536e-10 0.000515658 0.00198034
7.96637e-10 0.000515421 0.00198784
7.96739e-10 0.000515193 0.00199357
7.9684e-10 0.000514977 0.00199749
7.96941e-10 0.00051478 0.0019996
7.97042e-10 0.000514606 0.00199987
7.97144e-10 0.000514459 0.00199829
7.97245e-10 0.000514345 0.00199487
7.97346e-10 0.000514268 0.00198959
7.97448e-10 0.000514234 0.00198247
7.97549e-10 0.000514247 0.00197349
7.9765e-10 0.000514312 0.00196267
7.97751e-10 0.000514433 0.00195003
7.97853e-10 0.000514617 0.00193557
7.97954e-10 0.000514866 0.00191932
7.98055e-10 0.000515187 0.00190129
7.98156e-10 0.000515584 0.00188153
7.98258e-10 0.00051606 0.00186005
7.98359e-10 0.000516621 0.00183689
7.9846e-10 0.000517271 0.00181209
7.98562e-10 0.000518013 0.0017857
7.98663e-10 0.000518852 0.00175775
7.98764e-10 0.000519792 0.00172831
7.98865e-10 0.000520836 0.00169741
7.98967e-10 0.000521988 0.00166512
7.99068e-10 0.000523251 0.0016315
7.99169e-10 0.000524628 0.00159662
7.9927e-10 0.000526123 0.00156053
7.99372e-10 0.000527736 0.00152331
7.99473e-10 0.000529472 0.00148504
7.99574e-10 0.000531332 0.0014458
7.99676e-10 0.000533318 0.00140565
7.99777e-10 0.000535432 0.00136469
7.99878e-10 0.000537676 0.001323
7.99979e-10 0.000540049 0.00128068
8.00081e-10 0.000542554 0.0012378
8.00182e-10 0.00054519 0.00119447
8.00283e-10 0.000547959 0.00115078
8.00384e-10 0.000550859 0.00110683
8.00486e-10 0.000553891 0.00106273
8.00587e-10 0.000557054 0.00101856
8.00688e-10 0.000560346 0.000974437
8.00789e-10 0.000563768 0.000930467
8.00891e-10 0.000567316 0.000886753
8.00992e-10 0.000570989 0.000843405
8.01093e-10 0.000574784 0.000800531
8.01195e-10 0.0005787 0.00075824
8.01296e-10 0.000582733 0.000716642
8.01397e-10 0.00058688 0.000675848
8.01498e-10 0.000591137 0.000635967
8.016e-10 0.0005955 0.000597112
8.01701e-10 0.000599966 0.000559391
8.01802e-10 0.00060453 0.000522915
8.01903e-10 0.000609187 0.000487793
8.02005e-10 0.000613931 0.000454133
8.02106e-10 0.000618758 0.000422043
8.02207e-10 0.000623662 0.000391629
8.02309e-10 0.000628637 0.000362995
8.0241e-10 0.000633676 0.000336244
8.02511e-10 0.000638774 0.000311476
8.02612e-10 0.000643923 0.000288791
8.02714e-10 0.000649117 0.000268285
8.02815e-10 0.000654348 0.000250051
8.02916e-10 0.00065961 0.000234181
8.03017e-10 0.000664894 0.000220762
8.03119e-10 0.000670193 0.000209879
8.0322e-10 0.0006755 0.000201613
8.03321e-10 0.000680805 0.000196042
8.03422e-10 0.000686102 0.000193241
8.03524e-10 0.000691381 0.000193278
8.03625e-10 0.000696635 0.000196219
8.03726e-10 0.000701855 0.000202126
8.03828e-10 0.000707033 0.000211056
8.03929e-10 0.000712159 0.000223061
8.0403e-10 0.000717227 0.000238187
8.04131e-10 0.000722226 0.000256477
8.04233e-10 0.00072715 0.000277968
8.04334e-10 0.000731989 0.000302691
8.04435e-10 0.000736735 0.000330673
8.04536e-10 0.000741379 0.000361934
8.04638e-10 0.000745915 0.000396488
8.04739e-10 0.000750333 0.000434345
8.0484e-10 0.000754626 0.000475508
8.04942e-10 0.000758786 0.000519973
8.05043e-10 0.000762806 0.000567731
8.05144e-10 0.000766678 0.000618768
8.05245e-10 0.000770396 0.000673061
8.05347e-10 0.000773953 0.000730582
8.05448e-10 0.000777342 0.000791297
8.05549e-10 0.000780557 0.000855166
8.0565e-10 0.000783593 0.000922141
8.05752e-10 0.000786444 0.000992169
8.05853e-10 0.000789104 0.00106519
8.05954e-10 0.00079157 0.00114114
8.06056e-10 0.000793836 0.00121994
8.06157e-10 0.000795899 0.00130152
8.06258e-10 0.000797756 0.00138579
8.06359e-10 0.000799403 0.00147265
8.06461e-10 0.000800838 0.00156202
8.06562e-10 0.000802058 0.00165378
8.06663e-10 0.000803064 0.00174784
8.06764e-10 0.000803852 0.00184407
8.06866e-10 0.000804423 0.00194235
8.06967e-10 0.000804777 0.00204255
8.07068e-10 0.000804915 0.00214455
8.07169e-10 0.000804837 0.0022482
8.07271e-10 0.000804545 0.00235338
8.07372e-10 0.000804042 0.00245991
8.07473e-10 0.00080333 0.00256767
8.07575e-10 0.000802413 0.00267648
8.07676e-10 0.000801295 0.0027862
8.07777e-10 0.00079998 0.00289665
8.07878e-10 0.000798473 0.00300767
8.0798e-10 0.000796781 0.00311908
8.08081e-10 0.00079491 0.00323072
8.08182e-10 0.000792866 0.0033424
8.08283e-10 0.000790657 0.00345395
8.08385e-10 0.000788291 0.00356517
8.08486e-10 0.000785777 0.0036759
8.08587e-10 0.000783123 0.00378594
8.08689e-10 0.00078034 0.0038951
8.0879e-10 0.000777438 0.0040032
8.08891e-10 0.000774427 0.00411004
8.08992e-10 0.000771318 0.00421544
8.09094e-10 0.000768124 0.00431921
8.09195e-10 0.000764856 0.00442116
8.09296e-10 0.000761527 0.0045211
8.09397e-10 0.00075815 0.00461884
8.09499e-10 0.000754738 0.0047142
8.096e-10 0.000751304 0.004807
8.09701e-10 0.000747864 0.00489704
8.09803e-10 0.000744431 0.00498416
8.09904e-10 0.00074102 0.00506818
8.10005e-10 0.000737645 0.00514893
8.10106e-10 0.000734323 0.00522623
8.10208e-10 0.000731068 0.00529993
8.10309e-10 0.000727895 0.00536986
8.1041e-10 0.000724821 0.00543587
8.10511e-10 0.00072186 0.00549781
8.10613e-10 0.00071903 0.00555553
8.10714e-10 0.000716344 0.00560891
8.10815e-10 0.00071382 0.0056578
8.10916e-10 0.000711472 0.00570209
8.11018e-10 0.000709316 0.00574166
8.11119e-10 0.000707368 0.00577639
8.1122e-10 0.000705643 0.0058062
8.11322e-10 0.000704156 0.00583097
8.11423e-10 0.000702921 0.00585064
8.11524e-10 0.000701953 0.00586513
8.11625e-10 0.000701266 0.00587436
8.11727e-10 0.000700874 0.00587829
8.11828e-10 0.00070079 0.00587686
8.11929e-10 0.000701027 0.00587005
8.1203e-10 0.000701597 0.00585781
8.12132e-10 0.000702511 0.00584015
8.12233e-10 0.000703782 0.00581705
8.12334e-10 0.000705418 0.00578851
8.12436e-10 0.000707432 0.00575457
8.12537e-10 0.00070983 0.00571523
8.12638e-10 0.000712623 0.00567056
8.12739e-10 0.000715817 0.00562059
8.12841e-10 0.00071942 0.00556539
8.12942e-10 0.000723436 0.00550504
8.13043e-10 0.000727873 0.00543962
8.13144e-10 0.000732732 0.00536924
8.13246e-10 0.000738019 0.00529401
8.13347e-10 0.000743735 0.00521404
8.13448e-10 0.000749882 0.00512949
8.1355e-10 0.000756459 0.00504048
8.13651e-10 0.000763467 0.0049472
8.13752e-10 0.000770902 0.0048498
8.13853e-10 0.000778764 0.00474847
8.13955e-10 0.000787046 0.00464341
8.14056e-10 0.000795745 0.00453482
8.14157e-10 0.000804855 0.00442293
8.14258e-10 0.000814368 0.00430796
8.1436e-10 0.000824275 0.00419016
8.14461e-10 0.000834567 0.00406977
8.14562e-10 0.000845234 0.00394706
8.14663e-10 0.000856263 0.00382231
8.14765e-10 0.000867642 0.00369579
8.14866e-10 0.000879357 0.0035678
8.14967e-10 0.000891392 0.00343864
8.15069e-10 0.000903732 0.00330862
8.1517e-10 0.000916358 0.00317806
8.15271e-10 0.000929254 0.00304728
8.15372e-10 0.000942398 0.00291662
8.15474e-10 0.000955771 0.00278642
8.15575e-10 0.000969351 0.00265703
8.15676e-10 0.000983116 0.0025288
8.15777e-10 0.000997043 0.00240209
8.15879e-10 0.00101111 0.00227727
8.1598e-10 0.00102528 0.0021547
8.16081e-10 0.00103955 0.00203476
8.16183e-10 0.00105387 0.00191782
8.16284e-10 0.00106822 0.00180426
8.16385e-10 0.00108258 0.00169445
8.16486e-10 0.00109692 0.00158879
8.16588e-10 0.0011112 0.00148765
8.16689e-10 0.0011254 0.0013914
8.1679e-10 0.00113948 0.00130044
8.16891e-10 0.00115342 0.00121514
8.16993e-10 0.00116719 0.00113587
8.17094e-10 0.00118075 0.00106301
8.17195e-10 0.00119407 0.000996915
8.17296e-10 0.00120713 0.000937963
8.17398e-10 0.00121988 0.000886505
8.17499e-10 0.00123231 0.000842894
8.176e-10 0.00124437 0.000807474
8.17702e-10 0.00125603 0.000780581
8.17803e-10 0.00126728 0.000762542
8.17904e-10 0.00127806 0.000753676
8.18005e-10 0.00128836 0.000754292
8.18107e-10 0.00129815 0.000764684
8.18208e-10 0.00130738 0.000785139
8.18309e-10 0.00131605 0.000815929
8.1841e-10 0.00132412 0.000857313
8.18512e-10 0.00133156 0.000909536
8.18613e-10 0.00133834 0.000972827
8.18714e-10 0.00134444 0.0010474
8.18816e-10 0.00134984 0.00113346
8.18917e-10 0.00135452 0.00123118
8.19018e-10 0.00135845 0.00134072
8.19119e-10 0.00136161 0.00146224
8.19221e-10 0.00136398 0.00159585
8.19322e-10 0.00136554 0.00174166
8.19423e-10 0.00136628 0.00189977
8.19524e-10 0.00136619 0.00207023
8.19626e-10 0.00136524 0.00225309
8.19727e-10 0.00136343 0.00244838
8.19828e-10 0.00136076 0.00265608
8.1993e-10 0.0013572 0.00287619
8.20031e-10 0.00135275 0.00310865
8.20132e-10 0.00134742 0.0033534
8.20233e-10 0.00134119 0.00361035
8.20335e-10 0.00133406 0.00387936
8.20436e-10 0.00132605 0.00416032
8.20537e-10 0.00131714 0.00445304
8.20638e-10 0.00130735 0.00475735
8.2074e-10 0.00129669 0.00507301
8.20841e-10 0.00128516 0.0053998
8.20942e-10 0.00127277 0.00573745
8.21043e-10 0.00125955 0.00608566
8.21145e-10 0.00124549 0.00644413
8.21246e-10 0.00123064 0.00681251
8.21347e-10 0.00121499 0.00719043
8.21449e-10 0.00119858 0.00757751
8.2155e-10 0.00118143 0.00797334
8.21651e-10 0.00116357 0.00837747
8.21752e-10 0.00114502 0.00878945
8.21854e-10 0.00112581 0.00920879
8.21955e-10 0.00110599 0.00963498
8.22056e-10 0.00108557 0.0100675
8.22157e-10 0.00106461 0.0105058
8.22259e-10 0.00104313 0.0109493
8.2236e-10 0.00102117 0.0113974
8.22461e-10 0.00099879 0.0118495
8.22563e-10 0.000976016 0.012305
8.22664e-10 0.000952899 0.0127632
8.22765e-10 0.000929484 0.0132235
8.22866e-10 0.000905819 0.0136852
8.22968e-10 0.000881953 0.0141475
8.23069e-10 0.000857937 0.0146098
8.2317e-10 0.000833821 0.0150714
8.23271e-10 0.00080966 0.0155315
8.23373e-10 0.000785506 0.0159894
8.23474e-10 0.000761413 0.0164443
8.23575e-10 0.000737437 0.0168955
8.23677e-10 0.000713633 0.0173422
8.23778e-10 0.000690058 0.0177836
8.23879e-10 0.000666769 0.018219
8.2398e-10 0.000643822 0.0186476
8.24082e-10 0.000621274 0.0190685
8.24183e-10 0.000599184 0.0194811
8.24284e-10 0.000577609 0.0198846
8.24385e-10 0.000556604 0.0202781
8.24487e-10 0.000536228 0.0206609
8.24588e-10 0.000516537 0.0210323
8.24689e-10 0.000497586 0.0213915
8.2479e-10 0.000479432 0.0217378
8.24892e-10 0.000462127 0.0220704
8.24993e-10 0.000445727 0.0223887
8.25094e-10 0.000430284 0.0226919
8.25196e-10 0.00041585 0.0229794
8.25297e-10 0.000402475 0.0232505
8.25398e-10 0.000390208 0.0235046
8.25499e-10 0.000379098 0.0237411
8.25601e-10 0.000369191 0.0239593
8.25702e-10 0.000360532 0.0241588
8.25803e-10 0.000353165 0.024339
8.25904e-10 0.00034713 0.0244994
8.26006e-10 0.000342468 0.0246395
8.26107e-10 0.000339218 0.0247589
8.26208e-10 0.000337415 0.0248571
8.2631e-10 0.000337094 0.0249339
8.26411e-10 0.000338287 0.024989
8.26512e-10 0.000341025 0.0250219
8.26613e-10 0.000345336 0.0250325
8.26715e-10 0.000351248 0.0250206
8.26816e-10 0.000358783 0.024986
8.26917e-10 0.000367965 0.0249286
8.27018e-10 0.000378814 0.0248483
8.2712e-10 0.000391349 0.0247452
8.27221e-10 0.000405587 0.0246192
8.27322e-10 0.000421541 0.0244705
8.27424e-10 0.000439224 0.0242991
8.27525e-10 0.000458648 0.0241053
8.27626e-10 0.000479821 0.0238894
8.27727e-10 0.000502752 0.0236515
8.27829e-10 0.000527445 0.023392
8.2793e-10 0.000553906 0.0231115
8.28031e-10 0.000582137 0.0228102
8.28132e-10 0.00061214 0.0224887
8.28234e-10 0.000643915 0.0221477
8.28335e-10 0.000677462 0.0217876
8.28436e-10 0.000712779 0.0214093
8.28537e-10 0.000749863 0.0210133
8.28639e-10 0.000788712 0.0206007
8.2874e-10 0.000829321 0.020172
8.28841e-10 0.000871686 0.0197284
8.28943e-10 0.000915804 0.0192707
8.29044e-10 0.000961669 0.0187999
8.29145e-10 0.00100928 0.0183171
8.29246e-10 0.00105862 0.0178235
8.29348e-10 0.00110971 0.0173201
8.29449e-10 0.00116252 0.0168082
8.2955e-10 0.00121706 0.0162891
8.29651e-10 0.00127333 0.015764
8.29753e-10 0.00133132 0.0152344
8.29854e-10 0.00139103 0.0147015
8.29955e-10 0.00145247 0.0141669
8.30057e-10 0.00151564 0.0136319
8.30158e-10 0.00158054 0.0130982
8.30259e-10 0.00164718 0.0125672
8.3036e-10 0.00171556 0.0120406
8.30462e-10 0.00178569 0.0115199
8.30563e-10 0.00185758 0.0110067
8.30664e-10 0.00193125 0.0105028
8.30765e-10 0.00200671 0.0100097
8.30867e-10 0.00208396 0.00952918
8.30968e-10 0.00216304 0.00906293
8.31069e-10 0.00224396 0.00861265
8.31171e-10 0.00232673 0.00818007
8.31272e-10 0.00241139 0.0077669
8.31373e-10 0.00249796 0.00737488
8.31474e-10 0.00258646 0.00700571
8.31576e-10 0.00267692 0.00666111
8.31677e-10 0.00276937 0.00634278
8.31778e-10 0.00286384 0.0060524
8.31879e-10 0.00296036 0.00579163
8.31981e-10 0.00305895 0.00556213
8.32082e-10 0.00315966 0.0053655
8.32183e-10 0.00326251 0.00520332
8.32284e-10 0.00336753 0.00507714
8.32386e-10 0.00347475 0.00498848
8.32487e-10 0.0035842 0.00493878
8.32588e-10 0.00369592 0.00492947
8.3269e-10 0.00380992 0.0049619
8.32791e-10 0.00392622 0.00503739
8.32892e-10 0.00404486 0.00515718
8.32993e-10 0.00416585 0.00532244
8.33095e-10 0.00428919 0.00553429
8.33196e-10 0.00441491 0.00579377
8.33297e-10 0.00454299 0.00610185
8.33398e-10 0.00467345 0.00645939
8.335e-10 0.00480628 0.0068672
8.33601e-10 0.00494145 0.00732599
8.33702e-10 0.00507896 0.00783638
8.33804e-10 0.00521876 0.00839889
8.33905e-10 0.00536082 0.00901395
8.34006e-10 0.00550509 0.00968189
8.34107e-10 0.00565151 0.0104029
8.34209e-10 0.00580001 0.0111772
8.3431e-10 0.00595052 0.0120046
8.34411e-10 0.00610293 0.0128852
8.34512e-10 0.00625715 0.0138187
8.34614e-10 0.00641305 0.0148047
8.34715e-10 0.00657049 0.0158429
8.34816e-10 0.00672934 0.0169326
8.34917e-10 0.00688943 0.0180731
8.35019e-10 0.00705058 0.0192638
8.3512e-10 0.00721259 0.0205035
8.35221e-10 0.00737526 0.0217913
8.35323e-10 0.00753835 0.0231261
8.35424e-10 0.00770163 0.0245064
8.35525e-10 0.00786482 0.025931
8.35626e-10 0.00802766 0.0273983
8.35728e-10 0.00818983 0.0289065
8.35829e-10 0.00835103 0.0304541
8.3593e-10 0.00851092 0.032039
8.36031e-10 0.00866916 0.0336593
8.36133e-10 0.00882537 0.0353129
8.36234e-10 0.00897917 0.0369975
8.36335e-10 0.00913016 0.038711
8.36437e-10 0.00927793 0.0404507
8.36538e-10 0.00942204 0.0422143
8.36639e-10 0.00956204 0.0439992
8.3674e-10 0.00969749 0.0458025
8.36842e-10 0.00982791 0.0476217
8.36943e-10 0.00995281 0.0494537
8.37044e-10 0.0100717 0.0512957
8.37145e-10 0.0101841 0.0531446
8.37247e-10 0.0102895 0.0549975
8.37348e-10 0.0103874 0.0568512
8.37449e-10 0.0104772 0.0587026
8.37551e-10 0.0105585 0.0605484
8.37652e-10 0.0106308 0.0623853
8.37753e-10 0.0106935 0.0642103
8.37854e-10 0.0107461 0.0660199
8.37956e-10 0.0107882 0.0678109
8.38057e-10 0.0108193 0.0695799
8.38158e-10 0.0108388 0.0713237
8.38259e-10 0.0108464 0.073039
8.38361e-10 0.0108417 0.0747225
8.38462e-10 0.0108241 0.076371
8.38563e-10 0.0107935 0.0779813
8.38664e-10 0.0107493 0.0795503
8.38766e-10 0.0106913 0.0810748
8.38867e-10 0.0106193 0.0825518
8.38968e-10 0.0105329 0.0839784
8.3907e-10 0.0104321 0.0853517
8.39171e-10 0.0103166 0.0866688
8.39272e-10 0.0101864 0.0879271
8.39373e-10 0.0100415 0.089124
8.39475e-10 0.00988189 0.090257
8.39576e-10 0.00970763 0.0913238
8.39677e-10 0.00951891 0.092322
8.39778e-10 0.00931596 0.0932497
8.3988e-10 0.00909908 0.0941049
