6.93899e-10
6.94e-10
6.94102e-10
6.94102e-10
6.94304e-10
6.94405e-10
6.94405e-10
6.94608e-10
6.9481e-10
6.9481e-10
6.94912e-10
6.95013e-10
6.95519e-10
6.95722e-10
6.95722e-10
6.95823e-10
6.95924e-10
6.96228e-10
6.96431e-10
6.96735e-10
6.96937e-10
6.96937e-10
6.97038e-10
6.97342e-10
6.97849e-10
6.98051e-10
6.98355e-10
6.98456e-10
6.98557e-10
6.98557e-10
6.99064e-10
6.9957e-10
7.00279e-10
7.0038e-10
7.0038e-10
7.00482e-10
7.00684e-10
7.00785e-10
7.01089e-10
7.01494e-10
7.02001e-10
7.02203e-10
7.02203e-10
7.02406e-10
7.02811e-10
7.0352e-10
7.03925e-10
7.04229e-10
7.04431e-10
7.04938e-10
7.04938e-10
7.05039e-10
7.05849e-10
7.07368e-10
7.08077e-10
7.16482e-10
7.20331e-10
7.21039e-10
7.24179e-10
7.24888e-10
7.36736e-10
7.43319e-10
7.61142e-10
7.72788e-10
7.89194e-10
7.91827e-10
7.96891e-10
8.14816e-10
8.16031e-10
8.21601e-10
8.23322e-10
8.25145e-10
8.2555e-10
8.26158e-10
8.27272e-10
8.27981e-10
8.28082e-10
8.29297e-10
8.29297e-10
8.32538e-10
8.3274e-10
8.32943e-10
8.34057e-10
8.35171e-10
8.35272e-10
8.35475e-10
8.35981e-10
8.35981e-10
8.36082e-10
8.36589e-10
8.38108e-10
8.38715e-10
8.39019e-10
8.41855e-10
8.42057e-10
8.42057e-10
8.4226e-10
8.42462e-10
8.42665e-10
8.4307e-10
8.43475e-10
