6.94e-10
6.94102e-10
6.94102e-10
6.94709e-10
6.94912e-10
6.94912e-10
6.95216e-10
6.95519e-10
6.95621e-10
6.95722e-10
6.95722e-10
6.96127e-10
6.96127e-10
6.96127e-10
6.96735e-10
6.96937e-10
6.9714e-10
6.97241e-10
6.97342e-10
6.97545e-10
6.97545e-10
6.97646e-10
6.97646e-10
6.97646e-10
6.98152e-10
6.98152e-10
6.98557e-10
6.98659e-10
6.98659e-10
6.99266e-10
6.99368e-10
6.99368e-10
6.9957e-10
7.00684e-10
7.01596e-10
7.01798e-10
7.02304e-10
7.02406e-10
7.02811e-10
7.03013e-10
7.03418e-10
7.06659e-10
7.08279e-10
7.09292e-10
7.1152e-10
7.13647e-10
7.14356e-10
7.16077e-10
7.18305e-10
7.19419e-10
7.21343e-10
7.25192e-10
7.37952e-10
7.45243e-10
7.54965e-10
7.72181e-10
7.95979e-10
8.07018e-10
8.12689e-10
8.17651e-10
8.19575e-10
8.19575e-10
8.1998e-10
8.22613e-10
8.22816e-10
8.23727e-10
8.2393e-10
8.26664e-10
8.26968e-10
8.28791e-10
8.29196e-10
8.31525e-10
8.32234e-10
8.32437e-10
8.3274e-10
8.32842e-10
8.32943e-10
8.33956e-10
8.34462e-10
8.34462e-10
8.34867e-10
8.35475e-10
8.36791e-10
8.36892e-10
8.37095e-10
8.37399e-10
8.37399e-10
8.39627e-10
8.39829e-10
8.39829e-10
8.40842e-10
8.40943e-10
8.40943e-10
8.40943e-10
8.41753e-10
8.41855e-10
8.42361e-10
8.42361e-10
8.42665e-10
8.42766e-10
8.43374e-10
8.43779e-10
