6.93899e-10
6.93899e-10
6.93899e-10
6.93899e-10
6.93899e-10
6.93899e-10
6.93899e-10
6.93899e-10
6.93899e-10
6.93899e-10
6.93899e-10
6.94e-10
6.94e-10
6.94e-10
6.94e-10
6.94e-10
6.94e-10
6.94e-10
6.94e-10
6.94e-10
6.94e-10
6.94102e-10
6.94102e-10
6.94102e-10
6.94102e-10
6.94102e-10
6.94102e-10
6.94102e-10
6.94203e-10
6.94203e-10
6.94203e-10
6.94203e-10
6.94203e-10
6.94203e-10
6.94203e-10
6.94203e-10
6.94203e-10
6.94203e-10
6.94304e-10
6.94304e-10
6.94304e-10
6.94304e-10
6.94304e-10
6.94304e-10
6.94304e-10
6.94304e-10
6.94304e-10
6.94304e-10
6.94304e-10
6.94304e-10
6.94405e-10
6.94405e-10
6.94405e-10
6.94405e-10
6.94405e-10
6.94405e-10
6.94405e-10
6.94405e-10
6.94405e-10
6.94507e-10
6.94507e-10
6.94507e-10
6.94507e-10
6.94507e-10
6.94507e-10
6.94507e-10
6.94608e-10
6.94608e-10
6.94608e-10
6.94608e-10
6.94608e-10
6.94608e-10
6.94608e-10
6.94608e-10
6.94608e-10
6.94608e-10
6.94709e-10
6.94709e-10
6.94709e-10
6.94709e-10
6.94709e-10
6.94709e-10
6.94709e-10
6.9481e-10
6.9481e-10
6.9481e-10
6.9481e-10
6.9481e-10
6.9481e-10
6.9481e-10
6.94912e-10
6.94912e-10
6.94912e-10
6.94912e-10
6.94912e-10
6.94912e-10
6.94912e-10
6.94912e-10
6.95013e-10
6.95013e-10
6.95013e-10
6.95013e-10
6.95013e-10
6.95013e-10
6.95114e-10
6.95114e-10
6.95216e-10
6.95216e-10
6.95317e-10
6.95317e-10
6.95317e-10
6.95317e-10
6.95317e-10
6.95317e-10
6.95317e-10
6.95317e-10
6.95317e-10
6.95317e-10
6.95418e-10
6.95418e-10
6.95418e-10
6.95418e-10
6.95418e-10
6.95418e-10
6.95418e-10
6.95418e-10
6.95519e-10
6.95519e-10
6.95519e-10
6.95519e-10
6.95519e-10
6.95519e-10
6.95621e-10
6.95621e-10
6.95621e-10
6.95722e-10
6.95722e-10
6.95722e-10
6.95722e-10
6.95722e-10
6.95722e-10
6.95823e-10
6.95823e-10
6.95823e-10
6.95823e-10
6.95823e-10
6.95823e-10
6.95823e-10
6.95924e-10
6.95924e-10
6.95924e-10
6.96026e-10
6.96026e-10
6.96026e-10
6.96026e-10
6.96026e-10
6.96026e-10
6.96127e-10
6.96228e-10
6.96228e-10
6.96228e-10
6.96228e-10
6.96228e-10
6.96228e-10
6.96228e-10
6.9633e-10
6.9633e-10
6.9633e-10
6.9633e-10
6.9633e-10
6.9633e-10
6.96431e-10
6.96431e-10
6.96431e-10
6.96431e-10
6.96532e-10
6.96532e-10
6.96532e-10
6.96532e-10
6.96633e-10
6.96735e-10
6.96735e-10
6.96735e-10
6.96735e-10
6.96735e-10
6.96836e-10
6.96836e-10
6.96937e-10
6.96937e-10
6.96937e-10
6.96937e-10
6.97038e-10
6.9714e-10
6.9714e-10
6.9714e-10
6.9714e-10
6.9714e-10
6.97241e-10
6.97241e-10
6.97241e-10
6.97241e-10
6.97241e-10
6.97241e-10
6.97241e-10
6.97241e-10
6.97241e-10
6.97444e-10
6.97444e-10
6.97444e-10
6.97545e-10
6.97545e-10
6.97545e-10
6.97545e-10
6.97545e-10
6.97646e-10
6.97646e-10
6.97646e-10
6.97747e-10
6.97747e-10
6.97747e-10
6.97747e-10
6.97849e-10
6.97849e-10
6.97849e-10
6.9795e-10
6.9795e-10
6.9795e-10
6.9795e-10
6.98051e-10
6.98152e-10
6.98152e-10
6.98152e-10
6.98152e-10
6.98152e-10
6.98152e-10
6.98254e-10
6.98254e-10
6.98355e-10
6.98355e-10
6.98355e-10
6.98355e-10
6.98355e-10
6.98355e-10
6.98456e-10
6.98557e-10
6.98557e-10
6.98557e-10
6.98557e-10
6.98557e-10
6.98659e-10
6.98659e-10
6.98659e-10
6.9876e-10
6.9876e-10
6.9876e-10
6.98963e-10
6.98963e-10
6.98963e-10
6.99064e-10
6.99064e-10
6.99064e-10
6.99064e-10
6.99165e-10
6.99165e-10
6.99165e-10
6.99266e-10
6.99266e-10
6.99266e-10
6.99368e-10
6.99368e-10
6.99469e-10
6.99469e-10
6.99469e-10
6.99469e-10
6.99469e-10
6.99469e-10
6.99469e-10
6.9957e-10
6.9957e-10
6.9957e-10
6.99671e-10
6.99671e-10
6.99671e-10
6.99773e-10
6.99773e-10
6.99773e-10
6.99874e-10
6.99874e-10
6.99975e-10
7.00077e-10
7.00077e-10
7.00178e-10
7.00178e-10
7.00178e-10
7.00178e-10
7.00178e-10
7.00178e-10
7.00279e-10
7.0038e-10
7.0038e-10
7.0038e-10
7.0038e-10
7.00482e-10
7.00482e-10
7.00583e-10
7.00684e-10
7.00684e-10
7.00785e-10
7.00785e-10
7.00887e-10
7.00988e-10
7.00988e-10
7.00988e-10
7.01191e-10
7.01191e-10
7.01191e-10
7.01191e-10
7.01292e-10
7.01292e-10
7.01292e-10
7.01292e-10
7.01393e-10
7.01393e-10
7.01393e-10
7.01494e-10
7.01494e-10
7.01494e-10
7.01494e-10
7.01596e-10
7.01596e-10
7.01697e-10
7.01697e-10
7.01697e-10
7.01697e-10
7.01798e-10
7.01798e-10
7.01798e-10
7.01798e-10
7.01798e-10
7.01798e-10
7.01899e-10
7.01899e-10
7.01899e-10
7.01899e-10
7.01899e-10
7.02001e-10
7.02001e-10
7.02001e-10
7.02102e-10
7.02102e-10
7.02102e-10
7.02102e-10
7.02203e-10
7.02203e-10
7.02203e-10
7.02304e-10
7.02304e-10
7.02304e-10
7.02406e-10
7.02406e-10
7.02608e-10
7.02608e-10
7.02608e-10
7.02608e-10
7.0271e-10
7.0271e-10
7.0271e-10
7.02811e-10
7.02811e-10
7.02811e-10
7.02912e-10
7.02912e-10
7.02912e-10
7.02912e-10
7.02912e-10
7.02912e-10
7.03013e-10
7.03013e-10
7.03013e-10
7.03013e-10
7.03115e-10
7.03115e-10
7.03115e-10
7.03115e-10
7.03115e-10
7.03216e-10
7.03216e-10
7.03216e-10
7.03317e-10
7.03418e-10
7.0352e-10
7.0352e-10
7.03621e-10
7.03621e-10
7.03621e-10
7.03621e-10
7.03722e-10
7.03722e-10
7.03722e-10
7.03722e-10
7.03824e-10
7.03824e-10
7.03824e-10
7.03824e-10
7.03824e-10
7.03925e-10
7.03925e-10
7.03925e-10
7.04026e-10
7.04026e-10
7.04026e-10
7.04026e-10
7.04026e-10
7.04026e-10
7.04127e-10
7.04127e-10
7.04127e-10
7.04229e-10
7.04229e-10
7.04229e-10
7.0433e-10
7.0433e-10
7.0433e-10
7.0433e-10
7.0433e-10
7.04431e-10
7.04431e-10
7.04431e-10
7.04431e-10
7.04431e-10
7.04431e-10
7.04431e-10
7.04532e-10
7.04532e-10
7.04532e-10
7.04634e-10
7.04634e-10
7.04735e-10
7.04836e-10
7.04836e-10
7.04836e-10
7.04938e-10
7.05039e-10
7.05039e-10
7.05039e-10
7.05039e-10
7.05039e-10
7.05039e-10
7.0514e-10
7.0514e-10
7.0514e-10
7.0514e-10
7.05241e-10
7.05241e-10
7.05241e-10
7.05241e-10
7.05241e-10
7.05241e-10
7.05241e-10
7.05343e-10
7.05444e-10
7.05444e-10
7.05444e-10
7.05444e-10
7.05444e-10
7.05545e-10
7.05545e-10
7.05545e-10
7.05545e-10
7.05646e-10
7.05748e-10
7.05748e-10
7.05849e-10
7.05849e-10
7.05849e-10
7.05849e-10
7.0595e-10
7.0595e-10
7.0595e-10
7.0595e-10
7.0595e-10
7.0595e-10
7.06051e-10
7.06051e-10
7.06051e-10
7.06153e-10
7.06153e-10
7.06153e-10
7.06254e-10
7.06254e-10
7.06254e-10
7.06254e-10
7.06254e-10
7.06355e-10
7.06355e-10
7.06355e-10
7.06355e-10
7.06355e-10
7.06355e-10
7.06355e-10
7.06355e-10
7.06355e-10
7.06457e-10
7.06457e-10
7.06457e-10
7.06457e-10
7.06457e-10
7.06558e-10
7.06558e-10
7.06558e-10
7.06659e-10
7.0676e-10
7.0676e-10
7.0676e-10
7.0676e-10
7.0676e-10
7.06862e-10
7.06862e-10
7.06862e-10
7.06862e-10
7.06963e-10
7.07064e-10
7.07064e-10
7.07064e-10
7.07267e-10
7.07267e-10
7.07267e-10
7.07267e-10
7.07368e-10
7.07368e-10
7.07368e-10
7.07368e-10
7.07469e-10
7.07469e-10
7.07469e-10
7.07571e-10
7.07571e-10
7.07571e-10
7.07571e-10
7.07571e-10
7.07571e-10
7.07571e-10
7.07672e-10
7.07672e-10
7.07672e-10
7.07874e-10
7.07874e-10
7.07874e-10
7.07874e-10
7.07874e-10
7.07874e-10
7.07874e-10
7.07874e-10
7.07976e-10
7.07976e-10
7.07976e-10
7.08077e-10
7.08077e-10
7.08077e-10
7.08178e-10
7.08178e-10
7.08279e-10
7.08279e-10
7.08482e-10
7.08482e-10
7.08482e-10
7.08583e-10
7.08583e-10
7.08684e-10
7.08684e-10
7.08684e-10
7.08684e-10
7.08786e-10
7.08786e-10
7.08786e-10
7.08786e-10
7.08887e-10
7.08887e-10
7.08887e-10
7.08887e-10
7.08988e-10
7.08988e-10
7.0909e-10
7.0909e-10
7.0909e-10
7.0909e-10
7.09191e-10
7.09191e-10
7.09191e-10
7.09191e-10
7.09292e-10
7.09292e-10
7.09393e-10
7.09393e-10
7.09393e-10
7.09495e-10
7.09495e-10
7.09495e-10
7.09495e-10
7.09596e-10
7.09596e-10
7.09596e-10
7.09697e-10
7.09697e-10
7.09697e-10
7.09798e-10
7.09798e-10
7.099e-10
7.10001e-10
7.10001e-10
7.10001e-10
7.10102e-10
7.10102e-10
7.10204e-10
7.10204e-10
7.10204e-10
7.10204e-10
7.10204e-10
7.10204e-10
7.10305e-10
7.10305e-10
7.10305e-10
7.10406e-10
7.10406e-10
7.10406e-10
7.10406e-10
7.10406e-10
7.10406e-10
7.10507e-10
7.10507e-10
7.10507e-10
7.10507e-10
7.10609e-10
7.1071e-10
7.1071e-10
7.1071e-10
7.10811e-10
7.10912e-10
7.10912e-10
7.10912e-10
7.10912e-10
7.10912e-10
7.11115e-10
7.11115e-10
7.11115e-10
7.11115e-10
7.11216e-10
7.11216e-10
7.11216e-10
7.11216e-10
7.11216e-10
7.11216e-10
7.11318e-10
7.11419e-10
7.1152e-10
7.1152e-10
7.1152e-10
7.1152e-10
7.11621e-10
7.11723e-10
7.11723e-10
7.11723e-10
7.11824e-10
7.11824e-10
7.11925e-10
7.11925e-10
7.12026e-10
7.12026e-10
7.12026e-10
7.12128e-10
7.12229e-10
7.12533e-10
7.12533e-10
7.12533e-10
7.12533e-10
7.12634e-10
7.12735e-10
7.12735e-10
7.12837e-10
7.12938e-10
7.12938e-10
7.1314e-10
7.1314e-10
7.1314e-10
7.1314e-10
7.13242e-10
7.13343e-10
7.13343e-10
7.13343e-10
7.13343e-10
7.13343e-10
7.13444e-10
7.13545e-10
7.13545e-10
7.13545e-10
7.13545e-10
7.13545e-10
7.13647e-10
7.13647e-10
7.13748e-10
7.13951e-10
7.14052e-10
7.14052e-10
7.14052e-10
7.14153e-10
7.14153e-10
7.14153e-10
7.14457e-10
7.14558e-10
7.14761e-10
7.14761e-10
7.14761e-10
7.14761e-10
7.14761e-10
7.14862e-10
7.14963e-10
7.15065e-10
7.15065e-10
7.15267e-10
7.15368e-10
7.15368e-10
7.1547e-10
7.1547e-10
7.1547e-10
7.1547e-10
7.1547e-10
7.15571e-10
7.15672e-10
7.15672e-10
7.15672e-10
7.15672e-10
7.15672e-10
7.15672e-10
7.15875e-10
7.15875e-10
7.15976e-10
7.15976e-10
7.15976e-10
7.15976e-10
7.15976e-10
7.15976e-10
7.16178e-10
7.16178e-10
7.16381e-10
7.16482e-10
7.16482e-10
7.16482e-10
7.16887e-10
7.16887e-10
7.16989e-10
7.16989e-10
7.1709e-10
7.1709e-10
7.17191e-10
7.17394e-10
7.17394e-10
7.17394e-10
7.17495e-10
7.17495e-10
7.17596e-10
7.17596e-10
7.17698e-10
7.17799e-10
7.18001e-10
7.18103e-10
7.18103e-10
7.18204e-10
7.18204e-10
7.18305e-10
7.1871e-10
7.18812e-10
7.18812e-10
7.19115e-10
7.19217e-10
7.19217e-10
7.19318e-10
7.19419e-10
7.19419e-10
7.1952e-10
7.19622e-10
7.19723e-10
7.19723e-10
7.19723e-10
7.19824e-10
7.19925e-10
7.20027e-10
7.20027e-10
7.20027e-10
7.20027e-10
7.20027e-10
7.20229e-10
7.20229e-10
7.20229e-10
7.20331e-10
7.20533e-10
7.20533e-10
7.20533e-10
7.20634e-10
7.20634e-10
7.20837e-10
7.20938e-10
7.21141e-10
7.21242e-10
7.21343e-10
7.21343e-10
7.21343e-10
7.21445e-10
7.21546e-10
7.21546e-10
7.21647e-10
7.21748e-10
7.21951e-10
7.21951e-10
7.21951e-10
7.22052e-10
7.22052e-10
7.22052e-10
7.22153e-10
7.22255e-10
7.22255e-10
7.22255e-10
7.22356e-10
7.22457e-10
7.22457e-10
7.22559e-10
7.2266e-10
7.22964e-10
7.23065e-10
7.23065e-10
7.23065e-10
7.23166e-10
7.23166e-10
7.23369e-10
7.23369e-10
7.2347e-10
7.23571e-10
7.23571e-10
7.23571e-10
7.23774e-10
7.23774e-10
7.23774e-10
7.23774e-10
7.23976e-10
7.23976e-10
7.23976e-10
7.24078e-10
7.24179e-10
7.2428e-10
7.24786e-10
7.24786e-10
7.24989e-10
7.25192e-10
7.25394e-10
7.25394e-10
7.25698e-10
7.26002e-10
7.26103e-10
7.26407e-10
7.26609e-10
7.26711e-10
7.26812e-10
7.27014e-10
7.27217e-10
7.27318e-10
7.27521e-10
7.27521e-10
7.27521e-10
7.27622e-10
7.27723e-10
7.27926e-10
7.27926e-10
7.28027e-10
7.28027e-10
7.28128e-10
7.28331e-10
7.28533e-10
7.28939e-10
7.28939e-10
7.28939e-10
7.29242e-10
7.29445e-10
7.29546e-10
7.29647e-10
7.29749e-10
7.29749e-10
7.29951e-10
7.30052e-10
7.30154e-10
7.30356e-10
7.30458e-10
7.3066e-10
7.3066e-10
7.30761e-10
7.30863e-10
7.30964e-10
7.31166e-10
7.31369e-10
7.3147e-10
7.31572e-10
7.31572e-10
7.31673e-10
7.31875e-10
7.31977e-10
7.32179e-10
7.32382e-10
7.32787e-10
7.32888e-10
7.33091e-10
7.33496e-10
7.33799e-10
7.34103e-10
7.34205e-10
7.34205e-10
7.34306e-10
7.34508e-10
7.3461e-10
7.3461e-10
7.3461e-10
7.34913e-10
7.35015e-10
7.35217e-10
7.35217e-10
7.3542e-10
7.35521e-10
7.35622e-10
7.36129e-10
7.36129e-10
7.36331e-10
7.36635e-10
7.36635e-10
7.36736e-10
7.36838e-10
7.36939e-10
7.37648e-10
7.37648e-10
7.38053e-10
7.38154e-10
7.38255e-10
7.38357e-10
7.38458e-10
7.38762e-10
7.38762e-10
7.38964e-10
7.38964e-10
7.39369e-10
7.39369e-10
7.39369e-10
7.39572e-10
7.39572e-10
7.39572e-10
7.39977e-10
7.40585e-10
7.41293e-10
7.41395e-10
7.41496e-10
7.41699e-10
7.41699e-10
7.42509e-10
7.4261e-10
7.43319e-10
7.43319e-10
7.4342e-10
7.43521e-10
7.43521e-10
7.43724e-10
7.43825e-10
7.44028e-10
7.45243e-10
7.45952e-10
7.45952e-10
7.45952e-10
7.46965e-10
7.47268e-10
7.4737e-10
7.4737e-10
7.47673e-10
7.47775e-10
7.47977e-10
7.4818e-10
7.4818e-10
7.48484e-10
7.48787e-10
7.4899e-10
7.4899e-10
7.49699e-10
7.498e-10
7.50307e-10
7.50307e-10
7.5061e-10
7.51015e-10
7.51218e-10
7.51826e-10
7.51826e-10
7.51927e-10
7.52129e-10
7.53041e-10
7.53952e-10
7.53952e-10
7.54053e-10
7.5456e-10
7.54762e-10
7.54762e-10
7.55573e-10
7.57294e-10
7.57294e-10
7.57395e-10
7.58003e-10
7.58206e-10
7.58408e-10
7.58509e-10
7.59218e-10
7.5932e-10
7.59826e-10
7.60535e-10
7.6094e-10
7.62256e-10
7.62358e-10
7.62763e-10
7.62864e-10
7.62864e-10
7.63067e-10
7.63573e-10
7.64079e-10
7.64079e-10
7.64586e-10
7.64991e-10
7.657e-10
7.66003e-10
7.66003e-10
7.67016e-10
7.67219e-10
7.67219e-10
7.6732e-10
7.67725e-10
7.67826e-10
7.67826e-10
7.67928e-10
7.67928e-10
7.68535e-10
7.68738e-10
7.69852e-10
7.70155e-10
7.70561e-10
7.71573e-10
7.7208e-10
7.72586e-10
7.73092e-10
7.73396e-10
7.73801e-10
7.73902e-10
7.74004e-10
7.74713e-10
7.75016e-10
7.75118e-10
7.76029e-10
7.7613e-10
7.77953e-10
7.78055e-10
7.78257e-10
7.78561e-10
7.79168e-10
7.79675e-10
7.80485e-10
7.80688e-10
7.81903e-10
7.82207e-10
7.82409e-10
7.82409e-10
7.83422e-10
7.83422e-10
7.83523e-10
7.83928e-10
7.84029e-10
7.84232e-10
7.84333e-10
7.84333e-10
7.84536e-10
7.84637e-10
7.85447e-10
7.85852e-10
7.85954e-10
7.86156e-10
7.8646e-10
7.86662e-10
7.86764e-10
7.86764e-10
7.88283e-10
7.88688e-10
7.88789e-10
7.8889e-10
7.89397e-10
7.90207e-10
7.90511e-10
7.90713e-10
7.90815e-10
7.9122e-10
7.9122e-10
7.91523e-10
7.91726e-10
7.92131e-10
7.92232e-10
7.92435e-10
7.92739e-10
7.9284e-10
7.93144e-10
7.93144e-10
7.93346e-10
7.93448e-10
7.93549e-10
7.9365e-10
7.94055e-10
7.94258e-10
7.9446e-10
7.94663e-10
7.9527e-10
7.95473e-10
7.95473e-10
7.95676e-10
7.95979e-10
7.96081e-10
7.96992e-10
7.97701e-10
7.97903e-10
7.98106e-10
7.98207e-10
7.98714e-10
7.98815e-10
7.9922e-10
7.9922e-10
7.99726e-10
8.00131e-10
8.00435e-10
8.00739e-10
8.01043e-10
8.01144e-10
8.01448e-10
8.01752e-10
8.01752e-10
8.02157e-10
8.02258e-10
8.02359e-10
8.02866e-10
8.03068e-10
8.03473e-10
8.03676e-10
8.03777e-10
8.03777e-10
8.03878e-10
8.0398e-10
8.04283e-10
8.04283e-10
8.0479e-10
8.05094e-10
8.05195e-10
8.06106e-10
8.06106e-10
8.06309e-10
8.06309e-10
8.06309e-10
8.06815e-10
8.07119e-10
8.07119e-10
8.0722e-10
8.07625e-10
8.07625e-10
8.0803e-10
8.0803e-10
8.08132e-10
8.08132e-10
8.08132e-10
8.08233e-10
8.08334e-10
8.08739e-10
8.08739e-10
8.08942e-10
8.08942e-10
8.08942e-10
8.09347e-10
8.09448e-10
8.09651e-10
8.09955e-10
8.10157e-10
8.1036e-10
8.10562e-10
8.10663e-10
8.11069e-10
8.11069e-10
8.11777e-10
8.12183e-10
8.12284e-10
8.12284e-10
8.12486e-10
8.12689e-10
8.12891e-10
8.12993e-10
8.13195e-10
8.13296e-10
8.13499e-10
8.13499e-10
8.136e-10
8.136e-10
8.13702e-10
8.14613e-10
8.14816e-10
8.14917e-10
8.14917e-10
8.15119e-10
8.15221e-10
8.15423e-10
8.15423e-10
8.15524e-10
8.15626e-10
8.15626e-10
8.15828e-10
8.16132e-10
8.16132e-10
8.16233e-10
8.16841e-10
8.16841e-10
8.16942e-10
8.17449e-10
8.1755e-10
8.17651e-10
8.17752e-10
8.18056e-10
8.18157e-10
8.18664e-10
8.18765e-10
8.18968e-10
8.19069e-10
8.19069e-10
8.19373e-10
8.20082e-10
8.20183e-10
8.20183e-10
8.20487e-10
8.2079e-10
8.20892e-10
8.21094e-10
8.21297e-10
8.21499e-10
8.21601e-10
8.21601e-10
8.21702e-10
8.21904e-10
8.22006e-10
8.22107e-10
8.22208e-10
8.22411e-10
8.22411e-10
8.22411e-10
8.22512e-10
8.22613e-10
8.22816e-10
8.22917e-10
8.23018e-10
8.23424e-10
8.23525e-10
8.23626e-10
8.23727e-10
8.24031e-10
8.24132e-10
8.24436e-10
8.24436e-10
8.24537e-10
8.24537e-10
8.24537e-10
8.24537e-10
8.2474e-10
8.2474e-10
8.24841e-10
8.24943e-10
8.24943e-10
8.25246e-10
8.25246e-10
8.25348e-10
8.25348e-10
8.2555e-10
8.25651e-10
8.25651e-10
8.25651e-10
8.25753e-10
8.25753e-10
8.25854e-10
8.25955e-10
8.26158e-10
8.2636e-10
8.26563e-10
8.26867e-10
8.26968e-10
8.27069e-10
8.27171e-10
8.27373e-10
8.27981e-10
8.28183e-10
8.28284e-10
8.28892e-10
8.29095e-10
8.295e-10
8.295e-10
8.29601e-10
8.29601e-10
8.30006e-10
8.30107e-10
8.30107e-10
8.30411e-10
8.30614e-10
8.30917e-10
8.31221e-10
8.3193e-10
8.32031e-10
8.32234e-10
8.32234e-10
8.32335e-10
8.32437e-10
8.32437e-10
8.32538e-10
8.32639e-10
8.32943e-10
8.33044e-10
8.33044e-10
8.33551e-10
8.33551e-10
8.33551e-10
8.33652e-10
8.33652e-10
8.33854e-10
8.33956e-10
8.34158e-10
8.34158e-10
8.34563e-10
8.34664e-10
8.3507e-10
8.35171e-10
8.35171e-10
8.35475e-10
8.35677e-10
8.35677e-10
8.35778e-10
8.35778e-10
8.35778e-10
8.3588e-10
8.36082e-10
8.36082e-10
8.36082e-10
8.36184e-10
8.36184e-10
8.36184e-10
8.36184e-10
8.36184e-10
8.36184e-10
8.36285e-10
8.36386e-10
8.36487e-10
8.36487e-10
8.36589e-10
8.36589e-10
8.36589e-10
8.3669e-10
8.3669e-10
8.36791e-10
8.36791e-10
8.36791e-10
8.36791e-10
8.36791e-10
8.36791e-10
8.36892e-10
8.36892e-10
8.36892e-10
8.36994e-10
8.36994e-10
8.36994e-10
8.37095e-10
8.37095e-10
8.37095e-10
8.37095e-10
8.37095e-10
8.37095e-10
8.37196e-10
8.37196e-10
8.37298e-10
8.37298e-10
8.37399e-10
8.37601e-10
8.37601e-10
8.37601e-10
8.37601e-10
8.37601e-10
8.37703e-10
8.37703e-10
8.37703e-10
8.37703e-10
8.37804e-10
8.37905e-10
8.38006e-10
8.38006e-10
8.38006e-10
8.38006e-10
8.38108e-10
8.38108e-10
8.38108e-10
8.38108e-10
8.38108e-10
8.38209e-10
8.38209e-10
8.38209e-10
8.38209e-10
8.38209e-10
8.3831e-10
8.3831e-10
8.3831e-10
8.3831e-10
8.38411e-10
8.38513e-10
8.38513e-10
8.38513e-10
8.38513e-10
8.38513e-10
8.38513e-10
8.38513e-10
8.38513e-10
8.38513e-10
8.38614e-10
8.38715e-10
8.38817e-10
8.38817e-10
8.38817e-10
8.38817e-10
8.38918e-10
8.38918e-10
8.38918e-10
8.39019e-10
8.39019e-10
8.39019e-10
8.3912e-10
8.3912e-10
8.3912e-10
8.3912e-10
8.3912e-10
8.39222e-10
8.39222e-10
8.39222e-10
8.39222e-10
8.39323e-10
8.39323e-10
8.39323e-10
8.39323e-10
8.39424e-10
8.39424e-10
8.39424e-10
8.39424e-10
8.39424e-10
8.39424e-10
8.39525e-10
8.39525e-10
8.39525e-10
8.39525e-10
8.39627e-10
8.39627e-10
8.39627e-10
8.39728e-10
8.39728e-10
8.39728e-10
8.39728e-10
8.39728e-10
8.39728e-10
8.39728e-10
8.39728e-10
8.39829e-10
8.39829e-10
8.39829e-10
8.39931e-10
8.39931e-10
8.39931e-10
8.39931e-10
8.39931e-10
8.39931e-10
8.40032e-10
8.40032e-10
8.40032e-10
8.40032e-10
8.40032e-10
8.40032e-10
8.40133e-10
8.40133e-10
8.40133e-10
8.40133e-10
8.40133e-10
8.40133e-10
8.40234e-10
8.40234e-10
8.40234e-10
8.40234e-10
8.40234e-10
8.40336e-10
8.40336e-10
8.40336e-10
8.40336e-10
8.40437e-10
8.40437e-10
8.40437e-10
8.40437e-10
8.40437e-10
8.40437e-10
8.40538e-10
8.40538e-10
8.40538e-10
8.40538e-10
8.40538e-10
8.40538e-10
8.40538e-10
8.40538e-10
8.40639e-10
8.40639e-10
8.40639e-10
8.40639e-10
8.40639e-10
8.40639e-10
8.40639e-10
8.40741e-10
8.40741e-10
8.40741e-10
8.40741e-10
8.40741e-10
8.40741e-10
8.40741e-10
8.40741e-10
8.40741e-10
8.40741e-10
8.40842e-10
8.40842e-10
8.40842e-10
8.40842e-10
8.40842e-10
8.40842e-10
8.40842e-10
8.40842e-10
8.40943e-10
8.40943e-10
8.40943e-10
8.40943e-10
8.40943e-10
8.41045e-10
8.41045e-10
8.41045e-10
8.41045e-10
8.41045e-10
8.41045e-10
8.41045e-10
8.41045e-10
8.41045e-10
8.41045e-10
8.41045e-10
8.41045e-10
8.41045e-10
8.41045e-10
8.41045e-10
8.41146e-10
8.41146e-10
8.41146e-10
8.41146e-10
8.41146e-10
8.41146e-10
8.41146e-10
8.41146e-10
8.41146e-10
8.41146e-10
8.41146e-10
8.41146e-10
8.41146e-10
8.41146e-10
8.41146e-10
8.41247e-10
8.41247e-10
8.41247e-10
8.41247e-10
8.41247e-10
8.41247e-10
8.41247e-10
8.41247e-10
8.41247e-10
8.41247e-10
8.41348e-10
8.41348e-10
8.41348e-10
8.41348e-10
8.41348e-10
8.41348e-10
8.41348e-10
8.41348e-10
8.4145e-10
8.4145e-10
8.4145e-10
8.4145e-10
8.4145e-10
8.4145e-10
8.4145e-10
8.4145e-10
8.4145e-10
8.4145e-10
8.41551e-10
8.41551e-10
8.41551e-10
8.41551e-10
8.41551e-10
8.41551e-10
8.41551e-10
8.41551e-10
8.41551e-10
8.41551e-10
8.41551e-10
8.41551e-10
8.41652e-10
8.41652e-10
8.41652e-10
8.41652e-10
8.41652e-10
8.41652e-10
8.41652e-10
8.41652e-10
8.41652e-10
8.41652e-10
8.41652e-10
8.41652e-10
8.41753e-10
8.41753e-10
8.41753e-10
8.41753e-10
8.41753e-10
8.41753e-10
8.41753e-10
8.41753e-10
8.41753e-10
8.41753e-10
8.41753e-10
8.41855e-10
8.41855e-10
8.41855e-10
8.41855e-10
8.41855e-10
8.41855e-10
8.41855e-10
8.41855e-10
8.41855e-10
8.41956e-10
8.41956e-10
8.41956e-10
8.41956e-10
8.41956e-10
8.41956e-10
8.41956e-10
8.41956e-10
8.41956e-10
8.41956e-10
8.41956e-10
8.42057e-10
8.42057e-10
8.42057e-10
8.42057e-10
8.42057e-10
8.42057e-10
8.42057e-10
8.42057e-10
8.42057e-10
8.42057e-10
8.42057e-10
8.42057e-10
8.42057e-10
8.42057e-10
8.42158e-10
8.42158e-10
8.42158e-10
8.42158e-10
8.42158e-10
8.42158e-10
8.42158e-10
8.42158e-10
8.4226e-10
8.4226e-10
8.4226e-10
8.4226e-10
8.4226e-10
8.4226e-10
8.4226e-10
8.4226e-10
8.4226e-10
8.4226e-10
8.4226e-10
8.4226e-10
8.42361e-10
8.42361e-10
8.42361e-10
8.42361e-10
8.42361e-10
8.42361e-10
8.42361e-10
8.42361e-10
8.42361e-10
8.42361e-10
8.42361e-10
8.42361e-10
8.42462e-10
8.42462e-10
8.42462e-10
8.42462e-10
8.42462e-10
8.42462e-10
8.42462e-10
8.42462e-10
8.42462e-10
8.42462e-10
8.42462e-10
8.42462e-10
8.42462e-10
8.42462e-10
8.42462e-10
8.42462e-10
8.42462e-10
8.42564e-10
8.42564e-10
8.42564e-10
8.42564e-10
8.42564e-10
8.42564e-10
8.42564e-10
8.42564e-10
8.42564e-10
8.42564e-10
8.42564e-10
8.42564e-10
8.42564e-10
8.42564e-10
8.42665e-10
8.42665e-10
8.42665e-10
8.42665e-10
8.42665e-10
8.42665e-10
8.42665e-10
8.42665e-10
8.42665e-10
8.42665e-10
8.42665e-10
8.42665e-10
8.42665e-10
8.42665e-10
8.42665e-10
8.42665e-10
8.42665e-10
8.42665e-10
8.42665e-10
8.42665e-10
8.42766e-10
8.42766e-10
8.42766e-10
8.42766e-10
8.42766e-10
8.42766e-10
8.42766e-10
8.42766e-10
8.42766e-10
8.42766e-10
8.42867e-10
8.42867e-10
8.42867e-10
8.42867e-10
8.42867e-10
8.42867e-10
8.42867e-10
8.42867e-10
8.42867e-10
8.42867e-10
8.42867e-10
8.42867e-10
8.42867e-10
8.42867e-10
8.42867e-10
8.42867e-10
8.42969e-10
8.42969e-10
8.42969e-10
8.42969e-10
8.42969e-10
8.42969e-10
8.42969e-10
8.42969e-10
8.4307e-10
8.4307e-10
8.4307e-10
8.4307e-10
8.4307e-10
8.4307e-10
8.4307e-10
8.4307e-10
8.4307e-10
8.4307e-10
8.4307e-10
8.4307e-10
8.43171e-10
8.43171e-10
8.43171e-10
8.43171e-10
8.43171e-10
8.43171e-10
8.43171e-10
8.43272e-10
8.43272e-10
8.43272e-10
8.43272e-10
8.43272e-10
8.43272e-10
8.43272e-10
8.43272e-10
8.43272e-10
8.43272e-10
8.43272e-10
8.43272e-10
8.43272e-10
8.43374e-10
8.43374e-10
8.43374e-10
8.43374e-10
8.43374e-10
8.43374e-10
8.43374e-10
8.43374e-10
8.43374e-10
8.43374e-10
8.43374e-10
8.43475e-10
8.43475e-10
8.43475e-10
8.43475e-10
8.43475e-10
8.43475e-10
8.43475e-10
8.43475e-10
8.43475e-10
8.43475e-10
8.43475e-10
8.43475e-10
8.43475e-10
8.43475e-10
8.43576e-10
8.43576e-10
8.43576e-10
8.43576e-10
8.43576e-10
8.43576e-10
8.43576e-10
8.43576e-10
8.43576e-10
8.43576e-10
8.43576e-10
8.43576e-10
8.43576e-10
8.43678e-10
8.43678e-10
8.43678e-10
8.43678e-10
8.43678e-10
8.43678e-10
8.43678e-10
8.43678e-10
8.43678e-10
8.43678e-10
8.43678e-10
8.43678e-10
8.43678e-10
8.43678e-10
8.43678e-10
8.43678e-10
8.43678e-10
8.43678e-10
8.43678e-10
8.43678e-10
8.43779e-10
8.43779e-10
8.43779e-10
8.43779e-10
8.43779e-10
8.43779e-10
8.43779e-10
8.43779e-10
8.43779e-10
8.43779e-10
