6.93899e-10
6.93899e-10
6.94102e-10
6.94102e-10
6.94203e-10
6.94203e-10
6.94203e-10
6.94203e-10
6.94304e-10
6.94405e-10
6.94709e-10
6.94912e-10
6.94912e-10
6.94912e-10
6.95013e-10
6.95216e-10
6.95519e-10
6.95519e-10
6.95722e-10
6.95924e-10
6.95924e-10
6.96127e-10
6.96735e-10
6.96836e-10
6.96937e-10
6.97545e-10
6.97849e-10
6.98659e-10
6.9876e-10
6.98861e-10
6.98963e-10
6.99064e-10
6.99469e-10
6.99469e-10
6.99671e-10
7.01292e-10
7.01393e-10
7.02608e-10
7.0271e-10
7.03115e-10
7.03115e-10
7.03925e-10
7.04229e-10
7.04532e-10
7.04735e-10
7.04836e-10
7.04938e-10
7.04938e-10
7.05545e-10
7.05748e-10
7.0595e-10
7.06153e-10
7.08786e-10
7.10305e-10
7.10406e-10
7.12533e-10
7.13647e-10
7.13748e-10
7.14558e-10
7.19217e-10
7.20331e-10
7.22255e-10
7.25495e-10
7.28432e-10
7.4504e-10
7.54256e-10
7.55471e-10
8.12486e-10
8.14917e-10
8.2231e-10
8.22613e-10
8.24537e-10
8.25145e-10
8.25449e-10
8.26259e-10
8.26563e-10
8.27171e-10
8.27373e-10
8.27576e-10
8.28082e-10
8.29601e-10
8.31424e-10
8.3193e-10
8.32639e-10
8.33044e-10
8.33145e-10
8.33551e-10
8.33956e-10
8.34563e-10
8.34563e-10
8.3507e-10
8.35272e-10
8.36082e-10
8.36285e-10
8.36892e-10
8.37196e-10
8.37196e-10
8.37399e-10
8.37601e-10
8.37703e-10
8.37905e-10
8.38108e-10
8.3831e-10
8.38411e-10
8.39019e-10
8.40032e-10
8.40336e-10
8.42867e-10
8.43374e-10
8.43475e-10
8.43475e-10
