6.94e-10
6.94102e-10
6.94102e-10
6.94304e-10
6.94405e-10
6.9481e-10
6.95317e-10
6.95317e-10
6.95621e-10
6.95722e-10
6.96026e-10
6.96127e-10
6.96228e-10
6.96633e-10
6.96836e-10
6.96836e-10
6.96937e-10
6.97038e-10
6.9714e-10
6.97241e-10
6.97342e-10
6.97444e-10
6.97646e-10
6.97747e-10
6.97747e-10
6.97849e-10
6.98051e-10
6.98659e-10
6.99874e-10
6.99874e-10
6.99975e-10
6.99975e-10
7.01089e-10
7.01494e-10
7.01697e-10
7.01697e-10
7.02406e-10
7.0271e-10
7.0271e-10
7.02811e-10
7.03418e-10
7.0352e-10
7.03621e-10
7.03824e-10
7.04938e-10
7.05646e-10
7.05646e-10
7.07469e-10
7.07672e-10
7.07773e-10
7.07874e-10
7.08887e-10
7.08887e-10
7.12128e-10
7.15672e-10
7.21141e-10
7.23065e-10
7.2347e-10
7.38255e-10
7.44635e-10
7.61142e-10
7.64079e-10
8.1674e-10
8.19677e-10
8.20487e-10
8.21702e-10
8.23626e-10
8.2393e-10
8.25145e-10
8.27576e-10
8.2869e-10
8.29702e-10
8.30006e-10
8.30512e-10
8.30614e-10
8.30816e-10
8.32437e-10
8.34361e-10
8.34563e-10
8.35272e-10
8.35981e-10
8.36285e-10
8.3669e-10
8.37399e-10
8.37905e-10
8.37905e-10
8.38209e-10
8.40336e-10
8.40336e-10
8.40639e-10
8.41855e-10
8.4226e-10
8.42361e-10
8.42564e-10
8.42766e-10
8.42867e-10
8.43272e-10
8.43475e-10
