6.93899e-10
6.93899e-10
6.93899e-10
6.93899e-10
6.93899e-10
6.93899e-10
6.93899e-10
6.93899e-10
6.94e-10
6.94e-10
6.94e-10
6.94e-10
6.94e-10
6.94e-10
6.94e-10
6.94e-10
6.94e-10
6.94102e-10
6.94102e-10
6.94102e-10
6.94102e-10
6.94102e-10
6.94102e-10
6.94102e-10
6.94102e-10
6.94102e-10
6.94102e-10
6.94203e-10
6.94203e-10
6.94203e-10
6.94203e-10
6.94203e-10
6.94203e-10
6.94203e-10
6.94203e-10
6.94203e-10
6.94304e-10
6.94304e-10
6.94304e-10
6.94304e-10
6.94304e-10
6.94304e-10
6.94405e-10
6.94405e-10
6.94405e-10
6.94507e-10
6.94507e-10
6.94507e-10
6.94507e-10
6.94608e-10
6.94608e-10
6.94608e-10
6.94608e-10
6.94608e-10
6.94608e-10
6.94608e-10
6.94608e-10
6.94608e-10
6.94709e-10
6.94709e-10
6.94709e-10
6.94709e-10
6.94709e-10
6.94709e-10
6.94709e-10
6.9481e-10
6.9481e-10
6.9481e-10
6.9481e-10
6.9481e-10
6.9481e-10
6.9481e-10
6.9481e-10
6.9481e-10
6.9481e-10
6.9481e-10
6.94912e-10
6.94912e-10
6.94912e-10
6.94912e-10
6.94912e-10
6.94912e-10
6.94912e-10
6.95013e-10
6.95013e-10
6.95013e-10
6.95013e-10
6.95013e-10
6.95114e-10
6.95114e-10
6.95114e-10
6.95114e-10
6.95114e-10
6.95114e-10
6.95114e-10
6.95216e-10
6.95216e-10
6.95216e-10
6.95216e-10
6.95216e-10
6.95216e-10
6.95216e-10
6.95216e-10
6.95216e-10
6.95216e-10
6.95216e-10
6.95216e-10
6.95216e-10
6.95317e-10
6.95317e-10
6.95317e-10
6.95317e-10
6.95317e-10
6.95418e-10
6.95418e-10
6.95418e-10
6.95418e-10
6.95418e-10
6.95418e-10
6.95519e-10
6.95519e-10
6.95519e-10
6.95519e-10
6.95519e-10
6.95519e-10
6.95621e-10
6.95621e-10
6.95621e-10
6.95722e-10
6.95722e-10
6.95722e-10
6.95823e-10
6.95823e-10
6.95823e-10
6.95823e-10
6.95823e-10
6.95823e-10
6.95823e-10
6.95823e-10
6.95823e-10
6.95823e-10
6.95924e-10
6.95924e-10
6.95924e-10
6.95924e-10
6.95924e-10
6.95924e-10
6.95924e-10
6.96026e-10
6.96026e-10
6.96026e-10
6.96026e-10
6.96026e-10
6.96127e-10
6.96127e-10
6.96127e-10
6.96127e-10
6.96228e-10
6.96228e-10
6.96228e-10
6.96228e-10
6.96228e-10
6.96228e-10
6.96228e-10
6.96228e-10
6.96228e-10
6.9633e-10
6.9633e-10
6.9633e-10
6.9633e-10
6.9633e-10
6.96431e-10
6.96431e-10
6.96431e-10
6.96431e-10
6.96431e-10
6.96431e-10
6.96532e-10
6.96532e-10
6.96532e-10
6.96532e-10
6.96532e-10
6.96532e-10
6.96532e-10
6.96532e-10
6.96532e-10
6.96633e-10
6.96633e-10
6.96633e-10
6.96633e-10
6.96633e-10
6.96633e-10
6.96633e-10
6.96735e-10
6.96735e-10
6.96735e-10
6.96735e-10
6.96735e-10
6.96735e-10
6.96735e-10
6.96836e-10
6.96836e-10
6.96836e-10
6.96836e-10
6.96937e-10
6.96937e-10
6.96937e-10
6.97038e-10
6.97038e-10
6.97038e-10
6.97038e-10
6.97038e-10
6.97038e-10
6.97038e-10
6.97038e-10
6.9714e-10
6.9714e-10
6.9714e-10
6.9714e-10
6.9714e-10
6.9714e-10
6.97241e-10
6.97241e-10
6.97241e-10
6.97342e-10
6.97342e-10
6.97342e-10
6.97342e-10
6.97342e-10
6.97342e-10
6.97444e-10
6.97444e-10
6.97444e-10
6.97444e-10
6.97444e-10
6.97444e-10
6.97444e-10
6.97444e-10
6.97444e-10
6.97545e-10
6.97545e-10
6.97545e-10
6.97545e-10
6.97545e-10
6.97646e-10
6.97646e-10
6.97646e-10
6.97747e-10
6.97747e-10
6.97747e-10
6.97747e-10
6.97747e-10
6.97747e-10
6.97747e-10
6.97747e-10
6.97747e-10
6.97747e-10
6.97747e-10
6.97747e-10
6.97747e-10
6.97747e-10
6.97747e-10
6.97747e-10
6.97849e-10
6.97849e-10
6.97849e-10
6.97849e-10
6.97849e-10
6.97849e-10
6.9795e-10
6.9795e-10
6.9795e-10
6.9795e-10
6.9795e-10
6.9795e-10
6.9795e-10
6.9795e-10
6.9795e-10
6.98051e-10
6.98051e-10
6.98051e-10
6.98051e-10
6.98051e-10
6.98051e-10
6.98152e-10
6.98152e-10
6.98152e-10
6.98152e-10
6.98152e-10
6.98152e-10
6.98152e-10
6.98152e-10
6.98152e-10
6.98254e-10
6.98254e-10
6.98254e-10
6.98254e-10
6.98254e-10
6.98355e-10
6.98355e-10
6.98355e-10
6.98355e-10
6.98456e-10
6.98456e-10
6.98456e-10
6.98456e-10
6.98456e-10
6.98456e-10
6.98456e-10
6.98456e-10
6.98456e-10
6.98456e-10
6.98557e-10
6.98557e-10
6.98557e-10
6.98557e-10
6.98557e-10
6.98557e-10
6.98557e-10
6.98557e-10
6.98557e-10
6.98557e-10
6.98557e-10
6.98557e-10
6.98659e-10
6.98659e-10
6.98659e-10
6.98659e-10
6.98659e-10
6.9876e-10
6.9876e-10
6.9876e-10
6.98861e-10
6.98861e-10
6.98861e-10
6.98963e-10
6.98963e-10
6.98963e-10
6.98963e-10
6.98963e-10
6.99064e-10
6.99064e-10
6.99064e-10
6.99064e-10
6.99064e-10
6.99064e-10
6.99064e-10
6.99064e-10
6.99064e-10
6.99064e-10
6.99165e-10
6.99165e-10
6.99165e-10
6.99266e-10
6.99266e-10
6.99266e-10
6.99266e-10
6.99266e-10
6.99266e-10
6.99266e-10
6.99266e-10
6.99368e-10
6.99368e-10
6.99368e-10
6.99368e-10
6.99368e-10
6.99368e-10
6.99368e-10
6.99368e-10
6.99368e-10
6.99469e-10
6.99469e-10
6.99469e-10
6.99469e-10
6.99469e-10
6.9957e-10
6.9957e-10
6.9957e-10
6.99671e-10
6.99671e-10
6.99671e-10
6.99671e-10
6.99671e-10
6.99773e-10
6.99773e-10
6.99773e-10
6.99773e-10
6.99773e-10
6.99874e-10
6.99874e-10
6.99874e-10
6.99874e-10
6.99874e-10
6.99975e-10
6.99975e-10
6.99975e-10
6.99975e-10
6.99975e-10
6.99975e-10
6.99975e-10
6.99975e-10
7.00077e-10
7.00077e-10
7.00077e-10
7.00077e-10
7.00178e-10
7.00178e-10
7.00178e-10
7.00279e-10
7.00279e-10
7.00279e-10
7.00279e-10
7.00279e-10
7.00279e-10
7.00279e-10
7.00279e-10
7.0038e-10
7.0038e-10
7.0038e-10
7.0038e-10
7.0038e-10
7.00482e-10
7.00482e-10
7.00482e-10
7.00482e-10
7.00482e-10
7.00482e-10
7.00583e-10
7.00583e-10
7.00583e-10
7.00583e-10
7.00583e-10
7.00583e-10
7.00583e-10
7.00684e-10
7.00684e-10
7.00684e-10
7.00684e-10
7.00684e-10
7.00684e-10
7.00785e-10
7.00785e-10
7.00785e-10
7.00785e-10
7.00887e-10
7.00887e-10
7.00887e-10
7.00887e-10
7.00887e-10
7.00887e-10
7.00887e-10
7.00887e-10
7.00988e-10
7.00988e-10
7.00988e-10
7.00988e-10
7.00988e-10
7.00988e-10
7.01089e-10
7.01089e-10
7.01089e-10
7.01089e-10
7.01089e-10
7.01089e-10
7.01089e-10
7.01089e-10
7.01089e-10
7.01191e-10
7.01191e-10
7.01191e-10
7.01292e-10
7.01292e-10
7.01292e-10
7.01393e-10
7.01393e-10
7.01393e-10
7.01393e-10
7.01393e-10
7.01393e-10
7.01494e-10
7.01494e-10
7.01494e-10
7.01494e-10
7.01494e-10
7.01596e-10
7.01596e-10
7.01596e-10
7.01596e-10
7.01596e-10
7.01697e-10
7.01697e-10
7.01697e-10
7.01697e-10
7.01697e-10
7.01697e-10
7.01697e-10
7.01697e-10
7.01697e-10
7.01798e-10
7.01798e-10
7.01899e-10
7.01899e-10
7.01899e-10
7.01899e-10
7.01899e-10
7.01899e-10
7.01899e-10
7.02001e-10
7.02001e-10
7.02001e-10
7.02001e-10
7.02001e-10
7.02001e-10
7.02001e-10
7.02102e-10
7.02102e-10
7.02102e-10
7.02102e-10
7.02102e-10
7.02102e-10
7.02203e-10
7.02203e-10
7.02203e-10
7.02304e-10
7.02304e-10
7.02304e-10
7.02304e-10
7.02304e-10
7.02304e-10
7.02304e-10
7.02304e-10
7.02304e-10
7.02406e-10
7.02406e-10
7.02406e-10
7.02406e-10
7.02406e-10
7.02507e-10
7.02507e-10
7.02507e-10
7.02507e-10
7.02507e-10
7.02507e-10
7.02608e-10
7.02608e-10
7.02608e-10
7.02608e-10
7.02608e-10
7.02608e-10
7.02608e-10
7.02608e-10
7.02608e-10
7.02608e-10
7.02608e-10
7.02608e-10
7.0271e-10
7.0271e-10
7.0271e-10
7.0271e-10
7.02811e-10
7.02811e-10
7.02811e-10
7.02811e-10
7.02811e-10
7.02912e-10
7.02912e-10
7.02912e-10
7.02912e-10
7.02912e-10
7.02912e-10
7.02912e-10
7.02912e-10
7.02912e-10
7.03013e-10
7.03115e-10
7.03115e-10
7.03115e-10
7.03115e-10
7.03115e-10
7.03115e-10
7.03115e-10
7.03115e-10
7.03115e-10
7.03115e-10
7.03216e-10
7.03216e-10
7.03216e-10
7.03216e-10
7.03317e-10
7.03317e-10
7.03317e-10
7.03317e-10
7.03317e-10
7.03317e-10
7.03317e-10
7.03418e-10
7.03418e-10
7.03418e-10
7.03418e-10
7.03418e-10
7.03418e-10
7.03418e-10
7.03418e-10
7.03418e-10
7.0352e-10
7.0352e-10
7.0352e-10
7.0352e-10
7.0352e-10
7.0352e-10
7.03621e-10
7.03621e-10
7.03621e-10
7.03621e-10
7.03621e-10
7.03621e-10
7.03722e-10
7.03722e-10
7.03722e-10
7.03722e-10
7.03722e-10
7.03722e-10
7.03722e-10
7.03722e-10
7.03722e-10
7.03824e-10
7.03824e-10
7.03824e-10
7.03824e-10
7.03824e-10
7.03824e-10
7.03824e-10
7.03824e-10
7.03925e-10
7.03925e-10
7.03925e-10
7.03925e-10
7.03925e-10
7.03925e-10
7.03925e-10
7.04026e-10
7.04026e-10
7.04026e-10
7.04026e-10
7.04026e-10
7.04026e-10
7.04127e-10
7.04127e-10
7.04229e-10
7.04229e-10
7.04229e-10
7.04229e-10
7.04229e-10
7.04229e-10
7.04229e-10
7.0433e-10
7.0433e-10
7.0433e-10
7.0433e-10
7.0433e-10
7.0433e-10
7.0433e-10
7.0433e-10
7.0433e-10
7.04431e-10
7.04431e-10
7.04431e-10
7.04431e-10
7.04431e-10
7.04431e-10
7.04431e-10
7.04431e-10
7.04431e-10
7.04431e-10
7.04532e-10
7.04532e-10
7.04532e-10
7.04532e-10
7.04532e-10
7.04532e-10
7.04532e-10
7.04532e-10
7.04532e-10
7.04532e-10
7.04532e-10
7.04532e-10
7.04532e-10
7.04634e-10
7.04634e-10
7.04634e-10
7.04634e-10
7.04634e-10
7.04634e-10
7.04634e-10
7.04735e-10
7.04735e-10
7.04735e-10
7.04735e-10
7.04735e-10
7.04735e-10
7.04735e-10
7.04836e-10
7.04836e-10
7.04836e-10
7.04836e-10
7.04836e-10
7.04836e-10
7.04836e-10
7.04938e-10
7.04938e-10
7.04938e-10
7.04938e-10
7.04938e-10
7.04938e-10
7.04938e-10
7.05039e-10
7.05039e-10
7.05039e-10
7.0514e-10
7.0514e-10
7.0514e-10
7.0514e-10
7.0514e-10
7.05241e-10
7.05241e-10
7.05241e-10
7.05241e-10
7.05241e-10
7.05343e-10
7.05343e-10
7.05343e-10
7.05343e-10
7.05444e-10
7.05444e-10
7.05444e-10
7.05444e-10
7.05444e-10
7.05444e-10
7.05545e-10
7.05545e-10
7.05545e-10
7.05545e-10
7.05545e-10
7.05545e-10
7.05646e-10
7.05646e-10
7.05646e-10
7.05646e-10
7.05646e-10
7.05646e-10
7.05646e-10
7.05748e-10
7.05748e-10
7.05748e-10
7.05748e-10
7.05748e-10
7.05748e-10
7.05748e-10
7.05849e-10
7.05849e-10
7.05849e-10
7.05849e-10
7.05849e-10
7.0595e-10
7.0595e-10
7.0595e-10
7.0595e-10
7.0595e-10
7.0595e-10
7.06051e-10
7.06051e-10
7.06051e-10
7.06051e-10
7.06051e-10
7.06051e-10
7.06051e-10
7.06153e-10
7.06153e-10
7.06153e-10
7.06153e-10
7.06254e-10
7.06254e-10
7.06254e-10
7.06254e-10
7.06254e-10
7.06355e-10
7.06355e-10
7.06355e-10
7.06355e-10
7.06355e-10
7.06355e-10
7.06355e-10
7.06355e-10
7.06355e-10
7.06457e-10
7.06457e-10
7.06457e-10
7.06457e-10
7.06457e-10
7.06457e-10
7.06558e-10
7.06558e-10
7.06558e-10
7.06558e-10
7.06558e-10
7.06659e-10
7.06659e-10
7.0676e-10
7.0676e-10
7.0676e-10
7.0676e-10
7.0676e-10
7.0676e-10
7.0676e-10
7.0676e-10
7.0676e-10
7.06862e-10
7.06862e-10
7.06862e-10
7.06862e-10
7.06862e-10
7.06862e-10
7.06963e-10
7.06963e-10
7.06963e-10
7.06963e-10
7.06963e-10
7.06963e-10
7.07064e-10
7.07064e-10
7.07064e-10
7.07165e-10
7.07165e-10
7.07165e-10
7.07165e-10
7.07267e-10
7.07267e-10
7.07267e-10
7.07267e-10
7.07267e-10
7.07267e-10
7.07368e-10
7.07368e-10
7.07368e-10
7.07368e-10
7.07469e-10
7.07469e-10
7.07469e-10
7.07469e-10
7.07469e-10
7.07571e-10
7.07571e-10
7.07571e-10
7.07571e-10
7.07571e-10
7.07571e-10
7.07571e-10
7.07571e-10
7.07672e-10
7.07672e-10
7.07672e-10
7.07773e-10
7.07773e-10
7.07773e-10
7.07874e-10
7.07874e-10
7.07874e-10
7.07874e-10
7.07874e-10
7.07874e-10
7.07874e-10
7.07976e-10
7.07976e-10
7.07976e-10
7.07976e-10
7.08077e-10
7.08077e-10
7.08077e-10
7.08077e-10
7.08077e-10
7.08077e-10
7.08077e-10
7.08178e-10
7.08178e-10
7.08178e-10
7.08178e-10
7.08279e-10
7.08279e-10
7.08279e-10
7.08381e-10
7.08381e-10
7.08381e-10
7.08381e-10
7.08381e-10
7.08381e-10
7.08482e-10
7.08482e-10
7.08583e-10
7.08583e-10
7.08583e-10
7.08583e-10
7.08583e-10
7.08583e-10
7.08583e-10
7.08684e-10
7.08684e-10
7.08684e-10
7.08786e-10
7.08786e-10
7.08786e-10
7.08786e-10
7.08786e-10
7.08887e-10
7.08887e-10
7.08887e-10
7.08887e-10
7.08887e-10
7.08887e-10
7.08988e-10
7.08988e-10
7.08988e-10
7.08988e-10
7.08988e-10
7.08988e-10
7.08988e-10
7.0909e-10
7.0909e-10
7.0909e-10
7.0909e-10
7.0909e-10
7.0909e-10
7.09191e-10
7.09191e-10
7.09191e-10
7.09191e-10
7.09191e-10
7.09393e-10
7.09393e-10
7.09393e-10
7.09393e-10
7.09495e-10
7.09495e-10
7.09495e-10
7.09495e-10
7.09596e-10
7.09596e-10
7.09596e-10
7.09596e-10
7.09697e-10
7.09697e-10
7.09697e-10
7.09697e-10
7.09798e-10
7.09798e-10
7.099e-10
7.099e-10
7.099e-10
7.10001e-10
7.10001e-10
7.10001e-10
7.10102e-10
7.10102e-10
7.10102e-10
7.10102e-10
7.10102e-10
7.10102e-10
7.10102e-10
7.10102e-10
7.10204e-10
7.10204e-10
7.10204e-10
7.10204e-10
7.10204e-10
7.10305e-10
7.10305e-10
7.10305e-10
7.10305e-10
7.10406e-10
7.10406e-10
7.10406e-10
7.10406e-10
7.10406e-10
7.10406e-10
7.10406e-10
7.10406e-10
7.10507e-10
7.10507e-10
7.10507e-10
7.10507e-10
7.10507e-10
7.10507e-10
7.10609e-10
7.10609e-10
7.10609e-10
7.10609e-10
7.10609e-10
7.1071e-10
7.1071e-10
7.1071e-10
7.1071e-10
7.1071e-10
7.1071e-10
7.10811e-10
7.10811e-10
7.10811e-10
7.10811e-10
7.10811e-10
7.10811e-10
7.10912e-10
7.10912e-10
7.11014e-10
7.11014e-10
7.11014e-10
7.11014e-10
7.11014e-10
7.11115e-10
7.11216e-10
7.11216e-10
7.11216e-10
7.11216e-10
7.11216e-10
7.11216e-10
7.11318e-10
7.11318e-10
7.11318e-10
7.11318e-10
7.11318e-10
7.11318e-10
7.11419e-10
7.11419e-10
7.11419e-10
7.11419e-10
7.11419e-10
7.1152e-10
7.11621e-10
7.11621e-10
7.11621e-10
7.11621e-10
7.11723e-10
7.11723e-10
7.11723e-10
7.11723e-10
7.11824e-10
7.11824e-10
7.11824e-10
7.11824e-10
7.11824e-10
7.11824e-10
7.11824e-10
7.11925e-10
7.11925e-10
7.11925e-10
7.11925e-10
7.11925e-10
7.11925e-10
7.11925e-10
7.11925e-10
7.11925e-10
7.12026e-10
7.12026e-10
7.12026e-10
7.12128e-10
7.12128e-10
7.12128e-10
7.12229e-10
7.12229e-10
7.12229e-10
7.12229e-10
7.1233e-10
7.1233e-10
7.1233e-10
7.1233e-10
7.1233e-10
7.1233e-10
7.12431e-10
7.12431e-10
7.12431e-10
7.12431e-10
7.12431e-10
7.12431e-10
7.12533e-10
7.12533e-10
7.12533e-10
7.12533e-10
7.12533e-10
7.12533e-10
7.12533e-10
7.12634e-10
7.12634e-10
7.12634e-10
7.12634e-10
7.12634e-10
7.12634e-10
7.12634e-10
7.12634e-10
7.12735e-10
7.12735e-10
7.12735e-10
7.12735e-10
7.12837e-10
7.12837e-10
7.12837e-10
7.12837e-10
7.12837e-10
7.12837e-10
7.12938e-10
7.12938e-10
7.12938e-10
7.13039e-10
7.13039e-10
7.1314e-10
7.1314e-10
7.1314e-10
7.1314e-10
7.1314e-10
7.1314e-10
7.1314e-10
7.1314e-10
7.13242e-10
7.13242e-10
7.13343e-10
7.13343e-10
7.13343e-10
7.13444e-10
7.13444e-10
7.13444e-10
7.13444e-10
7.13444e-10
7.13545e-10
7.13545e-10
7.13545e-10
7.13647e-10
7.13647e-10
7.13647e-10
7.13748e-10
7.13748e-10
7.13748e-10
7.13748e-10
7.13748e-10
7.13748e-10
7.13849e-10
7.13849e-10
7.13849e-10
7.13849e-10
7.13951e-10
7.13951e-10
7.13951e-10
7.13951e-10
7.13951e-10
7.14052e-10
7.14052e-10
7.14052e-10
7.14052e-10
7.14052e-10
7.14052e-10
7.14052e-10
7.14052e-10
7.14052e-10
7.14153e-10
7.14153e-10
7.14153e-10
7.14254e-10
7.14254e-10
7.14254e-10
7.14254e-10
7.14356e-10
7.14356e-10
7.14457e-10
7.14457e-10
7.14457e-10
7.14457e-10
7.14558e-10
7.14558e-10
7.14558e-10
7.14558e-10
7.14659e-10
7.14659e-10
7.14659e-10
7.14659e-10
7.14659e-10
7.14659e-10
7.14659e-10
7.14862e-10
7.14862e-10
7.14862e-10
7.14862e-10
7.14963e-10
7.14963e-10
7.14963e-10
7.15065e-10
7.15065e-10
7.15065e-10
7.15166e-10
7.15166e-10
7.15166e-10
7.15166e-10
7.15267e-10
7.15267e-10
7.15368e-10
7.15368e-10
7.15368e-10
7.1547e-10
7.1547e-10
7.1547e-10
7.15571e-10
7.15571e-10
7.15672e-10
7.15672e-10
7.15672e-10
7.15672e-10
7.15773e-10
7.15773e-10
7.15875e-10
7.15875e-10
7.15875e-10
7.15875e-10
7.15875e-10
7.15976e-10
7.15976e-10
7.15976e-10
7.15976e-10
7.16077e-10
7.16077e-10
7.16077e-10
7.16077e-10
7.16077e-10
7.16178e-10
7.1628e-10
7.1628e-10
7.1628e-10
7.1628e-10
7.1628e-10
7.16381e-10
7.16381e-10
7.16482e-10
7.16482e-10
7.16482e-10
7.16482e-10
7.16482e-10
7.16584e-10
7.16584e-10
7.16685e-10
7.16685e-10
7.16685e-10
7.16685e-10
7.16786e-10
7.16786e-10
7.16786e-10
7.16786e-10
7.16786e-10
7.16786e-10
7.16786e-10
7.16887e-10
7.16887e-10
7.16989e-10
7.16989e-10
7.1709e-10
7.1709e-10
7.1709e-10
7.1709e-10
7.17191e-10
7.17292e-10
7.17292e-10
7.17292e-10
7.17292e-10
7.17292e-10
7.17292e-10
7.17292e-10
7.17394e-10
7.17394e-10
7.17394e-10
7.17394e-10
7.17394e-10
7.17394e-10
7.17394e-10
7.17394e-10
7.17495e-10
7.17596e-10
7.17596e-10
7.17596e-10
7.17596e-10
7.17698e-10
7.17698e-10
7.17799e-10
7.17799e-10
7.179e-10
7.18001e-10
7.18103e-10
7.18204e-10
7.18204e-10
7.18204e-10
7.18204e-10
7.18204e-10
7.18406e-10
7.18406e-10
7.18406e-10
7.18406e-10
7.18508e-10
7.18508e-10
7.18609e-10
7.1871e-10
7.1871e-10
7.1871e-10
7.1871e-10
7.18812e-10
7.19014e-10
7.19014e-10
7.19115e-10
7.19115e-10
7.19217e-10
7.19217e-10
7.19217e-10
7.19217e-10
7.19318e-10
7.19318e-10
7.19318e-10
7.19419e-10
7.19419e-10
7.1952e-10
7.19622e-10
7.19622e-10
7.19723e-10
7.19824e-10
7.19824e-10
7.19824e-10
7.19925e-10
7.19925e-10
7.20027e-10
7.20027e-10
7.20128e-10
7.20128e-10
7.20229e-10
7.20229e-10
7.20229e-10
7.20432e-10
7.20432e-10
7.20432e-10
7.20634e-10
7.20634e-10
7.20634e-10
7.20736e-10
7.20736e-10
7.20837e-10
7.20837e-10
7.20837e-10
7.20837e-10
7.20837e-10
7.20938e-10
7.20938e-10
7.21039e-10
7.21141e-10
7.21141e-10
7.21242e-10
7.21242e-10
7.21343e-10
7.21343e-10
7.21445e-10
7.21546e-10
7.21546e-10
7.21647e-10
7.21647e-10
7.22052e-10
7.22153e-10
7.22153e-10
7.22153e-10
7.22255e-10
7.22356e-10
7.22356e-10
7.22356e-10
7.22457e-10
7.22457e-10
7.22457e-10
7.22559e-10
7.22559e-10
7.22559e-10
7.22559e-10
7.22761e-10
7.22862e-10
7.22862e-10
7.22862e-10
7.22964e-10
7.22964e-10
7.22964e-10
7.22964e-10
7.23065e-10
7.23065e-10
7.23065e-10
7.23166e-10
7.23166e-10
7.23267e-10
7.23267e-10
7.23267e-10
7.23571e-10
7.23571e-10
7.23672e-10
7.23774e-10
7.23774e-10
7.23774e-10
7.23774e-10
7.23774e-10
7.23774e-10
7.23875e-10
7.23875e-10
7.23875e-10
7.23976e-10
7.23976e-10
7.23976e-10
7.24179e-10
7.2428e-10
7.24381e-10
7.24381e-10
7.24381e-10
7.24483e-10
7.24483e-10
7.24483e-10
7.24483e-10
7.24584e-10
7.24685e-10
7.24685e-10
7.24888e-10
7.24888e-10
7.24989e-10
7.24989e-10
7.2509e-10
7.25192e-10
7.25192e-10
7.25293e-10
7.25293e-10
7.25394e-10
7.25597e-10
7.25597e-10
7.25698e-10
7.25698e-10
7.25799e-10
7.25799e-10
7.259e-10
7.26002e-10
7.26002e-10
7.26103e-10
7.26103e-10
7.26103e-10
7.26103e-10
7.26204e-10
7.26204e-10
7.26204e-10
7.26305e-10
7.26305e-10
7.26407e-10
7.26508e-10
7.26508e-10
7.26508e-10
7.26508e-10
7.26508e-10
7.26609e-10
7.26609e-10
7.26609e-10
7.26711e-10
7.26711e-10
7.26711e-10
7.26812e-10
7.26812e-10
7.26913e-10
7.27116e-10
7.27116e-10
7.27318e-10
7.27318e-10
7.27318e-10
7.27419e-10
7.27622e-10
7.27622e-10
7.27723e-10
7.27723e-10
7.27825e-10
7.27825e-10
7.27926e-10
7.28027e-10
7.28027e-10
7.28331e-10
7.28331e-10
7.28432e-10
7.28533e-10
7.28533e-10
7.28533e-10
7.28533e-10
7.28635e-10
7.28736e-10
7.28736e-10
7.28837e-10
7.28837e-10
7.28939e-10
7.28939e-10
7.2904e-10
7.2904e-10
7.29242e-10
7.29344e-10
7.29344e-10
7.29344e-10
7.29344e-10
7.2985e-10
7.2985e-10
7.29951e-10
7.29951e-10
7.29951e-10
7.30052e-10
7.30052e-10
7.30154e-10
7.30255e-10
7.30255e-10
7.30356e-10
7.3066e-10
7.3066e-10
7.3066e-10
7.30964e-10
7.31065e-10
7.31065e-10
7.31166e-10
7.31268e-10
7.3147e-10
7.3147e-10
7.31572e-10
7.31673e-10
7.31673e-10
7.31774e-10
7.31875e-10
7.31875e-10
7.31875e-10
7.31875e-10
7.31977e-10
7.31977e-10
7.32179e-10
7.32179e-10
7.32686e-10
7.32686e-10
7.32787e-10
7.32787e-10
7.32888e-10
7.33091e-10
7.33192e-10
7.33192e-10
7.33192e-10
7.33394e-10
7.33496e-10
7.33496e-10
7.33496e-10
7.33597e-10
7.33597e-10
7.33698e-10
7.33698e-10
7.33901e-10
7.33901e-10
7.34002e-10
7.34103e-10
7.34103e-10
7.34306e-10
7.34407e-10
7.34812e-10
7.34913e-10
7.34913e-10
7.34913e-10
7.35217e-10
7.35217e-10
7.35217e-10
7.35521e-10
7.35521e-10
7.35521e-10
7.35622e-10
7.35622e-10
7.35724e-10
7.35724e-10
7.35926e-10
7.35926e-10
7.36027e-10
7.36129e-10
7.36129e-10
7.36331e-10
7.36534e-10
7.36635e-10
7.36939e-10
7.3704e-10
7.37141e-10
7.37243e-10
7.37546e-10
7.37546e-10
7.37546e-10
7.37546e-10
7.37648e-10
7.3785e-10
7.37952e-10
7.38053e-10
7.38357e-10
7.38458e-10
7.38559e-10
7.38559e-10
7.3866e-10
7.38762e-10
7.38863e-10
7.38964e-10
7.38964e-10
7.39066e-10
7.39066e-10
7.39167e-10
7.39268e-10
7.39369e-10
7.39369e-10
7.39471e-10
7.39471e-10
7.39471e-10
7.39774e-10
7.40179e-10
7.40585e-10
7.40585e-10
7.40787e-10
7.40888e-10
7.4099e-10
7.41395e-10
7.41496e-10
7.418e-10
7.41901e-10
7.42002e-10
7.42002e-10
7.42306e-10
7.42407e-10
7.42407e-10
7.42509e-10
7.42711e-10
7.42813e-10
7.42813e-10
7.42813e-10
7.42914e-10
7.43015e-10
7.43319e-10
7.43521e-10
7.43623e-10
7.43724e-10
7.43825e-10
7.43926e-10
7.43926e-10
7.44129e-10
7.4423e-10
7.4423e-10
7.44332e-10
7.44534e-10
7.44534e-10
7.44737e-10
7.44737e-10
7.44737e-10
7.45142e-10
7.45344e-10
7.45446e-10
7.45648e-10
7.45851e-10
7.45952e-10
7.45952e-10
7.46154e-10
7.46256e-10
7.46458e-10
7.4656e-10
7.46661e-10
7.47167e-10
7.48079e-10
7.48585e-10
7.48585e-10
7.48686e-10
7.48889e-10
7.49395e-10
7.49395e-10
7.498e-10
7.51015e-10
7.51522e-10
7.51522e-10
7.51522e-10
7.51927e-10
7.52332e-10
7.52534e-10
7.52636e-10
7.52838e-10
7.53041e-10
7.53041e-10
7.53243e-10
7.53446e-10
7.53547e-10
7.5375e-10
7.5375e-10
7.5375e-10
7.53851e-10
7.53952e-10
7.5456e-10
7.5456e-10
7.54965e-10
7.55167e-10
7.55167e-10
7.55269e-10
7.55775e-10
7.55978e-10
7.56079e-10
7.5699e-10
7.57092e-10
7.57092e-10
7.57193e-10
7.57193e-10
7.57395e-10
7.57699e-10
7.57699e-10
7.57902e-10
7.58003e-10
7.58003e-10
7.58206e-10
7.58307e-10
7.58509e-10
7.59117e-10
7.5932e-10
7.5932e-10
7.59623e-10
7.59623e-10
7.59826e-10
7.60028e-10
7.60028e-10
7.60737e-10
7.6094e-10
7.6094e-10
7.6094e-10
7.61244e-10
7.61446e-10
7.61446e-10
7.61851e-10
7.62864e-10
7.63067e-10
7.63269e-10
7.63472e-10
7.63573e-10
7.64079e-10
7.64282e-10
7.64383e-10
7.64383e-10
7.64484e-10
7.64687e-10
7.64788e-10
7.64788e-10
7.64788e-10
7.64889e-10
7.64889e-10
7.64991e-10
7.64991e-10
7.65396e-10
7.65598e-10
7.657e-10
7.66206e-10
7.66408e-10
7.66408e-10
7.66611e-10
7.66611e-10
7.66915e-10
7.67826e-10
7.67928e-10
7.6813e-10
7.68333e-10
7.68535e-10
7.68636e-10
7.68738e-10
7.6894e-10
7.69447e-10
7.69548e-10
7.69548e-10
7.69953e-10
7.70459e-10
7.70561e-10
7.70662e-10
7.70864e-10
7.70864e-10
7.70864e-10
7.70966e-10
7.70966e-10
7.71067e-10
7.71269e-10
7.71371e-10
7.71472e-10
7.71573e-10
7.71978e-10
7.72282e-10
7.72282e-10
7.72282e-10
7.72383e-10
7.72687e-10
7.7289e-10
7.73092e-10
7.73092e-10
7.73396e-10
7.73801e-10
7.74105e-10
7.74206e-10
7.74206e-10
7.74206e-10
7.7451e-10
7.7451e-10
7.75523e-10
7.75624e-10
7.75827e-10
7.76333e-10
7.76535e-10
7.76941e-10
7.77042e-10
7.77244e-10
7.77346e-10
7.77548e-10
7.77548e-10
7.78055e-10
7.78257e-10
7.78561e-10
7.78966e-10
7.79067e-10
7.79168e-10
7.79877e-10
7.79979e-10
7.80181e-10
7.80282e-10
7.80485e-10
7.81093e-10
7.81498e-10
7.81599e-10
7.817e-10
7.82004e-10
7.82004e-10
7.82207e-10
7.82713e-10
7.82814e-10
7.82814e-10
7.82915e-10
7.83118e-10
7.83523e-10
7.83624e-10
7.83624e-10
7.83928e-10
7.84029e-10
7.84131e-10
7.84536e-10
7.85143e-10
7.85245e-10
7.85447e-10
7.85548e-10
7.8565e-10
7.85852e-10
7.86055e-10
7.86055e-10
7.86156e-10
7.86359e-10
7.87169e-10
7.87169e-10
7.87473e-10
7.87574e-10
7.8808e-10
7.88283e-10
7.88587e-10
7.8889e-10
7.89498e-10
7.89498e-10
7.89903e-10
7.90004e-10
7.90106e-10
7.90106e-10
7.90207e-10
7.90308e-10
7.90409e-10
7.90612e-10
7.90916e-10
7.91017e-10
7.91118e-10
7.91118e-10
7.91321e-10
7.91625e-10
7.91726e-10
7.91726e-10
7.91827e-10
7.92435e-10
7.92536e-10
7.92739e-10
7.92941e-10
7.92941e-10
7.93042e-10
7.93144e-10
7.93346e-10
7.93346e-10
7.9365e-10
7.93751e-10
7.9446e-10
7.94562e-10
7.94764e-10
7.94764e-10
7.95676e-10
7.95777e-10
7.95979e-10
7.95979e-10
7.95979e-10
7.96587e-10
7.97195e-10
7.97195e-10
7.97397e-10
7.97498e-10
7.97701e-10
7.97903e-10
7.97903e-10
7.97903e-10
7.98207e-10
7.98612e-10
7.98714e-10
7.98714e-10
7.99422e-10
7.99524e-10
7.99524e-10
7.99726e-10
7.99726e-10
7.99828e-10
8.00131e-10
8.00233e-10
8.00435e-10
8.00536e-10
8.00638e-10
8.00739e-10
8.01043e-10
8.01448e-10
8.01549e-10
8.01853e-10
8.02157e-10
8.02258e-10
8.02258e-10
8.02359e-10
8.02461e-10
8.02461e-10
8.02461e-10
8.02663e-10
8.02866e-10
8.02866e-10
8.02967e-10
8.03169e-10
8.03271e-10
8.03372e-10
8.03473e-10
8.03575e-10
8.03676e-10
8.03676e-10
8.03777e-10
8.03777e-10
8.03777e-10
8.0398e-10
8.04182e-10
8.04182e-10
8.04587e-10
8.04587e-10
8.04587e-10
8.04587e-10
8.04587e-10
8.04992e-10
8.04992e-10
8.05094e-10
8.05296e-10
8.05296e-10
8.056e-10
8.05803e-10
8.05904e-10
8.06005e-10
8.06005e-10
8.06106e-10
8.06106e-10
8.06208e-10
8.06309e-10
8.06511e-10
8.06714e-10
8.06815e-10
8.06916e-10
8.06916e-10
8.07018e-10
8.07322e-10
8.07423e-10
8.07423e-10
8.07423e-10
8.07828e-10
8.0803e-10
8.08233e-10
8.08233e-10
8.08436e-10
8.08436e-10
8.08739e-10
8.08841e-10
8.08841e-10
8.09043e-10
8.09246e-10
8.09246e-10
8.09448e-10
8.09448e-10
8.09448e-10
8.09651e-10
8.09651e-10
8.09853e-10
8.09955e-10
8.09955e-10
8.10056e-10
8.10157e-10
8.10157e-10
8.10258e-10
8.10461e-10
8.10663e-10
8.10663e-10
8.10663e-10
8.10765e-10
8.10765e-10
8.10866e-10
8.10866e-10
8.10967e-10
8.11069e-10
8.11069e-10
8.11069e-10
8.11271e-10
8.11271e-10
8.11372e-10
8.11474e-10
8.11676e-10
8.11879e-10
8.11879e-10
8.1198e-10
8.12183e-10
8.12284e-10
8.12284e-10
8.12689e-10
8.12891e-10
8.12891e-10
8.12891e-10
8.12891e-10
8.12891e-10
8.13094e-10
8.13094e-10
8.13398e-10
8.13398e-10
8.13398e-10
8.13702e-10
8.13803e-10
8.14005e-10
8.14005e-10
8.14005e-10
8.14107e-10
8.14208e-10
8.14309e-10
8.1441e-10
8.1441e-10
8.1441e-10
8.1441e-10
8.1441e-10
8.14512e-10
8.14613e-10
8.14714e-10
8.14816e-10
8.14816e-10
8.14917e-10
8.15018e-10
8.15018e-10
8.15221e-10
8.15322e-10
8.15423e-10
8.15423e-10
8.15423e-10
8.15524e-10
8.15524e-10
8.15626e-10
8.15626e-10
8.15727e-10
8.15727e-10
8.1593e-10
8.1593e-10
8.16031e-10
8.16335e-10
8.16335e-10
8.16436e-10
8.16436e-10
8.16436e-10
8.16537e-10
8.16638e-10
8.16638e-10
8.16638e-10
8.16638e-10
8.1674e-10
8.16841e-10
8.16841e-10
8.16942e-10
8.16942e-10
8.17043e-10
8.17043e-10
8.17043e-10
8.17145e-10
8.17145e-10
8.17145e-10
8.17246e-10
8.17347e-10
8.17347e-10
8.17347e-10
8.17449e-10
8.17449e-10
8.17752e-10
8.17752e-10
8.17752e-10
8.18056e-10
8.18056e-10
8.18056e-10
8.18259e-10
8.18259e-10
8.18259e-10
8.18461e-10
8.18563e-10
8.18664e-10
8.18765e-10
8.18765e-10
8.18765e-10
8.18765e-10
8.18765e-10
8.18866e-10
8.18866e-10
8.18968e-10
8.1917e-10
8.19271e-10
8.19373e-10
8.19474e-10
8.19474e-10
8.19575e-10
8.19575e-10
8.19575e-10
8.19575e-10
8.19677e-10
8.19677e-10
8.19677e-10
8.19778e-10
8.19879e-10
8.19879e-10
8.1998e-10
8.1998e-10
8.20183e-10
8.20385e-10
8.20487e-10
8.20588e-10
8.20689e-10
8.2079e-10
8.2079e-10
8.2079e-10
8.20892e-10
8.20993e-10
8.20993e-10
8.20993e-10
8.20993e-10
8.21094e-10
8.21196e-10
8.21196e-10
8.21196e-10
8.21297e-10
8.21499e-10
8.21499e-10
8.21601e-10
8.21702e-10
8.21803e-10
8.21904e-10
8.21904e-10
8.22006e-10
8.22107e-10
8.22107e-10
8.22107e-10
8.22208e-10
8.22208e-10
8.22208e-10
8.22208e-10
8.22411e-10
8.22411e-10
8.22411e-10
8.22411e-10
8.22411e-10
8.22411e-10
8.22512e-10
8.22613e-10
8.22613e-10
8.22613e-10
8.22715e-10
8.22816e-10
8.22917e-10
8.22917e-10
8.22917e-10
8.23018e-10
8.23018e-10
8.23018e-10
8.2312e-10
8.23221e-10
8.23322e-10
8.23322e-10
8.23322e-10
8.23322e-10
8.23525e-10
8.23525e-10
8.23626e-10
8.23727e-10
8.23727e-10
8.23829e-10
8.2393e-10
8.2393e-10
8.2393e-10
8.24031e-10
8.24132e-10
8.24335e-10
8.24335e-10
8.24436e-10
8.24639e-10
8.2474e-10
8.24841e-10
8.24841e-10
8.24943e-10
8.25044e-10
8.25044e-10
8.25145e-10
8.25246e-10
8.25348e-10
8.25348e-10
8.25449e-10
8.2555e-10
8.25651e-10
8.26057e-10
8.26158e-10
8.26259e-10
8.26259e-10
8.26462e-10
8.26462e-10
8.26765e-10
8.26765e-10
8.26867e-10
8.27272e-10
8.27474e-10
8.27474e-10
8.27474e-10
8.27576e-10
8.27576e-10
8.27576e-10
8.27576e-10
8.27677e-10
8.27677e-10
8.27778e-10
8.27879e-10
8.28082e-10
8.28082e-10
8.28183e-10
8.28284e-10
8.28386e-10
8.28487e-10
8.28487e-10
8.28588e-10
8.28588e-10
8.2869e-10
8.2869e-10
8.28791e-10
8.28892e-10
8.28993e-10
8.28993e-10
8.28993e-10
8.29095e-10
8.29095e-10
8.29095e-10
8.29196e-10
8.29398e-10
8.295e-10
8.295e-10
8.29601e-10
8.29804e-10
8.29905e-10
8.30006e-10
8.30006e-10
8.3031e-10
8.30512e-10
8.30614e-10
8.30614e-10
8.30715e-10
8.30715e-10
8.31019e-10
8.31221e-10
8.31323e-10
8.31728e-10
8.31829e-10
8.31829e-10
8.3193e-10
8.32538e-10
8.33044e-10
8.33247e-10
8.33449e-10
8.34462e-10
8.34462e-10
8.3507e-10
8.39323e-10
8.40639e-10
8.40741e-10
8.40943e-10
8.41247e-10
8.42158e-10
8.42158e-10
8.42361e-10
8.42462e-10
8.42665e-10
8.42665e-10
8.42766e-10
8.42867e-10
8.42867e-10
8.43171e-10
8.43171e-10
8.43171e-10
8.43272e-10
8.43678e-10
