6.93899e-10
6.93899e-10
6.93899e-10
6.93899e-10
6.93899e-10
6.93899e-10
6.93899e-10
6.93899e-10
6.93899e-10
6.93899e-10
6.93899e-10
6.93899e-10
6.93899e-10
6.93899e-10
6.93899e-10
6.93899e-10
6.94e-10
6.94e-10
6.94e-10
6.94e-10
6.94e-10
6.94e-10
6.94e-10
6.94e-10
6.94e-10
6.94e-10
6.94e-10
6.94e-10
6.94e-10
6.94e-10
6.94e-10
6.94102e-10
6.94102e-10
6.94102e-10
6.94102e-10
6.94102e-10
6.94102e-10
6.94102e-10
6.94102e-10
6.94102e-10
6.94102e-10
6.94102e-10
6.94102e-10
6.94203e-10
6.94203e-10
6.94203e-10
6.94203e-10
6.94203e-10
6.94203e-10
6.94203e-10
6.94203e-10
6.94203e-10
6.94203e-10
6.94203e-10
6.94203e-10
6.94203e-10
6.94203e-10
6.94203e-10
6.94203e-10
6.94203e-10
6.94203e-10
6.94203e-10
6.94203e-10
6.94203e-10
6.94203e-10
6.94203e-10
6.94203e-10
6.94203e-10
6.94203e-10
6.94203e-10
6.94304e-10
6.94304e-10
6.94304e-10
6.94304e-10
6.94304e-10
6.94304e-10
6.94304e-10
6.94304e-10
6.94304e-10
6.94304e-10
6.94304e-10
6.94304e-10
6.94304e-10
6.94304e-10
6.94304e-10
6.94304e-10
6.94304e-10
6.94304e-10
6.94304e-10
6.94304e-10
6.94405e-10
6.94405e-10
6.94405e-10
6.94405e-10
6.94405e-10
6.94405e-10
6.94405e-10
6.94405e-10
6.94405e-10
6.94405e-10
6.94405e-10
6.94405e-10
6.94405e-10
6.94405e-10
6.94405e-10
6.94507e-10
6.94507e-10
6.94507e-10
6.94507e-10
6.94507e-10
6.94507e-10
6.94507e-10
6.94507e-10
6.94507e-10
6.94507e-10
6.94507e-10
6.94507e-10
6.94507e-10
6.94507e-10
6.94507e-10
6.94507e-10
6.94507e-10
6.94608e-10
6.94608e-10
6.94608e-10
6.94608e-10
6.94608e-10
6.94608e-10
6.94608e-10
6.94608e-10
6.94608e-10
6.94608e-10
6.94608e-10
6.94709e-10
6.94709e-10
6.94709e-10
6.94709e-10
6.94709e-10
6.94709e-10
6.94709e-10
6.94709e-10
6.94709e-10
6.94709e-10
6.94709e-10
6.94709e-10
6.94709e-10
6.94709e-10
6.94709e-10
6.94709e-10
6.94709e-10
6.94709e-10
6.9481e-10
6.9481e-10
6.9481e-10
6.9481e-10
6.9481e-10
6.9481e-10
6.9481e-10
6.9481e-10
6.9481e-10
6.9481e-10
6.9481e-10
6.9481e-10
6.9481e-10
6.9481e-10
6.9481e-10
6.94912e-10
6.94912e-10
6.94912e-10
6.94912e-10
6.94912e-10
6.94912e-10
6.94912e-10
6.94912e-10
6.94912e-10
6.94912e-10
6.94912e-10
6.94912e-10
6.94912e-10
6.94912e-10
6.94912e-10
6.94912e-10
6.94912e-10
6.94912e-10
6.95013e-10
6.95013e-10
6.95013e-10
6.95013e-10
6.95013e-10
6.95013e-10
6.95013e-10
6.95013e-10
6.95013e-10
6.95013e-10
6.95013e-10
6.95013e-10
6.95013e-10
6.95013e-10
6.95013e-10
6.95013e-10
6.95114e-10
6.95114e-10
6.95114e-10
6.95114e-10
6.95114e-10
6.95114e-10
6.95114e-10
6.95114e-10
6.95114e-10
6.95114e-10
6.95114e-10
6.95114e-10
6.95114e-10
6.95216e-10
6.95216e-10
6.95216e-10
6.95216e-10
6.95216e-10
6.95216e-10
6.95216e-10
6.95216e-10
6.95216e-10
6.95216e-10
6.95216e-10
6.95317e-10
6.95317e-10
6.95317e-10
6.95317e-10
6.95317e-10
6.95317e-10
6.95317e-10
6.95317e-10
6.95317e-10
6.95418e-10
6.95418e-10
6.95418e-10
6.95418e-10
6.95418e-10
6.95418e-10
6.95519e-10
6.95519e-10
6.95519e-10
6.95519e-10
6.95519e-10
6.95519e-10
6.95519e-10
6.95519e-10
6.95519e-10
6.95519e-10
6.95519e-10
6.95519e-10
6.95519e-10
6.95621e-10
6.95621e-10
6.95621e-10
6.95621e-10
6.95722e-10
6.95722e-10
6.95722e-10
6.95722e-10
6.95722e-10
6.95722e-10
6.95722e-10
6.95722e-10
6.95722e-10
6.95722e-10
6.95722e-10
6.95823e-10
6.95823e-10
6.95823e-10
6.95823e-10
6.95823e-10
6.95823e-10
6.95823e-10
6.95823e-10
6.95924e-10
6.95924e-10
6.95924e-10
6.95924e-10
6.95924e-10
6.95924e-10
6.95924e-10
6.95924e-10
6.95924e-10
6.95924e-10
6.95924e-10
6.96026e-10
6.96026e-10
6.96026e-10
6.96026e-10
6.96026e-10
6.96026e-10
6.96127e-10
6.96127e-10
6.96127e-10
6.96127e-10
6.96127e-10
6.96127e-10
6.96127e-10
6.96127e-10
6.96228e-10
6.96228e-10
6.96228e-10
6.96228e-10
6.96228e-10
6.96228e-10
6.96228e-10
6.96228e-10
6.96228e-10
6.96228e-10
6.9633e-10
6.9633e-10
6.9633e-10
6.9633e-10
6.9633e-10
6.9633e-10
6.9633e-10
6.9633e-10
6.96431e-10
6.96431e-10
6.96431e-10
6.96431e-10
6.96431e-10
6.96532e-10
6.96532e-10
6.96532e-10
6.96532e-10
6.96633e-10
6.96633e-10
6.96633e-10
6.96633e-10
6.96633e-10
6.96633e-10
6.96633e-10
6.96633e-10
6.96633e-10
6.96633e-10
6.96633e-10
6.96735e-10
6.96735e-10
6.96735e-10
6.96735e-10
6.96735e-10
6.96735e-10
6.96735e-10
6.96735e-10
6.96735e-10
6.96836e-10
6.96836e-10
6.96836e-10
6.96836e-10
6.96836e-10
6.96836e-10
6.96836e-10
6.96937e-10
6.96937e-10
6.96937e-10
6.96937e-10
6.96937e-10
6.96937e-10
6.96937e-10
6.96937e-10
6.97038e-10
6.97038e-10
6.97038e-10
6.97038e-10
6.97038e-10
6.97038e-10
6.97038e-10
6.9714e-10
6.9714e-10
6.9714e-10
6.9714e-10
6.9714e-10
6.9714e-10
6.97241e-10
6.97241e-10
6.97241e-10
6.97241e-10
6.97241e-10
6.97241e-10
6.97241e-10
6.97241e-10
6.97241e-10
6.97241e-10
6.97241e-10
6.97342e-10
6.97342e-10
6.97342e-10
6.97342e-10
6.97342e-10
6.97342e-10
6.97342e-10
6.97342e-10
6.97342e-10
6.97444e-10
6.97444e-10
6.97444e-10
6.97444e-10
6.97444e-10
6.97444e-10
6.97444e-10
6.97444e-10
6.97444e-10
6.97444e-10
6.97444e-10
6.97545e-10
6.97545e-10
6.97545e-10
6.97545e-10
6.97545e-10
6.97545e-10
6.97545e-10
6.97545e-10
6.97646e-10
6.97646e-10
6.97646e-10
6.97646e-10
6.97646e-10
6.97747e-10
6.97747e-10
6.97747e-10
6.97747e-10
6.97747e-10
6.97747e-10
6.97747e-10
6.97747e-10
6.97747e-10
6.97747e-10
6.97747e-10
6.97747e-10
6.97747e-10
6.97849e-10
6.97849e-10
6.97849e-10
6.97849e-10
6.97849e-10
6.97849e-10
6.9795e-10
6.9795e-10
6.9795e-10
6.9795e-10
6.9795e-10
6.9795e-10
6.9795e-10
6.9795e-10
6.9795e-10
6.98051e-10
6.98051e-10
6.98051e-10
6.98152e-10
6.98152e-10
6.98152e-10
6.98152e-10
6.98152e-10
6.98152e-10
6.98152e-10
6.98152e-10
6.98152e-10
6.98254e-10
6.98254e-10
6.98254e-10
6.98254e-10
6.98254e-10
6.98254e-10
6.98254e-10
6.98355e-10
6.98355e-10
6.98355e-10
6.98355e-10
6.98355e-10
6.98355e-10
6.98355e-10
6.98355e-10
6.98456e-10
6.98456e-10
6.98456e-10
6.98456e-10
6.98456e-10
6.98557e-10
6.98557e-10
6.98557e-10
6.98557e-10
6.98557e-10
6.98557e-10
6.98557e-10
6.98557e-10
6.98659e-10
6.98659e-10
6.98659e-10
6.98659e-10
6.98659e-10
6.98659e-10
6.98659e-10
6.9876e-10
6.9876e-10
6.9876e-10
6.9876e-10
6.9876e-10
6.9876e-10
6.9876e-10
6.9876e-10
6.9876e-10
6.98861e-10
6.98861e-10
6.98861e-10
6.98861e-10
6.98861e-10
6.98861e-10
6.98861e-10
6.98861e-10
6.98861e-10
6.98861e-10
6.98861e-10
6.98963e-10
6.98963e-10
6.98963e-10
6.98963e-10
6.98963e-10
6.98963e-10
6.98963e-10
6.98963e-10
6.98963e-10
6.99064e-10
6.99064e-10
6.99064e-10
6.99064e-10
6.99064e-10
6.99064e-10
6.99064e-10
6.99165e-10
6.99165e-10
6.99165e-10
6.99165e-10
6.99165e-10
6.99165e-10
6.99165e-10
6.99165e-10
6.99165e-10
6.99165e-10
6.99165e-10
6.99165e-10
6.99266e-10
6.99266e-10
6.99266e-10
6.99266e-10
6.99266e-10
6.99266e-10
6.99266e-10
6.99266e-10
6.99266e-10
6.99368e-10
6.99368e-10
6.99368e-10
6.99368e-10
6.99368e-10
6.99368e-10
6.99368e-10
6.99469e-10
6.99469e-10
6.99469e-10
6.99469e-10
6.99469e-10
6.99469e-10
6.99469e-10
6.99469e-10
6.9957e-10
6.9957e-10
6.9957e-10
6.9957e-10
6.9957e-10
6.9957e-10
6.9957e-10
6.9957e-10
6.9957e-10
6.9957e-10
6.99671e-10
6.99671e-10
6.99671e-10
6.99671e-10
6.99671e-10
6.99773e-10
6.99773e-10
6.99773e-10
6.99773e-10
6.99773e-10
6.99874e-10
6.99874e-10
6.99874e-10
6.99975e-10
6.99975e-10
6.99975e-10
6.99975e-10
6.99975e-10
6.99975e-10
6.99975e-10
6.99975e-10
6.99975e-10
6.99975e-10
6.99975e-10
6.99975e-10
6.99975e-10
6.99975e-10
6.99975e-10
6.99975e-10
7.00077e-10
7.00077e-10
7.00077e-10
7.00077e-10
7.00077e-10
7.00077e-10
7.00077e-10
7.00178e-10
7.00178e-10
7.00178e-10
7.00178e-10
7.00178e-10
7.00178e-10
7.00178e-10
7.00178e-10
7.00279e-10
7.00279e-10
7.00279e-10
7.00279e-10
7.00279e-10
7.00279e-10
7.00279e-10
7.0038e-10
7.0038e-10
7.0038e-10
7.0038e-10
7.0038e-10
7.0038e-10
7.0038e-10
7.0038e-10
7.0038e-10
7.0038e-10
7.0038e-10
7.0038e-10
7.0038e-10
7.0038e-10
7.00482e-10
7.00482e-10
7.00482e-10
7.00482e-10
7.00482e-10
7.00482e-10
7.00482e-10
7.00482e-10
7.00482e-10
7.00482e-10
7.00482e-10
7.00583e-10
7.00583e-10
7.00583e-10
7.00583e-10
7.00583e-10
7.00583e-10
7.00583e-10
7.00583e-10
7.00684e-10
7.00684e-10
7.00684e-10
7.00684e-10
7.00684e-10
7.00684e-10
7.00684e-10
7.00684e-10
7.00684e-10
7.00684e-10
7.00684e-10
7.00684e-10
7.00684e-10
7.00684e-10
7.00684e-10
7.00785e-10
7.00785e-10
7.00785e-10
7.00785e-10
7.00785e-10
7.00785e-10
7.00785e-10
7.00785e-10
7.00785e-10
7.00785e-10
7.00785e-10
7.00785e-10
7.00785e-10
7.00887e-10
7.00887e-10
7.00887e-10
7.00887e-10
7.00887e-10
7.00887e-10
7.00887e-10
7.00887e-10
7.00887e-10
7.00988e-10
7.00988e-10
7.00988e-10
7.00988e-10
7.00988e-10
7.00988e-10
7.00988e-10
7.00988e-10
7.00988e-10
7.00988e-10
7.00988e-10
7.00988e-10
7.00988e-10
7.00988e-10
7.01089e-10
7.01089e-10
7.01089e-10
7.01089e-10
7.01089e-10
7.01089e-10
7.01089e-10
7.01089e-10
7.01191e-10
7.01191e-10
7.01191e-10
7.01191e-10
7.01191e-10
7.01191e-10
7.01292e-10
7.01292e-10
7.01292e-10
7.01292e-10
7.01292e-10
7.01292e-10
7.01292e-10
7.01292e-10
7.01292e-10
7.01292e-10
7.01393e-10
7.01393e-10
7.01393e-10
7.01393e-10
7.01393e-10
7.01393e-10
7.01393e-10
7.01393e-10
7.01393e-10
7.01393e-10
7.01393e-10
7.01494e-10
7.01494e-10
7.01494e-10
7.01494e-10
7.01494e-10
7.01494e-10
7.01494e-10
7.01494e-10
7.01494e-10
7.01494e-10
7.01596e-10
7.01596e-10
7.01596e-10
7.01596e-10
7.01596e-10
7.01596e-10
7.01596e-10
7.01697e-10
7.01697e-10
7.01697e-10
7.01697e-10
7.01697e-10
7.01697e-10
7.01697e-10
7.01697e-10
7.01697e-10
7.01697e-10
7.01697e-10
7.01798e-10
7.01798e-10
7.01798e-10
7.01798e-10
7.01798e-10
7.01798e-10
7.01798e-10
7.01798e-10
7.01798e-10
7.01798e-10
7.01899e-10
7.01899e-10
7.01899e-10
7.01899e-10
7.01899e-10
7.01899e-10
7.01899e-10
7.01899e-10
7.01899e-10
7.01899e-10
7.01899e-10
7.02001e-10
7.02001e-10
7.02001e-10
7.02001e-10
7.02001e-10
7.02001e-10
7.02001e-10
7.02001e-10
7.02001e-10
7.02102e-10
7.02102e-10
7.02102e-10
7.02102e-10
7.02102e-10
7.02102e-10
7.02102e-10
7.02203e-10
7.02203e-10
7.02203e-10
7.02203e-10
7.02203e-10
7.02203e-10
7.02304e-10
7.02304e-10
7.02304e-10
7.02304e-10
7.02304e-10
7.02304e-10
7.02304e-10
7.02304e-10
7.02304e-10
7.02406e-10
7.02406e-10
7.02406e-10
7.02406e-10
7.02507e-10
7.02507e-10
7.02507e-10
7.02507e-10
7.02507e-10
7.02507e-10
7.02507e-10
7.02507e-10
7.02507e-10
7.02507e-10
7.02507e-10
7.02507e-10
7.02507e-10
7.02507e-10
7.02608e-10
7.02608e-10
7.02608e-10
7.02608e-10
7.02608e-10
7.02608e-10
7.0271e-10
7.0271e-10
7.0271e-10
7.0271e-10
7.0271e-10
7.0271e-10
7.0271e-10
7.02811e-10
7.02811e-10
7.02811e-10
7.02811e-10
7.02811e-10
7.02811e-10
7.02912e-10
7.02912e-10
7.02912e-10
7.02912e-10
7.03013e-10
7.03013e-10
7.03013e-10
7.03013e-10
7.03013e-10
7.03013e-10
7.03013e-10
7.03115e-10
7.03115e-10
7.03115e-10
7.03115e-10
7.03115e-10
7.03115e-10
7.03216e-10
7.03216e-10
7.03216e-10
7.03216e-10
7.03317e-10
7.03317e-10
7.03317e-10
7.03317e-10
7.03317e-10
7.03317e-10
7.03317e-10
7.03418e-10
7.03418e-10
7.03418e-10
7.03418e-10
7.03418e-10
7.03418e-10
7.03418e-10
7.0352e-10
7.0352e-10
7.0352e-10
7.0352e-10
7.0352e-10
7.0352e-10
7.0352e-10
7.0352e-10
7.0352e-10
7.03621e-10
7.03621e-10
7.03621e-10
7.03621e-10
7.03621e-10
7.03621e-10
7.03621e-10
7.03621e-10
7.03722e-10
7.03722e-10
7.03722e-10
7.03824e-10
7.03824e-10
7.03824e-10
7.03824e-10
7.03824e-10
7.03824e-10
7.03925e-10
7.03925e-10
7.03925e-10
7.03925e-10
7.03925e-10
7.03925e-10
7.03925e-10
7.03925e-10
7.03925e-10
7.04026e-10
7.04026e-10
7.04026e-10
7.04026e-10
7.04026e-10
7.04127e-10
7.04127e-10
7.04127e-10
7.04127e-10
7.04127e-10
7.04127e-10
7.04127e-10
7.04229e-10
7.04229e-10
7.04229e-10
7.0433e-10
7.0433e-10
7.04431e-10
7.04431e-10
7.04431e-10
7.04532e-10
7.04532e-10
7.04532e-10
7.04532e-10
7.04532e-10
7.04532e-10
7.04532e-10
7.04532e-10
7.04634e-10
7.04735e-10
7.04836e-10
7.04836e-10
7.04836e-10
7.04836e-10
7.04836e-10
7.04938e-10
7.04938e-10
7.04938e-10
7.04938e-10
7.04938e-10
7.04938e-10
7.04938e-10
7.05039e-10
7.05039e-10
7.05039e-10
7.05039e-10
7.05039e-10
7.0514e-10
7.0514e-10
7.0514e-10
7.0514e-10
7.05241e-10
7.05241e-10
7.05241e-10
7.05241e-10
7.05343e-10
7.05444e-10
7.05545e-10
7.05545e-10
7.05646e-10
7.05646e-10
7.05646e-10
7.05849e-10
7.05849e-10
7.05849e-10
7.0595e-10
7.0595e-10
7.0595e-10
7.0595e-10
7.06153e-10
7.06254e-10
7.06355e-10
7.06355e-10
7.06355e-10
7.06355e-10
7.06457e-10
7.06457e-10
7.06457e-10
7.06457e-10
7.06457e-10
7.06558e-10
7.06558e-10
7.06659e-10
7.06659e-10
7.0676e-10
7.06862e-10
7.06963e-10
7.06963e-10
7.07064e-10
7.07064e-10
7.07165e-10
7.07368e-10
7.07368e-10
7.07368e-10
7.07469e-10
7.07672e-10
7.07672e-10
7.07773e-10
7.07773e-10
7.07773e-10
7.07874e-10
7.07976e-10
7.08178e-10
7.08178e-10
7.08279e-10
7.08482e-10
7.08482e-10
7.08583e-10
7.08583e-10
7.08684e-10
7.08684e-10
7.08786e-10
7.08786e-10
7.08786e-10
7.08786e-10
7.08786e-10
7.08786e-10
7.08887e-10
7.08887e-10
7.08988e-10
7.08988e-10
7.08988e-10
7.0909e-10
7.0909e-10
7.0909e-10
7.0909e-10
7.0909e-10
7.09191e-10
7.09292e-10
7.09292e-10
7.09393e-10
7.09393e-10
7.09393e-10
7.09393e-10
7.09596e-10
7.09697e-10
7.09697e-10
7.09798e-10
7.09798e-10
7.09798e-10
7.099e-10
7.099e-10
7.10001e-10
7.10001e-10
7.10102e-10
7.10102e-10
7.10102e-10
7.10204e-10
7.10305e-10
7.10305e-10
7.10305e-10
7.10406e-10
7.10406e-10
7.10406e-10
7.10406e-10
7.10406e-10
7.10507e-10
7.10507e-10
7.10609e-10
7.10609e-10
7.1071e-10
7.1071e-10
7.1071e-10
7.1071e-10
7.10811e-10
7.10811e-10
7.10811e-10
7.10912e-10
7.10912e-10
7.10912e-10
7.11014e-10
7.11014e-10
7.11014e-10
7.11014e-10
7.11115e-10
7.11115e-10
7.11115e-10
7.11115e-10
7.11115e-10
7.11115e-10
7.11216e-10
7.11216e-10
7.11318e-10
7.11318e-10
7.11419e-10
7.11419e-10
7.1152e-10
7.1152e-10
7.1152e-10
7.1152e-10
7.1152e-10
7.1152e-10
7.1152e-10
7.11723e-10
7.11723e-10
7.11723e-10
7.11723e-10
7.11824e-10
7.11824e-10
7.11824e-10
7.11824e-10
7.11925e-10
7.11925e-10
7.11925e-10
7.11925e-10
7.11925e-10
7.11925e-10
7.12026e-10
7.12128e-10
7.12128e-10
7.12128e-10
7.12128e-10
7.1233e-10
7.1233e-10
7.1233e-10
7.1233e-10
7.12431e-10
7.12431e-10
7.12431e-10
7.12431e-10
7.12533e-10
7.12533e-10
7.12533e-10
7.12634e-10
7.12634e-10
7.12735e-10
7.12735e-10
7.12837e-10
7.12837e-10
7.12938e-10
7.12938e-10
7.12938e-10
7.12938e-10
7.13039e-10
7.1314e-10
7.1314e-10
7.1314e-10
7.13343e-10
7.13343e-10
7.13343e-10
7.13343e-10
7.13444e-10
7.13545e-10
7.13545e-10
7.13647e-10
7.13647e-10
7.13647e-10
7.13647e-10
7.13748e-10
7.13748e-10
7.13748e-10
7.13748e-10
7.13849e-10
7.13849e-10
7.13951e-10
7.13951e-10
7.14153e-10
7.14153e-10
7.14457e-10
7.14457e-10
7.14761e-10
7.14963e-10
7.14963e-10
7.14963e-10
7.14963e-10
7.15065e-10
7.15267e-10
7.15267e-10
7.15267e-10
7.1547e-10
7.1547e-10
7.1547e-10
7.15875e-10
7.15875e-10
7.15875e-10
7.15976e-10
7.16077e-10
7.16584e-10
7.16584e-10
7.16685e-10
7.16685e-10
7.17191e-10
7.17191e-10
7.17292e-10
7.17292e-10
7.17394e-10
7.17596e-10
7.179e-10
7.18508e-10
7.18508e-10
7.18609e-10
7.18812e-10
7.19115e-10
7.19115e-10
7.19217e-10
7.19217e-10
7.19217e-10
7.19318e-10
7.19318e-10
7.19419e-10
7.19419e-10
7.1952e-10
7.19622e-10
7.19824e-10
7.19925e-10
7.19925e-10
7.20229e-10
7.20229e-10
7.20229e-10
7.20331e-10
7.20331e-10
7.20432e-10
7.20634e-10
7.20736e-10
7.20736e-10
7.20938e-10
7.20938e-10
7.20938e-10
7.21039e-10
7.21039e-10
7.21141e-10
7.21343e-10
7.21343e-10
7.21445e-10
7.21445e-10
7.21748e-10
7.21748e-10
7.2185e-10
7.2185e-10
7.2185e-10
7.22052e-10
7.22153e-10
7.22153e-10
7.22153e-10
7.22356e-10
7.22457e-10
7.22559e-10
7.22559e-10
7.22559e-10
7.2266e-10
7.2266e-10
7.2266e-10
7.22964e-10
7.23166e-10
7.23267e-10
7.23267e-10
7.23369e-10
7.23369e-10
7.23369e-10
7.2347e-10
7.23774e-10
7.23774e-10
7.24078e-10
7.24179e-10
7.24179e-10
7.2428e-10
7.2428e-10
7.24381e-10
7.24584e-10
7.2509e-10
7.2509e-10
7.25192e-10
7.25597e-10
7.25698e-10
7.25799e-10
7.26609e-10
7.26711e-10
7.27116e-10
7.27521e-10
7.27825e-10
7.28736e-10
7.28939e-10
7.28939e-10
7.2904e-10
7.29141e-10
7.29242e-10
7.29445e-10
7.29951e-10
7.30255e-10
7.30356e-10
7.30559e-10
7.30863e-10
7.31268e-10
7.31673e-10
7.31673e-10
7.31774e-10
7.32078e-10
7.32179e-10
7.32382e-10
7.32888e-10
7.33293e-10
7.33496e-10
7.33901e-10
7.34205e-10
7.34306e-10
7.34407e-10
7.34508e-10
7.34508e-10
7.3461e-10
7.35319e-10
7.35724e-10
7.3623e-10
7.36433e-10
7.36736e-10
7.36838e-10
7.37344e-10
7.3785e-10
7.38154e-10
7.39572e-10
7.40179e-10
7.41395e-10
7.42306e-10
7.42407e-10
7.43015e-10
7.43015e-10
7.43218e-10
7.43724e-10
7.43724e-10
7.44129e-10
7.44129e-10
7.4423e-10
7.44332e-10
7.44433e-10
7.44433e-10
7.45851e-10
7.45952e-10
7.46053e-10
7.46762e-10
7.47876e-10
7.47876e-10
7.48079e-10
7.49598e-10
7.50914e-10
7.51826e-10
7.51927e-10
7.52231e-10
7.52838e-10
7.5294e-10
7.53041e-10
7.53446e-10
7.53648e-10
7.53952e-10
7.54661e-10
7.54864e-10
7.55269e-10
7.55978e-10
7.56079e-10
7.57294e-10
7.58914e-10
7.59725e-10
7.60535e-10
7.6094e-10
7.61142e-10
7.61446e-10
7.61547e-10
7.61547e-10
7.61953e-10
7.62256e-10
7.62358e-10
7.62459e-10
7.62763e-10
7.62763e-10
7.62965e-10
7.63168e-10
7.63877e-10
7.63978e-10
7.64788e-10
7.67016e-10
7.68029e-10
7.68333e-10
7.6894e-10
7.69649e-10
7.71472e-10
7.71573e-10
7.72181e-10
7.72181e-10
7.73295e-10
7.73497e-10
7.74206e-10
7.74611e-10
7.75219e-10
7.75219e-10
7.7532e-10
7.75624e-10
7.75624e-10
7.7613e-10
7.76535e-10
7.76535e-10
7.76535e-10
7.76637e-10
7.77143e-10
7.77143e-10
7.77649e-10
7.78257e-10
7.7927e-10
7.80485e-10
7.80586e-10
7.80789e-10
7.8089e-10
7.81599e-10
7.81903e-10
7.82207e-10
7.82713e-10
7.83118e-10
7.83219e-10
7.83726e-10
7.84536e-10
7.84536e-10
7.84637e-10
7.84941e-10
7.85143e-10
7.85245e-10
7.85245e-10
7.85346e-10
7.85954e-10
7.86156e-10
7.86257e-10
7.86257e-10
7.86359e-10
7.86865e-10
7.87979e-10
7.88182e-10
7.90713e-10
7.91017e-10
7.91118e-10
7.91422e-10
7.91523e-10
7.92435e-10
7.92435e-10
7.92637e-10
7.92941e-10
7.93042e-10
7.93144e-10
7.93245e-10
7.93853e-10
7.93954e-10
7.93954e-10
7.93954e-10
7.94562e-10
7.94764e-10
7.95169e-10
7.95372e-10
7.95473e-10
7.95473e-10
7.95979e-10
7.96081e-10
7.96182e-10
7.96283e-10
7.96283e-10
7.96486e-10
7.96688e-10
7.96789e-10
7.97093e-10
7.97802e-10
7.9841e-10
7.98714e-10
7.98815e-10
7.98815e-10
7.98916e-10
7.99524e-10
7.99726e-10
7.99726e-10
7.99828e-10
8.00131e-10
8.0084e-10
8.0084e-10
8.0084e-10
8.02056e-10
8.02461e-10
8.02764e-10
8.02967e-10
8.03271e-10
8.03372e-10
8.03473e-10
8.03575e-10
8.03575e-10
8.03878e-10
8.03878e-10
8.0398e-10
8.04081e-10
8.04283e-10
8.04486e-10
8.04486e-10
8.04587e-10
8.04689e-10
8.04992e-10
8.04992e-10
8.05094e-10
8.05094e-10
8.05195e-10
8.05397e-10
8.05397e-10
8.05397e-10
8.05499e-10
8.05499e-10
8.056e-10
8.05701e-10
8.05803e-10
8.05803e-10
8.05904e-10
8.05904e-10
8.05904e-10
8.06309e-10
8.06309e-10
8.06309e-10
8.06511e-10
8.06613e-10
8.06815e-10
8.06815e-10
8.06916e-10
8.06916e-10
8.07018e-10
8.07119e-10
8.07119e-10
8.07524e-10
8.07524e-10
8.07524e-10
8.07625e-10
8.07625e-10
8.07727e-10
8.07727e-10
8.07929e-10
8.0803e-10
8.0803e-10
8.0803e-10
8.08334e-10
8.08436e-10
8.08436e-10
8.08638e-10
8.08638e-10
8.08739e-10
8.08841e-10
8.08942e-10
8.08942e-10
8.09043e-10
8.09043e-10
8.09246e-10
8.09246e-10
8.09347e-10
8.09853e-10
8.09955e-10
8.10157e-10
8.10967e-10
8.1117e-10
8.11271e-10
8.11372e-10
8.11474e-10
8.11676e-10
8.11777e-10
8.11879e-10
8.1198e-10
8.12183e-10
8.12284e-10
8.12284e-10
8.12385e-10
8.12385e-10
8.12385e-10
8.12486e-10
8.12588e-10
8.12689e-10
8.12689e-10
8.12891e-10
8.12891e-10
8.12993e-10
8.13094e-10
8.13094e-10
8.13195e-10
8.13296e-10
8.13296e-10
8.13398e-10
8.13499e-10
8.13499e-10
8.13499e-10
8.136e-10
8.136e-10
8.13702e-10
8.13702e-10
8.13803e-10
8.13803e-10
8.14005e-10
8.14005e-10
8.14309e-10
8.14309e-10
8.14309e-10
8.14613e-10
8.14613e-10
8.14613e-10
8.14714e-10
8.14714e-10
8.14714e-10
8.14714e-10
8.14816e-10
8.14816e-10
8.14816e-10
8.14816e-10
8.14816e-10
8.14816e-10
8.14917e-10
8.14917e-10
8.14917e-10
8.15018e-10
8.15018e-10
8.15119e-10
8.15119e-10
8.15119e-10
8.15119e-10
8.15119e-10
8.15322e-10
8.15322e-10
8.15423e-10
8.15524e-10
8.15524e-10
8.15626e-10
8.15626e-10
8.15727e-10
8.15727e-10
8.15828e-10
8.15828e-10
8.1593e-10
8.16031e-10
8.16031e-10
8.16031e-10
8.16031e-10
8.16031e-10
8.16132e-10
8.16132e-10
8.16436e-10
8.16436e-10
8.16436e-10
8.16537e-10
8.16638e-10
8.1674e-10
8.1674e-10
8.1674e-10
8.16841e-10
8.16942e-10
8.16942e-10
8.17043e-10
8.17043e-10
8.17145e-10
8.17145e-10
8.17145e-10
8.17246e-10
8.17246e-10
8.17347e-10
8.17347e-10
8.17347e-10
8.17347e-10
8.17449e-10
8.1755e-10
8.1755e-10
8.1755e-10
8.1755e-10
8.17651e-10
8.17651e-10
8.17651e-10
8.17752e-10
8.17752e-10
8.17752e-10
8.17854e-10
8.17955e-10
8.17955e-10
8.17955e-10
8.18056e-10
8.18157e-10
8.18259e-10
8.18259e-10
8.18461e-10
8.18461e-10
8.18563e-10
8.18563e-10
8.18563e-10
8.18664e-10
8.18664e-10
8.18664e-10
8.18664e-10
8.18765e-10
8.18765e-10
8.18866e-10
8.18866e-10
8.18968e-10
8.18968e-10
8.18968e-10
8.19069e-10
8.19069e-10
8.19069e-10
8.19069e-10
8.19069e-10
8.19069e-10
8.1917e-10
8.19271e-10
8.19271e-10
8.19373e-10
8.19474e-10
8.19474e-10
8.19677e-10
8.19677e-10
8.19778e-10
8.1998e-10
8.20082e-10
8.20487e-10
8.20487e-10
8.20588e-10
8.20588e-10
8.20588e-10
8.2079e-10
8.20993e-10
8.21196e-10
8.21196e-10
8.21196e-10
8.21297e-10
8.21297e-10
8.21398e-10
8.21601e-10
8.21601e-10
8.21803e-10
8.22006e-10
8.22006e-10
8.22006e-10
8.22006e-10
8.22006e-10
8.22107e-10
8.22107e-10
8.22107e-10
8.22107e-10
8.2231e-10
8.2231e-10
8.22411e-10
8.22411e-10
8.22411e-10
8.22512e-10
8.22613e-10
8.22613e-10
8.22715e-10
8.22715e-10
8.22816e-10
8.22816e-10
8.22816e-10
8.22917e-10
8.23018e-10
8.23221e-10
8.23221e-10
8.23221e-10
8.23221e-10
8.23322e-10
8.23322e-10
8.23322e-10
8.23322e-10
8.23424e-10
8.23424e-10
8.23424e-10
8.23424e-10
8.23525e-10
8.23525e-10
8.23525e-10
8.23525e-10
8.23525e-10
8.23525e-10
8.23626e-10
8.23626e-10
8.23626e-10
8.23626e-10
8.23727e-10
8.23829e-10
8.23829e-10
8.23829e-10
8.2393e-10
8.2393e-10
8.2393e-10
8.24031e-10
8.24031e-10
8.24031e-10
8.24031e-10
8.24031e-10
8.24031e-10
8.24031e-10
8.24132e-10
8.24132e-10
8.24132e-10
8.24132e-10
8.24234e-10
8.24234e-10
8.24234e-10
8.24234e-10
8.24234e-10
8.24234e-10
8.24335e-10
8.24335e-10
8.24436e-10
8.24537e-10
8.24537e-10
8.24537e-10
8.24537e-10
8.24537e-10
8.24639e-10
8.24639e-10
8.24639e-10
8.24639e-10
8.2474e-10
8.2474e-10
8.2474e-10
8.2474e-10
8.24841e-10
8.24841e-10
8.24841e-10
8.24841e-10
8.24841e-10
8.24841e-10
8.24943e-10
8.24943e-10
8.24943e-10
8.24943e-10
8.24943e-10
8.25044e-10
8.25044e-10
8.25044e-10
8.25044e-10
8.25044e-10
8.25044e-10
8.25044e-10
8.25145e-10
8.25145e-10
8.25145e-10
8.25246e-10
8.25246e-10
8.25246e-10
8.25246e-10
8.25246e-10
8.25246e-10
8.25246e-10
8.25246e-10
8.25348e-10
8.25348e-10
8.25348e-10
8.25348e-10
8.25348e-10
8.25348e-10
8.25449e-10
8.25449e-10
8.25449e-10
8.25449e-10
8.2555e-10
8.2555e-10
8.2555e-10
8.2555e-10
8.2555e-10
8.2555e-10
8.2555e-10
8.25651e-10
8.25651e-10
8.25651e-10
8.25651e-10
8.25753e-10
8.25753e-10
8.25753e-10
8.25753e-10
8.25753e-10
8.25854e-10
8.25854e-10
8.25854e-10
8.25854e-10
8.25854e-10
8.25854e-10
8.25854e-10
8.25854e-10
8.25854e-10
8.25854e-10
8.25854e-10
8.25854e-10
8.25854e-10
8.25955e-10
8.25955e-10
8.25955e-10
8.25955e-10
8.25955e-10
8.25955e-10
8.26057e-10
8.26057e-10
8.26057e-10
8.26057e-10
8.26057e-10
8.26057e-10
8.26158e-10
8.26158e-10
8.26158e-10
8.26158e-10
8.26158e-10
8.26259e-10
8.26259e-10
8.26259e-10
8.2636e-10
8.2636e-10
8.2636e-10
8.2636e-10
8.2636e-10
8.26462e-10
8.26462e-10
8.26462e-10
8.26462e-10
8.26462e-10
8.26462e-10
8.26462e-10
8.26462e-10
8.26462e-10
8.26462e-10
8.26563e-10
8.26563e-10
8.26563e-10
8.26563e-10
8.26563e-10
8.26664e-10
8.26664e-10
8.26664e-10
8.26664e-10
8.26664e-10
8.26765e-10
8.26765e-10
8.26765e-10
8.26765e-10
8.26765e-10
8.26765e-10
8.26765e-10
8.26867e-10
8.26867e-10
8.26867e-10
8.26867e-10
8.26867e-10
8.26867e-10
8.26867e-10
8.26867e-10
8.26968e-10
8.26968e-10
8.26968e-10
8.26968e-10
8.26968e-10
8.26968e-10
8.27069e-10
8.27069e-10
8.27069e-10
8.27069e-10
8.27069e-10
8.27069e-10
8.27069e-10
8.27069e-10
8.27069e-10
8.27171e-10
8.27171e-10
8.27171e-10
8.27171e-10
8.27171e-10
8.27171e-10
8.27171e-10
8.27171e-10
8.27171e-10
8.27171e-10
8.27272e-10
8.27272e-10
8.27272e-10
8.27272e-10
8.27272e-10
8.27272e-10
8.27272e-10
8.27373e-10
8.27373e-10
8.27373e-10
8.27373e-10
8.27373e-10
8.27373e-10
8.27474e-10
8.27474e-10
8.27474e-10
8.27474e-10
8.27474e-10
8.27576e-10
8.27576e-10
8.27576e-10
8.27576e-10
8.27576e-10
8.27576e-10
8.27576e-10
8.27576e-10
8.27576e-10
8.27576e-10
8.27677e-10
8.27677e-10
8.27677e-10
8.27677e-10
8.27677e-10
8.27778e-10
8.27778e-10
8.27778e-10
8.27879e-10
8.27879e-10
8.27879e-10
8.27879e-10
8.27879e-10
8.27879e-10
8.27879e-10
8.27879e-10
8.27879e-10
8.27879e-10
8.27981e-10
8.27981e-10
8.27981e-10
8.27981e-10
8.27981e-10
8.27981e-10
8.27981e-10
8.27981e-10
8.28082e-10
8.28082e-10
8.28082e-10
8.28082e-10
8.28082e-10
8.28183e-10
8.28183e-10
8.28183e-10
8.28183e-10
8.28183e-10
8.28183e-10
8.28284e-10
8.28284e-10
8.28284e-10
8.28284e-10
8.28386e-10
8.28386e-10
8.28386e-10
8.28386e-10
8.28386e-10
8.28386e-10
8.28487e-10
8.28487e-10
8.28487e-10
8.28487e-10
8.28487e-10
8.28487e-10
8.28588e-10
8.28588e-10
8.28588e-10
8.28588e-10
8.28588e-10
8.28588e-10
8.28588e-10
8.2869e-10
8.2869e-10
8.2869e-10
8.2869e-10
8.28791e-10
8.28791e-10
8.28791e-10
8.28791e-10
8.28791e-10
8.28791e-10
8.28892e-10
8.28892e-10
8.28892e-10
8.28892e-10
8.28892e-10
8.28892e-10
8.28892e-10
8.28993e-10
8.28993e-10
8.29095e-10
8.29095e-10
8.29095e-10
8.29095e-10
8.29095e-10
8.29095e-10
8.29196e-10
8.29196e-10
8.29196e-10
8.29196e-10
8.29196e-10
8.29297e-10
8.29297e-10
8.29297e-10
8.29297e-10
8.29398e-10
8.29398e-10
8.29398e-10
8.29398e-10
8.29398e-10
8.295e-10
8.295e-10
8.295e-10
8.295e-10
8.295e-10
8.295e-10
8.295e-10
8.295e-10
8.295e-10
8.295e-10
8.295e-10
8.29601e-10
8.29601e-10
8.29601e-10
8.29702e-10
8.29702e-10
8.29804e-10
8.29804e-10
8.29804e-10
8.29804e-10
8.29804e-10
8.29905e-10
8.29905e-10
8.30006e-10
8.30006e-10
8.30006e-10
8.30006e-10
8.30006e-10
8.30006e-10
8.30107e-10
8.30107e-10
8.30209e-10
8.30209e-10
8.30209e-10
8.30209e-10
8.30209e-10
8.30209e-10
8.30209e-10
8.30209e-10
8.3031e-10
8.3031e-10
8.3031e-10
8.30411e-10
8.30411e-10
8.30411e-10
8.30411e-10
8.30411e-10
8.30512e-10
8.30512e-10
8.30512e-10
8.30512e-10
8.30614e-10
8.30614e-10
8.30715e-10
8.30715e-10
8.30715e-10
8.30816e-10
8.30816e-10
8.30917e-10
8.31019e-10
8.31019e-10
8.31019e-10
8.3112e-10
8.3112e-10
8.31221e-10
8.31323e-10
8.31323e-10
8.31323e-10
8.31323e-10
8.31323e-10
8.31424e-10
8.31424e-10
8.31525e-10
8.31525e-10
8.31525e-10
8.31525e-10
8.31626e-10
8.31626e-10
8.31626e-10
8.31728e-10
8.31728e-10
8.31728e-10
8.31728e-10
8.31829e-10
8.31829e-10
8.31829e-10
8.31829e-10
8.31829e-10
8.31829e-10
8.31829e-10
8.31829e-10
8.31829e-10
8.31829e-10
8.31829e-10
8.31829e-10
8.3193e-10
8.3193e-10
8.3193e-10
8.32031e-10
8.32031e-10
8.32031e-10
8.32031e-10
8.32031e-10
8.32031e-10
8.32031e-10
8.32031e-10
8.32031e-10
8.32031e-10
8.32031e-10
8.32133e-10
8.32133e-10
8.32133e-10
8.32133e-10
8.32234e-10
8.32234e-10
8.32335e-10
8.32335e-10
8.32335e-10
8.32437e-10
8.32437e-10
8.32437e-10
8.32437e-10
8.32437e-10
8.32538e-10
8.32538e-10
8.32538e-10
8.32538e-10
8.32538e-10
8.32639e-10
8.32639e-10
8.32639e-10
8.32639e-10
8.32639e-10
8.32639e-10
8.3274e-10
8.3274e-10
8.3274e-10
8.3274e-10
8.32842e-10
8.32842e-10
8.32842e-10
8.32842e-10
8.32842e-10
8.32842e-10
8.32943e-10
8.32943e-10
8.32943e-10
8.32943e-10
8.32943e-10
8.32943e-10
8.32943e-10
8.33044e-10
8.33044e-10
8.33044e-10
8.33044e-10
8.33044e-10
8.33044e-10
8.33044e-10
8.33044e-10
8.33044e-10
8.33044e-10
8.33044e-10
8.33145e-10
8.33145e-10
8.33145e-10
8.33145e-10
8.33145e-10
8.33145e-10
8.33145e-10
8.33145e-10
8.33145e-10
8.33145e-10
8.33247e-10
8.33247e-10
8.33247e-10
8.33247e-10
8.33247e-10
8.33247e-10
8.33247e-10
8.33348e-10
8.33348e-10
8.33348e-10
8.33449e-10
8.33449e-10
8.33449e-10
8.33449e-10
8.33449e-10
8.33449e-10
8.33449e-10
8.33551e-10
8.33551e-10
8.33551e-10
8.33551e-10
8.33551e-10
8.33551e-10
8.33551e-10
8.33652e-10
8.33652e-10
8.33652e-10
8.33652e-10
8.33652e-10
8.33652e-10
8.33652e-10
8.33652e-10
8.33652e-10
8.33652e-10
8.33753e-10
8.33753e-10
8.33753e-10
8.33753e-10
8.33753e-10
8.33753e-10
8.33753e-10
8.33753e-10
8.33854e-10
8.33854e-10
8.33854e-10
8.33854e-10
8.33854e-10
8.33854e-10
8.33854e-10
8.33854e-10
8.33956e-10
8.33956e-10
8.33956e-10
8.33956e-10
8.33956e-10
8.33956e-10
8.33956e-10
8.33956e-10
8.33956e-10
8.33956e-10
8.33956e-10
8.34057e-10
8.34057e-10
8.34057e-10
8.34057e-10
8.34057e-10
8.34057e-10
8.34057e-10
8.34057e-10
8.34057e-10
8.34057e-10
8.34057e-10
8.34158e-10
8.34158e-10
8.34158e-10
8.34158e-10
8.34158e-10
8.34158e-10
8.34158e-10
8.34158e-10
8.34158e-10
8.34158e-10
8.34158e-10
8.34158e-10
8.34158e-10
8.34158e-10
8.34259e-10
8.34259e-10
8.34259e-10
8.34259e-10
8.34259e-10
8.34259e-10
8.34259e-10
8.34259e-10
8.34259e-10
8.34259e-10
8.34259e-10
8.34259e-10
8.34259e-10
8.34361e-10
8.34361e-10
8.34361e-10
8.34361e-10
8.34361e-10
8.34361e-10
8.34361e-10
8.34361e-10
8.34361e-10
8.34462e-10
8.34462e-10
8.34462e-10
8.34462e-10
8.34462e-10
8.34462e-10
8.34462e-10
8.34563e-10
8.34563e-10
8.34563e-10
8.34563e-10
8.34563e-10
8.34563e-10
8.34563e-10
8.34563e-10
8.34563e-10
8.34563e-10
8.34563e-10
8.34563e-10
8.34563e-10
8.34664e-10
8.34664e-10
8.34664e-10
8.34664e-10
8.34664e-10
8.34664e-10
8.34664e-10
8.34664e-10
8.34664e-10
8.34664e-10
8.34664e-10
8.34664e-10
8.34766e-10
8.34766e-10
8.34766e-10
8.34766e-10
8.34766e-10
8.34766e-10
8.34766e-10
8.34867e-10
8.34867e-10
8.34867e-10
8.34867e-10
8.34867e-10
8.34867e-10
8.34867e-10
8.34867e-10
8.34867e-10
8.34867e-10
8.34867e-10
8.34867e-10
8.34867e-10
8.34867e-10
8.34968e-10
8.34968e-10
8.34968e-10
8.34968e-10
8.34968e-10
8.34968e-10
8.34968e-10
8.34968e-10
8.34968e-10
8.34968e-10
8.34968e-10
8.34968e-10
8.34968e-10
8.34968e-10
8.34968e-10
8.34968e-10
8.3507e-10
8.3507e-10
8.3507e-10
8.3507e-10
8.3507e-10
8.3507e-10
8.3507e-10
8.3507e-10
8.3507e-10
8.3507e-10
8.3507e-10
8.3507e-10
8.3507e-10
8.3507e-10
8.3507e-10
8.3507e-10
8.35171e-10
8.35171e-10
8.35171e-10
8.35171e-10
8.35171e-10
8.35171e-10
8.35171e-10
8.35171e-10
8.35171e-10
8.35171e-10
8.35171e-10
8.35272e-10
8.35272e-10
8.35272e-10
8.35272e-10
8.35272e-10
8.35272e-10
8.35272e-10
8.35272e-10
8.35272e-10
8.35272e-10
8.35272e-10
8.35272e-10
8.35272e-10
8.35272e-10
8.35272e-10
8.35373e-10
8.35373e-10
8.35373e-10
8.35373e-10
8.35373e-10
8.35373e-10
8.35373e-10
8.35373e-10
8.35373e-10
8.35373e-10
8.35373e-10
8.35373e-10
8.35475e-10
8.35475e-10
8.35475e-10
8.35475e-10
8.35475e-10
8.35475e-10
8.35475e-10
8.35475e-10
8.35475e-10
8.35475e-10
8.35475e-10
8.35475e-10
8.35475e-10
8.35475e-10
8.35475e-10
8.35475e-10
8.35475e-10
8.35475e-10
8.35475e-10
8.35475e-10
8.35576e-10
8.35576e-10
8.35576e-10
8.35576e-10
8.35576e-10
8.35576e-10
8.35576e-10
8.35576e-10
8.35576e-10
8.35576e-10
8.35576e-10
8.35576e-10
8.35576e-10
8.35576e-10
8.35576e-10
8.35576e-10
8.35677e-10
8.35677e-10
8.35677e-10
8.35677e-10
8.35677e-10
8.35677e-10
8.35677e-10
8.35677e-10
8.35677e-10
8.35677e-10
8.35677e-10
8.35677e-10
8.35677e-10
8.35677e-10
8.35677e-10
8.35677e-10
8.35677e-10
8.35677e-10
8.35677e-10
8.35677e-10
8.35778e-10
8.35778e-10
8.35778e-10
8.35778e-10
8.35778e-10
8.35778e-10
8.35778e-10
8.35778e-10
8.35778e-10
8.35778e-10
8.35778e-10
8.35778e-10
8.35778e-10
8.35778e-10
8.35778e-10
8.35778e-10
8.35778e-10
8.35778e-10
8.35778e-10
8.35778e-10
8.35778e-10
8.35778e-10
8.35778e-10
8.35778e-10
8.35778e-10
8.35778e-10
8.35778e-10
8.35778e-10
8.35778e-10
8.3588e-10
8.3588e-10
8.3588e-10
8.3588e-10
8.3588e-10
8.3588e-10
8.3588e-10
8.3588e-10
8.3588e-10
8.3588e-10
8.3588e-10
8.3588e-10
8.3588e-10
8.3588e-10
8.3588e-10
8.3588e-10
8.3588e-10
8.3588e-10
8.3588e-10
8.3588e-10
8.3588e-10
8.3588e-10
8.3588e-10
8.35981e-10
8.35981e-10
8.35981e-10
8.35981e-10
8.35981e-10
8.35981e-10
8.35981e-10
8.35981e-10
8.35981e-10
8.35981e-10
8.35981e-10
8.35981e-10
8.35981e-10
8.36082e-10
8.36082e-10
8.36082e-10
8.36082e-10
8.36082e-10
8.36082e-10
8.36082e-10
8.36082e-10
8.36082e-10
8.36082e-10
8.36082e-10
8.36082e-10
8.36082e-10
8.36082e-10
8.36082e-10
8.36082e-10
8.36082e-10
8.36082e-10
8.36082e-10
8.36184e-10
8.36184e-10
8.36184e-10
8.36184e-10
8.36184e-10
8.36184e-10
8.36184e-10
8.36184e-10
8.36184e-10
8.36184e-10
8.36184e-10
8.36184e-10
8.36184e-10
8.36184e-10
8.36184e-10
8.36184e-10
8.36184e-10
8.36184e-10
8.36184e-10
8.36184e-10
8.36184e-10
8.36184e-10
8.36285e-10
8.36285e-10
8.36285e-10
8.36285e-10
8.36285e-10
8.36285e-10
8.36285e-10
8.36285e-10
8.36285e-10
8.36285e-10
8.36285e-10
8.36285e-10
8.36285e-10
8.36285e-10
8.36285e-10
8.36285e-10
8.36285e-10
8.36285e-10
8.36285e-10
8.36285e-10
8.36285e-10
8.36285e-10
8.36285e-10
8.36285e-10
8.36285e-10
8.36386e-10
8.36386e-10
8.36386e-10
8.36386e-10
8.36386e-10
8.36386e-10
8.36386e-10
8.36386e-10
8.36386e-10
8.36386e-10
8.36386e-10
8.36386e-10
8.36386e-10
8.36386e-10
8.36386e-10
8.36487e-10
8.36487e-10
8.36487e-10
8.36487e-10
8.36487e-10
8.36487e-10
8.36487e-10
8.36487e-10
8.36487e-10
8.36487e-10
8.36487e-10
8.36487e-10
8.36487e-10
8.36487e-10
8.36487e-10
8.36487e-10
8.36487e-10
8.36487e-10
8.36487e-10
8.36487e-10
8.36487e-10
8.36487e-10
8.36589e-10
8.36589e-10
8.36589e-10
8.36589e-10
8.36589e-10
8.36589e-10
8.36589e-10
8.36589e-10
8.36589e-10
8.36589e-10
8.36589e-10
8.36589e-10
8.36589e-10
8.36589e-10
8.36589e-10
8.36589e-10
8.36589e-10
8.36589e-10
8.36589e-10
8.36589e-10
8.3669e-10
8.3669e-10
8.3669e-10
8.3669e-10
8.3669e-10
8.3669e-10
8.3669e-10
8.3669e-10
8.3669e-10
8.3669e-10
8.3669e-10
8.3669e-10
8.3669e-10
8.3669e-10
8.3669e-10
8.3669e-10
8.3669e-10
8.3669e-10
8.3669e-10
8.36791e-10
8.36791e-10
8.36791e-10
8.36791e-10
8.36791e-10
8.36791e-10
8.36791e-10
8.36791e-10
8.36791e-10
8.36791e-10
8.36791e-10
8.36791e-10
8.36791e-10
8.36791e-10
8.36791e-10
8.36791e-10
8.36791e-10
8.36791e-10
8.36791e-10
8.36791e-10
8.36791e-10
8.36892e-10
8.36892e-10
8.36892e-10
8.36892e-10
8.36892e-10
8.36892e-10
8.36892e-10
8.36892e-10
8.36892e-10
8.36892e-10
8.36892e-10
8.36892e-10
8.36892e-10
8.36892e-10
8.36892e-10
8.36892e-10
8.36892e-10
8.36892e-10
8.36892e-10
8.36892e-10
8.36892e-10
8.36892e-10
8.36892e-10
8.36994e-10
8.36994e-10
8.36994e-10
8.36994e-10
8.36994e-10
8.36994e-10
8.36994e-10
8.36994e-10
8.36994e-10
8.36994e-10
8.36994e-10
8.36994e-10
8.36994e-10
8.36994e-10
8.36994e-10
8.36994e-10
8.36994e-10
8.37095e-10
8.37095e-10
8.37095e-10
8.37095e-10
8.37095e-10
8.37095e-10
8.37095e-10
8.37095e-10
8.37095e-10
8.37095e-10
8.37095e-10
8.37095e-10
8.37095e-10
8.37095e-10
8.37095e-10
8.37095e-10
8.37095e-10
8.37095e-10
8.37095e-10
8.37095e-10
8.37095e-10
8.37095e-10
8.37095e-10
8.37196e-10
8.37196e-10
8.37196e-10
8.37196e-10
8.37196e-10
8.37196e-10
8.37196e-10
8.37196e-10
8.37196e-10
8.37196e-10
8.37196e-10
8.37196e-10
8.37196e-10
8.37196e-10
8.37196e-10
8.37196e-10
8.37196e-10
8.37196e-10
8.37196e-10
8.37298e-10
8.37298e-10
8.37298e-10
8.37298e-10
8.37298e-10
8.37298e-10
8.37298e-10
8.37298e-10
8.37298e-10
8.37298e-10
8.37298e-10
8.37298e-10
8.37298e-10
8.37298e-10
8.37298e-10
8.37298e-10
8.37399e-10
8.37399e-10
8.37399e-10
8.37399e-10
8.37399e-10
8.37399e-10
8.37399e-10
8.37399e-10
8.37399e-10
8.37399e-10
8.37399e-10
8.37399e-10
8.37399e-10
8.37399e-10
8.37399e-10
8.37399e-10
8.37399e-10
8.37399e-10
8.37399e-10
8.37399e-10
8.37399e-10
8.37399e-10
8.37399e-10
8.37399e-10
8.37399e-10
8.375e-10
8.375e-10
8.375e-10
8.375e-10
8.375e-10
8.375e-10
8.375e-10
8.375e-10
8.375e-10
8.375e-10
8.375e-10
8.375e-10
8.375e-10
8.375e-10
8.375e-10
8.375e-10
8.375e-10
8.375e-10
8.37601e-10
8.37601e-10
8.37601e-10
8.37601e-10
8.37601e-10
8.37601e-10
8.37601e-10
8.37601e-10
8.37601e-10
8.37601e-10
8.37601e-10
8.37601e-10
8.37601e-10
8.37703e-10
8.37703e-10
8.37703e-10
8.37703e-10
8.37703e-10
8.37703e-10
8.37703e-10
8.37703e-10
8.37703e-10
8.37703e-10
8.37703e-10
8.37703e-10
8.37804e-10
8.37804e-10
8.37804e-10
8.37804e-10
8.37804e-10
8.37804e-10
8.37804e-10
8.37804e-10
8.37804e-10
8.37804e-10
8.37804e-10
8.37804e-10
8.37804e-10
8.37804e-10
8.37804e-10
8.37804e-10
8.37804e-10
8.37804e-10
8.37804e-10
8.37804e-10
8.37804e-10
8.37804e-10
8.37804e-10
8.37905e-10
8.37905e-10
8.37905e-10
8.37905e-10
8.37905e-10
8.37905e-10
8.37905e-10
8.37905e-10
8.37905e-10
8.37905e-10
8.37905e-10
8.37905e-10
8.37905e-10
8.37905e-10
8.37905e-10
8.37905e-10
8.37905e-10
8.37905e-10
8.37905e-10
8.37905e-10
8.37905e-10
8.37905e-10
8.37905e-10
8.38006e-10
8.38006e-10
8.38006e-10
8.38006e-10
8.38006e-10
8.38006e-10
8.38006e-10
8.38006e-10
8.38006e-10
8.38006e-10
8.38006e-10
8.38006e-10
8.38006e-10
8.38006e-10
8.38006e-10
8.38006e-10
8.38006e-10
8.38006e-10
8.38006e-10
8.38006e-10
8.38006e-10
8.38006e-10
8.38006e-10
8.38006e-10
8.38006e-10
8.38006e-10
8.38006e-10
8.38108e-10
8.38108e-10
8.38108e-10
8.38108e-10
8.38108e-10
8.38108e-10
8.38108e-10
8.38108e-10
8.38108e-10
8.38108e-10
8.38108e-10
8.38108e-10
8.38108e-10
8.38108e-10
8.38108e-10
8.38108e-10
8.38108e-10
8.38108e-10
8.38108e-10
8.38108e-10
8.38108e-10
8.38108e-10
8.38108e-10
8.38209e-10
8.38209e-10
8.38209e-10
8.38209e-10
8.38209e-10
8.38209e-10
8.38209e-10
8.38209e-10
8.38209e-10
8.38209e-10
8.38209e-10
8.38209e-10
8.38209e-10
8.38209e-10
8.38209e-10
8.38209e-10
8.38209e-10
8.38209e-10
8.38209e-10
8.38209e-10
8.38209e-10
8.38209e-10
8.3831e-10
8.3831e-10
8.3831e-10
8.3831e-10
8.3831e-10
8.3831e-10
8.3831e-10
8.3831e-10
8.3831e-10
8.3831e-10
8.3831e-10
8.3831e-10
8.3831e-10
8.3831e-10
8.3831e-10
8.3831e-10
8.3831e-10
8.3831e-10
8.3831e-10
8.3831e-10
8.3831e-10
8.3831e-10
8.3831e-10
8.3831e-10
8.3831e-10
8.3831e-10
8.3831e-10
8.3831e-10
8.3831e-10
8.3831e-10
8.3831e-10
8.3831e-10
8.3831e-10
8.3831e-10
8.3831e-10
8.38411e-10
8.38411e-10
8.38411e-10
8.38411e-10
8.38411e-10
8.38411e-10
8.38411e-10
8.38411e-10
8.38411e-10
8.38411e-10
8.38411e-10
8.38411e-10
8.38411e-10
8.38411e-10
8.38411e-10
8.38411e-10
8.38411e-10
8.38411e-10
8.38411e-10
8.38411e-10
8.38411e-10
8.38411e-10
8.38411e-10
8.38513e-10
8.38513e-10
8.38513e-10
8.38513e-10
8.38513e-10
8.38513e-10
8.38513e-10
8.38513e-10
8.38513e-10
8.38513e-10
8.38513e-10
8.38513e-10
8.38513e-10
8.38513e-10
8.38513e-10
8.38513e-10
8.38513e-10
8.38513e-10
8.38513e-10
8.38513e-10
8.38513e-10
8.38513e-10
8.38513e-10
8.38513e-10
8.38513e-10
8.38513e-10
8.38614e-10
8.38614e-10
8.38614e-10
8.38614e-10
8.38614e-10
8.38614e-10
8.38614e-10
8.38614e-10
8.38614e-10
8.38614e-10
8.38614e-10
8.38614e-10
8.38614e-10
8.38614e-10
8.38614e-10
8.38614e-10
8.38614e-10
8.38614e-10
8.38614e-10
8.38614e-10
8.38614e-10
8.38614e-10
8.38614e-10
8.38614e-10
8.38614e-10
8.38614e-10
8.38715e-10
8.38715e-10
8.38715e-10
8.38715e-10
8.38715e-10
8.38715e-10
8.38715e-10
8.38715e-10
8.38715e-10
8.38715e-10
8.38715e-10
8.38715e-10
8.38715e-10
8.38715e-10
8.38715e-10
8.38715e-10
8.38715e-10
8.38715e-10
8.38715e-10
8.38715e-10
8.38817e-10
8.38817e-10
8.38817e-10
8.38817e-10
8.38817e-10
8.38817e-10
8.38817e-10
8.38817e-10
8.38817e-10
8.38817e-10
8.38817e-10
8.38817e-10
8.38817e-10
8.38918e-10
8.38918e-10
8.38918e-10
8.38918e-10
8.38918e-10
8.38918e-10
8.38918e-10
8.38918e-10
8.38918e-10
8.38918e-10
8.38918e-10
8.38918e-10
8.38918e-10
8.38918e-10
8.38918e-10
8.38918e-10
8.39019e-10
8.39019e-10
8.39019e-10
8.39019e-10
8.39019e-10
8.39019e-10
8.39019e-10
8.39019e-10
8.39019e-10
8.39019e-10
8.39019e-10
8.39019e-10
8.39019e-10
8.39019e-10
8.39019e-10
8.39019e-10
8.39019e-10
8.39019e-10
8.3912e-10
8.3912e-10
8.3912e-10
8.3912e-10
8.3912e-10
8.3912e-10
8.3912e-10
8.3912e-10
8.3912e-10
8.3912e-10
8.3912e-10
8.3912e-10
8.3912e-10
8.39222e-10
8.39222e-10
8.39222e-10
8.39222e-10
8.39222e-10
8.39222e-10
8.39222e-10
8.39222e-10
8.39222e-10
8.39222e-10
8.39222e-10
8.39222e-10
8.39222e-10
8.39222e-10
8.39222e-10
8.39222e-10
8.39323e-10
8.39323e-10
8.39323e-10
8.39323e-10
8.39323e-10
8.39323e-10
8.39323e-10
8.39323e-10
8.39323e-10
8.39323e-10
8.39323e-10
8.39323e-10
8.39323e-10
8.39323e-10
8.39323e-10
8.39323e-10
8.39323e-10
8.39323e-10
8.39323e-10
8.39323e-10
8.39323e-10
8.39323e-10
8.39323e-10
8.39323e-10
8.39424e-10
8.39424e-10
8.39424e-10
8.39424e-10
8.39424e-10
8.39424e-10
8.39424e-10
8.39424e-10
8.39424e-10
8.39424e-10
8.39424e-10
8.39424e-10
8.39424e-10
8.39424e-10
8.39424e-10
8.39525e-10
8.39525e-10
8.39525e-10
8.39525e-10
8.39525e-10
8.39525e-10
8.39525e-10
8.39525e-10
8.39525e-10
8.39525e-10
8.39525e-10
8.39525e-10
8.39525e-10
8.39525e-10
8.39525e-10
8.39525e-10
8.39525e-10
8.39627e-10
8.39627e-10
8.39627e-10
8.39627e-10
8.39627e-10
8.39627e-10
8.39627e-10
8.39627e-10
8.39627e-10
8.39627e-10
8.39627e-10
8.39627e-10
8.39627e-10
8.39728e-10
8.39728e-10
8.39728e-10
8.39728e-10
8.39728e-10
8.39728e-10
8.39728e-10
8.39728e-10
8.39728e-10
8.39728e-10
8.39728e-10
8.39728e-10
8.39728e-10
8.39728e-10
8.39728e-10
8.39728e-10
8.39728e-10
8.39728e-10
8.39728e-10
8.39728e-10
8.39728e-10
8.39728e-10
8.39829e-10
8.39829e-10
8.39829e-10
8.39829e-10
8.39829e-10
8.39829e-10
8.39829e-10
8.39829e-10
8.39829e-10
8.39829e-10
8.39829e-10
8.39829e-10
8.39829e-10
8.39829e-10
8.39829e-10
8.39829e-10
8.39931e-10
8.39931e-10
8.39931e-10
8.39931e-10
8.39931e-10
8.39931e-10
8.39931e-10
8.39931e-10
8.39931e-10
8.39931e-10
8.39931e-10
8.39931e-10
8.39931e-10
8.39931e-10
8.39931e-10
8.39931e-10
8.39931e-10
8.39931e-10
8.39931e-10
8.39931e-10
8.40032e-10
8.40032e-10
8.40032e-10
8.40032e-10
8.40032e-10
8.40032e-10
8.40032e-10
8.40032e-10
8.40032e-10
8.40032e-10
8.40032e-10
8.40032e-10
8.40032e-10
8.40032e-10
8.40032e-10
8.40133e-10
8.40133e-10
8.40133e-10
8.40133e-10
8.40133e-10
8.40133e-10
8.40133e-10
8.40133e-10
8.40133e-10
8.40133e-10
8.40133e-10
8.40133e-10
8.40133e-10
8.40133e-10
8.40133e-10
8.40133e-10
8.40234e-10
8.40234e-10
8.40234e-10
8.40234e-10
8.40234e-10
8.40234e-10
8.40234e-10
8.40234e-10
8.40234e-10
8.40234e-10
8.40234e-10
8.40234e-10
8.40234e-10
8.40234e-10
8.40234e-10
8.40234e-10
8.40234e-10
8.40234e-10
8.40234e-10
8.40234e-10
8.40234e-10
8.40336e-10
8.40336e-10
8.40336e-10
8.40336e-10
8.40336e-10
8.40336e-10
8.40336e-10
8.40336e-10
8.40336e-10
8.40336e-10
8.40336e-10
8.40336e-10
8.40336e-10
8.40336e-10
8.40336e-10
8.40336e-10
8.40336e-10
8.40336e-10
8.40336e-10
8.40336e-10
8.40336e-10
8.40336e-10
8.40336e-10
8.40336e-10
8.40336e-10
8.40336e-10
8.40336e-10
8.40336e-10
8.40437e-10
8.40437e-10
8.40437e-10
8.40437e-10
8.40437e-10
8.40437e-10
8.40437e-10
8.40437e-10
8.40437e-10
8.40437e-10
8.40437e-10
8.40437e-10
8.40437e-10
8.40437e-10
8.40437e-10
8.40538e-10
8.40538e-10
8.40538e-10
8.40538e-10
8.40538e-10
8.40538e-10
8.40538e-10
8.40538e-10
8.40538e-10
8.40538e-10
8.40538e-10
8.40538e-10
8.40639e-10
8.40639e-10
8.40639e-10
8.40639e-10
8.40639e-10
8.40639e-10
8.40639e-10
8.40639e-10
8.40639e-10
8.40639e-10
8.40639e-10
8.40639e-10
8.40639e-10
8.40639e-10
8.40639e-10
8.40639e-10
8.40741e-10
8.40741e-10
8.40741e-10
8.40741e-10
8.40741e-10
8.40741e-10
8.40741e-10
8.40741e-10
8.40741e-10
8.40741e-10
8.40741e-10
8.40741e-10
8.40842e-10
8.40842e-10
8.40842e-10
8.40842e-10
8.40842e-10
8.40842e-10
8.40842e-10
8.40842e-10
8.40842e-10
8.40842e-10
8.40842e-10
8.40842e-10
8.40842e-10
8.40943e-10
8.40943e-10
8.40943e-10
8.40943e-10
8.40943e-10
8.40943e-10
8.40943e-10
8.40943e-10
8.40943e-10
8.40943e-10
8.40943e-10
8.40943e-10
8.40943e-10
8.40943e-10
8.40943e-10
8.40943e-10
8.40943e-10
8.40943e-10
8.41045e-10
8.41045e-10
8.41045e-10
8.41045e-10
8.41045e-10
8.41045e-10
8.41045e-10
8.41045e-10
8.41045e-10
8.41045e-10
8.41045e-10
8.41045e-10
8.41146e-10
8.41146e-10
8.41146e-10
8.41146e-10
8.41146e-10
8.41146e-10
8.41146e-10
8.41146e-10
8.41146e-10
8.41146e-10
8.41247e-10
8.41247e-10
8.41247e-10
8.41247e-10
8.41247e-10
8.41247e-10
8.41247e-10
8.41247e-10
8.41247e-10
8.41247e-10
8.41247e-10
8.41247e-10
8.41247e-10
8.41247e-10
8.41247e-10
8.41247e-10
8.41247e-10
8.41247e-10
8.41247e-10
8.41348e-10
8.41348e-10
8.41348e-10
8.41348e-10
8.41348e-10
8.41348e-10
8.41348e-10
8.41348e-10
8.41348e-10
8.41348e-10
8.41348e-10
8.4145e-10
8.4145e-10
8.4145e-10
8.4145e-10
8.4145e-10
8.4145e-10
8.4145e-10
8.4145e-10
8.4145e-10
8.4145e-10
8.4145e-10
8.4145e-10
8.4145e-10
8.41551e-10
8.41551e-10
8.41551e-10
8.41551e-10
8.41551e-10
8.41551e-10
8.41551e-10
8.41551e-10
8.41551e-10
8.41551e-10
8.41551e-10
8.41551e-10
8.41551e-10
8.41551e-10
8.41551e-10
8.41551e-10
8.41551e-10
8.41551e-10
8.41551e-10
8.41652e-10
8.41652e-10
8.41652e-10
8.41652e-10
8.41652e-10
8.41652e-10
8.41652e-10
8.41652e-10
8.41652e-10
8.41652e-10
8.41652e-10
8.41652e-10
8.41652e-10
8.41652e-10
8.41652e-10
8.41652e-10
8.41753e-10
8.41753e-10
8.41753e-10
8.41753e-10
8.41753e-10
8.41753e-10
8.41753e-10
8.41753e-10
8.41753e-10
8.41753e-10
8.41753e-10
8.41753e-10
8.41753e-10
8.41753e-10
8.41753e-10
8.41753e-10
8.41855e-10
8.41855e-10
8.41855e-10
8.41855e-10
8.41855e-10
8.41855e-10
8.41855e-10
8.41855e-10
8.41855e-10
8.41855e-10
8.41855e-10
8.41855e-10
8.41855e-10
8.41855e-10
8.41855e-10
8.41855e-10
8.41956e-10
8.41956e-10
8.41956e-10
8.41956e-10
8.41956e-10
8.41956e-10
8.41956e-10
8.41956e-10
8.42057e-10
8.42057e-10
8.42057e-10
8.42057e-10
8.42057e-10
8.42057e-10
8.42057e-10
8.42057e-10
8.42057e-10
8.42057e-10
8.42057e-10
8.42057e-10
8.42057e-10
8.42057e-10
8.42057e-10
8.42158e-10
8.42158e-10
8.42158e-10
8.42158e-10
8.42158e-10
8.42158e-10
8.42158e-10
8.42158e-10
8.42158e-10
8.42158e-10
8.42158e-10
8.42158e-10
8.4226e-10
8.4226e-10
8.4226e-10
8.4226e-10
8.4226e-10
8.4226e-10
8.4226e-10
8.4226e-10
8.4226e-10
8.4226e-10
8.42361e-10
8.42361e-10
8.42361e-10
8.42361e-10
8.42361e-10
8.42361e-10
8.42361e-10
8.42361e-10
8.42361e-10
8.42361e-10
8.42361e-10
8.42361e-10
8.42361e-10
8.42361e-10
8.42361e-10
8.42361e-10
8.42361e-10
8.42361e-10
8.42361e-10
8.42462e-10
8.42462e-10
8.42462e-10
8.42462e-10
8.42462e-10
8.42462e-10
8.42462e-10
8.42462e-10
8.42462e-10
8.42462e-10
8.42462e-10
8.42462e-10
8.42462e-10
8.42462e-10
8.42462e-10
8.42564e-10
8.42564e-10
8.42564e-10
8.42564e-10
8.42564e-10
8.42564e-10
8.42564e-10
8.42564e-10
8.42564e-10
8.42564e-10
8.42564e-10
8.42564e-10
8.42564e-10
8.42564e-10
8.42665e-10
8.42665e-10
8.42665e-10
8.42665e-10
8.42665e-10
8.42665e-10
8.42665e-10
8.42665e-10
8.42665e-10
8.42665e-10
8.42665e-10
8.42665e-10
8.42665e-10
8.42665e-10
8.42665e-10
8.42665e-10
8.42665e-10
8.42665e-10
8.42766e-10
8.42766e-10
8.42766e-10
8.42766e-10
8.42766e-10
8.42766e-10
8.42766e-10
8.42766e-10
8.42766e-10
8.42766e-10
8.42766e-10
8.42766e-10
8.42867e-10
8.42867e-10
8.42867e-10
8.42867e-10
8.42867e-10
8.42867e-10
8.42867e-10
8.42867e-10
8.42969e-10
8.42969e-10
8.42969e-10
8.42969e-10
8.42969e-10
8.42969e-10
8.42969e-10
8.42969e-10
8.42969e-10
8.42969e-10
8.42969e-10
8.42969e-10
8.42969e-10
8.42969e-10
8.42969e-10
8.42969e-10
8.42969e-10
8.42969e-10
8.4307e-10
8.4307e-10
8.4307e-10
8.4307e-10
8.4307e-10
8.4307e-10
8.4307e-10
8.4307e-10
8.4307e-10
8.4307e-10
8.4307e-10
8.4307e-10
8.4307e-10
8.4307e-10
8.4307e-10
8.43171e-10
8.43171e-10
8.43171e-10
8.43171e-10
8.43171e-10
8.43171e-10
8.43171e-10
8.43171e-10
8.43171e-10
8.43171e-10
8.43171e-10
8.43171e-10
8.43272e-10
8.43272e-10
8.43272e-10
8.43272e-10
8.43272e-10
8.43272e-10
8.43272e-10
8.43272e-10
8.43272e-10
8.43272e-10
8.43272e-10
8.43272e-10
8.43272e-10
8.43272e-10
8.43272e-10
8.43272e-10
8.43272e-10
8.43272e-10
8.43272e-10
8.43374e-10
8.43374e-10
8.43374e-10
8.43374e-10
8.43374e-10
8.43374e-10
8.43374e-10
8.43374e-10
8.43374e-10
8.43374e-10
8.43374e-10
8.43374e-10
8.43374e-10
8.43374e-10
8.43374e-10
8.43374e-10
8.43374e-10
8.43374e-10
8.43374e-10
8.43374e-10
8.43475e-10
8.43475e-10
8.43475e-10
8.43475e-10
8.43475e-10
8.43475e-10
8.43475e-10
8.43475e-10
8.43475e-10
8.43475e-10
8.43475e-10
8.43475e-10
8.43475e-10
8.43475e-10
8.43475e-10
8.43475e-10
8.43475e-10
8.43475e-10
8.43475e-10
8.43475e-10
8.43576e-10
8.43576e-10
8.43576e-10
8.43576e-10
8.43576e-10
8.43576e-10
8.43576e-10
8.43576e-10
8.43576e-10
8.43576e-10
8.43576e-10
8.43576e-10
8.43576e-10
8.43576e-10
8.43576e-10
8.43576e-10
8.43576e-10
8.43576e-10
8.43576e-10
8.43576e-10
8.43576e-10
8.43576e-10
8.43678e-10
8.43678e-10
8.43678e-10
8.43678e-10
8.43678e-10
8.43678e-10
8.43678e-10
8.43678e-10
8.43678e-10
8.43678e-10
8.43678e-10
8.43678e-10
8.43678e-10
8.43678e-10
8.43678e-10
8.43678e-10
8.43678e-10
8.43779e-10
8.43779e-10
8.43779e-10
8.43779e-10
8.43779e-10
8.43779e-10
8.43779e-10
8.43779e-10
8.43779e-10
8.43779e-10
8.43779e-10
8.43779e-10
8.43779e-10
8.43779e-10
8.43779e-10
8.43779e-10
8.43779e-10
8.43779e-10
8.43779e-10
8.43779e-10
8.43779e-10
8.43779e-10
