6.93899e-10
6.93899e-10
6.93899e-10
6.93899e-10
6.93899e-10
6.94e-10
6.94e-10
6.94e-10
6.94e-10
6.94e-10
6.94102e-10
6.94102e-10
6.94102e-10
6.94102e-10
6.94102e-10
6.94102e-10
6.94203e-10
6.94203e-10
6.94203e-10
6.94304e-10
6.94304e-10
6.94304e-10
6.94405e-10
6.94405e-10
6.94405e-10
6.94405e-10
6.94405e-10
6.94507e-10
6.94507e-10
6.94507e-10
6.94608e-10
6.94608e-10
6.94608e-10
6.94709e-10
6.94709e-10
6.94709e-10
6.94709e-10
6.9481e-10
6.9481e-10
6.9481e-10
6.94912e-10
6.94912e-10
6.94912e-10
6.94912e-10
6.95013e-10
6.95013e-10
6.95013e-10
6.95013e-10
6.95013e-10
6.95013e-10
6.95114e-10
6.95114e-10
6.95114e-10
6.95216e-10
6.95216e-10
6.95216e-10
6.95216e-10
6.95216e-10
6.95317e-10
6.95317e-10
6.95317e-10
6.95317e-10
6.95317e-10
6.95418e-10
6.95418e-10
6.95418e-10
6.95418e-10
6.95519e-10
6.95519e-10
6.95519e-10
6.95519e-10
6.95519e-10
6.95621e-10
6.95621e-10
6.95722e-10
6.95722e-10
6.95722e-10
6.95722e-10
6.95722e-10
6.95722e-10
6.95823e-10
6.95823e-10
6.95823e-10
6.95823e-10
6.95823e-10
6.95924e-10
6.95924e-10
6.95924e-10
6.95924e-10
6.95924e-10
6.95924e-10
6.95924e-10
6.96026e-10
6.96026e-10
6.96026e-10
6.96026e-10
6.96127e-10
6.96127e-10
6.96127e-10
6.96127e-10
6.96127e-10
6.96127e-10
6.96228e-10
6.96228e-10
6.96228e-10
6.9633e-10
6.9633e-10
6.9633e-10
6.9633e-10
6.96431e-10
6.96431e-10
6.96431e-10
6.96532e-10
6.96532e-10
6.96532e-10
6.96532e-10
6.96633e-10
6.96633e-10
6.96633e-10
6.96633e-10
6.96633e-10
6.96633e-10
6.96735e-10
6.96735e-10
6.96735e-10
6.96836e-10
6.96836e-10
6.96836e-10
6.96836e-10
6.96836e-10
6.96937e-10
6.96937e-10
6.96937e-10
6.96937e-10
6.96937e-10
6.96937e-10
6.97038e-10
6.97038e-10
6.97038e-10
6.97038e-10
6.97038e-10
6.97038e-10
6.97038e-10
6.97038e-10
6.97038e-10
6.97038e-10
6.97241e-10
6.97241e-10
6.97241e-10
6.97342e-10
6.97342e-10
6.97342e-10
6.97342e-10
6.97342e-10
6.97342e-10
6.97342e-10
6.97342e-10
6.97342e-10
6.97444e-10
6.97444e-10
6.97444e-10
6.97444e-10
6.97444e-10
6.97545e-10
6.97545e-10
6.97545e-10
6.97646e-10
6.97646e-10
6.97646e-10
6.97646e-10
6.97646e-10
6.97646e-10
6.97646e-10
6.97646e-10
6.97646e-10
6.97747e-10
6.97747e-10
6.97747e-10
6.97747e-10
6.97849e-10
6.97849e-10
6.97849e-10
6.97849e-10
6.97849e-10
6.97849e-10
6.97849e-10
6.97849e-10
6.97849e-10
6.97849e-10
6.98051e-10
6.98051e-10
6.98051e-10
6.98051e-10
6.98051e-10
6.98152e-10
6.98152e-10
6.98152e-10
6.98152e-10
6.98152e-10
6.98152e-10
6.98152e-10
6.98152e-10
6.98152e-10
6.98152e-10
6.98152e-10
6.98254e-10
6.98254e-10
6.98355e-10
6.98355e-10
6.98355e-10
6.98355e-10
6.98355e-10
6.98456e-10
6.98456e-10
6.98456e-10
6.98456e-10
6.98456e-10
6.98557e-10
6.98557e-10
6.98557e-10
6.98557e-10
6.98557e-10
6.98659e-10
6.98659e-10
6.98659e-10
6.98659e-10
6.98659e-10
6.98659e-10
6.98659e-10
6.9876e-10
6.9876e-10
6.9876e-10
6.9876e-10
6.9876e-10
6.9876e-10
6.9876e-10
6.9876e-10
6.9876e-10
6.9876e-10
6.9876e-10
6.98861e-10
6.98861e-10
6.98861e-10
6.98861e-10
6.98861e-10
6.98861e-10
6.98861e-10
6.98963e-10
6.98963e-10
6.98963e-10
6.98963e-10
6.98963e-10
6.98963e-10
6.98963e-10
6.99064e-10
6.99064e-10
6.99064e-10
6.99064e-10
6.99064e-10
6.99064e-10
6.99064e-10
6.99064e-10
6.99165e-10
6.99165e-10
6.99165e-10
6.99165e-10
6.99165e-10
6.99165e-10
6.99165e-10
6.99165e-10
6.99165e-10
6.99165e-10
6.99165e-10
6.99165e-10
6.99266e-10
6.99266e-10
6.99266e-10
6.99266e-10
6.99266e-10
6.99368e-10
6.99368e-10
6.99368e-10
6.99368e-10
6.99368e-10
6.99469e-10
6.99469e-10
6.99469e-10
6.99469e-10
6.99469e-10
6.99469e-10
6.99469e-10
6.99469e-10
6.9957e-10
6.9957e-10
6.9957e-10
6.9957e-10
6.9957e-10
6.9957e-10
6.9957e-10
6.9957e-10
6.9957e-10
6.9957e-10
6.9957e-10
6.99671e-10
6.99671e-10
6.99671e-10
6.99671e-10
6.99671e-10
6.99773e-10
6.99773e-10
6.99773e-10
6.99773e-10
6.99773e-10
6.99874e-10
6.99874e-10
6.99874e-10
6.99874e-10
6.99874e-10
6.99975e-10
6.99975e-10
6.99975e-10
6.99975e-10
6.99975e-10
6.99975e-10
6.99975e-10
6.99975e-10
6.99975e-10
7.00077e-10
7.00077e-10
7.00077e-10
7.00077e-10
7.00077e-10
7.00077e-10
7.00077e-10
7.00077e-10
7.00077e-10
7.00178e-10
7.00178e-10
7.00178e-10
7.00178e-10
7.00178e-10
7.00178e-10
7.00178e-10
7.00178e-10
7.00178e-10
7.00279e-10
7.00279e-10
7.00279e-10
7.00279e-10
7.00279e-10
7.00279e-10
7.0038e-10
7.0038e-10
7.0038e-10
7.0038e-10
7.0038e-10
7.0038e-10
7.0038e-10
7.0038e-10
7.00482e-10
7.00482e-10
7.00482e-10
7.00482e-10
7.00482e-10
7.00482e-10
7.00482e-10
7.00482e-10
7.00482e-10
7.00583e-10
7.00583e-10
7.00583e-10
7.00583e-10
7.00583e-10
7.00583e-10
7.00684e-10
7.00684e-10
7.00684e-10
7.00684e-10
7.00684e-10
7.00684e-10
7.00684e-10
7.00684e-10
7.00684e-10
7.00785e-10
7.00785e-10
7.00785e-10
7.00785e-10
7.00785e-10
7.00785e-10
7.00785e-10
7.00785e-10
7.00785e-10
7.00785e-10
7.00785e-10
7.00785e-10
7.00887e-10
7.00887e-10
7.00887e-10
7.00887e-10
7.00887e-10
7.00887e-10
7.00887e-10
7.00887e-10
7.00887e-10
7.00887e-10
7.00887e-10
7.00887e-10
7.00887e-10
7.00988e-10
7.00988e-10
7.00988e-10
7.00988e-10
7.00988e-10
7.00988e-10
7.00988e-10
7.01089e-10
7.01089e-10
7.01089e-10
7.01089e-10
7.01191e-10
7.01191e-10
7.01191e-10
7.01191e-10
7.01191e-10
7.01191e-10
7.01292e-10
7.01292e-10
7.01292e-10
7.01292e-10
7.01292e-10
7.01393e-10
7.01393e-10
7.01393e-10
7.01393e-10
7.01393e-10
7.01393e-10
7.01393e-10
7.01393e-10
7.01393e-10
7.01494e-10
7.01494e-10
7.01494e-10
7.01494e-10
7.01494e-10
7.01494e-10
7.01494e-10
7.01494e-10
7.01494e-10
7.01596e-10
7.01596e-10
7.01596e-10
7.01596e-10
7.01596e-10
7.01596e-10
7.01697e-10
7.01697e-10
7.01697e-10
7.01697e-10
7.01697e-10
7.01798e-10
7.01798e-10
7.01798e-10
7.01798e-10
7.01899e-10
7.01899e-10
7.01899e-10
7.01899e-10
7.01899e-10
7.01899e-10
7.01899e-10
7.01899e-10
7.02001e-10
7.02001e-10
7.02001e-10
7.02001e-10
7.02001e-10
7.02001e-10
7.02001e-10
7.02001e-10
7.02001e-10
7.02001e-10
7.02001e-10
7.02001e-10
7.02001e-10
7.02102e-10
7.02102e-10
7.02102e-10
7.02102e-10
7.02102e-10
7.02102e-10
7.02203e-10
7.02203e-10
7.02203e-10
7.02203e-10
7.02203e-10
7.02203e-10
7.02203e-10
7.02203e-10
7.02203e-10
7.02203e-10
7.02304e-10
7.02304e-10
7.02304e-10
7.02304e-10
7.02304e-10
7.02304e-10
7.02406e-10
7.02406e-10
7.02406e-10
7.02406e-10
7.02406e-10
7.02406e-10
7.02406e-10
7.02507e-10
7.02507e-10
7.02507e-10
7.02507e-10
7.02507e-10
7.02507e-10
7.02507e-10
7.02608e-10
7.02608e-10
7.02608e-10
7.02608e-10
7.02608e-10
7.02608e-10
7.02608e-10
7.02608e-10
7.02608e-10
7.02608e-10
7.02608e-10
7.02608e-10
7.0271e-10
7.0271e-10
7.0271e-10
7.0271e-10
7.0271e-10
7.02811e-10
7.02811e-10
7.02811e-10
7.02811e-10
7.02811e-10
7.02811e-10
7.02811e-10
7.02811e-10
7.02912e-10
7.02912e-10
7.02912e-10
7.02912e-10
7.02912e-10
7.02912e-10
7.02912e-10
7.02912e-10
7.03013e-10
7.03013e-10
7.03013e-10
7.03013e-10
7.03013e-10
7.03013e-10
7.03013e-10
7.03013e-10
7.03013e-10
7.03013e-10
7.03013e-10
7.03013e-10
7.03013e-10
7.03013e-10
7.03115e-10
7.03115e-10
7.03115e-10
7.03115e-10
7.03115e-10
7.03115e-10
7.03115e-10
7.03115e-10
7.03115e-10
7.03115e-10
7.03115e-10
7.03115e-10
7.03216e-10
7.03216e-10
7.03216e-10
7.03216e-10
7.03216e-10
7.03216e-10
7.03216e-10
7.03216e-10
7.03216e-10
7.03216e-10
7.03216e-10
7.03216e-10
7.03216e-10
7.03317e-10
7.03317e-10
7.03317e-10
7.03317e-10
7.03317e-10
7.03317e-10
7.03418e-10
7.03418e-10
7.03418e-10
7.03418e-10
7.03418e-10
7.03418e-10
7.03418e-10
7.03418e-10
7.03418e-10
7.03418e-10
7.03418e-10
7.0352e-10
7.0352e-10
7.0352e-10
7.0352e-10
7.0352e-10
7.0352e-10
7.0352e-10
7.0352e-10
7.0352e-10
7.0352e-10
7.0352e-10
7.0352e-10
7.0352e-10
7.0352e-10
7.0352e-10
7.03621e-10
7.03621e-10
7.03621e-10
7.03621e-10
7.03621e-10
7.03722e-10
7.03722e-10
7.03722e-10
7.03722e-10
7.03722e-10
7.03722e-10
7.03824e-10
7.03824e-10
7.03824e-10
7.03824e-10
7.03824e-10
7.03824e-10
7.03824e-10
7.03925e-10
7.03925e-10
7.03925e-10
7.03925e-10
7.03925e-10
7.03925e-10
7.03925e-10
7.03925e-10
7.03925e-10
7.03925e-10
7.03925e-10
7.04026e-10
7.04026e-10
7.04026e-10
7.04127e-10
7.04127e-10
7.04127e-10
7.04127e-10
7.04127e-10
7.04127e-10
7.04127e-10
7.04229e-10
7.04229e-10
7.04229e-10
7.04229e-10
7.04229e-10
7.0433e-10
7.0433e-10
7.0433e-10
7.0433e-10
7.0433e-10
7.0433e-10
7.0433e-10
7.0433e-10
7.04431e-10
7.04431e-10
7.04431e-10
7.04532e-10
7.04532e-10
7.04532e-10
7.04532e-10
7.04532e-10
7.04532e-10
7.04532e-10
7.04532e-10
7.04532e-10
7.04532e-10
7.04532e-10
7.04634e-10
7.04634e-10
7.04634e-10
7.04634e-10
7.04634e-10
7.04735e-10
7.04735e-10
7.04735e-10
7.04836e-10
7.04836e-10
7.04836e-10
7.04836e-10
7.04836e-10
7.04836e-10
7.04836e-10
7.04836e-10
7.04836e-10
7.04836e-10
7.04938e-10
7.04938e-10
7.04938e-10
7.04938e-10
7.04938e-10
7.04938e-10
7.04938e-10
7.04938e-10
7.04938e-10
7.05039e-10
7.0514e-10
7.0514e-10
7.0514e-10
7.0514e-10
7.0514e-10
7.0514e-10
7.0514e-10
7.05241e-10
7.05241e-10
7.05241e-10
7.05241e-10
7.05343e-10
7.05343e-10
7.05343e-10
7.05343e-10
7.05343e-10
7.05343e-10
7.05343e-10
7.05343e-10
7.05444e-10
7.05444e-10
7.05545e-10
7.05545e-10
7.05545e-10
7.05545e-10
7.05646e-10
7.05646e-10
7.05646e-10
7.05646e-10
7.05646e-10
7.05646e-10
7.05646e-10
7.05646e-10
7.05748e-10
7.05748e-10
7.05748e-10
7.05748e-10
7.05748e-10
7.05748e-10
7.05748e-10
7.05748e-10
7.05849e-10
7.05849e-10
7.05849e-10
7.05849e-10
7.05849e-10
7.0595e-10
7.0595e-10
7.0595e-10
7.0595e-10
7.0595e-10
7.0595e-10
7.06051e-10
7.06051e-10
7.06051e-10
7.06051e-10
7.06051e-10
7.06051e-10
7.06153e-10
7.06153e-10
7.06153e-10
7.06153e-10
7.06153e-10
7.06153e-10
7.06153e-10
7.06153e-10
7.06153e-10
7.06153e-10
7.06254e-10
7.06254e-10
7.06254e-10
7.06254e-10
7.06254e-10
7.06254e-10
7.06254e-10
7.06254e-10
7.06254e-10
7.06254e-10
7.06355e-10
7.06355e-10
7.06355e-10
7.06355e-10
7.06355e-10
7.06355e-10
7.06355e-10
7.06355e-10
7.06355e-10
7.06355e-10
7.06355e-10
7.06457e-10
7.06457e-10
7.06457e-10
7.06457e-10
7.06457e-10
7.06457e-10
7.06457e-10
7.06457e-10
7.06558e-10
7.06558e-10
7.06558e-10
7.06558e-10
7.06558e-10
7.06659e-10
7.06659e-10
7.06659e-10
7.06659e-10
7.06659e-10
7.06659e-10
7.06659e-10
7.06659e-10
7.06659e-10
7.0676e-10
7.0676e-10
7.0676e-10
7.0676e-10
7.0676e-10
7.06862e-10
7.06862e-10
7.06862e-10
7.06862e-10
7.06862e-10
7.06862e-10
7.06862e-10
7.06862e-10
7.06862e-10
7.06862e-10
7.06862e-10
7.06963e-10
7.06963e-10
7.06963e-10
7.06963e-10
7.06963e-10
7.06963e-10
7.06963e-10
7.07064e-10
7.07064e-10
7.07064e-10
7.07064e-10
7.07064e-10
7.07064e-10
7.07064e-10
7.07064e-10
7.07064e-10
7.07165e-10
7.07165e-10
7.07165e-10
7.07165e-10
7.07267e-10
7.07267e-10
7.07267e-10
7.07267e-10
7.07267e-10
7.07267e-10
7.07267e-10
7.07267e-10
7.07267e-10
7.07368e-10
7.07368e-10
7.07368e-10
7.07368e-10
7.07469e-10
7.07469e-10
7.07469e-10
7.07469e-10
7.07469e-10
7.07469e-10
7.07571e-10
7.07571e-10
7.07571e-10
7.07571e-10
7.07571e-10
7.07571e-10
7.07571e-10
7.07571e-10
7.07571e-10
7.07571e-10
7.07672e-10
7.07672e-10
7.07773e-10
7.07773e-10
7.07773e-10
7.07773e-10
7.07773e-10
7.07773e-10
7.07773e-10
7.07773e-10
7.07773e-10
7.07874e-10
7.07874e-10
7.07874e-10
7.07874e-10
7.07976e-10
7.07976e-10
7.07976e-10
7.07976e-10
7.07976e-10
7.08077e-10
7.08077e-10
7.08077e-10
7.08077e-10
7.08077e-10
7.08077e-10
7.08178e-10
7.08178e-10
7.08178e-10
7.08178e-10
7.08178e-10
7.08178e-10
7.08178e-10
7.08178e-10
7.08178e-10
7.08279e-10
7.08279e-10
7.08279e-10
7.08381e-10
7.08381e-10
7.08381e-10
7.08381e-10
7.08381e-10
7.08381e-10
7.08381e-10
7.08381e-10
7.08381e-10
7.08381e-10
7.08482e-10
7.08482e-10
7.08482e-10
7.08482e-10
7.08482e-10
7.08583e-10
7.08583e-10
7.08583e-10
7.08583e-10
7.08583e-10
7.08583e-10
7.08583e-10
7.08684e-10
7.08684e-10
7.08684e-10
7.08684e-10
7.08684e-10
7.08786e-10
7.08786e-10
7.08786e-10
7.08786e-10
7.08786e-10
7.08786e-10
7.08786e-10
7.08887e-10
7.08887e-10
7.08887e-10
7.08887e-10
7.08887e-10
7.08887e-10
7.08887e-10
7.08887e-10
7.08887e-10
7.08988e-10
7.08988e-10
7.0909e-10
7.0909e-10
7.0909e-10
7.0909e-10
7.0909e-10
7.0909e-10
7.0909e-10
7.0909e-10
7.0909e-10
7.0909e-10
7.0909e-10
7.0909e-10
7.0909e-10
7.09191e-10
7.09191e-10
7.09191e-10
7.09191e-10
7.09191e-10
7.09292e-10
7.09292e-10
7.09292e-10
7.09292e-10
7.09393e-10
7.09393e-10
7.09393e-10
7.09393e-10
7.09393e-10
7.09393e-10
7.09495e-10
7.09495e-10
7.09495e-10
7.09495e-10
7.09596e-10
7.09596e-10
7.09596e-10
7.09596e-10
7.09596e-10
7.09596e-10
7.09697e-10
7.09697e-10
7.09697e-10
7.09697e-10
7.09697e-10
7.09697e-10
7.09697e-10
7.09798e-10
7.09798e-10
7.09798e-10
7.09798e-10
7.099e-10
7.099e-10
7.099e-10
7.099e-10
7.10001e-10
7.10001e-10
7.10001e-10
7.10001e-10
7.10001e-10
7.10001e-10
7.10001e-10
7.10102e-10
7.10102e-10
7.10102e-10
7.10102e-10
7.10102e-10
7.10102e-10
7.10102e-10
7.10102e-10
7.10102e-10
7.10204e-10
7.10204e-10
7.10204e-10
7.10204e-10
7.10305e-10
7.10305e-10
7.10305e-10
7.10305e-10
7.10305e-10
7.10305e-10
7.10305e-10
7.10305e-10
7.10305e-10
7.10305e-10
7.10305e-10
7.10406e-10
7.10406e-10
7.10406e-10
7.10406e-10
7.10507e-10
7.10507e-10
7.10507e-10
7.10507e-10
7.10507e-10
7.10507e-10
7.10507e-10
7.10507e-10
7.10507e-10
7.10609e-10
7.10609e-10
7.1071e-10
7.1071e-10
7.1071e-10
7.1071e-10
7.1071e-10
7.1071e-10
7.1071e-10
7.1071e-10
7.1071e-10
7.1071e-10
7.1071e-10
7.10811e-10
7.10811e-10
7.10811e-10
7.10811e-10
7.10912e-10
7.10912e-10
7.10912e-10
7.10912e-10
7.10912e-10
7.10912e-10
7.11014e-10
7.11014e-10
7.11014e-10
7.11115e-10
7.11115e-10
7.11115e-10
7.11216e-10
7.11216e-10
7.11216e-10
7.11216e-10
7.11216e-10
7.11318e-10
7.11318e-10
7.11318e-10
7.11318e-10
7.11318e-10
7.11318e-10
7.11419e-10
7.11419e-10
7.11419e-10
7.11419e-10
7.1152e-10
7.1152e-10
7.1152e-10
7.1152e-10
7.1152e-10
7.1152e-10
7.1152e-10
7.11621e-10
7.11621e-10
7.11621e-10
7.11621e-10
7.11621e-10
7.11621e-10
7.11723e-10
7.11723e-10
7.11723e-10
7.11723e-10
7.11723e-10
7.11824e-10
7.11824e-10
7.11824e-10
7.11824e-10
7.11824e-10
7.11824e-10
7.11925e-10
7.11925e-10
7.11925e-10
7.11925e-10
7.11925e-10
7.11925e-10
7.11925e-10
7.11925e-10
7.11925e-10
7.11925e-10
7.12026e-10
7.12128e-10
7.12128e-10
7.12128e-10
7.12128e-10
7.12128e-10
7.12128e-10
7.12128e-10
7.12128e-10
7.12128e-10
7.12128e-10
7.12229e-10
7.12229e-10
7.12229e-10
7.12229e-10
7.12229e-10
7.12229e-10
7.12229e-10
7.12229e-10
7.12229e-10
7.12229e-10
7.12229e-10
7.12229e-10
7.1233e-10
7.1233e-10
7.1233e-10
7.1233e-10
7.1233e-10
7.1233e-10
7.12431e-10
7.12431e-10
7.12533e-10
7.12634e-10
7.12634e-10
7.12634e-10
7.12634e-10
7.12634e-10
7.12735e-10
7.12735e-10
7.12735e-10
7.12735e-10
7.12735e-10
7.12735e-10
7.12837e-10
7.12837e-10
7.12837e-10
7.12837e-10
7.12837e-10
7.12938e-10
7.12938e-10
7.12938e-10
7.13039e-10
7.13039e-10
7.13039e-10
7.13039e-10
7.1314e-10
7.1314e-10
7.1314e-10
7.1314e-10
7.13242e-10
7.13242e-10
7.13242e-10
7.13343e-10
7.13343e-10
7.13343e-10
7.13343e-10
7.13343e-10
7.13444e-10
7.13444e-10
7.13444e-10
7.13444e-10
7.13545e-10
7.13545e-10
7.13545e-10
7.13545e-10
7.13545e-10
7.13545e-10
7.13647e-10
7.13647e-10
7.13647e-10
7.13647e-10
7.13647e-10
7.13647e-10
7.13647e-10
7.13748e-10
7.13748e-10
7.13748e-10
7.13849e-10
7.13849e-10
7.13951e-10
7.13951e-10
7.13951e-10
7.13951e-10
7.14052e-10
7.14052e-10
7.14052e-10
7.14153e-10
7.14153e-10
7.14153e-10
7.14153e-10
7.14153e-10
7.14153e-10
7.14254e-10
7.14254e-10
7.14254e-10
7.14254e-10
7.14356e-10
7.14356e-10
7.14356e-10
7.14457e-10
7.14457e-10
7.14457e-10
7.14457e-10
7.14558e-10
7.14558e-10
7.14558e-10
7.14659e-10
7.14659e-10
7.14659e-10
7.14659e-10
7.14659e-10
7.14761e-10
7.14761e-10
7.14761e-10
7.14761e-10
7.14761e-10
7.14761e-10
7.14862e-10
7.14862e-10
7.14862e-10
7.14862e-10
7.14862e-10
7.14862e-10
7.14963e-10
7.14963e-10
7.15065e-10
7.15065e-10
7.15065e-10
7.15065e-10
7.15065e-10
7.15166e-10
7.15166e-10
7.15166e-10
7.15267e-10
7.15267e-10
7.15267e-10
7.15267e-10
7.15267e-10
7.15368e-10
7.15368e-10
7.15368e-10
7.15368e-10
7.15368e-10
7.1547e-10
7.1547e-10
7.1547e-10
7.15571e-10
7.15672e-10
7.15672e-10
7.15773e-10
7.15773e-10
7.15875e-10
7.15875e-10
7.15976e-10
7.15976e-10
7.15976e-10
7.16077e-10
7.16077e-10
7.16077e-10
7.16077e-10
7.16077e-10
7.16178e-10
7.16178e-10
7.16178e-10
7.16178e-10
7.16178e-10
7.1628e-10
7.1628e-10
7.1628e-10
7.16381e-10
7.16381e-10
7.16381e-10
7.16381e-10
7.16381e-10
7.16381e-10
7.16482e-10
7.16482e-10
7.16482e-10
7.16482e-10
7.16584e-10
7.16584e-10
7.16584e-10
7.16584e-10
7.16685e-10
7.16685e-10
7.16786e-10
7.16786e-10
7.16887e-10
7.16887e-10
7.16887e-10
7.16887e-10
7.16989e-10
7.16989e-10
7.16989e-10
7.1709e-10
7.1709e-10
7.1709e-10
7.1709e-10
7.1709e-10
7.17191e-10
7.17191e-10
7.17191e-10
7.17191e-10
7.17191e-10
7.17191e-10
7.17292e-10
7.17394e-10
7.17394e-10
7.17495e-10
7.17495e-10
7.17495e-10
7.17495e-10
7.17495e-10
7.17596e-10
7.17596e-10
7.17596e-10
7.17698e-10
7.17698e-10
7.17698e-10
7.17698e-10
7.17698e-10
7.17799e-10
7.17799e-10
7.179e-10
7.179e-10
7.179e-10
7.18001e-10
7.18001e-10
7.18001e-10
7.18001e-10
7.18103e-10
7.18103e-10
7.18103e-10
7.18103e-10
7.18204e-10
7.18204e-10
7.18204e-10
7.18204e-10
7.18204e-10
7.18305e-10
7.18305e-10
7.18305e-10
7.18305e-10
7.18406e-10
7.18406e-10
7.18406e-10
7.18406e-10
7.18406e-10
7.18406e-10
7.18406e-10
7.18508e-10
7.18508e-10
7.18609e-10
7.18609e-10
7.18609e-10
7.18609e-10
7.18609e-10
7.1871e-10
7.1871e-10
7.18812e-10
7.18812e-10
7.18812e-10
7.18812e-10
7.18913e-10
7.18913e-10
7.18913e-10
7.18913e-10
7.19115e-10
7.19115e-10
7.19115e-10
7.19115e-10
7.19217e-10
7.19217e-10
7.19217e-10
7.19217e-10
7.19217e-10
7.19217e-10
7.19318e-10
7.19318e-10
7.19318e-10
7.19419e-10
7.19419e-10
7.19419e-10
7.1952e-10
7.1952e-10
7.19622e-10
7.19622e-10
7.19622e-10
7.19622e-10
7.19622e-10
7.19622e-10
7.19723e-10
7.19723e-10
7.19723e-10
7.19824e-10
7.19824e-10
7.19925e-10
7.19925e-10
7.20027e-10
7.20128e-10
7.20128e-10
7.20128e-10
7.20229e-10
7.20229e-10
7.20229e-10
7.20229e-10
7.20229e-10
7.20229e-10
7.20229e-10
7.20229e-10
7.20229e-10
7.20229e-10
7.20331e-10
7.20331e-10
7.20331e-10
7.20331e-10
7.20331e-10
7.20331e-10
7.20432e-10
7.20533e-10
7.20533e-10
7.20533e-10
7.20533e-10
7.20634e-10
7.20736e-10
7.20736e-10
7.20736e-10
7.20837e-10
7.20938e-10
7.20938e-10
7.20938e-10
7.21141e-10
7.21141e-10
7.21141e-10
7.21141e-10
7.21141e-10
7.21242e-10
7.21242e-10
7.21242e-10
7.21343e-10
7.21343e-10
7.21343e-10
7.21445e-10
7.21546e-10
7.21647e-10
7.2185e-10
7.2185e-10
7.2185e-10
7.21951e-10
7.21951e-10
7.21951e-10
7.21951e-10
7.21951e-10
7.22052e-10
7.22052e-10
7.22052e-10
7.22052e-10
7.22052e-10
7.22153e-10
7.22153e-10
7.22255e-10
7.22255e-10
7.22255e-10
7.22356e-10
7.22356e-10
7.22457e-10
7.22457e-10
7.22559e-10
7.22559e-10
7.22559e-10
7.22559e-10
7.2266e-10
7.22761e-10
7.22761e-10
7.22862e-10
7.22862e-10
7.22862e-10
7.22964e-10
7.22964e-10
7.22964e-10
7.23166e-10
7.23166e-10
7.23166e-10
7.23166e-10
7.23166e-10
7.23166e-10
7.23166e-10
7.23166e-10
7.23267e-10
7.23267e-10
7.23369e-10
7.23369e-10
7.23571e-10
7.23571e-10
7.23672e-10
7.23672e-10
7.23774e-10
7.23774e-10
7.23875e-10
7.23875e-10
7.23875e-10
7.23976e-10
7.23976e-10
7.24078e-10
7.24078e-10
7.24078e-10
7.24179e-10
7.24179e-10
7.2428e-10
7.2428e-10
7.2428e-10
7.2428e-10
7.2428e-10
7.24381e-10
7.24483e-10
7.24483e-10
7.24483e-10
7.24483e-10
7.24483e-10
7.24584e-10
7.24685e-10
7.24685e-10
7.24786e-10
7.24888e-10
7.24989e-10
7.24989e-10
7.2509e-10
7.2509e-10
7.2509e-10
7.2509e-10
7.2509e-10
7.25192e-10
7.25192e-10
7.25293e-10
7.25293e-10
7.25495e-10
7.25597e-10
7.25597e-10
7.25597e-10
7.25597e-10
7.25698e-10
7.25799e-10
7.25799e-10
7.259e-10
7.26002e-10
7.26002e-10
7.26002e-10
7.26103e-10
7.26204e-10
7.26204e-10
7.26204e-10
7.26407e-10
7.26913e-10
7.26913e-10
7.27014e-10
7.27014e-10
7.27014e-10
7.27014e-10
7.27014e-10
7.27116e-10
7.27217e-10
7.27318e-10
7.27318e-10
7.27318e-10
7.27318e-10
7.27419e-10
7.27521e-10
7.27622e-10
7.27723e-10
7.27723e-10
7.27825e-10
7.27825e-10
7.27926e-10
7.28027e-10
7.28128e-10
7.2823e-10
7.2823e-10
7.28331e-10
7.28331e-10
7.28432e-10
7.28635e-10
7.28736e-10
7.28736e-10
7.28837e-10
7.28939e-10
7.28939e-10
7.2904e-10
7.29141e-10
7.29141e-10
7.29141e-10
7.29242e-10
7.29445e-10
7.29546e-10
7.29647e-10
7.29749e-10
7.29749e-10
7.2985e-10
7.2985e-10
7.29951e-10
7.29951e-10
7.30052e-10
7.30052e-10
7.30052e-10
7.30052e-10
7.30154e-10
7.30255e-10
7.30559e-10
7.30761e-10
7.30761e-10
7.30863e-10
7.30863e-10
7.30863e-10
7.30964e-10
7.30964e-10
7.31065e-10
7.31166e-10
7.31166e-10
7.31369e-10
7.3147e-10
7.31572e-10
7.31673e-10
7.31673e-10
7.31774e-10
7.31774e-10
7.32078e-10
7.32179e-10
7.32179e-10
7.32179e-10
7.3228e-10
7.3228e-10
7.3228e-10
7.3228e-10
7.32483e-10
7.32483e-10
7.32584e-10
7.32584e-10
7.32787e-10
7.32787e-10
7.32787e-10
7.32888e-10
7.32888e-10
7.32888e-10
7.32989e-10
7.33091e-10
7.33293e-10
7.33394e-10
7.33394e-10
7.33394e-10
7.33496e-10
7.33496e-10
7.33496e-10
7.33597e-10
7.33597e-10
7.33901e-10
7.34103e-10
7.34407e-10
7.34508e-10
7.34508e-10
7.34711e-10
7.34711e-10
7.34913e-10
7.3542e-10
7.3542e-10
7.35724e-10
7.35825e-10
7.35825e-10
7.35926e-10
7.3623e-10
7.3623e-10
7.36331e-10
7.36433e-10
7.36635e-10
7.36635e-10
7.36838e-10
7.36838e-10
7.36838e-10
7.3704e-10
7.3704e-10
7.3704e-10
7.37141e-10
7.37243e-10
7.37445e-10
7.37546e-10
7.37648e-10
7.37648e-10
7.37749e-10
7.37749e-10
7.37749e-10
7.3785e-10
7.3785e-10
7.37952e-10
7.37952e-10
7.38053e-10
7.38154e-10
7.38154e-10
7.38255e-10
7.38458e-10
7.38458e-10
7.38559e-10
7.3866e-10
7.3866e-10
7.38762e-10
7.38762e-10
7.38863e-10
7.39066e-10
7.39471e-10
7.39471e-10
7.39572e-10
7.39572e-10
7.39572e-10
7.39572e-10
7.39673e-10
7.39977e-10
7.40078e-10
7.40078e-10
7.40179e-10
7.40382e-10
7.40585e-10
7.40787e-10
7.40888e-10
7.4099e-10
7.4099e-10
7.41091e-10
7.41293e-10
7.41496e-10
7.41597e-10
7.418e-10
7.42002e-10
7.42002e-10
7.42104e-10
7.42205e-10
7.42509e-10
7.4261e-10
7.4261e-10
7.42711e-10
7.42711e-10
7.42813e-10
7.42813e-10
7.42813e-10
7.43218e-10
7.43825e-10
7.43926e-10
7.44028e-10
7.4423e-10
7.44332e-10
7.44635e-10
7.44737e-10
7.44838e-10
7.44939e-10
7.45142e-10
7.45344e-10
7.45648e-10
7.45648e-10
7.45648e-10
7.46053e-10
7.46053e-10
7.46053e-10
7.46154e-10
7.46256e-10
7.46357e-10
7.4656e-10
7.46762e-10
7.46863e-10
7.46965e-10
7.47167e-10
7.47268e-10
7.47268e-10
7.47572e-10
7.47572e-10
7.47775e-10
7.47775e-10
7.47876e-10
7.4818e-10
7.4818e-10
7.48281e-10
7.48281e-10
7.48686e-10
7.48686e-10
7.48686e-10
7.48787e-10
7.48787e-10
7.49193e-10
7.49193e-10
7.49294e-10
7.49395e-10
7.49598e-10
7.50003e-10
7.50003e-10
7.50205e-10
7.50408e-10
7.50712e-10
7.50914e-10
7.51218e-10
7.51522e-10
7.51522e-10
7.51623e-10
7.51927e-10
7.52028e-10
7.52129e-10
7.52534e-10
7.52838e-10
7.5294e-10
7.5294e-10
7.53142e-10
7.53243e-10
7.53446e-10
7.53446e-10
7.53547e-10
7.53648e-10
7.53952e-10
7.53952e-10
7.54053e-10
7.54155e-10
7.54256e-10
7.54459e-10
7.54459e-10
7.54661e-10
7.54864e-10
7.54864e-10
7.54965e-10
7.55167e-10
7.55269e-10
7.55269e-10
7.55471e-10
7.55573e-10
7.55674e-10
7.55775e-10
7.55978e-10
7.55978e-10
7.55978e-10
7.56383e-10
7.56585e-10
7.56585e-10
7.56788e-10
7.57395e-10
7.58003e-10
7.58206e-10
7.58712e-10
7.58813e-10
7.58813e-10
7.58813e-10
7.59016e-10
7.59117e-10
7.59623e-10
7.59826e-10
7.59826e-10
7.60028e-10
7.6013e-10
7.6013e-10
7.60535e-10
7.60636e-10
7.60839e-10
7.6094e-10
7.61041e-10
7.61041e-10
7.61142e-10
7.6175e-10
7.61953e-10
7.62054e-10
7.62054e-10
7.62459e-10
7.62661e-10
7.62763e-10
7.6337e-10
7.63472e-10
7.63573e-10
7.63775e-10
7.64282e-10
7.64383e-10
7.64383e-10
7.64586e-10
7.64687e-10
7.65092e-10
7.65092e-10
7.65092e-10
7.65396e-10
7.65396e-10
7.65598e-10
7.657e-10
7.65902e-10
7.66105e-10
7.6651e-10
7.66712e-10
7.66814e-10
7.67219e-10
7.67421e-10
7.67421e-10
7.67421e-10
7.67522e-10
7.6813e-10
7.68333e-10
7.68636e-10
7.69041e-10
7.69143e-10
7.69244e-10
7.69244e-10
7.69244e-10
7.69447e-10
7.69649e-10
7.69649e-10
7.69953e-10
7.70155e-10
7.70257e-10
7.70459e-10
7.70561e-10
7.70864e-10
7.70966e-10
7.71168e-10
7.71472e-10
7.71674e-10
7.71674e-10
7.7208e-10
7.72181e-10
7.72788e-10
7.72991e-10
7.73092e-10
7.73092e-10
7.73295e-10
7.73295e-10
7.73295e-10
7.73497e-10
7.73801e-10
7.74409e-10
7.74814e-10
7.7532e-10
7.75421e-10
7.75827e-10
7.75928e-10
7.76029e-10
7.76434e-10
7.76434e-10
7.76637e-10
7.76637e-10
7.77143e-10
7.77143e-10
7.77244e-10
7.77346e-10
7.77548e-10
7.78156e-10
7.78358e-10
7.78662e-10
7.78763e-10
7.78865e-10
7.78966e-10
7.78966e-10
7.79168e-10
7.7927e-10
7.79371e-10
7.79472e-10
7.79776e-10
7.79979e-10
7.80282e-10
7.80485e-10
7.80586e-10
7.81093e-10
7.81396e-10
7.81396e-10
7.81396e-10
7.82004e-10
7.82004e-10
7.82207e-10
7.82207e-10
7.82207e-10
7.82207e-10
7.8251e-10
7.8251e-10
7.82612e-10
7.82915e-10
7.82915e-10
7.83118e-10
7.84131e-10
7.84232e-10
7.84738e-10
7.84738e-10
7.8484e-10
7.8484e-10
7.84941e-10
7.85346e-10
7.85447e-10
7.85548e-10
7.85852e-10
7.85954e-10
7.86257e-10
7.86865e-10
7.86865e-10
7.86966e-10
7.87169e-10
7.87169e-10
7.87169e-10
7.87169e-10
7.87473e-10
7.87574e-10
7.87675e-10
7.87776e-10
7.87878e-10
7.87878e-10
7.87878e-10
7.87878e-10
7.87979e-10
7.88485e-10
7.88587e-10
7.88587e-10
7.88789e-10
7.8889e-10
7.8889e-10
7.89093e-10
7.89194e-10
7.89397e-10
7.89599e-10
7.89903e-10
7.90004e-10
7.90106e-10
7.90207e-10
7.90308e-10
7.90713e-10
7.90815e-10
7.90916e-10
7.91017e-10
7.91017e-10
7.91017e-10
7.91321e-10
7.91321e-10
7.91321e-10
7.91422e-10
7.91726e-10
7.91929e-10
7.9203e-10
7.92131e-10
7.92334e-10
7.92334e-10
7.92739e-10
7.9284e-10
7.92941e-10
7.93042e-10
7.93346e-10
7.93346e-10
7.93549e-10
7.93549e-10
7.9365e-10
7.93751e-10
7.93853e-10
7.93954e-10
7.94156e-10
7.94359e-10
7.9446e-10
7.9446e-10
7.9446e-10
7.94764e-10
7.94865e-10
7.9527e-10
7.95372e-10
7.95372e-10
7.95372e-10
7.95473e-10
7.95777e-10
7.95777e-10
7.95979e-10
7.96081e-10
7.96587e-10
7.96789e-10
7.96891e-10
7.96891e-10
7.96891e-10
7.97296e-10
7.97397e-10
7.97397e-10
7.97498e-10
7.98207e-10
7.98207e-10
7.9841e-10
7.9841e-10
7.98511e-10
7.98511e-10
7.98714e-10
7.98916e-10
7.99017e-10
7.9922e-10
7.9922e-10
7.9922e-10
7.9922e-10
7.99422e-10
7.99524e-10
7.99524e-10
7.99726e-10
7.99828e-10
8.0003e-10
8.0003e-10
8.00131e-10
8.00131e-10
8.00131e-10
8.00638e-10
8.0084e-10
8.01043e-10
8.01043e-10
8.01144e-10
8.01245e-10
8.01245e-10
8.01347e-10
8.01448e-10
8.01448e-10
8.01448e-10
8.01448e-10
8.01549e-10
8.0165e-10
8.0165e-10
8.01752e-10
8.01752e-10
8.01752e-10
8.01853e-10
8.02056e-10
8.02056e-10
8.02258e-10
8.02258e-10
8.02258e-10
8.02461e-10
8.02461e-10
8.02562e-10
8.02967e-10
8.03169e-10
8.03271e-10
8.03271e-10
8.03372e-10
8.03676e-10
8.03676e-10
8.0398e-10
8.04081e-10
8.04081e-10
8.04081e-10
8.04081e-10
8.04182e-10
8.04283e-10
8.04283e-10
8.04587e-10
8.0479e-10
8.0479e-10
8.05195e-10
8.05195e-10
8.05195e-10
8.05195e-10
8.05296e-10
8.05397e-10
8.056e-10
8.056e-10
8.05701e-10
8.05803e-10
8.06613e-10
8.06714e-10
8.06916e-10
8.07018e-10
8.07018e-10
8.07119e-10
8.0722e-10
8.07423e-10
8.07423e-10
8.07524e-10
8.07524e-10
8.07727e-10
8.07929e-10
8.0803e-10
8.08132e-10
8.08132e-10
8.08233e-10
8.08233e-10
8.08334e-10
8.08334e-10
8.08334e-10
8.08436e-10
8.08537e-10
8.08537e-10
8.08537e-10
8.08638e-10
8.08739e-10
8.08841e-10
8.08841e-10
8.08942e-10
8.08942e-10
8.09043e-10
8.09043e-10
8.09246e-10
8.09347e-10
8.09448e-10
8.09448e-10
8.09651e-10
8.09651e-10
8.09752e-10
8.09853e-10
8.10157e-10
8.10562e-10
8.10765e-10
8.10866e-10
8.10866e-10
8.10967e-10
8.11069e-10
8.11372e-10
8.11372e-10
8.11879e-10
8.12081e-10
8.12081e-10
8.12081e-10
8.12183e-10
8.12183e-10
8.12284e-10
8.12385e-10
8.12385e-10
8.12486e-10
8.12689e-10
8.12689e-10
8.1279e-10
8.1279e-10
8.1279e-10
8.1279e-10
8.12891e-10
8.12993e-10
8.12993e-10
8.13094e-10
8.13195e-10
8.13296e-10
8.13296e-10
8.13296e-10
8.13398e-10
8.13398e-10
8.136e-10
8.13702e-10
8.13702e-10
8.13702e-10
8.13803e-10
8.13803e-10
8.14107e-10
8.14208e-10
8.14208e-10
8.14208e-10
8.14208e-10
8.14309e-10
8.1441e-10
8.14613e-10
8.14613e-10
8.14714e-10
8.14816e-10
8.14917e-10
8.14917e-10
8.14917e-10
8.15119e-10
8.15119e-10
8.15322e-10
8.15322e-10
8.15524e-10
8.15727e-10
8.15727e-10
8.15727e-10
8.15828e-10
8.1593e-10
8.16031e-10
8.16031e-10
8.16132e-10
8.16132e-10
8.16233e-10
8.16233e-10
8.16436e-10
8.16436e-10
8.16537e-10
8.16638e-10
8.16638e-10
8.16638e-10
8.1674e-10
8.16841e-10
8.16841e-10
8.16942e-10
8.17043e-10
8.17145e-10
8.17246e-10
8.17449e-10
8.17449e-10
8.1755e-10
8.1755e-10
8.17752e-10
8.17752e-10
8.18056e-10
8.18056e-10
8.18259e-10
8.18259e-10
8.1836e-10
8.18563e-10
8.18563e-10
8.18563e-10
8.18563e-10
8.18664e-10
8.18765e-10
8.18765e-10
8.18866e-10
8.18866e-10
8.18866e-10
8.19271e-10
8.19373e-10
8.19373e-10
8.19373e-10
8.19373e-10
8.19474e-10
8.19474e-10
8.19474e-10
8.19474e-10
8.19575e-10
8.19778e-10
8.19879e-10
8.20082e-10
8.20082e-10
8.20183e-10
8.20183e-10
8.20284e-10
8.20487e-10
8.20487e-10
8.20487e-10
8.20588e-10
8.20588e-10
8.21094e-10
8.21094e-10
8.21094e-10
8.21196e-10
8.21196e-10
8.21297e-10
8.21297e-10
8.21398e-10
8.21398e-10
8.21601e-10
8.21702e-10
8.21702e-10
8.21702e-10
8.21803e-10
8.21904e-10
8.22006e-10
8.22006e-10
8.2231e-10
8.2231e-10
8.2231e-10
8.2231e-10
8.22512e-10
8.22512e-10
8.22613e-10
8.22613e-10
8.22917e-10
8.22917e-10
8.22917e-10
8.23018e-10
8.2312e-10
8.23221e-10
8.23221e-10
8.23221e-10
8.23322e-10
8.23322e-10
8.23424e-10
8.23424e-10
8.23525e-10
8.23525e-10
8.23525e-10
8.23626e-10
8.23727e-10
8.23727e-10
8.23727e-10
8.23829e-10
8.2393e-10
8.24031e-10
8.24234e-10
8.24234e-10
8.24234e-10
8.24335e-10
8.24537e-10
8.24537e-10
8.2474e-10
8.2474e-10
8.24943e-10
8.25044e-10
8.25044e-10
8.25044e-10
8.25044e-10
8.25145e-10
8.25145e-10
8.2555e-10
8.2555e-10
8.25753e-10
8.25753e-10
8.25854e-10
8.25854e-10
8.25955e-10
8.25955e-10
8.25955e-10
8.26057e-10
8.26259e-10
8.2636e-10
8.26563e-10
8.26563e-10
8.26664e-10
8.26765e-10
8.26765e-10
8.26765e-10
8.26867e-10
8.26867e-10
8.26968e-10
8.26968e-10
8.27474e-10
8.27576e-10
8.27576e-10
8.27677e-10
8.27879e-10
8.27879e-10
8.27981e-10
8.27981e-10
8.28082e-10
8.28183e-10
8.28284e-10
8.28386e-10
8.28386e-10
8.28487e-10
8.28487e-10
8.28588e-10
8.28588e-10
8.28588e-10
8.2869e-10
8.2869e-10
8.2869e-10
8.2869e-10
8.28791e-10
8.29095e-10
8.29297e-10
8.29398e-10
8.29398e-10
8.29804e-10
8.29905e-10
8.29905e-10
8.30209e-10
8.3031e-10
8.3031e-10
8.3031e-10
8.30411e-10
8.30816e-10
8.30917e-10
8.3112e-10
8.31323e-10
8.31323e-10
8.31728e-10
8.31829e-10
8.32031e-10
8.32133e-10
8.32234e-10
8.32437e-10
8.32639e-10
8.32943e-10
8.33044e-10
8.33145e-10
8.34664e-10
8.35272e-10
8.35576e-10
8.38411e-10
8.41551e-10
8.42361e-10
8.43272e-10
8.43475e-10
8.43576e-10
8.43576e-10
8.43576e-10
8.43779e-10
