6.94102e-10
6.94102e-10
6.94507e-10
6.94507e-10
6.95114e-10
6.95114e-10
6.95317e-10
6.95418e-10
6.95621e-10
6.95924e-10
6.96026e-10
6.96026e-10
6.96026e-10
6.96228e-10
6.9633e-10
6.96431e-10
6.96633e-10
6.97241e-10
6.97342e-10
6.97545e-10
6.97545e-10
6.97646e-10
6.97849e-10
6.98254e-10
6.9876e-10
6.98861e-10
6.99671e-10
7.00178e-10
7.00482e-10
7.00583e-10
7.00583e-10
7.00785e-10
7.01494e-10
7.01494e-10
7.01596e-10
7.02001e-10
7.02507e-10
7.02608e-10
7.02811e-10
7.02811e-10
7.03115e-10
7.03621e-10
7.03621e-10
7.03722e-10
7.04026e-10
7.04836e-10
7.05241e-10
7.05646e-10
7.06153e-10
7.09191e-10
7.09292e-10
7.09697e-10
7.10305e-10
7.11115e-10
7.1152e-10
7.11723e-10
7.12634e-10
7.12938e-10
7.12938e-10
7.13545e-10
7.18508e-10
7.2266e-10
7.22761e-10
7.32888e-10
7.39268e-10
7.85852e-10
7.8646e-10
7.95777e-10
7.9922e-10
8.22006e-10
8.26057e-10
8.26563e-10
8.27474e-10
8.27677e-10
8.27981e-10
8.28487e-10
8.2869e-10
8.30209e-10
8.31019e-10
8.3112e-10
8.3193e-10
8.32031e-10
8.32437e-10
8.32538e-10
8.33145e-10
8.33854e-10
8.34664e-10
8.35981e-10
8.36184e-10
8.37399e-10
8.37601e-10
8.3831e-10
8.38817e-10
8.38817e-10
8.39019e-10
8.3912e-10
8.3912e-10
8.39222e-10
8.39424e-10
8.39525e-10
8.39525e-10
8.39931e-10
8.39931e-10
8.40032e-10
8.40538e-10
8.41247e-10
8.41348e-10
8.41551e-10
8.41753e-10
8.41855e-10
8.41956e-10
8.42158e-10
8.4226e-10
8.4226e-10
8.42361e-10
8.42361e-10
8.42564e-10
8.42766e-10
8.42867e-10
8.4307e-10
8.4307e-10
8.43374e-10
8.43475e-10
8.43576e-10
8.43779e-10
