6.94e-10
6.94203e-10
6.94304e-10
6.94709e-10
6.94709e-10
6.95722e-10
6.95722e-10
6.95924e-10
6.96228e-10
6.9714e-10
6.97545e-10
6.97747e-10
6.97849e-10
6.97849e-10
6.98152e-10
6.98659e-10
6.98659e-10
6.98659e-10
6.9876e-10
6.9876e-10
6.98963e-10
6.98963e-10
6.99064e-10
6.99064e-10
6.9957e-10
6.99671e-10
6.99773e-10
7.00279e-10
7.00279e-10
7.00482e-10
7.00482e-10
7.00583e-10
7.00785e-10
7.01292e-10
7.01393e-10
7.01596e-10
7.02001e-10
7.02102e-10
7.02203e-10
7.02203e-10
7.0271e-10
7.03621e-10
7.03722e-10
7.04938e-10
7.0514e-10
7.05444e-10
7.05444e-10
7.05646e-10
7.06659e-10
7.07571e-10
7.07672e-10
7.07976e-10
7.08178e-10
7.09495e-10
7.09495e-10
7.10811e-10
7.11216e-10
7.1233e-10
7.13242e-10
7.14254e-10
7.14457e-10
7.14862e-10
7.15267e-10
7.15773e-10
7.16178e-10
7.16381e-10
7.16989e-10
7.17394e-10
7.17596e-10
7.19622e-10
7.21647e-10
7.2266e-10
7.22964e-10
7.28027e-10
7.28128e-10
7.38255e-10
7.42002e-10
7.42104e-10
7.43521e-10
7.51724e-10
7.54053e-10
7.83726e-10
8.01752e-10
8.05094e-10
8.17449e-10
8.1755e-10
8.19474e-10
8.2231e-10
8.2393e-10
8.27069e-10
8.31019e-10
8.42564e-10
8.43475e-10
