6.96735e-10
6.96836e-10
6.97545e-10
6.9795e-10
6.98254e-10
6.98557e-10
6.98557e-10
6.9876e-10
6.98963e-10
6.98963e-10
6.99165e-10
6.99469e-10
6.99469e-10
6.9957e-10
6.99874e-10
6.99874e-10
7.00482e-10
7.00785e-10
7.00887e-10
7.00887e-10
7.00887e-10
7.00887e-10
7.00988e-10
7.01089e-10
7.01292e-10
7.01798e-10
7.01899e-10
7.02102e-10
7.02102e-10
7.02304e-10
7.02406e-10
7.0271e-10
7.02811e-10
7.03013e-10
7.03115e-10
7.03216e-10
7.03216e-10
7.03418e-10
7.03722e-10
7.03925e-10
7.04431e-10
7.04735e-10
7.05039e-10
7.0514e-10
7.05545e-10
7.06153e-10
7.06457e-10
7.07064e-10
7.07165e-10
7.07267e-10
7.07469e-10
7.07469e-10
7.07773e-10
7.08077e-10
7.08178e-10
7.08279e-10
7.08381e-10
7.08887e-10
7.08887e-10
7.12837e-10
7.22761e-10
7.27217e-10
7.28533e-10
7.28939e-10
7.36129e-10
7.37243e-10
7.53446e-10
7.54053e-10
7.58104e-10
7.74611e-10
7.77751e-10
7.80688e-10
7.83928e-10
7.97903e-10
8.0084e-10
8.03473e-10
8.07322e-10
8.08537e-10
8.09246e-10
8.10765e-10
8.11676e-10
8.12993e-10
8.16031e-10
8.22613e-10
8.23727e-10
8.25044e-10
8.25348e-10
8.25348e-10
8.25955e-10
8.26462e-10
8.26462e-10
8.27474e-10
8.27778e-10
8.27879e-10
8.27879e-10
8.28487e-10
8.28892e-10
8.28993e-10
8.29095e-10
8.29196e-10
8.29196e-10
8.29601e-10
8.29601e-10
8.30006e-10
8.30816e-10
8.31221e-10
8.31728e-10
8.31728e-10
8.32133e-10
8.32335e-10
8.3274e-10
8.32842e-10
8.32842e-10
8.33449e-10
8.33652e-10
8.33652e-10
8.33854e-10
8.33956e-10
8.34057e-10
8.34361e-10
8.34664e-10
8.3507e-10
8.35272e-10
8.35272e-10
8.35373e-10
8.35475e-10
8.35475e-10
8.35677e-10
8.35778e-10
8.3588e-10
8.36285e-10
8.36386e-10
8.36487e-10
8.36487e-10
8.36589e-10
8.36589e-10
8.3669e-10
8.3669e-10
8.36791e-10
8.37196e-10
8.37601e-10
8.37905e-10
8.38006e-10
8.38209e-10
8.38209e-10
8.38411e-10
8.38411e-10
8.38614e-10
8.38918e-10
8.39019e-10
8.39019e-10
8.3912e-10
8.39222e-10
8.39323e-10
8.39525e-10
8.39525e-10
8.39728e-10
8.40032e-10
8.40336e-10
8.40741e-10
8.41045e-10
8.41247e-10
8.41652e-10
8.41753e-10
8.41956e-10
8.41956e-10
8.42564e-10
8.42665e-10
8.42766e-10
8.42969e-10
8.42969e-10
8.43576e-10
