6.94102e-10
6.94102e-10
6.94203e-10
6.94203e-10
6.94203e-10
6.94304e-10
6.94507e-10
6.94608e-10
6.9481e-10
6.94912e-10
6.94912e-10
6.94912e-10
6.94912e-10
6.95013e-10
6.95114e-10
6.95317e-10
6.95317e-10
6.95317e-10
6.95519e-10
6.95621e-10
6.95722e-10
6.95823e-10
6.95823e-10
6.95924e-10
6.95924e-10
6.96026e-10
6.96127e-10
6.96228e-10
6.9633e-10
6.96532e-10
6.96633e-10
6.96735e-10
6.97038e-10
6.97342e-10
6.97747e-10
6.97849e-10
6.97849e-10
6.98659e-10
7.02304e-10
7.02507e-10
7.04026e-10
7.04229e-10
7.04735e-10
7.0514e-10
7.05748e-10
7.0595e-10
7.08684e-10
7.10305e-10
7.11824e-10
7.12026e-10
7.12533e-10
7.13545e-10
7.14153e-10
7.14254e-10
7.18812e-10
7.20229e-10
7.21546e-10
7.22964e-10
7.25698e-10
7.26407e-10
7.26508e-10
7.28635e-10
7.28736e-10
7.29141e-10
7.29546e-10
7.32179e-10
7.32382e-10
7.32787e-10
7.34306e-10
7.35217e-10
7.3623e-10
7.37952e-10
7.37952e-10
7.44332e-10
7.4737e-10
7.51623e-10
7.64586e-10
7.65801e-10
7.71573e-10
7.73599e-10
7.76434e-10
7.76637e-10
7.85852e-10
7.85852e-10
7.88485e-10
7.91827e-10
7.92637e-10
7.9284e-10
7.93042e-10
7.98309e-10
7.98309e-10
7.98714e-10
8.01245e-10
8.03372e-10
8.03777e-10
8.05195e-10
8.07929e-10
8.08233e-10
8.09347e-10
8.0955e-10
8.10056e-10
8.13702e-10
8.13803e-10
8.14613e-10
8.15322e-10
8.15727e-10
8.1593e-10
8.16335e-10
8.16537e-10
8.17752e-10
8.20689e-10
8.21297e-10
8.21499e-10
8.2231e-10
8.22411e-10
8.22816e-10
8.23018e-10
8.2312e-10
8.23221e-10
8.23424e-10
8.23626e-10
8.24234e-10
8.2474e-10
8.24943e-10
8.24943e-10
8.25651e-10
8.26664e-10
8.26765e-10
8.27677e-10
8.28487e-10
8.30816e-10
8.31424e-10
8.32133e-10
8.32335e-10
8.32437e-10
8.32842e-10
8.33044e-10
8.33044e-10
8.33044e-10
8.33348e-10
8.33551e-10
8.33551e-10
8.33753e-10
8.34057e-10
8.34259e-10
8.34259e-10
8.34259e-10
8.34462e-10
8.34462e-10
8.34462e-10
8.34462e-10
8.34563e-10
8.34664e-10
8.34766e-10
8.34867e-10
8.34867e-10
8.34968e-10
8.34968e-10
8.3507e-10
8.35171e-10
8.35171e-10
8.35171e-10
8.35171e-10
8.35272e-10
8.35373e-10
8.35373e-10
8.35475e-10
8.35576e-10
8.35576e-10
8.35576e-10
8.35576e-10
8.35677e-10
8.35778e-10
8.36082e-10
8.36184e-10
8.36285e-10
8.36285e-10
8.36386e-10
8.36386e-10
8.36386e-10
8.36487e-10
8.36589e-10
8.36589e-10
8.3669e-10
8.36791e-10
8.36994e-10
8.37095e-10
8.37196e-10
8.37196e-10
8.37298e-10
8.37298e-10
8.37298e-10
8.37298e-10
8.375e-10
8.37601e-10
8.37703e-10
8.37804e-10
8.37804e-10
8.37804e-10
8.37804e-10
8.38006e-10
8.38513e-10
8.38614e-10
8.38817e-10
8.39019e-10
8.39019e-10
8.39222e-10
8.39728e-10
8.40234e-10
8.40437e-10
8.40538e-10
8.41146e-10
8.41348e-10
8.4145e-10
8.41956e-10
8.41956e-10
8.4226e-10
8.42361e-10
8.42462e-10
8.42462e-10
8.42462e-10
8.42462e-10
8.42462e-10
8.42564e-10
8.42564e-10
8.42564e-10
8.42564e-10
8.42564e-10
8.42564e-10
8.42564e-10
8.42665e-10
8.42665e-10
8.42665e-10
8.42665e-10
8.42766e-10
8.42766e-10
8.42867e-10
8.42867e-10
8.42867e-10
8.42969e-10
8.42969e-10
8.42969e-10
8.42969e-10
8.4307e-10
8.4307e-10
8.4307e-10
8.4307e-10
8.4307e-10
8.43171e-10
8.43171e-10
8.43171e-10
8.43272e-10
8.43272e-10
8.43272e-10
8.43272e-10
8.43272e-10
8.43272e-10
8.43272e-10
8.43272e-10
8.43272e-10
8.43374e-10
8.43374e-10
8.43374e-10
8.43374e-10
8.43374e-10
8.43475e-10
8.43475e-10
8.43475e-10
8.43475e-10
8.43475e-10
8.43475e-10
8.43475e-10
8.43576e-10
8.43576e-10
8.43576e-10
8.43576e-10
8.43576e-10
8.43678e-10
8.43678e-10
8.43678e-10
8.43678e-10
8.43678e-10
8.43678e-10
8.43678e-10
8.43678e-10
8.43678e-10
8.43678e-10
8.43678e-10
8.43779e-10
8.43779e-10
8.43779e-10
8.43779e-10
8.43779e-10
8.43779e-10
