6.93899e-10
6.94102e-10
6.94304e-10
6.94405e-10
6.94507e-10
6.94608e-10
6.94709e-10
6.94709e-10
6.9481e-10
6.9481e-10
6.9481e-10
6.95114e-10
6.95216e-10
6.95317e-10
6.95924e-10
6.96026e-10
6.96127e-10
6.96431e-10
6.96633e-10
6.96836e-10
6.97038e-10
6.97038e-10
6.97241e-10
6.97646e-10
6.9795e-10
6.98051e-10
6.98659e-10
6.9876e-10
6.99165e-10
6.99266e-10
6.99469e-10
6.99671e-10
6.99874e-10
6.99874e-10
7.00279e-10
7.0038e-10
7.02001e-10
7.02001e-10
7.02102e-10
7.02507e-10
7.02811e-10
7.03013e-10
7.03418e-10
7.0352e-10
7.0514e-10
7.0514e-10
7.07469e-10
7.07571e-10
7.07571e-10
7.07976e-10
7.08482e-10
7.08988e-10
7.0909e-10
7.099e-10
7.10406e-10
7.10406e-10
7.10811e-10
7.11115e-10
7.1152e-10
7.13242e-10
7.14761e-10
7.1547e-10
7.15773e-10
7.25495e-10
7.27926e-10
7.60231e-10
7.75523e-10
7.98106e-10
8.08942e-10
8.11372e-10
8.16031e-10
8.17145e-10
8.18765e-10
8.21297e-10
8.22006e-10
8.22107e-10
8.25145e-10
8.25449e-10
8.28588e-10
8.28588e-10
8.30209e-10
8.30512e-10
8.3112e-10
8.31424e-10
8.3274e-10
8.32943e-10
8.33145e-10
8.33348e-10
8.33551e-10
8.34462e-10
8.34968e-10
8.35475e-10
8.35677e-10
8.36589e-10
8.39424e-10
8.40336e-10
8.40437e-10
8.40639e-10
8.41045e-10
8.41348e-10
8.4145e-10
8.4145e-10
8.41753e-10
8.41855e-10
8.42158e-10
8.42361e-10
8.42665e-10
8.43171e-10
8.43171e-10
8.43272e-10
8.43374e-10
8.43678e-10
