6.94304e-10
6.94912e-10
6.97038e-10
6.97545e-10
6.98355e-10
6.98456e-10
6.98456e-10
6.98659e-10
6.99266e-10
6.99773e-10
6.99975e-10
7.00077e-10
7.0038e-10
7.01089e-10
7.01697e-10
7.01798e-10
7.01798e-10
7.02507e-10
7.03418e-10
7.04127e-10
7.04127e-10
7.0433e-10
7.05444e-10
7.05748e-10
7.05748e-10
7.08887e-10
7.09191e-10
7.10102e-10
7.10507e-10
7.10912e-10
7.11723e-10
7.12533e-10
7.13849e-10
7.14761e-10
7.14963e-10
7.15672e-10
7.1709e-10
7.21647e-10
7.22052e-10
7.22964e-10
7.22964e-10
7.24078e-10
7.24584e-10
7.28736e-10
7.29951e-10
7.30052e-10
7.30761e-10
7.35521e-10
7.36635e-10
7.54155e-10
7.60737e-10
7.65092e-10
7.67725e-10
7.6813e-10
7.86865e-10
7.89599e-10
8.31829e-10
8.33753e-10
8.33956e-10
8.34968e-10
8.40437e-10
8.40842e-10
8.41348e-10
8.42564e-10
8.42665e-10
8.4307e-10
