6.93899e-10
6.94e-10
6.94e-10
6.94e-10
6.94203e-10
6.94203e-10
6.94203e-10
6.94304e-10
6.94304e-10
6.94304e-10
6.94507e-10
6.94507e-10
6.95114e-10
6.95418e-10
6.95418e-10
6.95418e-10
6.95418e-10
6.95519e-10
6.95519e-10
6.95823e-10
6.95823e-10
6.96026e-10
6.96026e-10
6.96228e-10
6.9633e-10
6.96431e-10
6.96532e-10
6.96633e-10
6.96836e-10
6.97038e-10
6.97545e-10
6.97545e-10
6.97545e-10
6.98051e-10
6.98152e-10
6.98355e-10
6.98456e-10
6.99469e-10
7.00684e-10
7.02811e-10
7.03317e-10
7.04532e-10
7.05039e-10
7.05343e-10
7.05646e-10
7.05849e-10
7.05849e-10
7.06862e-10
7.07064e-10
7.07469e-10
7.07672e-10
7.07773e-10
7.08482e-10
7.11216e-10
7.16989e-10
7.18508e-10
7.24483e-10
7.33799e-10
7.34508e-10
7.38154e-10
7.44433e-10
7.5061e-10
7.77649e-10
8.05296e-10
8.08537e-10
8.11676e-10
8.13398e-10
8.13803e-10
8.15524e-10
8.1593e-10
8.16031e-10
8.17449e-10
8.1755e-10
8.17752e-10
8.19474e-10
8.26259e-10
8.26664e-10
8.27272e-10
8.27576e-10
8.27879e-10
8.28082e-10
8.28284e-10
8.29398e-10
8.295e-10
8.29702e-10
8.30411e-10
8.30614e-10
8.30614e-10
8.30614e-10
8.30917e-10
8.3112e-10
8.32437e-10
8.33247e-10
8.33551e-10
8.34158e-10
8.34361e-10
8.35272e-10
8.38209e-10
8.38209e-10
8.39829e-10
8.40842e-10
8.41551e-10
8.41652e-10
8.41753e-10
8.41855e-10
8.42057e-10
8.42462e-10
8.42564e-10
8.42564e-10
8.43374e-10
8.43576e-10
