6.94203e-10
6.94405e-10
6.94507e-10
6.95013e-10
6.95216e-10
6.95317e-10
6.95317e-10
6.95823e-10
6.95924e-10
6.95924e-10
6.96228e-10
6.96431e-10
6.96633e-10
6.96633e-10
6.96633e-10
6.97038e-10
6.97038e-10
6.9714e-10
6.97747e-10
6.97849e-10
6.98152e-10
6.98152e-10
6.98152e-10
6.98456e-10
6.98659e-10
6.98963e-10
6.99671e-10
6.99671e-10
6.99975e-10
7.0038e-10
7.00684e-10
7.01798e-10
7.02406e-10
7.03925e-10
7.04127e-10
7.04229e-10
7.04431e-10
7.04938e-10
7.05849e-10
7.06153e-10
7.06457e-10
7.08988e-10
7.09292e-10
7.09393e-10
7.10204e-10
7.10406e-10
7.13849e-10
7.14153e-10
7.22255e-10
7.30458e-10
7.31977e-10
7.73194e-10
7.77548e-10
7.94865e-10
7.95777e-10
8.01144e-10
8.07018e-10
8.07625e-10
8.10967e-10
8.17854e-10
8.23322e-10
8.25753e-10
8.27069e-10
8.27171e-10
8.29196e-10
8.29297e-10
8.29398e-10
8.29804e-10
8.30411e-10
8.30512e-10
8.30512e-10
8.30614e-10
8.30917e-10
8.32133e-10
8.32437e-10
8.34766e-10
8.34867e-10
8.35171e-10
8.35475e-10
8.35778e-10
8.36487e-10
8.36487e-10
8.36589e-10
8.3669e-10
8.36791e-10
8.36994e-10
8.36994e-10
8.37095e-10
8.37399e-10
8.37703e-10
8.37905e-10
8.3912e-10
8.39222e-10
8.39627e-10
8.40032e-10
8.40032e-10
8.40234e-10
8.40336e-10
8.40437e-10
8.40437e-10
8.40639e-10
8.41045e-10
8.41348e-10
8.41348e-10
8.41551e-10
8.41753e-10
8.42057e-10
8.42057e-10
8.42158e-10
8.42665e-10
