6.94304e-10
6.94709e-10
6.9481e-10
6.9481e-10
6.95216e-10
6.95317e-10
6.95519e-10
6.95621e-10
6.95621e-10
6.95621e-10
6.95823e-10
6.95823e-10
6.95823e-10
6.95924e-10
6.95924e-10
6.96026e-10
6.96026e-10
6.96026e-10
6.96127e-10
6.96127e-10
6.96228e-10
6.96228e-10
6.9633e-10
6.9633e-10
6.9633e-10
6.96431e-10
6.96431e-10
6.96431e-10
6.96532e-10
6.96532e-10
6.96532e-10
6.96633e-10
6.96633e-10
6.96735e-10
6.96735e-10
6.96735e-10
6.96836e-10
6.96836e-10
6.96937e-10
6.96937e-10
6.97038e-10
6.9714e-10
6.97342e-10
6.97444e-10
6.97444e-10
6.97444e-10
6.97545e-10
6.97646e-10
6.97747e-10
6.98254e-10
7.00178e-10
7.00482e-10
7.00482e-10
7.00684e-10
7.00684e-10
7.00785e-10
7.00887e-10
7.00988e-10
7.01089e-10
7.01089e-10
7.01191e-10
7.01191e-10
7.01292e-10
7.01393e-10
7.01494e-10
7.01697e-10
7.01697e-10
7.01697e-10
7.01899e-10
7.01899e-10
7.02406e-10
7.02406e-10
7.02406e-10
7.02507e-10
7.02507e-10
7.0271e-10
7.02811e-10
7.02912e-10
7.03013e-10
7.03013e-10
7.03115e-10
7.04026e-10
7.04026e-10
7.04026e-10
7.04938e-10
7.05343e-10
7.05545e-10
7.06153e-10
7.06457e-10
7.06558e-10
7.0676e-10
7.07165e-10
7.07267e-10
7.07469e-10
7.07469e-10
7.07571e-10
7.07773e-10
7.07773e-10
7.07976e-10
7.08178e-10
7.08279e-10
7.08786e-10
7.09596e-10
7.10001e-10
7.10305e-10
7.10811e-10
7.11318e-10
7.12431e-10
7.12431e-10
7.12533e-10
7.12634e-10
7.13039e-10
7.1314e-10
7.14963e-10
7.14963e-10
7.15672e-10
7.15773e-10
7.16178e-10
7.16685e-10
7.17394e-10
7.17495e-10
7.18204e-10
7.18609e-10
7.19014e-10
7.1952e-10
7.20128e-10
7.20533e-10
7.21951e-10
7.22052e-10
7.22559e-10
7.22862e-10
7.23369e-10
7.24786e-10
7.26305e-10
7.26711e-10
7.27521e-10
7.30863e-10
7.33091e-10
7.36939e-10
7.37749e-10
7.38053e-10
7.40281e-10
7.4342e-10
7.52231e-10
7.58712e-10
7.5932e-10
7.62358e-10
7.69345e-10
7.79776e-10
7.79877e-10
7.81599e-10
7.84232e-10
7.88992e-10
7.95068e-10
8.04081e-10
8.07828e-10
8.09853e-10
8.09955e-10
8.15727e-10
8.20487e-10
8.22512e-10
8.22715e-10
8.23018e-10
8.23525e-10
8.23727e-10
8.27069e-10
8.27778e-10
8.29095e-10
8.29095e-10
8.29196e-10
8.32234e-10
8.32842e-10
8.33348e-10
8.33652e-10
8.34462e-10
8.34462e-10
8.34766e-10
8.34766e-10
8.3507e-10
8.35171e-10
8.35171e-10
8.35778e-10
8.35778e-10
8.35981e-10
8.36285e-10
8.36285e-10
8.36285e-10
8.36285e-10
8.3669e-10
8.36994e-10
8.37095e-10
8.37196e-10
8.37196e-10
8.375e-10
8.37703e-10
8.37905e-10
8.38006e-10
8.38108e-10
8.38108e-10
8.38108e-10
8.38209e-10
8.3831e-10
8.38411e-10
8.38411e-10
8.38513e-10
8.38614e-10
8.38715e-10
8.38715e-10
8.38715e-10
8.38715e-10
8.38715e-10
8.38715e-10
8.38817e-10
8.38918e-10
8.38918e-10
8.39019e-10
8.39019e-10
8.39019e-10
8.39222e-10
8.39222e-10
8.39323e-10
8.39424e-10
8.39525e-10
8.39829e-10
8.39931e-10
8.39931e-10
8.40032e-10
8.40032e-10
8.40032e-10
8.40133e-10
8.40133e-10
8.40133e-10
8.40133e-10
8.40133e-10
8.40234e-10
8.40234e-10
8.40336e-10
8.40336e-10
8.40437e-10
8.40437e-10
8.40437e-10
8.40538e-10
8.40639e-10
8.40639e-10
8.40639e-10
8.40741e-10
8.40741e-10
8.40741e-10
8.40842e-10
8.40943e-10
8.40943e-10
8.41146e-10
8.41146e-10
8.41247e-10
8.41247e-10
8.4145e-10
8.4145e-10
8.41551e-10
8.41551e-10
8.41551e-10
8.41753e-10
8.41753e-10
8.41855e-10
8.42057e-10
8.42158e-10
8.42361e-10
8.42462e-10
8.42564e-10
8.42564e-10
8.42564e-10
8.42867e-10
8.42969e-10
8.42969e-10
8.4307e-10
8.4307e-10
8.4307e-10
8.43171e-10
8.43171e-10
8.43272e-10
8.43272e-10
8.43272e-10
8.43272e-10
8.43272e-10
8.43374e-10
8.43374e-10
8.43374e-10
8.43374e-10
8.43374e-10
8.43374e-10
8.43475e-10
8.43576e-10
8.43576e-10
8.43576e-10
8.43678e-10
8.43678e-10
8.43779e-10
8.43779e-10
8.43779e-10
