6.93899e-10
6.94304e-10
6.94405e-10
6.94507e-10
6.94709e-10
6.94709e-10
6.95013e-10
6.95114e-10
6.95216e-10
6.95519e-10
6.95621e-10
6.95823e-10
6.95924e-10
6.9633e-10
6.96431e-10
6.96532e-10
6.96633e-10
6.96735e-10
6.96836e-10
6.97038e-10
6.97444e-10
6.97545e-10
6.98355e-10
6.98557e-10
6.99165e-10
7.00178e-10
7.00583e-10
7.01899e-10
7.02507e-10
7.02608e-10
7.0271e-10
7.0271e-10
7.0271e-10
7.04431e-10
7.04532e-10
7.0514e-10
7.06051e-10
7.06963e-10
7.07267e-10
7.07773e-10
7.07976e-10
7.08887e-10
7.08988e-10
7.09191e-10
7.15267e-10
7.16077e-10
7.16381e-10
7.16584e-10
7.17698e-10
7.18103e-10
7.21039e-10
7.21445e-10
7.21748e-10
7.27116e-10
7.30559e-10
7.36129e-10
7.36838e-10
7.50813e-10
7.51522e-10
7.8646e-10
7.91321e-10
7.95372e-10
8.08841e-10
8.11676e-10
8.12081e-10
8.136e-10
8.16132e-10
8.16638e-10
8.17145e-10
8.19069e-10
8.1917e-10
8.21398e-10
8.23829e-10
8.24943e-10
8.2555e-10
8.29196e-10
8.29905e-10
8.30107e-10
8.30614e-10
8.32335e-10
8.3274e-10
8.33247e-10
8.33247e-10
8.33956e-10
8.34259e-10
8.34563e-10
8.35475e-10
8.35475e-10
8.36487e-10
8.37298e-10
8.37601e-10
8.37804e-10
8.37804e-10
8.37905e-10
8.38715e-10
8.38918e-10
8.3912e-10
8.3912e-10
8.3912e-10
8.3912e-10
8.39424e-10
8.39424e-10
8.39829e-10
8.40133e-10
8.40336e-10
8.40437e-10
8.40538e-10
8.40842e-10
8.41045e-10
8.41146e-10
8.4145e-10
8.41551e-10
8.41551e-10
8.41652e-10
8.42361e-10
8.42564e-10
8.42665e-10
8.42766e-10
8.43171e-10
8.43678e-10
