6.93899e-10
6.94e-10
6.94e-10
6.94102e-10
6.94203e-10
6.94304e-10
6.9481e-10
6.94912e-10
6.94912e-10
6.95013e-10
6.95114e-10
6.95216e-10
6.96532e-10
6.96633e-10
6.96735e-10
6.97241e-10
7.01191e-10
7.01798e-10
7.02304e-10
7.02507e-10
7.02608e-10
7.02912e-10
7.03115e-10
7.03925e-10
7.04127e-10
7.05241e-10
7.05545e-10
7.05646e-10
7.05849e-10
7.0595e-10
7.06051e-10
7.06355e-10
7.06457e-10
7.06457e-10
7.06862e-10
7.06963e-10
7.07267e-10
7.07571e-10
7.08684e-10
7.0909e-10
7.0909e-10
7.09393e-10
7.10102e-10
7.1071e-10
7.1071e-10
7.10912e-10
7.11419e-10
7.1152e-10
7.11925e-10
7.13748e-10
7.14254e-10
7.14457e-10
7.14862e-10
7.15065e-10
7.15672e-10
7.21951e-10
7.25698e-10
7.33799e-10
7.54459e-10
7.70358e-10
7.7451e-10
7.78257e-10
7.80789e-10
7.97397e-10
7.98106e-10
8.15524e-10
8.17347e-10
8.18664e-10
8.20183e-10
8.20284e-10
8.20892e-10
8.21398e-10
8.21803e-10
8.23221e-10
8.23727e-10
8.24537e-10
8.24639e-10
8.26158e-10
8.27171e-10
8.27373e-10
8.27879e-10
8.295e-10
8.29905e-10
8.34968e-10
8.3507e-10
8.36285e-10
8.3669e-10
8.36791e-10
8.38108e-10
8.3831e-10
8.38715e-10
8.38715e-10
8.38715e-10
8.38918e-10
8.39222e-10
8.39424e-10
8.40032e-10
8.40234e-10
8.40234e-10
8.40336e-10
8.40437e-10
8.40538e-10
8.40639e-10
8.40842e-10
8.40943e-10
8.40943e-10
8.41045e-10
8.41146e-10
8.41247e-10
8.41652e-10
8.41652e-10
8.41753e-10
8.41753e-10
8.41855e-10
8.41956e-10
8.42057e-10
8.42057e-10
8.42057e-10
8.42158e-10
8.42361e-10
8.42361e-10
8.42665e-10
8.42766e-10
8.42867e-10
8.42867e-10
8.42867e-10
8.42969e-10
8.43171e-10
8.43171e-10
8.43272e-10
8.43475e-10
8.43475e-10
8.43779e-10
