6.94405e-10
6.95013e-10
6.95216e-10
6.95418e-10
6.95519e-10
6.95722e-10
6.95823e-10
6.95924e-10
6.95924e-10
6.96026e-10
6.96026e-10
6.96633e-10
6.96937e-10
6.97444e-10
6.97444e-10
6.97545e-10
6.97747e-10
6.9795e-10
6.98152e-10
6.98355e-10
6.98456e-10
6.98456e-10
6.98659e-10
6.98963e-10
6.99368e-10
6.9957e-10
6.99773e-10
6.99874e-10
6.99975e-10
6.99975e-10
7.00178e-10
7.00279e-10
7.00279e-10
7.00482e-10
7.01596e-10
7.01697e-10
7.01798e-10
7.03115e-10
7.0352e-10
7.03621e-10
7.03621e-10
7.04431e-10
7.04634e-10
7.04836e-10
7.04836e-10
7.04938e-10
7.04938e-10
7.05039e-10
7.05748e-10
7.06051e-10
7.06254e-10
7.06355e-10
7.06457e-10
7.0676e-10
7.07469e-10
7.07571e-10
7.07976e-10
7.07976e-10
7.08381e-10
7.09292e-10
7.09697e-10
7.10001e-10
7.11115e-10
7.1152e-10
7.11824e-10
7.12128e-10
7.12938e-10
7.13242e-10
7.13343e-10
7.13647e-10
7.14862e-10
7.15672e-10
7.15773e-10
7.16178e-10
7.17394e-10
7.17394e-10
7.17799e-10
7.18103e-10
7.19824e-10
7.19925e-10
7.20634e-10
7.20837e-10
7.2266e-10
7.2266e-10
7.24989e-10
7.25495e-10
7.26204e-10
7.30458e-10
7.35622e-10
7.3866e-10
7.41699e-10
7.41901e-10
7.42711e-10
7.44332e-10
7.74814e-10
7.93853e-10
7.97296e-10
8.02764e-10
8.03068e-10
8.03169e-10
8.07423e-10
8.07524e-10
8.07625e-10
8.08233e-10
8.08942e-10
8.15626e-10
8.16132e-10
8.20284e-10
8.20487e-10
8.21297e-10
8.25044e-10
8.39627e-10
