6.93899e-10
6.94304e-10
6.94304e-10
6.94304e-10
6.94405e-10
6.95216e-10
6.95317e-10
6.95823e-10
6.95823e-10
6.95924e-10
6.95924e-10
6.96026e-10
6.96127e-10
6.96228e-10
6.9633e-10
6.96532e-10
6.96532e-10
6.96633e-10
6.96735e-10
6.96836e-10
6.96836e-10
6.97038e-10
6.9714e-10
6.9714e-10
6.97646e-10
6.97646e-10
6.97849e-10
6.98152e-10
6.98152e-10
6.98355e-10
6.98557e-10
6.99165e-10
6.99266e-10
6.99266e-10
6.99469e-10
6.99773e-10
7.00279e-10
7.0038e-10
7.00482e-10
7.01089e-10
7.01798e-10
7.01899e-10
7.02102e-10
7.02304e-10
7.0352e-10
7.03722e-10
7.04127e-10
7.05545e-10
7.06153e-10
7.06862e-10
7.08279e-10
7.0909e-10
7.09292e-10
7.09697e-10
7.11014e-10
7.17596e-10
7.20837e-10
7.20938e-10
7.24483e-10
7.27116e-10
7.43623e-10
7.78662e-10
7.78763e-10
7.88587e-10
7.89701e-10
7.96688e-10
8.14714e-10
8.14714e-10
8.19879e-10
8.21601e-10
8.26158e-10
8.26259e-10
8.2636e-10
8.27778e-10
8.28386e-10
8.28791e-10
8.29804e-10
8.29905e-10
8.31221e-10
8.31323e-10
8.31424e-10
8.31525e-10
8.31525e-10
8.31525e-10
8.31829e-10
8.32031e-10
8.32437e-10
8.3274e-10
8.33753e-10
8.33956e-10
8.35981e-10
8.37095e-10
8.37399e-10
8.375e-10
8.375e-10
8.38614e-10
8.38715e-10
8.3912e-10
8.39627e-10
8.39829e-10
8.39931e-10
8.40133e-10
8.40437e-10
8.40538e-10
8.41045e-10
8.41247e-10
8.4145e-10
8.4145e-10
8.41551e-10
8.41551e-10
8.41652e-10
8.41652e-10
8.41753e-10
8.41956e-10
8.42158e-10
8.42462e-10
8.42564e-10
8.42665e-10
8.42766e-10
8.42766e-10
8.42766e-10
8.42969e-10
8.42969e-10
8.43374e-10
8.43475e-10
8.43678e-10
8.43678e-10
8.43678e-10
