6.94e-10
6.94507e-10
6.94709e-10
6.94912e-10
6.95317e-10
6.95519e-10
6.95722e-10
6.95823e-10
6.95924e-10
6.95924e-10
6.96127e-10
6.96127e-10
6.9633e-10
6.96431e-10
6.96431e-10
6.96431e-10
6.96836e-10
6.96937e-10
6.97241e-10
6.97241e-10
6.97646e-10
6.97646e-10
6.97747e-10
6.9795e-10
6.98152e-10
6.98355e-10
6.98557e-10
6.99165e-10
6.99165e-10
6.99368e-10
6.9957e-10
6.99773e-10
6.99874e-10
6.99874e-10
6.99975e-10
6.99975e-10
7.00077e-10
7.0038e-10
7.00785e-10
7.01191e-10
7.01393e-10
7.02203e-10
7.0433e-10
7.0514e-10
7.05343e-10
7.05849e-10
7.06457e-10
7.07064e-10
7.07165e-10
7.07368e-10
7.07874e-10
7.07976e-10
7.08482e-10
7.08684e-10
7.08887e-10
7.08988e-10
7.09191e-10
7.10204e-10
7.13545e-10
7.13748e-10
7.14659e-10
7.15267e-10
7.15368e-10
7.15672e-10
7.16077e-10
7.1628e-10
7.16989e-10
7.1952e-10
7.20432e-10
7.21647e-10
7.23065e-10
7.23369e-10
7.23875e-10
7.30761e-10
7.31268e-10
7.3228e-10
7.34913e-10
7.36027e-10
7.41901e-10
7.44129e-10
7.46154e-10
7.47167e-10
7.51826e-10
7.56484e-10
7.65598e-10
7.73801e-10
7.7532e-10
7.77447e-10
7.8565e-10
7.89599e-10
7.90815e-10
7.96992e-10
7.97195e-10
7.99524e-10
8.01448e-10
8.02663e-10
8.05296e-10
8.06309e-10
8.06815e-10
8.10866e-10
8.11777e-10
8.15221e-10
8.1593e-10
8.16537e-10
8.16942e-10
8.1755e-10
8.21297e-10
8.22208e-10
8.22208e-10
8.22512e-10
8.23626e-10
8.25651e-10
8.25753e-10
8.27778e-10
8.27981e-10
8.28183e-10
8.28284e-10
8.29297e-10
8.30816e-10
8.3193e-10
8.32234e-10
8.32335e-10
8.32437e-10
8.32639e-10
8.33044e-10
8.33247e-10
8.33247e-10
8.33854e-10
8.34057e-10
8.34158e-10
8.34361e-10
8.34361e-10
8.34462e-10
8.34664e-10
8.34664e-10
8.34664e-10
8.34664e-10
8.34968e-10
8.3507e-10
8.3507e-10
8.3507e-10
8.3507e-10
8.35171e-10
8.35171e-10
8.35171e-10
8.35171e-10
8.35373e-10
8.35373e-10
8.35475e-10
8.35677e-10
8.35981e-10
8.36285e-10
8.36285e-10
8.36386e-10
8.36487e-10
8.36487e-10
8.36589e-10
8.36791e-10
8.36791e-10
8.36791e-10
8.36791e-10
8.37095e-10
8.37095e-10
8.37095e-10
8.37095e-10
8.37095e-10
8.37196e-10
8.37196e-10
8.37196e-10
8.37298e-10
8.37298e-10
8.37298e-10
8.37601e-10
8.37601e-10
8.37703e-10
8.37703e-10
8.37804e-10
8.37804e-10
8.37905e-10
8.38209e-10
8.38411e-10
8.38513e-10
8.38513e-10
8.38715e-10
8.38918e-10
8.3912e-10
8.39222e-10
8.39728e-10
8.39829e-10
8.39931e-10
8.40032e-10
8.40133e-10
8.40133e-10
8.40234e-10
8.40336e-10
8.40538e-10
8.40741e-10
8.41247e-10
8.41247e-10
8.41247e-10
8.41348e-10
8.41551e-10
8.41551e-10
8.41652e-10
8.41652e-10
8.41652e-10
8.41753e-10
8.41753e-10
8.41855e-10
8.41855e-10
8.41855e-10
8.41855e-10
8.41855e-10
8.41956e-10
8.41956e-10
8.41956e-10
8.41956e-10
8.41956e-10
8.42057e-10
8.42057e-10
8.42057e-10
8.42057e-10
8.42057e-10
8.42158e-10
8.42158e-10
8.42158e-10
8.4226e-10
8.4226e-10
8.4226e-10
8.42361e-10
8.42361e-10
8.42361e-10
8.42462e-10
8.42462e-10
8.42462e-10
8.42462e-10
8.42462e-10
8.42462e-10
8.42564e-10
8.42564e-10
8.42564e-10
8.42564e-10
8.42564e-10
8.42665e-10
8.42665e-10
8.42665e-10
8.42766e-10
8.42867e-10
8.42867e-10
8.42867e-10
8.42867e-10
8.42867e-10
8.42867e-10
8.42867e-10
8.42867e-10
8.42867e-10
8.42867e-10
8.42867e-10
8.42867e-10
8.42867e-10
8.42867e-10
8.42867e-10
8.42969e-10
8.42969e-10
8.42969e-10
8.42969e-10
8.42969e-10
8.42969e-10
8.42969e-10
8.42969e-10
8.42969e-10
8.4307e-10
8.4307e-10
8.4307e-10
8.4307e-10
8.4307e-10
8.43171e-10
8.43171e-10
8.43171e-10
8.43171e-10
8.43171e-10
8.43171e-10
8.43171e-10
8.43272e-10
8.43272e-10
8.43272e-10
8.43272e-10
8.43374e-10
8.43374e-10
8.43374e-10
8.43374e-10
8.43374e-10
8.43475e-10
8.43475e-10
8.43475e-10
8.43475e-10
8.43475e-10
8.43475e-10
8.43475e-10
8.43475e-10
8.43475e-10
8.43475e-10
8.43475e-10
8.43576e-10
8.43576e-10
8.43576e-10
8.43576e-10
8.43576e-10
8.43576e-10
8.43678e-10
8.43678e-10
8.43678e-10
8.43678e-10
8.43678e-10
8.43779e-10
8.43779e-10
8.43779e-10
8.43779e-10
8.43779e-10
8.43779e-10
8.43779e-10
8.43779e-10
8.43779e-10
8.43779e-10
8.43779e-10
