6.9481e-10
6.94912e-10
6.94912e-10
6.95317e-10
6.95418e-10
6.95519e-10
6.95519e-10
6.95823e-10
6.96026e-10
6.96127e-10
6.96228e-10
6.96228e-10
6.96431e-10
6.96532e-10
6.96836e-10
6.96937e-10
6.9714e-10
6.97342e-10
6.97342e-10
6.97444e-10
6.97444e-10
6.97444e-10
6.97545e-10
6.97545e-10
6.97646e-10
6.97747e-10
6.97747e-10
6.97849e-10
6.98051e-10
6.98051e-10
6.98254e-10
6.98355e-10
6.98456e-10
6.98456e-10
6.98456e-10
6.98456e-10
6.98557e-10
6.98557e-10
6.98659e-10
6.98659e-10
6.98659e-10
6.9876e-10
6.9876e-10
6.98861e-10
6.98963e-10
6.99165e-10
6.99165e-10
6.99165e-10
6.99368e-10
6.99469e-10
6.99671e-10
6.99671e-10
6.99773e-10
6.99773e-10
6.99773e-10
6.99773e-10
6.99975e-10
7.00077e-10
7.00077e-10
7.00077e-10
7.00279e-10
7.0038e-10
7.0038e-10
7.00482e-10
7.00583e-10
7.00887e-10
7.00887e-10
7.00988e-10
7.00988e-10
7.00988e-10
7.01089e-10
7.01191e-10
7.01191e-10
7.01292e-10
7.01292e-10
7.01494e-10
7.01596e-10
7.01697e-10
7.01899e-10
7.02406e-10
7.02406e-10
7.02608e-10
7.02811e-10
7.04431e-10
7.04735e-10
7.04836e-10
7.04938e-10
7.05039e-10
7.0514e-10
7.05444e-10
7.05748e-10
7.05849e-10
7.0595e-10
7.06457e-10
7.06558e-10
7.06558e-10
7.0676e-10
7.06862e-10
7.07469e-10
7.08077e-10
7.08178e-10
7.08178e-10
7.08583e-10
7.0909e-10
7.09393e-10
7.09596e-10
7.09798e-10
7.09798e-10
7.09798e-10
7.099e-10
7.10001e-10
7.10001e-10
7.10406e-10
7.10406e-10
7.10507e-10
7.10609e-10
7.10811e-10
7.11014e-10
7.11014e-10
7.11014e-10
7.11318e-10
7.12634e-10
7.12938e-10
7.13343e-10
7.13647e-10
7.13849e-10
7.13951e-10
7.14254e-10
7.14356e-10
7.14558e-10
7.14862e-10
7.14963e-10
7.1547e-10
7.1547e-10
7.1628e-10
7.17495e-10
7.17596e-10
7.17799e-10
7.18001e-10
7.18305e-10
7.18609e-10
7.18913e-10
7.19014e-10
7.19115e-10
7.19419e-10
7.19925e-10
7.20027e-10
7.20229e-10
7.21445e-10
7.23065e-10
7.23774e-10
7.23976e-10
7.24483e-10
7.25698e-10
7.259e-10
7.26002e-10
7.28432e-10
7.28533e-10
7.28533e-10
7.30154e-10
7.30964e-10
7.31875e-10
7.32179e-10
7.32382e-10
7.34711e-10
7.35015e-10
7.36129e-10
7.36635e-10
7.37952e-10
7.38255e-10
7.38458e-10
7.40483e-10
7.4099e-10
7.43724e-10
7.44534e-10
7.44534e-10
7.46458e-10
7.46458e-10
7.47167e-10
7.47471e-10
7.48686e-10
7.50509e-10
7.52737e-10
7.53041e-10
7.55066e-10
7.55573e-10
7.55876e-10
7.58307e-10
7.6256e-10
7.63269e-10
7.65294e-10
7.66915e-10
7.69041e-10
7.69852e-10
7.70155e-10
7.7208e-10
7.72181e-10
7.72788e-10
7.72991e-10
7.76333e-10
7.76637e-10
7.77244e-10
7.79371e-10
7.80384e-10
7.82612e-10
7.83928e-10
7.85954e-10
7.86156e-10
7.86966e-10
7.90916e-10
7.9122e-10
7.92637e-10
7.9284e-10
7.93954e-10
7.95473e-10
7.95473e-10
7.96891e-10
7.96992e-10
7.97701e-10
7.98714e-10
7.99524e-10
8.00536e-10
8.02157e-10
8.02461e-10
8.02562e-10
8.04587e-10
8.0479e-10
8.09448e-10
8.1036e-10
8.10866e-10
8.12284e-10
8.13094e-10
8.13195e-10
8.13398e-10
8.13499e-10
8.16031e-10
8.16436e-10
8.1674e-10
8.17043e-10
8.18056e-10
8.18866e-10
8.19069e-10
8.19271e-10
8.19677e-10
8.20183e-10
8.20385e-10
8.20487e-10
8.20689e-10
8.21297e-10
8.21601e-10
8.22816e-10
8.22917e-10
8.2312e-10
8.23221e-10
8.23322e-10
8.23626e-10
8.23727e-10
8.24639e-10
8.2474e-10
8.24943e-10
8.2555e-10
8.25753e-10
8.26057e-10
8.27981e-10
8.29196e-10
8.30107e-10
8.30209e-10
8.30209e-10
8.3031e-10
8.3031e-10
8.30512e-10
8.30614e-10
8.30917e-10
8.31019e-10
8.31525e-10
8.3193e-10
8.32031e-10
8.32133e-10
8.32234e-10
8.32437e-10
8.32538e-10
8.32842e-10
8.32943e-10
8.33145e-10
8.33449e-10
8.33449e-10
8.33551e-10
8.33652e-10
8.33753e-10
8.33753e-10
8.33753e-10
8.33854e-10
8.33956e-10
8.34057e-10
8.34158e-10
8.34361e-10
8.34563e-10
8.34664e-10
8.34867e-10
8.35171e-10
8.35272e-10
8.35576e-10
8.35677e-10
8.35778e-10
8.36386e-10
8.36589e-10
8.36791e-10
8.36994e-10
8.37804e-10
8.3912e-10
8.39222e-10
8.39931e-10
8.40133e-10
8.40234e-10
8.40336e-10
8.40336e-10
8.40336e-10
8.40336e-10
8.40437e-10
8.40437e-10
8.40437e-10
8.40437e-10
8.40538e-10
8.40538e-10
8.40741e-10
8.40741e-10
8.40842e-10
8.40842e-10
8.40842e-10
8.41146e-10
8.41146e-10
8.41146e-10
8.41146e-10
8.41348e-10
8.41348e-10
8.4145e-10
8.4145e-10
8.41551e-10
8.41551e-10
8.41551e-10
8.41551e-10
8.41551e-10
8.41551e-10
8.41652e-10
8.41652e-10
8.41652e-10
8.41652e-10
8.41753e-10
8.41753e-10
8.41753e-10
8.41753e-10
8.41855e-10
8.41855e-10
8.41855e-10
8.41855e-10
8.41855e-10
8.41855e-10
8.41855e-10
8.41855e-10
8.41855e-10
8.41956e-10
8.41956e-10
8.41956e-10
8.41956e-10
8.41956e-10
8.41956e-10
8.41956e-10
8.42057e-10
8.42057e-10
8.42057e-10
8.42158e-10
8.4226e-10
8.4226e-10
8.42361e-10
8.42361e-10
8.42361e-10
8.42361e-10
8.42361e-10
8.42361e-10
8.42361e-10
8.42462e-10
8.42462e-10
8.42462e-10
8.42564e-10
8.42564e-10
8.42564e-10
8.42564e-10
8.42564e-10
8.42564e-10
8.42564e-10
8.42564e-10
8.42665e-10
8.42665e-10
8.42665e-10
8.42665e-10
8.42665e-10
8.42665e-10
8.42665e-10
8.42766e-10
8.42766e-10
8.42766e-10
8.42766e-10
8.42766e-10
8.42766e-10
8.42766e-10
8.42766e-10
8.42766e-10
8.42867e-10
8.42867e-10
8.42867e-10
8.42867e-10
8.42867e-10
8.42867e-10
8.42867e-10
8.42867e-10
8.42867e-10
8.42867e-10
8.42867e-10
8.42867e-10
8.42969e-10
8.42969e-10
8.42969e-10
8.42969e-10
8.42969e-10
8.42969e-10
8.42969e-10
8.42969e-10
8.4307e-10
8.4307e-10
8.4307e-10
8.4307e-10
8.4307e-10
8.4307e-10
8.4307e-10
8.4307e-10
8.43171e-10
8.43171e-10
8.43171e-10
8.43171e-10
8.43171e-10
8.43171e-10
8.43171e-10
8.43272e-10
8.43272e-10
8.43272e-10
8.43272e-10
8.43272e-10
8.43272e-10
8.43272e-10
8.43374e-10
8.43374e-10
8.43374e-10
8.43374e-10
8.43374e-10
8.43374e-10
8.43374e-10
8.43374e-10
8.43374e-10
8.43374e-10
8.43374e-10
8.43475e-10
8.43475e-10
8.43475e-10
8.43475e-10
8.43576e-10
8.43576e-10
8.43576e-10
8.43576e-10
8.43576e-10
8.43576e-10
8.43576e-10
8.43576e-10
8.43576e-10
8.43576e-10
8.43576e-10
8.43678e-10
8.43678e-10
8.43678e-10
8.43678e-10
8.43678e-10
8.43678e-10
8.43678e-10
8.43678e-10
8.43678e-10
8.43779e-10
8.43779e-10
8.43779e-10
8.43779e-10
8.43779e-10
8.43779e-10
8.43779e-10
8.43779e-10
8.43779e-10
8.43779e-10
8.43779e-10
