6.93899e-10
6.94e-10
6.94e-10
6.94e-10
6.94102e-10
6.94102e-10
6.94102e-10
6.94102e-10
6.94405e-10
6.94507e-10
6.94507e-10
6.94608e-10
6.94608e-10
6.94709e-10
6.94912e-10
6.95013e-10
6.95114e-10
6.95114e-10
6.95114e-10
6.95216e-10
6.95317e-10
6.95418e-10
6.95519e-10
6.95519e-10
6.95519e-10
6.95621e-10
6.95722e-10
6.95823e-10
6.95823e-10
6.95823e-10
6.95823e-10
6.95823e-10
6.96026e-10
6.96026e-10
6.96127e-10
6.96228e-10
6.96228e-10
6.9633e-10
6.9633e-10
6.96633e-10
6.96735e-10
6.96937e-10
6.96937e-10
6.97342e-10
6.9795e-10
6.98557e-10
6.99671e-10
6.99874e-10
7.00785e-10
7.02406e-10
7.04026e-10
7.04229e-10
7.04431e-10
7.04634e-10
7.04735e-10
7.0514e-10
7.0514e-10
7.0595e-10
7.0595e-10
7.06355e-10
7.06659e-10
7.07368e-10
7.07571e-10
7.09495e-10
7.099e-10
7.10102e-10
7.10102e-10
7.11014e-10
7.11115e-10
7.11419e-10
7.13343e-10
7.13951e-10
7.14052e-10
7.14761e-10
7.17799e-10
7.18913e-10
7.34002e-10
7.36027e-10
7.62358e-10
7.73295e-10
7.74814e-10
7.7927e-10
7.96384e-10
8.0084e-10
8.04081e-10
8.04587e-10
8.07018e-10
8.08334e-10
8.21297e-10
8.21499e-10
8.21803e-10
8.22613e-10
8.2312e-10
8.25348e-10
8.26158e-10
8.26158e-10
8.27069e-10
8.27272e-10
8.27981e-10
8.28487e-10
8.2869e-10
8.29297e-10
8.29398e-10
8.29905e-10
8.30816e-10
8.30917e-10
8.31728e-10
8.32234e-10
8.32639e-10
8.33145e-10
8.33145e-10
8.33652e-10
8.34158e-10
8.34259e-10
8.35373e-10
8.35475e-10
8.36184e-10
8.36184e-10
8.36184e-10
8.36487e-10
8.37095e-10
8.37703e-10
8.38209e-10
8.39525e-10
8.40639e-10
8.42766e-10
