6.93899e-10
6.93899e-10
6.93899e-10
6.94e-10
6.94102e-10
6.94203e-10
6.94203e-10
6.94304e-10
6.94405e-10
6.9481e-10
6.9481e-10
6.95013e-10
6.95013e-10
6.95317e-10
6.95317e-10
6.95621e-10
6.95823e-10
6.95924e-10
6.95924e-10
6.96127e-10
6.96228e-10
6.9633e-10
6.9633e-10
6.96431e-10
6.96532e-10
6.96532e-10
6.96633e-10
6.96633e-10
6.96633e-10
6.96735e-10
6.96735e-10
6.96836e-10
6.96836e-10
6.9714e-10
6.9714e-10
6.97241e-10
6.97241e-10
6.97342e-10
6.97444e-10
6.97545e-10
6.97849e-10
6.9795e-10
6.9795e-10
6.98254e-10
6.98659e-10
6.98861e-10
6.98963e-10
6.99064e-10
6.99469e-10
6.9957e-10
6.99874e-10
7.00077e-10
7.00178e-10
7.00178e-10
7.01191e-10
7.01191e-10
7.01494e-10
7.02608e-10
7.0271e-10
7.03722e-10
7.03824e-10
7.05241e-10
7.05343e-10
7.06254e-10
7.06963e-10
7.07368e-10
7.07672e-10
7.07672e-10
7.08887e-10
7.09191e-10
7.09697e-10
7.10406e-10
7.1071e-10
7.1152e-10
7.12026e-10
7.12431e-10
7.20331e-10
7.20837e-10
7.21445e-10
7.21647e-10
7.22052e-10
7.22761e-10
7.23976e-10
7.24179e-10
7.31268e-10
7.33496e-10
7.5699e-10
7.66307e-10
7.7289e-10
8.01347e-10
8.0165e-10
8.06005e-10
8.17246e-10
8.17651e-10
8.18259e-10
8.26462e-10
8.27778e-10
8.29196e-10
8.29905e-10
8.30411e-10
8.30512e-10
8.30512e-10
8.31019e-10
8.31019e-10
8.31424e-10
8.31626e-10
8.31829e-10
8.3193e-10
8.34057e-10
8.35373e-10
8.35576e-10
8.36285e-10
8.36791e-10
8.38918e-10
8.39019e-10
8.40133e-10
8.40336e-10
8.40437e-10
8.40538e-10
8.40538e-10
8.40842e-10
8.41551e-10
8.41652e-10
8.41652e-10
8.41753e-10
8.42361e-10
8.42462e-10
8.42564e-10
8.42766e-10
8.42969e-10
8.42969e-10
8.43171e-10
8.43272e-10
8.43374e-10
8.43678e-10
