6.93899e-10
6.94e-10
6.94102e-10
6.94203e-10
6.94304e-10
6.94507e-10
6.94507e-10
6.94709e-10
6.94709e-10
6.94709e-10
6.95013e-10
6.95013e-10
6.95114e-10
6.95114e-10
6.95317e-10
6.95418e-10
6.95418e-10
6.95722e-10
6.95823e-10
6.95924e-10
6.95924e-10
6.96127e-10
6.96228e-10
6.96228e-10
6.96228e-10
6.96228e-10
6.9633e-10
6.96532e-10
6.96532e-10
6.96633e-10
6.96633e-10
6.96735e-10
6.96735e-10
6.96735e-10
6.97444e-10
6.97747e-10
6.9795e-10
6.98051e-10
6.98051e-10
6.98152e-10
6.98152e-10
6.98152e-10
6.98152e-10
6.98254e-10
6.98355e-10
6.98456e-10
6.98557e-10
6.9876e-10
6.98963e-10
6.99064e-10
6.99266e-10
6.99368e-10
6.99368e-10
6.99368e-10
6.99469e-10
6.9957e-10
6.99671e-10
6.99773e-10
6.99874e-10
7.00077e-10
7.00077e-10
7.00077e-10
7.00077e-10
7.00178e-10
7.00279e-10
7.00279e-10
7.00279e-10
7.0038e-10
7.0038e-10
7.00482e-10
7.00482e-10
7.00482e-10
7.00583e-10
7.00887e-10
7.01191e-10
7.01191e-10
7.01393e-10
7.01393e-10
7.01494e-10
7.01494e-10
7.01596e-10
7.01596e-10
7.01697e-10
7.01899e-10
7.01899e-10
7.01899e-10
7.02203e-10
7.02304e-10
7.02304e-10
7.02406e-10
7.02406e-10
7.02507e-10
7.02608e-10
7.02811e-10
7.02811e-10
7.02811e-10
7.02912e-10
7.03418e-10
7.03621e-10
7.03824e-10
7.03925e-10
7.03925e-10
7.04026e-10
7.0433e-10
7.04532e-10
7.04634e-10
7.04735e-10
7.04836e-10
7.04938e-10
7.05039e-10
7.05241e-10
7.05646e-10
7.06254e-10
7.08077e-10
7.09191e-10
7.09292e-10
7.1071e-10
7.10912e-10
7.13545e-10
7.20938e-10
7.22255e-10
7.23166e-10
7.23672e-10
7.24078e-10
7.26204e-10
7.26609e-10
7.27419e-10
7.28837e-10
7.29141e-10
7.33496e-10
7.37344e-10
7.58307e-10
7.66105e-10
7.84333e-10
7.85954e-10
7.89599e-10
7.91929e-10
7.94258e-10
7.95676e-10
7.95979e-10
8.06106e-10
8.0641e-10
8.16537e-10
8.16942e-10
8.23018e-10
8.23626e-10
8.24436e-10
8.2474e-10
8.25246e-10
8.25854e-10
8.26057e-10
8.26158e-10
8.26158e-10
8.26259e-10
8.26563e-10
8.27272e-10
8.27677e-10
8.27879e-10
8.27981e-10
8.28386e-10
8.28487e-10
8.28487e-10
8.28588e-10
8.2869e-10
8.28993e-10
8.29196e-10
8.29398e-10
8.295e-10
8.30411e-10
8.30816e-10
8.31525e-10
8.3193e-10
8.32031e-10
8.32133e-10
8.32133e-10
8.32133e-10
8.32234e-10
8.32842e-10
8.33145e-10
8.33247e-10
8.33753e-10
8.34259e-10
8.34361e-10
8.34462e-10
8.34968e-10
8.34968e-10
8.3507e-10
8.35171e-10
8.35475e-10
8.35576e-10
8.35778e-10
8.35981e-10
8.36285e-10
8.36285e-10
8.36285e-10
8.36487e-10
8.36589e-10
8.3669e-10
8.36791e-10
8.36892e-10
8.37196e-10
8.37399e-10
8.37399e-10
8.37399e-10
8.375e-10
8.37601e-10
8.37804e-10
8.37804e-10
8.3831e-10
8.3831e-10
8.38411e-10
8.38513e-10
8.38513e-10
8.38614e-10
8.38715e-10
8.3912e-10
8.39323e-10
8.39424e-10
8.39424e-10
8.39424e-10
8.39525e-10
8.39728e-10
8.39931e-10
8.39931e-10
8.40336e-10
8.40639e-10
8.40741e-10
8.41045e-10
8.41247e-10
8.41247e-10
8.41855e-10
8.42462e-10
8.42766e-10
8.43576e-10
