2e-10 0.000276497 4.09275e-08 0.000239891 6.42786e-08 6.2422e-06 9.89753e-09
2.0162e-10 0.00025753 5.25745e-08 0.000218184 6.50108e-08 2.26256e-06 5.97947e-09
2.03241e-10 0.000179699 2.09572e-07 0.000400497 1.13233e-07 4.44745e-05 6.19253e-07
2.04861e-10 0.00190452 2.12762e-05 0.00121584 3.95183e-06 0.000135388 7.46423e-06
2.06481e-10 0.00385967 3.63614e-05 0.00280944 1.56745e-05 0.000267046 2.02284e-05
2.08102e-10 0.00254916 3.18717e-06 0.00482017 1.93579e-05 0.000390394 1.97544e-05
2.09722e-10 0.00662065 2.00741e-05 0.00627656 8.00044e-06 0.000512844 2.92038e-06
2.11342e-10 0.0101461 2.69357e-05 0.00611546 9.51725e-06 0.000521331 5.05078e-06
2.12963e-10 0.00359012 3.12628e-05 0.00441462 1.92063e-05 0.000409612 2.14863e-05
2.14583e-10 0.00155602 6.39987e-06 0.00232444 1.27077e-05 0.000227904 1.85799e-05
2.16203e-10 0.00150168 1.43089e-05 0.000847926 2.5098e-06 9.93459e-05 5.50462e-06
2.17824e-10 0.000194243 2.99357e-07 0.000250604 3.23639e-08 2.42156e-05 3.3388e-07
2.19444e-10 0.000176157 1.37624e-08 0.000177966 3.32589e-08 4.9081e-07 4.35552e-09
2.21064e-10 0.000143131 1.56007e-08 0.000173744 3.39971e-08 4.33069e-06 3.9759e-09
2.22684e-10 0.000174718 1.197e-07 0.00010314 2.82115e-08 9.52846e-06 4.30006e-08
2.24305e-10 3.15897e-05 1.48555e-08 4.69896e-05 1.00614e-09 6.33104e-06 1.62828e-08
2.25925e-10 4.79749e-05 3.44338e-09 4.30233e-05 2.0327e-09 9.58044e-07 6.50904e-10
2.27545e-10 3.42056e-05 2.33716e-09 4.71584e-05 1.27674e-09 1.06707e-06 1.61091e-10
2.29166e-10 4.52716e-05 4.28445e-09 3.04025e-05 2.66021e-09 4.37128e-06 3.37843e-09
2.30786e-10 2.19897e-05 7.7999e-09 1.12296e-05 5.21692e-10 4.65166e-06 4.31214e-09
2.32406e-10 4.69545e-06 1.69119e-09 8.06527e-06 9.83308e-11 2.03585e-06 1.03597e-09
2.34027e-10 1.93962e-05 3.16691e-10 1.30471e-05 6.80388e-11 1.04029e-06 4.36326e-10
2.35647e-10 4.19112e-06 1.08961e-10 1.28467e-05 1.01436e-10 2.3696e-06 2.28784e-10
2.37267e-10 1.18469e-05 1.01783e-09 6.99668e-06 2.85463e-10 2.99527e-06 8.69343e-10
2.38888e-10 7.12152e-06 1.71254e-09 1.64368e-06 8.95816e-11 2.51649e-06 1.02956e-09
2.40508e-10 3.21347e-06 2.16825e-09 1.19746e-06 1.01474e-10 3.34494e-06 1.35085e-09
2.42128e-10 2.65055e-05 3.34191e-09 8.64197e-06 6.28852e-10 4.9916e-06 1.6455e-09
2.43749e-10 2.08775e-05 1.60487e-10 2.19959e-05 5.75706e-10 4.07192e-06 4.09321e-10
2.45369e-10 2.12266e-05 7.00147e-11 2.89681e-05 4.93391e-11 1.46333e-06 1.22318e-10
2.46989e-10 3.83039e-05 2.96354e-09 1.88815e-05 8.06613e-10 3.81875e-06 9.30355e-10
2.4861e-10 2.22205e-06 1.05205e-08 5.87076e-06 4.04351e-10 1.36093e-05 6.82907e-09
2.5023e-10 7.74491e-05 4.00227e-08 2.50841e-05 5.37378e-09 2.15168e-05 1.64706e-08
2.5185e-10 0.000162657 3.12127e-08 8.81906e-05 1.4856e-08 1.6179e-05 1.1467e-08
2.53471e-10 0.000131395 4.61669e-09 0.000148273 1.10282e-08 2.69976e-06 1.88274e-09
2.55091e-10 0.000190768 1.91091e-08 0.000137471 1.44717e-08 4.37439e-06 6.83092e-10
2.56711e-10 9.30179e-05 6.75234e-08 6.19332e-05 1.38326e-08 3.77483e-05 2.42079e-08
2.58332e-10 5.53939e-05 2.45215e-07 4.42282e-05 1.37204e-08 8.54956e-05 1.45751e-07
2.59952e-10 0.000601036 9.54093e-07 0.000224402 1.82976e-07 0.000103299 3.1493e-07
2.61572e-10 0.000942764 8.33648e-07 0.000580711 4.22735e-07 6.63768e-05 2.82943e-07
2.63193e-10 0.000922528 1.98884e-07 0.000857199 4.4197e-07 1.36251e-05 5.56676e-08
2.64813e-10 0.00105817 8.43017e-07 0.000754638 5.0841e-07 4.26914e-05 4.77209e-08
2.66433e-10 0.000392928 1.4159e-06 0.000338434 3.42886e-07 0.000245135 5.97692e-07
2.68053e-10 0.000478949 1.01445e-05 0.000339418 7.55763e-07 0.000622737 5.77744e-06
2.69674e-10 0.00537066 9.2132e-05 0.00196035 1.50717e-05 0.00103565 3.27537e-05
2.71294e-10 0.0124489 0.000264898 0.00618506 7.52377e-05 0.00127082 0.00010464
2.72914e-10 0.0162137 0.000184465 0.0130594 0.000213815 0.00131556 0.000212083
2.74535e-10 0.0172246 3.03364e-05 0.0214267 0.000439906 0.00135271 0.000289418
2.76155e-10 0.0183023 0.000878972 0.0292989 0.000722378 0.00143834 0.000268437
2.77775e-10 0.0232572 0.00191609 0.0346761 0.000973661 0.0014549 0.000170065
2.79396e-10 0.0312411 0.00130671 0.0362638 0.00107614 0.00142564 0.000100714
2.81016e-10 0.037786 0.000385238 0.0337215 0.000970321 0.00160521 0.000132836
2.82636e-10 0.0410082 0.000827679 0.0276432 0.000709941 0.00199081 0.000220253
2.84257e-10 0.034841 0.00124334 0.0194829 0.000414446 0.0022283 0.000256005
2.85877e-10 0.0194968 0.000691756 0.0112466 0.000183315 0.00212619 0.000195594
2.87497e-10 0.00568038 0.000144619 0.0048284 5.37341e-05 0.00180326 9.36458e-05
2.89118e-10 0.000193643 1.36231e-05 0.00128843 6.82709e-06 0.00138878 2.47119e-05
2.90738e-10 0.00119676 7.46375e-06 0.000497821 3.05356e-07 0.000950701 5.00748e-06
2.92358e-10 0.0035939 1.61423e-05 0.00136928 3.4044e-06 0.000605275 4.75031e-06
2.93979e-10 0.00503868 1.45655e-05 0.00253969 6.16553e-06 0.000430443 2.77659e-06
2.95599e-10 0.0052396 1.10188e-05 0.00305675 7.35289e-06 0.000396569 7.31002e-07
2.97219e-10 0.00396498 1.34567e-05 0.00267398 6.356e-06 0.000423447 2.2352e-06
2.9884e-10 0.00182364 7.05356e-06 0.00172024 3.70402e-06 0.000441363 3.73414e-06
3.0046e-10 0.000271481 1.1721e-06 0.000754376 1.21402e-06 0.000422089 2.54518e-06
3.0208e-10 8.4984e-05 4.38099e-07 0.000224956 8.49924e-08 0.00037452 8.30158e-07
3.03701e-10 0.000882265 1.49785e-06 0.000273234 1.55688e-07 0.000324549 6.88234e-07
3.05321e-10 0.00193484 3.76725e-06 0.000727669 7.88608e-07 0.000296469 1.17688e-06
3.06941e-10 0.00267447 3.84126e-06 0.00125072 1.52866e-06 0.000296844 9.91228e-07
3.08562e-10 0.0026656 3.10276e-06 0.00153607 1.98562e-06 0.000311785 5.9497e-07
3.10182e-10 0.00185952 2.80273e-06 0.00144996 1.85245e-06 0.000319261 7.66478e-07
3.11802e-10 0.000795761 1.30565e-06 0.00106234 1.21713e-06 0.000304993 1.11246e-06
3.13422e-10 0.000121354 1.86472e-07 0.000578689 5.12457e-07 0.000271625 9.2803e-07
3.15043e-10 3.9927e-05 1.1531e-07 0.00022391 9.03256e-08 0.000235499 4.0269e-07
3.16663e-10 0.000407472 2.87461e-07 0.000137273 6.4567e-09 0.000215703 2.07798e-07
3.18283e-10 0.00104561 1.18795e-06 0.00032169 1.75758e-07 0.000223563 4.59975e-07
3.19904e-10 0.00170709 2.05584e-06 0.000660459 5.23201e-07 0.000256405 7.13679e-07
3.21524e-10 0.00199067 1.94682e-06 0.000983481 9.25371e-07 0.000298353 7.16556e-07
3.23144e-10 0.0016455 1.47331e-06 0.00114635 1.16548e-06 0.000328306 6.60498e-07
3.24765e-10 0.000904381 8.51156e-07 0.00108698 1.08311e-06 0.000330321 7.30514e-07
3.26385e-10 0.000278868 1.87284e-07 0.000841054 7.3715e-07 0.0003014 7.90565e-07
3.28005e-10 4.80687e-05 4.74328e-08 0.000517093 3.47227e-07 0.000253365 6.32103e-07
3.29626e-10 0.000126733 1.53756e-07 0.000246931 9.03277e-08 0.00020755 3.22857e-07
3.31246e-10 0.000378496 1.6033e-07 0.000132913 3.58781e-09 0.000185277 1.45711e-07
3.32866e-10 0.000798252 5.58962e-07 0.000211685 6.14455e-08 0.000199026 2.59519e-07
3.34487e-10 0.00131492 1.28662e-06 0.00044596 2.62838e-07 0.00024737 5.49165e-07
3.36107e-10 0.00162876 1.55112e-06 0.000744068 5.95531e-07 0.000315141 8.04596e-07
3.37727e-10 0.00145151 1.16914e-06 0.000996856 9.51799e-07 0.000379091 9.43126e-07
3.39348e-10 0.00086953 5.51801e-07 0.00111683 1.14967e-06 0.000416717 1.01275e-06
3.40968e-10 0.000308501 8.2178e-08 0.0010662 1.07081e-06 0.000414556 1.04312e-06
3.42588e-10 0.000105705 5.15282e-08 0.000866325 7.65378e-07 0.000373236 9.74698e-07
3.44209e-10 0.000217404 3.52778e-07 0.000588002 4.05373e-07 0.000307814 7.48476e-07
3.45829e-10 0.000395456 4.50119e-07 0.000327131 1.418e-07 0.000243045 4.26827e-07
3.47449e-10 0.000547461 2.62099e-07 0.000173986 2.05728e-08 0.000205158 1.9156e-07
3.4907e-10 0.000791637 3.78363e-07 0.000185376 2.83641e-08 0.000213294 2.16244e-07
3.5069e-10 0.0011699 9.90628e-07 0.000367816 1.83855e-07 0.000273231 5.42445e-07
3.5231e-10 0.00144909 1.43664e-06 0.000676219 5.43801e-07 0.000374918 1.06823e-06
3.53931e-10 0.00132326 1.13855e-06 0.00102773 1.10294e-06 0.000494602 1.63265e-06
3.55551e-10 0.000799242 3.89719e-07 0.0013258 1.70364e-06 0.000601351 2.10027e-06
3.57171e-10 0.000278974 1.11544e-08 0.00148731 2.08082e-06 0.000666057 2.38379e-06
3.58791e-10 0.000192311 5.14157e-07 0.00146553 2.03463e-06 0.000670099 2.42522e-06
3.60412e-10 0.000568271 1.58757e-06 0.00126361 1.58413e-06 0.000611456 2.18976e-06
3.62032e-10 0.00102076 2.29237e-06 0.000935841 9.56956e-07 0.000506902 1.69454e-06
3.63652e-10 0.00116986 1.94109e-06 0.00057639 4.18978e-07 0.000389334 1.04926e-06
3.65273e-10 0.00103327 9.11036e-07 0.000297436 1.04203e-07 0.000300287 4.71681e-07
3.66893e-10 0.000953582 3.60299e-07 0.000201281 1.12123e-08 0.000279464 2.57546e-07
3.68513e-10 0.00115077 9.02483e-07 0.000352882 1.68788e-07 0.000354194 7.08752e-07
3.70134e-10 0.00141639 1.72491e-06 0.000759968 7.86137e-07 0.0005312 2.0369e-06
3.71754e-10 0.00132406 1.49142e-06 0.00136648 2.17878e-06 0.000792242 4.26069e-06
3.73374e-10 0.000770654 4.23605e-07 0.00206154 4.45195e-06 0.0010951 7.12044e-06
3.74995e-10 0.000261102 1.12178e-06 0.002702 7.18088e-06 0.00138096 1.00561e-05
3.76615e-10 0.00055039 6.32162e-06 0.00314322 9.41506e-06 0.00158724 1.23131e-05
3.78235e-10 0.00190708 1.5234e-05 0.00327185 1.01321e-05 0.0016627 1.31983e-05
3.79856e-10 0.00370463 2.28381e-05 0.00303504 8.89539e-06 0.00158161 1.2383e-05
3.81476e-10 0.00480603 2.39168e-05 0.00246196 6.2223e-06 0.00135499 1.00571e-05
3.83096e-10 0.00448787 1.77447e-05 0.00167428 3.29584e-06 0.00103729 6.80914e-06
3.84717e-10 0.00309706 8.44334e-06 0.000882146 1.161e-06 0.000725601 3.39662e-06
3.86337e-10 0.00177928 1.63543e-06 0.000362194 1.24019e-07 0.000549035 8.61113e-07
3.87957e-10 0.00143805 9.39289e-07 0.000416535 2.52049e-07 0.000649798 1.43509e-06
3.89578e-10 0.00187034 4.82843e-06 0.00131678 3.33268e-06 0.00116191 1.02478e-05
3.91198e-10 0.00198362 6.55043e-06 0.0032443 1.55501e-05 0.00219246 3.71593e-05
3.92818e-10 0.00112433 1.03515e-05 0.00624299 4.91408e-05 0.0038046 9.75424e-05
3.94439e-10 0.00057421 7.41957e-05 0.0102 0.000121217 0.00599933 0.000210817
3.96059e-10 0.00389345 0.000353542 0.0148619 0.000249115 0.00869916 0.000396144
3.97679e-10 0.0153383 0.00107997 0.0198816 0.000443512 0.0117435 0.000665806
3.993e-10 0.0369316 0.00242575 0.0248807 0.00070203 0.0149029 0.0010181
4.0092e-10 0.0660381 0.00430435 0.0295082 0.00100619 0.0179113 0.00143247
4.0254e-10 0.0953323 0.00626242 0.0334805 0.00132323 0.0205084 0.00186935
4.0416e-10 0.11562 0.00760747 0.0365979 0.0016124 0.0224839 0.00227582
4.05781e-10 0.120046 0.00775319 0.0387409 0.00183356 0.0237145 0.00259591
4.07401e-10 0.107245 0.00657263 0.0398543 0.00195568 0.0241784 0.00278281
4.09021e-10 0.0816882 0.00450647 0.0399308 0.00196289 0.0239404 0.00280926
4.10642e-10 0.051415 0.00233549 0.0389983 0.00185704 0.0231124 0.0026734
4.12262e-10 0.0247283 0.000765466 0.0371169 0.00165647 0.0218083 0.00239845
4.13882e-10 0.00748693 9.65101e-05 0.0343808 0.00139156 0.0201156 0.00202678
4.15503e-10 0.00170986 0.000166807 0.0309249 0.00109832 0.0180959 0.00161011
4.17123e-10 0.00552794 0.000555788 0.026928 0.000811368 0.015806 0.00119879
4.18743e-10 0.0143339 0.000870129 0.0226096 0.000558043 0.0133248 0.000832805
4.20364e-10 0.022799 0.000925617 0.0182153 0.00035479 0.0107661 0.000536525
4.21984e-10 0.0270083 0.000753541 0.013994 0.000206519 0.00827174 0.000317867
4.23604e-10 0.025739 0.000490051 0.0101693 0.000108633 0.0059876 0.000171216
4.25225e-10 0.0203187 0.000257421 0.00691238 5.07051e-05 0.00403405 8.25375e-05
4.26845e-10 0.0133483 0.000108366 0.00432312 2.04534e-05 0.00248357 3.48398e-05
4.28465e-10 0.00719135 3.57192e-05 0.00242446 6.85377e-06 0.00135322 1.24973e-05
4.30086e-10 0.00306199 8.88581e-06 0.00116953 1.79408e-06 0.000612021 3.67402e-06
4.31706e-10 0.000967453 1.60444e-06 0.000459396 3.31037e-07 0.000196714 8.7469e-07
4.33326e-10 0.000222496 2.18083e-07 0.000165832 3.34621e-08 2.86891e-05 2.03321e-07
4.34947e-10 6.61456e-05 4.43018e-08 0.000153933 1.02515e-08 2.75563e-05 9.30786e-08
4.36567e-10 4.3429e-05 6.20906e-08 0.000300411 7.00191e-08 0.000120532 1.25678e-07
4.38187e-10 5.92359e-05 1.86324e-07 0.000505608 2.06687e-07 0.000248365 2.53573e-07
4.39808e-10 0.000209726 5.11429e-07 0.000699003 3.93591e-07 0.00036846 4.48615e-07
4.41428e-10 0.000574054 1.07576e-06 0.00083924 5.65207e-07 0.000455414 6.35486e-07
4.43048e-10 0.00110462 1.72072e-06 0.000910238 6.62146e-07 0.000499225 7.39061e-07
4.44669e-10 0.00164762 2.16397e-06 0.000915012 6.64251e-07 0.000501823 7.30544e-07
4.46289e-10 0.00203696 2.21918e-06 0.000868621 5.90934e-07 0.000472811 6.32399e-07
4.47909e-10 0.00217949 1.91917e-06 0.000791401 4.80705e-07 0.000425236 4.9305e-07
4.49529e-10 0.00208105 1.44605e-06 0.000703306 3.69335e-07 0.000371975 3.57689e-07
4.5115e-10 0.00181498 9.81878e-07 0.000619905 2.78239e-07 0.000323113 2.52462e-07
4.5277e-10 0.00146875 6.19978e-07 0.000550267 2.1384e-07 0.000284484 1.83915e-07
4.5439e-10 0.00110699 3.69336e-07 0.000496666 1.72677e-07 0.000257391 1.46267e-07
4.56011e-10 0.000765793 2.0198e-07 0.000455783 1.46964e-07 0.000239332 1.28799e-07
4.57631e-10 0.000467401 9.19275e-08 0.000420898 1.28339e-07 0.000225428 1.20219e-07
4.59251e-10 0.000233554 2.73097e-08 0.000384489 1.10066e-07 0.000210159 1.10966e-07
4.60872e-10 8.37048e-05 1.89126e-09 0.000340665 8.85209e-08 0.000189047 9.51221e-08
4.62492e-10 2.15664e-05 2.98341e-09 0.000287003 6.3911e-08 0.000159962 7.19878e-08
4.64112e-10 2.52375e-05 1.12334e-08 0.000225479 3.96063e-08 0.00012386 4.58821e-08
4.65733e-10 5.42879e-05 1.25368e-08 0.000162401 1.9898e-08 8.48202e-05 2.33004e-08
4.67353e-10 7.3869e-05 6.48902e-09 0.00010741 7.30772e-09 4.94263e-05 8.73668e-09
4.68973e-10 8.13852e-05 7.81403e-10 7.1766e-05 1.40376e-09 2.56198e-05 2.31289e-09
4.70594e-10 0.000116288 3.21095e-09 6.62265e-05 5.38667e-10 2.12385e-05 1.9361e-09
4.72214e-10 0.000242119 2.98682e-08 9.89093e-05 6.02178e-09 4.24996e-05 9.7961e-09
4.73834e-10 0.000506946 1.2182e-07 0.00017349 2.61415e-08 9.26767e-05 3.93359e-08
4.75455e-10 0.000903269 3.3439e-07 0.000288052 7.6645e-08 0.000171194 1.16975e-07
4.77075e-10 0.00135177 6.80615e-07 0.000434779 1.75627e-07 0.00027329 2.74571e-07
4.78695e-10 0.00172226 1.07039e-06 0.000600558 3.3382e-07 0.000390333 5.33506e-07
4.80316e-10 0.00188539 1.32203e-06 0.000768399 5.44459e-07 0.000510722 8.86859e-07
4.81936e-10 0.00177139 1.27426e-06 0.000919482 7.78252e-07 0.000621266 1.28916e-06
4.83556e-10 0.00140635 9.24136e-07 0.00103554 9.87577e-07 0.000708835 1.66141e-06
4.85177e-10 0.000906788 4.63432e-07 0.00110127 1.12005e-06 0.000762072 1.91275e-06
4.86797e-10 0.000432679 1.56572e-07 0.00110647 1.13694e-06 0.00077299 1.97188e-06
4.88417e-10 0.000119859 1.45874e-07 0.00104769 1.02896e-06 0.00073827 1.81551e-06
4.90038e-10 2.31331e-05 3.49378e-07 0.000929076 8.21901e-07 0.000660085 1.48064e-06
4.91658e-10 9.75381e-05 5.43459e-07 0.000762514 5.68723e-07 0.000546326 1.05334e-06
4.93278e-10 0.0002277 5.55597e-07 0.000566791 3.30329e-07 0.000410135 6.37324e-07
4.94898e-10 0.000292205 3.91247e-07 0.000365987 1.52885e-07 0.000268756 3.1503e-07
4.96519e-10 0.000232472 1.87054e-07 0.000187131 5.20315e-08 0.000141834 1.19425e-07
4.98139e-10 9.22939e-05 5.8783e-08 5.73683e-05 1.22944e-08 4.93384e-05 3.13787e-08
4.99759e-10 6.9669e-06 1.99189e-08 9.2232e-07 3.80465e-09 9.34734e-06 7.10693e-09
5.0138e-10 0.000143866 6.78571e-08 3.61849e-05 1.04599e-08 3.59246e-05 2.60625e-08
5.03e-10 0.000619092 3.37164e-07 0.000173307 5.72168e-08 0.0001373 1.38138e-07
5.0462e-10 0.00142731 1.1059e-06 0.000412597 2.22462e-07 0.000314575 4.85482e-07
5.06241e-10 0.00241824 2.55336e-06 0.000743952 6.25728e-07 0.000561153 1.28133e-06
5.07861e-10 0.00333458 4.43212e-06 0.00114741 1.39023e-06 0.000862998 2.74421e-06
5.09481e-10 0.00389975 5.98705e-06 0.00159475 2.59049e-06 0.00119974 5.00481e-06
5.11102e-10 0.00392198 6.32976e-06 0.002052 4.20314e-06 0.00154647 8.01758e-06
5.12722e-10 0.003373 5.10706e-06 0.00248242 6.08084e-06 0.00187595 1.15126e-05
5.14342e-10 0.0024092 2.98036e-06 0.0028499 7.96312e-06 0.00216096 1.50136e-05
5.15963e-10 0.00132532 1.45993e-06 0.00312211 9.52667e-06 0.00237665 1.79282e-05
5.17583e-10 0.000456127 2.05948e-06 0.00327352 1.04636e-05 0.00250264 1.969e-05
5.19203e-10 6.04792e-05 5.26579e-06 0.00328777 1.05657e-05 0.00252499 1.99128e-05
5.20824e-10 0.000229394 1.00412e-05 0.00315949 9.78821e-06 0.00243786 1.85091e-05
5.22444e-10 0.000852207 1.42783e-05 0.00289537 8.27111e-06 0.00224486 1.57294e-05
5.24064e-10 0.00165566 1.59813e-05 0.00251439 6.30766e-06 0.00195958 1.21064e-05
5.25685e-10 0.00230454 1.44167e-05 0.00204721 4.2665e-06 0.00160537 8.31202e-06
5.27305e-10 0.00252871 1.04665e-05 0.00153461 2.48952e-06 0.00121401 4.97225e-06
5.28925e-10 0.00222953 5.96647e-06 0.00102498 1.19833e-06 0.000823467 2.49753e-06
5.30546e-10 0.0015249 2.53038e-06 0.000570888 4.42449e-07 0.000474905 9.91258e-07
5.32166e-10 0.000713844 7.18054e-07 0.000224913 1.12369e-07 0.000209387 2.75315e-07
5.33786e-10 0.000171238 1.08027e-07 3.5063e-05 1.98773e-08 6.44261e-05 3.53232e-08
5.35407e-10 0.000208623 1.05875e-07 4.0167e-05 2.47783e-08 7.06869e-05 4.55808e-08
5.37027e-10 0.000950132 7.14297e-07 0.000265788 1.66796e-07 0.000248993 3.99229e-07
5.38647e-10 0.00226919 2.51656e-06 0.000721161 7.53203e-07 0.000607862 1.65675e-06
5.40267e-10 0.00381252 5.8084e-06 0.00139758 2.36044e-06 0.00114191 4.8415e-06
5.41888e-10 0.00510845 9.64939e-06 0.00226848 5.73118e-06 0.00183153 1.12524e-05
5.43508e-10 0.0057257 1.19041e-05 0.00329117 1.15808e-05 0.00264398 2.21206e-05
5.45128e-10 0.0054289 1.07612e-05 0.00441003 2.0358e-05 0.00353606 3.81891e-05
5.46749e-10 0.00427617 7.06104e-06 0.00556075 3.20257e-05 0.00445771 5.93303e-05
5.48369e-10 0.00262452 5.83374e-06 0.00667494 4.59273e-05 0.00535595 8.43175e-05
5.49989e-10 0.0010406 1.54969e-05 0.00768492 6.07895e-05 0.00617848 0.000110837
5.5161e-10 0.000144564 4.43494e-05 0.00852794 7.48759e-05 0.00687636 0.000135772
5.5323e-10 0.000432514 9.57081e-05 0.00914989 8.62723e-05 0.00740602 0.000155716
5.5485e-10 0.00212546 0.000164228 0.00950829 9.32471e-05 0.00773077 0.000167627
5.56471e-10 0.00508395 0.000235776 0.00957461 9.46099e-05 0.0078227 0.000169461
5.58091e-10 0.00881276 0.000291641 0.00933619 8.99869e-05 0.00766509 0.000160661
5.59711e-10 0.0125612 0.000315554 0.00879775 7.99431e-05 0.00725542 0.000142349
5.61332e-10 0.0155012 0.000300364 0.00798252 6.59113e-05 0.00660832 0.00011716
5.62952e-10 0.0169425 0.000251071 0.006933 4.99272e-05 0.00575754 8.8743e-05
5.64572e-10 0.0165247 0.000182626 0.00571096 3.42171e-05 0.00475616 6.10023e-05
5.66193e-10 0.0143273 0.000113544 0.00439642 2.07246e-05 0.00367442 3.7267e-05
5.67813e-10 0.0108603 5.85426e-05 0.00308501 1.06941e-05 0.00259557 1.95987e-05
5.69433e-10 0.00693018 2.38201e-05 0.00188358 4.4329e-06 0.0016102 8.43822e-06
5.71054e-10 0.00342194 7.03707e-06 0.000903668 1.34448e-06 0.000810089 2.73082e-06
5.72674e-10 0.00105771 1.29033e-06 0.0002533 2.68717e-07 0.00028199 5.46795e-07
5.74294e-10 0.000201352 1.53474e-07 2.75212e-05 7.61281e-08 0.00010177 7.48347e-08
5.75915e-10 0.000764559 5.43964e-07 0.000298911 3.77912e-07 0.000328576 7.36135e-07
5.77535e-10 0.00224352 2.04788e-06 0.00110932 2.14971e-06 0.000999035 4.09536e-06
5.79155e-10 0.00388239 4.19766e-06 0.00246421 8.05558e-06 0.00212189 1.42591e-05
5.80776e-10 0.00492354 5.10296e-06 0.00433055 2.23122e-05 0.00367423 3.75592e-05
5.82396e-10 0.00487407 4.30075e-06 0.00663889 5.00442e-05 0.00560079 8.14945e-05
5.84016e-10 0.00370424 9.75776e-06 0.00928908 9.62191e-05 0.00781767 0.000153101
5.85636e-10 0.00190934 4.53005e-05 0.012159 0.000164378 0.0102206 0.00025708
5.87257e-10 0.000410388 0.000152726 0.0151146 0.000255442 0.0126962 0.000394104
5.88877e-10 0.000325522 0.000384071 0.0180199 0.000366886 0.0151339 0.000559679
5.90497e-10 0.00268608 0.00078382 0.0207454 0.00049248 0.017435 0.000743872
5.92118e-10 0.00817984 0.00136626 0.0231748 0.000622686 0.0195171 0.000932003
5.93738e-10 0.0169787 0.00209703 0.0252079 0.000745673 0.0213122 0.00110626
5.95358e-10 0.0286692 0.00288807 0.0267623 0.000848802 0.0227612 0.00124798
5.96979e-10 0.0422753 0.00361107 0.027773 0.000920343 0.0238069 0.00134038
5.98599e-10 0.0563575 0.00412775 0.0281909 0.000951196 0.0243894 0.00137113
6.00219e-10 0.0691819 0.00432829 0.0279823 0.000936366 0.0244463 0.00133454
6.0184e-10 0.0789619 0.0041651 0.0271293 0.000875965 0.0239202 0.00123292
6.0346e-10 0.0841601 0.00366939 0.0256319 0.00077557 0.0227714 0.00107672
6.0508e-10 0.0838089 0.0029435 0.0235131 0.000645794 0.0209945 0.000883384
6.06701e-10 0.0777711 0.00213076 0.0208261 0.000500994 0.0186326 0.00067481
6.08321e-10 0.0668473 0.00137314 0.0176635 0.000357183 0.0157876 0.000473833
6.09941e-10 0.0526701 0.000772208 0.0141659 0.000229349 0.0126215 0.000300206
6.11562e-10 0.0373836 0.000368 0.0105291 0.00012864 0.009348 0.000166969
6.13182e-10 0.0231844 0.000142213 0.00700511 6.00866e-05 0.00621794 7.81733e-05
6.14802e-10 0.0118492 4.16308e-05 0.00389418 2.16619e-05 0.0035006 2.88256e-05
6.16423e-10 0.00437479 8.25272e-06 0.00152544 5.41878e-06 0.0014655 7.46928e-06
6.18043e-10 0.000816079 8.91642e-07 0.000225017 1.02731e-06 0.000365712 1.10356e-06
6.19663e-10 0.000354411 3.84722e-08 0.000274842 1.3332e-06 0.000420982 1.31232e-06
6.21284e-10 0.00158099 8.75976e-08 0.00186829 8.68425e-06 0.00179662 9.84242e-06
6.22904e-10 0.00294678 2.7304e-06 0.00507214 4.00764e-05 0.0045761 4.17487e-05
6.24524e-10 0.00328802 2.5341e-05 0.00980461 0.000129026 0.00873065 0.000124768
6.26145e-10 0.00228537 0.000127204 0.0158368 0.000322716 0.014096 0.000294684
6.27765e-10 0.000686963 0.000440813 0.0228193 0.000674306 0.0203704 0.000587712
6.29385e-10 0.000170281 0.0011855 0.0303292 0.00123189 0.0271439 0.00103187
6.31005e-10 0.00285117 0.00264367 0.0379274 0.00202681 0.0339612 0.00163953
6.32626e-10 0.0106147 0.00509528 0.0452138 0.00306427 0.0404024 0.0024029
6.34246e-10 0.024542 0.00872556 0.0518691 0.00431866 0.0461621 0.00329295
6.35866e-10 0.0446645 0.0135344 0.0576775 0.00573429 0.051101 0.00426169
6.37487e-10 0.0701096 0.0192773 0.0625292 0.00723097 0.0552541 0.00524655
6.39107e-10 0.099503 0.0254593 0.0664057 0.00871262 0.0587943 0.00617591
6.40727e-10 0.131382 0.0313878 0.0693538 0.0100768 0.0619613 0.00697494
6.42348e-10 0.164401 0.0362782 0.071456 0.0112234 0.0649748 0.00757157
6.43968e-10 0.197248 0.0393936 0.0727992 0.0120615 0.0679522 0.00790267
6.45588e-10 0.228345 0.0401935 0.0734468 0.0125149 0.0708455 0.00792085
6.47209e-10 0.255541 0.038462 0.0734131 0.0125266 0.073408 0.00760191
6.48829e-10 0.275996 0.034384 0.0726407 0.0120631 0.0751965 0.00695243
6.50449e-10 0.286426 0.0285395 0.0709823 0.0111221 0.075614 0.00601609
6.5207e-10 0.283751 0.0218029 0.0681895 0.00974087 0.0739966 0.00487621
6.5369e-10 0.266021 0.0151533 0.063921 0.00800789 0.0697492 0.0036509
6.5531e-10 0.233377 0.00943756 0.0577893 0.0060708 0.0625235 0.00247737
6.56931e-10 0.18865 0.005164 0.0494789 0.00413366 0.0524082 0.00148431
6.58551e-10 0.137276 0.00241403 0.0389682 0.00242986 0.0400797 0.000757497
6.60171e-10 0.0863957 0.000920309 0.0268552 0.00116115 0.0268448 0.000312968
6.61792e-10 0.0434188 0.000263384 0.0146887 0.000413154 0.0145522 9.67585e-05
6.63412e-10 0.0145128 5.36684e-05 0.00504346 0.000100139 0.00541481 1.91815e-05
6.65032e-10 0.00311613 2.0973e-05 0.000984367 2.89882e-05 0.00175498 1.84187e-06
6.66653e-10 0.00834244 0.000133357 0.00478579 0.000136368 0.00547942 4.64642e-07
6.68273e-10 0.0240736 0.000902032 0.0164129 0.000795027 0.0170678 1.40601e-05
6.69893e-10 0.0406617 0.00362458 0.0328345 0.00290966 0.0345023 0.000172202
6.71514e-10 0.0494724 0.00994154 0.0489362 0.00756488 0.053243 0.000976406
6.73134e-10 0.0471196 0.0205394 0.0596823 0.0153175 0.0677318 0.00361262
6.74754e-10 0.0362133 0.0338708 0.0622714 0.0255774 0.0735916 0.0100973
6.76374e-10 0.0226355 0.04622 0.0570583 0.0365657 0.0694145 0.0230071
6.77995e-10 0.0115908 0.0537 0.0468203 0.0459852 0.0573823 0.0447194
6.79615e-10 0.00509276 0.0551602 0.0350237 0.0520042 0.0421627 0.0764513
6.81235e-10 0.00229649 0.0538589 0.0243058 0.0539135 0.0285067 0.117667
6.82856e-10 0.00151707 0.0565355 0.0159172 0.0521329 0.0191944 0.166224
6.84476e-10 0.00170942 0.0705967 0.00999262 0.0477463 0.0145798 0.219115
6.86096e-10 0.00260102 0.101308 0.00609757 0.0419673 0.0134563 0.273311
6.87717e-10 0.00417263 0.150346 0.0036586 0.0357931 0.0141991 0.326345
6.89337e-10 0.00627502 0.215863 0.00217861 0.029886 0.0154922 0.376533
6.90957e-10 0.0085829 0.293485 0.00129678 0.0246019 0.0165513 0.422928
6.92578e-10 0.0107243 0.377573 0.000775758 0.020076 0.0170496 0.465155
6.94198e-10 0.0124091 0.462327 0.000468252 0.016308 0.0169499 0.503224
6.95818e-10 0.0134852 0.542576 0.000285994 0.0132285 0.0163567 0.53737
6.97439e-10 0.0139319 0.614237 0.000177095 0.0107406 0.0154187 0.56794
6.99059e-10 0.0138211 0.674515 0.000111325 0.0087441 0.0142776 0.595322
7.00679e-10 0.013273 0.721914 7.11e-05 0.00714699 0.0130468 0.619901
7.023e-10 0.012421 0.756125 4.61564e-05 0.0058702 0.0118085 0.642033
7.0392e-10 0.011389 0.777842 3.04622e-05 0.00484828 0.0106165 0.662039
7.0554e-10 0.0102792 0.788536 2.04389e-05 0.00402833 0.00950267 0.680198
7.07161e-10 0.0091689 0.790217 1.394e-05 0.00336816 0.00848333 0.696755
7.08781e-10 0.00811123 0.785209 9.66224e-06 0.00283447 0.007564 0.711916
7.10401e-10 0.00713906 0.775931 6.80426e-06 0.00240108 0.0067434 0.725861
7.12022e-10 0.00626921 0.764719 4.86663e-06 0.00204746 0.00601626 0.738738
7.13642e-10 0.00550683 0.753674 3.53402e-06 0.00175748 0.00537516 0.750678
7.15262e-10 0.00484909 0.744549 2.60462e-06 0.00151849 0.00481182 0.761789
7.16883e-10 0.00428822 0.738677 1.94759e-06 0.00132056 0.00431781 0.772164
7.18503e-10 0.00381376 0.736934 1.47696e-06 0.0011558 0.00388508 0.781883
7.20123e-10 0.00341421 0.739736 1.13555e-06 0.00101801 0.00350617 0.791013
7.21743e-10 0.00307811 0.74707 8.84822e-07 0.000902231 0.00317431 0.799613
7.23364e-10 0.00279477 0.758544 6.98517e-07 0.000804512 0.0028835 0.807733
7.24984e-10 0.00255461 0.773461 5.58508e-07 0.000721687 0.00262843 0.815416
7.26604e-10 0.00234941 0.790904 4.52147e-07 0.000651207 0.00240446 0.822699
7.28225e-10 0.00217226 0.809822 3.70512e-07 0.000591012 0.00220755 0.829615
7.29845e-10 0.00201754 0.829123 3.07238e-07 0.000539428 0.00203422 0.836191
7.31465e-10 0.00188079 0.847757 2.57743e-07 0.000495092 0.00188144 0.842452
7.33086e-10 0.00175857 0.864785 2.18689e-07 0.000456888 0.00174661 0.84842
7.34706e-10 0.00164826 0.879443 1.87627e-07 0.0004239 0.00162749 0.854113
7.36326e-10 0.00154799 0.891178 1.6274e-07 0.000395372 0.00152214 0.859546
7.37947e-10 0.0014564 0.899679 1.4267e-07 0.00037068 0.00142891 0.864734
7.39567e-10 0.00137257 0.904878 1.26395e-07 0.000349305 0.00134636 0.869689
7.41187e-10 0.0012959 0.906938 1.13136e-07 0.00033082 0.00127326 0.874421
7.42808e-10 0.00122602 0.906234 1.02299e-07 0.000314864 0.00120854 0.878941
7.44428e-10 0.00116268 0.903308 9.34277e-08 0.000301141 0.00115129 0.883254
7.46048e-10 0.00110573 0.898824 8.61678e-08 0.000289403 0.00110072 0.887369
7.47669e-10 0.00105505 0.893519 8.02452e-08 0.000279444 0.00105614 0.89129
7.49289e-10 0.00101052 0.88814 7.5447e-08 0.000271094 0.00101698 0.895023
7.50909e-10 0.000971988 0.8834 7.1608e-08 0.000264212 0.000982726 0.89857
7.5253e-10 0.000939263 0.879924 6.86009e-08 0.000258686 0.000952949 0.901935
7.5415e-10 0.000912101 0.87821 6.63289e-08 0.000254425 0.000927279 0.905119
7.5577e-10 0.000890203 0.878601 6.47202e-08 0.000251359 0.000905402 0.908124
7.57391e-10 0.000873221 0.881263 6.37244e-08 0.000249436 0.000887052 0.910949
7.59011e-10 0.00086076 0.886177 6.33092e-08 0.000248622 0.000872006 0.913595
7.60631e-10 0.000852392 0.89315 6.34591e-08 0.000248897 0.00086008 0.91606
7.62252e-10 0.00084767 0.901825 6.41745e-08 0.000250259 0.000851124 0.918343
7.63872e-10 0.000846139 0.911712 6.54713e-08 0.000252718 0.000845023 0.92044
7.65492e-10 0.000847352 0.92222 6.73814e-08 0.000256302 0.000841686 0.922348
7.67112e-10 0.00085089 0.932699 6.99544e-08 0.000261053 0.000841055 0.924063
7.68733e-10 0.00085638 0.942485 7.32598e-08 0.00026703 0.000843095 0.925579
7.70353e-10 0.000863505 0.950942 7.73896e-08 0.000274309 0.000847794 0.926891
7.71973e-10 0.00087203 0.957507 8.24636e-08 0.000282988 0.000855167 0.927991
7.73594e-10 0.000881811 0.961723 8.86346e-08 0.000293184 0.00086525 0.928871
7.75214e-10 0.00089281 0.963277 9.60968e-08 0.00030504 0.000878103 0.929522
7.76834e-10 0.00090511 0.962015 1.05096e-07 0.000318728 0.000893806 0.929934
7.78455e-10 0.000918924 0.957959 1.15942e-07 0.00033445 0.000912466 0.930094
7.80075e-10 0.000934598 0.951305 1.2903e-07 0.000352449 0.00093421 0.929989
7.81695e-10 0.000952618 0.942416 1.44861e-07 0.000373009 0.000959187 0.929604
7.83316e-10 0.000973607 0.931802 1.64076e-07 0.000396468 0.000987571 0.928922
7.84936e-10 0.000998313 0.920088 1.87498e-07 0.000423226 0.00101956 0.927926
7.86556e-10 0.0010276 0.907982 2.1619e-07 0.000453755 0.00105536 0.926594
7.88177e-10 0.00106242 0.896227 2.51532e-07 0.000488615 0.00109523 0.924902
7.89797e-10 0.00110379 0.885558 2.95331e-07 0.000528472 0.00113941 0.922825
7.91417e-10 0.00115272 0.87665 3.49965e-07 0.000574119 0.00118819 0.920335
7.93038e-10 0.00121021 0.870077 4.18587e-07 0.0006265 0.00124183 0.917398
7.94658e-10 0.00127712 0.866265 5.05411e-07 0.000686749 0.00130065 0.913979
7.96278e-10 0.00135414 0.865458 6.16108e-07 0.000756224 0.0013649 0.910037
7.97899e-10 0.00144163 0.867689 7.58373e-07 0.000836562 0.00143486 0.905528
7.99519e-10 0.00153959 0.872762 9.42733e-07 0.000929737 0.00151074 0.900401
8.01139e-10 0.00164741 0.880249 1.18371e-06 0.00103814 0.00159267 0.8946
8.0276e-10 0.00176385 0.889493 1.50151e-06 0.00116469 0.00168068 0.888063
8.0438e-10 0.0018868 0.899628 1.92449e-06 0.00131293 0.00177465 0.88072
8.06e-10 0.00201316 0.909611 2.49285e-06 0.0014872 0.0018742 0.872492
8.07621e-10 0.00213873 0.918265 3.26405e-06 0.00169283 0.00197862 0.863292
8.09241e-10 0.00225806 0.924329 4.32108e-06 0.00193635 0.00208678 0.853023
8.10861e-10 0.00236446 0.926523 5.78494e-06 0.00222586 0.00219693 0.841577
8.12481e-10 0.00245004 0.92361 7.83385e-06 0.00257135 0.00230657 0.828834
8.14102e-10 0.00250593 0.914468 1.0733e-05 0.00298518 0.0024122 0.814664
8.15722e-10 0.00252269 0.898157 1.48809e-05 0.00348268 0.00250906 0.798922
8.17342e-10 0.00249101 0.87399 2.08832e-05 0.00408288 0.00259097 0.781452
8.18963e-10 0.0024027 0.841585 2.96692e-05 0.00480932 0.00265007 0.762088
8.20583e-10 0.00225208 0.800917 4.26802e-05 0.0056911 0.00267682 0.740655
8.22203e-10 0.00203765 0.752352 6.21737e-05 0.00676396 0.0026604 0.716973
8.23824e-10 0.001764 0.696663 9.17194e-05 0.0080715 0.0025897 0.690869
8.25444e-10 0.00144351 0.635027 0.000137013 0.00966617 0.00245575 0.662181
8.27064e-10 0.00109734 0.568991 0.000207212 0.0116098 0.00225626 0.630781
8.28685e-10 0.000754727 0.500415 0.000317134 0.0139732 0.00200401 0.596594
8.30305e-10 0.000449556 0.431382 0.000490847 0.016833 0.00174079 0.559629
8.31925e-10 0.00021363 0.364076 0.000767475 0.0202657 0.00155974 0.520015
8.33546e-10 6.78445e-05 0.300625 0.00121038 0.0243335 0.00163835 0.478048
8.35166e-10 1.72189e-05 0.242927 0.00192112 0.029062 0.00228249 0.434226
8.36786e-10 6.43468e-05 0.192466 0.00305932 0.0344024 0.00397577 0.389283
8.38407e-10 0.000267423 0.150139 0.00486748 0.0401783 0.00741405 0.344168
8.40027e-10 0.000874905 0.116155 0.00769393 0.0460189 0.0134813 0.299976
8.41647e-10 0.00254522 0.0900072 0.0119937 0.051297 0.0230917 0.25777
8.43268e-10 0.00656761 0.0705824 0.0182645 0.0551109 0.0368119 0.218329
8.44888e-10 0.0148219 0.0563687 0.0268529 0.0563777 0.0542402 0.181885
8.46508e-10 0.0290606 0.0457154 0.0375755 0.0541062 0.0733302 0.148046
8.48129e-10 0.0493016 0.037078 0.0492163 0.0478491 0.0901616 0.116104
8.49749e-10 0.0720183 0.0292397 0.0592077 0.0381658 0.0997846 0.0857547
8.51369e-10 0.0899244 0.021552 0.0640377 0.0267512 0.0982279 0.0578128
8.5299e-10 0.0948345 0.014132 0.060707 0.0159393 0.0846672 0.0341926
8.5461e-10 0.0825464 0.00775858 0.0487035 0.00771028 0.0622554 0.0168645
8.5623e-10 0.0563678 0.00329627 0.0311281 0.00282479 0.0370565 0.0064624
8.5785e-10 0.0266853 0.000971791 0.0138881 0.000705653 0.0158365 0.00172298
8.59471e-10 0.00672728 0.000189787 0.00319952 0.000116607 0.00382376 0.000281936
8.61091e-10 0.00694345 0.00028314 0.00278575 9.29361e-05 0.00335189 0.000277962
8.62711e-10 0.0313421 0.0018303 0.0123724 0.000467764 0.0138741 0.00164335
8.64332e-10 0.0775619 0.00753193 0.0282985 0.00172545 0.0329198 0.0061852
8.65952e-10 0.139244 0.0217746 0.0456615 0.00444726 0.0570668 0.0164488
8.67572e-10 0.20826 0.0489977 0.0604739 0.00883953 0.0826004 0.0342472
8.69193e-10 0.276118 0.0918935 0.0706923 0.0146204 0.106102 0.059818
8.70813e-10 0.335162 0.150433 0.0760628 0.0211981 0.125026 0.0918904
8.72433e-10 0.379715 0.221965 0.0774048 0.0279258 0.138031 0.128308
8.74054e-10 0.406785 0.302029 0.0759107 0.0342816 0.144933 0.166719
8.75674e-10 0.416051 0.385336 0.0727079 0.0399355 0.146383 0.205046
8.77294e-10 0.409275 0.466614 0.0686747 0.0447377 0.143466 0.241701
8.78915e-10 0.389479 0.541164 0.0644165 0.0486717 0.137377 0.275606
8.80535e-10 0.360181 0.605167 0.0603105 0.0518023 0.129221 0.306112
8.82155e-10 0.324839 0.655805 0.0565692 0.0542344 0.119909 0.332897
8.83776e-10 0.286508 0.691273 0.0532966 0.0560847 0.110147 0.355865
8.85396e-10 0.247681 0.710714 0.0505301 0.057465 0.100448 0.375058
8.87016e-10 0.210254 0.714136 0.04827 0.0584733 0.0911686 0.390601
8.88637e-10 0.175558 0.702295 0.046498 0.0591907 0.0825489 0.402662
8.90257e-10 0.144426 0.676585 0.0451883 0.0596806 0.0747441 0.41142
8.91877e-10 0.117272 0.638906 0.0443145 0.0599901 0.0678526 0.417057
8.93498e-10 0.0941726 0.591545 0.0438528 0.0601514 0.0619368 0.419739
8.95118e-10 0.0749394 0.537041 0.0437837 0.0601834 0.0570376 0.419623
8.96738e-10 0.0591916 0.478058 0.0440921 0.0600938 0.0531841 0.416847
8.98359e-10 0.0464219 0.417257 0.0447677 0.0598797 0.0503999 0.411536
8.99979e-10 0.0360622 0.357176 0.0458031 0.0595297 0.0487051 0.403801
9.01599e-10 0.0275499 0.300113 0.0471933 0.0590242 0.048116 0.393745
9.03219e-10 0.0203931 0.24803 0.0489335 0.058337 0.0486419 0.381468
9.0484e-10 0.0142361 0.202461 0.0510167 0.0574364 0.0502793 0.367067
9.0646e-10 0.00891764 0.164452 0.0534307 0.0562863 0.0530041 0.350648
9.0808e-10 0.00451679 0.134519 0.0561547 0.0548486 0.0567614 0.332329
9.09701e-10 0.00137566 0.112635 0.0591541 0.0530856 0.0614536 0.312246
9.11321e-10 8.73707e-05 0.0982484 0.0623756 0.0509628 0.0669286 0.290567
9.12941e-10 0.00143769 0.0903357 0.0657412 0.0484532 0.0729676 0.267495
9.14562e-10 0.00629196 0.0874898 0.069142 0.0455415 0.0792776 0.243279
9.16182e-10 0.0154271 0.0880416 0.0724326 0.0422296 0.0854883 0.21822
9.17802e-10 0.0293209 0.0902104 0.0754274 0.0385412 0.0911599 0.192679
9.19423e-10 0.0479275 0.0922755 0.0779007 0.0345262 0.0958021 0.167074
9.21043e-10 0.0704852 0.0927537 0.0795917 0.0302635 0.0989082 0.141877
9.22663e-10 0.0954151 0.0905621 0.0802178 0.0258607 0.100004 0.117598
9.24284e-10 0.120368 0.0851426 0.0794971 0.0214506 0.098709 0.0947641
9.25904e-10 0.142459 0.0765224 0.0771808 0.0171821 0.0947965 0.0738819
9.27524e-10 0.158679 0.0652895 0.0730945 0.013208 0.0882526 0.0553981
9.29145e-10 0.166441 0.0524762 0.0671826 0.0096684 0.0793084 0.0396522
9.30765e-10 0.164129 0.0393584 0.0595508 0.00667303 0.0684415 0.0268338
9.32385e-10 0.151518 0.0272064 0.0504935 0.00428605 0.0563379 0.0169514
9.34006e-10 0.12995 0.0170369 0.0404992 0.00251613 0.0438182 0.00982256
9.35626e-10 0.102181 0.00942657 0.0302241 0.00131544 0.0317408 0.00509111
9.37246e-10 0.0719423 0.00443681 0.0204334 0.000588828 0.0209038 0.00227255
9.38867e-10 0.0433252 0.0016727 0.0119143 0.000212049 0.0119648 0.00082302
9.40487e-10 0.0201389 0.000459211 0.00537706 5.57487e-05 0.00539671 0.000219789
9.42107e-10 0.00538551 8.25259e-05 0.00135995 9.86744e-06 0.00147952 3.81821e-05
9.43728e-10 0.000931068 2.30043e-05 0.000158735 2.99031e-06 0.000322543 9.47647e-06
9.45348e-10 0.00738047 0.000109916 0.00179433 1.24369e-05 0.00189964 4.86738e-05
9.46968e-10 0.0241151 0.000555338 0.00602367 6.33795e-05 0.00608192 0.000248162
9.48588e-10 0.0494385 0.00186454 0.0123892 0.000218138 0.012658 0.000841183
9.50209e-10 0.0807935 0.00465822 0.0202941 0.000559079 0.0213411 0.00214528
9.51829e-10 0.115037 0.00946472 0.0290874 0.00116961 0.0317689 0.00449884
9.53449e-10 0.148766 0.0165425 0.0381416 0.00211749 0.0435068 0.00820332
9.5507e-10 0.178683 0.0257766 0.0469138 0.00344337 0.0560607 0.0134799
9.5669e-10 0.201955 0.0366679 0.0549814 0.00515569 0.0689023 0.0204454
9.5831e-10 0.216525 0.0484057 0.0620567 0.00723158 0.0815037 0.0291059
9.59931e-10 0.221308 0.0599996 0.0679806 0.00962219 0.093375 0.0393664
9.61551e-10 0.216262 0.0704366 0.0727048 0.0122605 0.104098 0.0510496
9.63171e-10 0.202309 0.078831 0.0762666 0.0150699 0.11335 0.0639191
9.64792e-10 0.181139 0.0845449 0.0787634 0.0179719 0.120915 0.0777036
9.66412e-10 0.154951 0.0872647 0.0803283 0.0208921 0.126686 0.0921181
9.68032e-10 0.126163 0.0870326 0.0811111 0.0237649 0.130654 0.106881
9.69653e-10 0.0971485 0.0842331 0.0812637 0.0265356 0.13289 0.121725
9.71273e-10 0.070017 0.0795472 0.0809299 0.0291611 0.133532 0.136406
9.72893e-10 0.0464705 0.0738807 0.0802396 0.0316101 0.132757 0.150711
9.74514e-10 0.0277242 0.0682799 0.079306 0.0338613 0.130771 0.16445
9.76134e-10 0.0144917 0.0638412 0.0782247 0.0359026 0.12779 0.177465
9.77754e-10 0.00702005 0.0616242 0.0770746 0.0377286 0.124027 0.189624
9.79375e-10 0.00515819 0.0625732 0.0759192 0.0393395 0.11969 0.200816
9.80995e-10 0.00844622 0.0674511 0.0748087 0.0407394 0.114966 0.210955
9.82615e-10 0.016211 0.076788 0.0737819 0.0419347 0.11003 0.219968
9.84236e-10 0.0276592 0.0908471 0.0728682 0.0429333 0.105032 0.227801
9.85856e-10 0.0419606 0.109607 0.0720893 0.0437433 0.100106 0.23441
9.87476e-10 0.0583172 0.132761 0.0714605 0.0443727 0.0953667 0.239766
9.89097e-10 0.0760157 0.159731 0.0709922 0.0448289 0.0909099 0.243845
9.90717e-10 0.0944625 0.189699 0.0706908 0.0451178 0.0868167 0.246633
9.92337e-10 0.113203 0.221643 0.0705589 0.0452443 0.0831533 0.248124
9.93957e-10 0.131923 0.254393 0.0705967 0.0452117 0.0799729 0.248319
9.95578e-10 0.15044 0.286685 0.0708012 0.0450217 0.0773162 0.247222
9.97198e-10 0.168677 0.317226 0.0711674 0.0446748 0.0752121 0.244849
