2e-10 0.000273934 6.76662e-09 0.000239891 6.42786e-08 2.29593e-05 4.43346e-08
2.0162e-10 0.000208577 8.39025e-09 0.000218184 6.50108e-08 2.66478e-06 2.76596e-08
2.03241e-10 0.000498682 9.47287e-07 0.000400497 1.13233e-07 0.000101275 8.75788e-07
2.04861e-10 0.00199922 1.53722e-05 0.00121584 3.95183e-06 0.000282536 1.05962e-05
2.06481e-10 0.00127192 1.30753e-05 0.00280944 1.56745e-05 0.000373939 2.23468e-05
2.08102e-10 0.00687329 7.74323e-05 0.00482017 1.93579e-05 0.000275049 1.94826e-05
2.09722e-10 0.00770219 1.06733e-07 0.00627656 8.00044e-06 0.000226723 9.64911e-06
2.11342e-10 0.00409712 2.69109e-05 0.00611546 9.51725e-06 0.000252464 1.12633e-05
2.12963e-10 0.00451638 2.24444e-05 0.00441462 1.92063e-05 0.000322299 2.24956e-05
2.14583e-10 0.00405925 6.18774e-05 0.00232444 1.27077e-05 0.00026815 1.94688e-05
2.16203e-10 0.000378174 1.73816e-06 0.000847926 2.5098e-06 0.000163862 6.16767e-06
2.17824e-10 0.000401364 5.81709e-07 0.000250604 3.23639e-08 5.0658e-05 3.99847e-07
2.19444e-10 0.000186618 4.9982e-08 0.000177966 3.32589e-08 3.32539e-06 2.91194e-09
2.21064e-10 0.00017747 5.51496e-08 0.000173744 3.39971e-08 3.60164e-06 3.80117e-09
2.22684e-10 6.2421e-05 9.90622e-09 0.00010314 2.82115e-08 8.62014e-06 3.25205e-08
2.24305e-10 8.37534e-05 1.54011e-08 4.69896e-05 1.00614e-09 5.28346e-06 8.75457e-09
2.25925e-10 3.50418e-05 1.6855e-09 4.30233e-05 2.0327e-09 1.01998e-06 5.45451e-11
2.27545e-10 3.82117e-05 2.07093e-09 4.71584e-05 1.27674e-09 4.71737e-07 1.26362e-10
2.29166e-10 3.23308e-05 4.04477e-09 3.04025e-05 2.66021e-09 1.18979e-06 1.97937e-09
2.30786e-10 1.71401e-05 3.19705e-09 1.12296e-05 5.21692e-10 9.10871e-07 1.30931e-09
2.32406e-10 5.43773e-06 1.37528e-10 8.06527e-06 9.83308e-11 2.74786e-07 2.01908e-11
2.34027e-10 1.06553e-05 3.47046e-10 1.30471e-05 6.80388e-11 3.46551e-07 2.66922e-10
2.35647e-10 1.84328e-05 5.38458e-10 1.28467e-05 1.01436e-10 7.83045e-07 3.76473e-10
2.37267e-10 1.00468e-05 1.54144e-09 6.99668e-06 2.85463e-10 6.77697e-07 6.81535e-10
2.38888e-10 9.06435e-07 9.4435e-11 1.64368e-06 8.95816e-11 1.14122e-07 3.33801e-10
2.40508e-10 4.67642e-07 2.65889e-10 1.19746e-06 1.01474e-10 1.77276e-07 4.56378e-10
2.42128e-10 1.26562e-05 3.71248e-09 8.64197e-06 6.28852e-10 1.31129e-06 1.40614e-09
2.43749e-10 3.54236e-05 1.31974e-09 2.19959e-05 5.75706e-10 2.27929e-06 9.07597e-10
2.45369e-10 1.85737e-05 6.83004e-10 2.89681e-05 4.93391e-11 1.72e-06 3.86545e-10
2.46989e-10 2.28693e-05 1.02455e-09 1.88815e-05 8.06613e-10 6.21876e-07 1.03599e-09
2.4861e-10 1.75804e-06 6.70439e-09 5.87076e-06 4.04351e-10 1.69509e-06 3.82981e-09
2.5023e-10 5.29459e-05 2.9614e-08 2.50841e-05 5.37378e-09 5.43819e-06 1.2848e-08
2.5185e-10 8.2134e-05 2.81158e-09 8.81906e-05 1.4856e-08 8.24735e-06 1.12537e-08
2.53471e-10 0.000108245 1.24245e-08 0.000148273 1.10282e-08 6.62724e-06 7.06025e-10
2.55091e-10 0.000184574 2.48335e-08 0.000137471 1.44717e-08 3.47877e-06 2.80592e-09
2.56711e-10 2.6633e-05 2.3753e-08 6.19332e-05 1.38326e-08 7.36113e-06 1.94551e-08
2.58332e-10 0.000128823 9.16259e-08 4.42282e-05 1.37204e-08 2.22882e-05 1.16315e-07
2.59952e-10 0.000104468 2.95658e-08 0.000224402 1.82976e-07 3.87811e-05 2.54327e-07
2.61572e-10 0.000563137 8.92445e-07 0.000580711 4.22735e-07 3.99936e-05 2.04292e-07
2.63193e-10 0.00114643 7.58722e-07 0.000857199 4.4197e-07 2.21438e-05 5.54875e-08
2.64813e-10 0.000569884 3.50931e-07 0.000754638 5.0841e-07 1.30028e-05 4.11968e-08
2.66433e-10 0.000680982 8.31005e-07 0.000338434 3.42886e-07 6.65285e-05 5.10755e-07
2.68053e-10 6.88463e-05 4.79995e-06 0.000339418 7.55763e-07 0.000226051 5.46475e-06
2.69674e-10 0.00279207 7.40711e-05 0.00196035 1.50717e-05 0.000472459 2.65743e-05
2.71294e-10 0.010847 0.000254352 0.00618506 7.52377e-05 0.000709318 7.94518e-05
2.72914e-10 0.0116023 0.000106316 0.0130594 0.000213815 0.000861288 0.000174181
2.74535e-10 0.0139627 0.000228804 0.0214267 0.000439906 0.000917929 0.000305846
2.76155e-10 0.0334965 0.00196567 0.0292989 0.000722378 0.00086488 0.000443914
2.77775e-10 0.0447042 0.00252218 0.0346761 0.000973661 0.00073037 0.00053714
2.79396e-10 0.0321811 0.000498063 0.0362638 0.00107614 0.000607649 0.0005477
2.81016e-10 0.0277262 0.000560316 0.0337215 0.000970321 0.000572486 0.000479181
2.82636e-10 0.0350277 0.00187574 0.0276432 0.000709941 0.000639492 0.000365844
2.84257e-10 0.023995 0.00103717 0.0194829 0.000414446 0.000749522 0.000244265
2.85877e-10 0.00669816 6.59011e-05 0.0112466 0.000183315 0.000811931 0.000139095
2.87497e-10 0.00382025 4.16493e-05 0.0048284 5.37341e-05 0.00078266 6.39019e-05
2.89118e-10 0.00369471 4.36122e-05 0.00128843 6.82709e-06 0.000655879 2.22504e-05
2.90738e-10 0.00039883 6.1687e-06 0.000497821 3.05356e-07 0.000444373 6.33815e-06
2.92358e-10 0.00110842 7.81541e-06 0.00136928 3.4044e-06 0.000215898 2.31688e-06
2.93979e-10 0.00322413 1.1468e-05 0.00253969 6.16553e-06 5.61259e-05 8.97299e-07
2.95599e-10 0.00322134 4.54973e-06 0.00305675 7.35289e-06 2.60711e-06 3.69931e-07
2.97219e-10 0.00328424 9.6985e-06 0.00267398 6.356e-06 3.89731e-05 1.05383e-06
2.9884e-10 0.00247698 9.9956e-06 0.00172024 3.70402e-06 0.000115673 1.80003e-06
3.0046e-10 0.000513495 1.92548e-06 0.000754376 1.21402e-06 0.000178741 1.60008e-06
3.0208e-10 0.000142584 4.88343e-07 0.000224956 8.49924e-08 0.00019503 9.5557e-07
3.03701e-10 0.000854275 1.00266e-06 0.000273234 1.55688e-07 0.000161246 6.4034e-07
3.05321e-10 0.000839218 4.8234e-07 0.000727669 7.88608e-07 9.99775e-05 5.39458e-07
3.06941e-10 0.000878008 6.63072e-07 0.00125072 1.52866e-06 4.41486e-05 2.77138e-07
3.08562e-10 0.00122328 2.36157e-06 0.00153607 1.98562e-06 1.80366e-05 2.68743e-08
3.10182e-10 0.001125 1.15e-06 0.00144996 1.85245e-06 2.73795e-05 1.13669e-07
3.11802e-10 0.00102316 8.96247e-07 0.00106234 1.21713e-06 6.06127e-05 3.86111e-07
3.13422e-10 0.00106498 1.66803e-06 0.000578689 5.12457e-07 9.75275e-05 4.70802e-07
3.15043e-10 0.000566654 7.57444e-07 0.00022391 9.03256e-08 0.000120031 3.38763e-07
3.16663e-10 1.57605e-05 2.18369e-07 0.000137273 6.4567e-09 0.000119617 2.47065e-07
3.18283e-10 0.000338615 6.91285e-07 0.00032169 1.75758e-07 9.9417e-05 2.8141e-07
3.19904e-10 0.00108263 1.54796e-06 0.000660459 5.23201e-07 7.10037e-05 2.73522e-07
3.21524e-10 0.0014473 1.26872e-06 0.000983481 9.25371e-07 4.78082e-05 1.34762e-07
3.23144e-10 0.0014103 1.10833e-06 0.00114635 1.16548e-06 3.88999e-05 1.41715e-08
3.24765e-10 0.00106558 1.30524e-06 0.00108698 1.08311e-06 4.59693e-05 6.36384e-08
3.26385e-10 0.000512457 4.20121e-07 0.000841054 7.3715e-07 6.40252e-05 2.12991e-07
3.28005e-10 0.000225301 3.48001e-08 0.000517093 3.47227e-07 8.46941e-05 2.80667e-07
3.29626e-10 0.000379054 2.80135e-07 0.000246931 9.03277e-08 0.000100132 2.22438e-07
3.31246e-10 0.000473693 2.13004e-07 0.000132913 3.58781e-09 0.000105872 1.61866e-07
3.32866e-10 0.000248762 6.57174e-08 0.000211685 6.14455e-08 0.000101928 1.9526e-07
3.34487e-10 0.000136145 8.13472e-08 0.00044596 2.62838e-07 9.20386e-05 2.6335e-07
3.36107e-10 0.000502129 8.81026e-07 0.000744068 5.95531e-07 8.15562e-05 2.49888e-07
3.37727e-10 0.00115549 1.71492e-06 0.000996856 9.51799e-07 7.51087e-05 1.49307e-07
3.39348e-10 0.00167144 1.81554e-06 0.00111683 1.14967e-06 7.5056e-05 7.70665e-08
3.40968e-10 0.00171949 1.90511e-06 0.0010662 1.07081e-06 8.10933e-05 1.22167e-07
3.42588e-10 0.00121122 1.48453e-06 0.000866325 7.65378e-07 9.09454e-05 2.37399e-07
3.44209e-10 0.000469684 4.35377e-07 0.000588002 4.05373e-07 0.000101716 2.98819e-07
3.45829e-10 5.73016e-05 1.8887e-08 0.000327131 1.418e-07 0.000111132 2.54162e-07
3.47449e-10 0.000209449 1.50588e-07 0.000173986 2.05728e-08 0.000118188 1.82528e-07
3.4907e-10 0.0005956 3.61506e-07 0.000185376 2.83641e-08 0.000123211 2.00579e-07
3.5069e-10 0.00074545 4.7055e-07 0.000367816 1.83855e-07 0.00012746 3.27038e-07
3.5231e-10 0.000573458 1.13546e-07 0.000676219 5.43801e-07 0.000132344 4.5833e-07
3.53931e-10 0.000435877 2.90235e-07 0.00102773 1.10294e-06 0.0001386 4.80276e-07
3.55551e-10 0.000752533 1.65751e-06 0.0013258 1.70364e-06 0.000145951 3.92728e-07
3.57171e-10 0.00154055 2.9562e-06 0.00148731 2.08082e-06 0.000153328 3.13068e-07
3.58791e-10 0.00227892 3.71269e-06 0.00146553 2.03463e-06 0.00015941 3.53177e-07
3.60412e-10 0.00233529 3.85196e-06 0.00126361 1.58413e-06 0.000163338 4.95763e-07
3.62032e-10 0.00159479 2.52828e-06 0.000935841 9.56956e-07 0.000165473 6.00613e-07
3.63652e-10 0.000593745 7.3124e-07 0.00057639 4.18978e-07 0.000167804 5.47001e-07
3.65273e-10 3.00652e-05 1.11069e-07 0.000297436 1.04203e-07 0.000173603 3.81566e-07
3.66893e-10 0.00023522 3.42199e-07 0.000201281 1.12123e-08 0.000186482 3.20303e-07
3.68513e-10 0.00101397 1.35711e-06 0.000352882 1.68788e-07 0.000209356 5.77506e-07
3.70134e-10 0.00176999 2.69581e-06 0.000759968 7.86137e-07 0.000243461 1.16001e-06
3.71754e-10 0.00188606 1.96517e-06 0.00136648 2.17878e-06 0.000287367 1.81835e-06
3.73374e-10 0.00135265 4.49963e-07 0.00206154 4.45195e-06 0.000336396 2.2243e-06
3.74995e-10 0.00105194 3.08343e-06 0.002702 7.18088e-06 0.000383261 2.24315e-06
3.76615e-10 0.00195838 9.6129e-06 0.00314322 9.41506e-06 0.000419991 2.06622e-06
3.78235e-10 0.00385787 1.56818e-05 0.00327185 1.01321e-05 0.000440224 2.06239e-06
3.79856e-10 0.00526711 1.91916e-05 0.00303504 8.89539e-06 0.000441202 2.43192e-06
3.81476e-10 0.00491911 1.76092e-05 0.00246196 6.2223e-06 0.000425786 2.93699e-06
3.83096e-10 0.00305593 9.85698e-06 0.00167428 3.29584e-06 0.000404508 2.99637e-06
3.84717e-10 0.00101613 2.63304e-06 0.000882146 1.161e-06 0.000396254 2.23152e-06
3.86337e-10 1.81258e-05 7.84958e-07 0.000362194 1.24019e-07 0.000426065 1.22514e-06
3.87957e-10 0.000801121 3.54162e-06 0.000416535 2.52049e-07 0.000521127 1.99483e-06
3.89578e-10 0.00367031 2.09688e-05 0.00131678 3.33268e-06 0.000707938 7.71899e-06
3.91198e-10 0.00767159 5.44522e-05 0.0032443 1.55501e-05 0.00101104 2.16634e-05
3.92818e-10 0.010019 5.79339e-05 0.00624299 4.91408e-05 0.00144915 4.58289e-05
3.94439e-10 0.0083842 1.28896e-05 0.0102 0.000121217 0.00202578 8.01232e-05
3.96059e-10 0.00540191 7.43996e-05 0.0148619 0.000249115 0.00271942 0.000122545
3.97679e-10 0.0092782 0.000511977 0.0198816 0.000443512 0.00348409 0.00017015
3.993e-10 0.026071 0.00138435 0.0248807 0.00070203 0.00426363 0.000220042
4.0092e-10 0.0504194 0.00230775 0.0295082 0.00100619 0.00500973 0.000269723
4.0254e-10 0.0667727 0.00266572 0.0334805 0.00132323 0.00568944 0.000316755
4.0416e-10 0.06238 0.00215618 0.0365979 0.0016124 0.00627761 0.000358219
4.05781e-10 0.040056 0.00117488 0.0387409 0.00183356 0.0067439 0.000390595
4.07401e-10 0.0180241 0.000585446 0.0398543 0.00195568 0.00704783 0.000410258
4.09021e-10 0.0151999 0.000976126 0.0399308 0.00196289 0.00714768 0.000414401
4.10642e-10 0.0342356 0.00209081 0.0389983 0.00185704 0.00701774 0.00040188
4.12262e-10 0.0588784 0.00303661 0.0371169 0.00165647 0.00666274 0.000373621
4.13882e-10 0.0688623 0.00307933 0.0343808 0.00139156 0.00612022 0.00033246
4.15503e-10 0.0572418 0.00223086 0.0309249 0.00109832 0.00544906 0.000282554
4.17123e-10 0.0337428 0.00110888 0.026928 0.000811368 0.00471079 0.000228646
4.18743e-10 0.0138419 0.000327308 0.0226096 0.000558043 0.00395433 0.000175368
4.20364e-10 0.00612995 5.87987e-05 0.0182153 0.00035479 0.00321194 0.000126686
4.21984e-10 0.00831247 8.9414e-05 0.013994 0.000206519 0.00250577 8.54831e-05
4.23604e-10 0.0124116 0.00014883 0.0101693 0.000108633 0.00185694 5.32984e-05
4.25225e-10 0.0126404 0.000130914 0.00691238 5.07051e-05 0.0012889 3.02768e-05
4.26845e-10 0.00891561 7.10862e-05 0.00432312 2.04534e-05 0.000822962 1.5374e-05
4.28465e-10 0.00442899 2.44383e-05 0.00242446 6.85377e-06 0.000470885 6.79184e-06
4.30086e-10 0.00155418 4.91549e-06 0.00116953 1.79408e-06 0.000230736 2.51036e-06
4.31706e-10 0.000423599 4.57519e-07 0.000459396 3.31037e-07 8.83952e-05 7.44087e-07
4.33326e-10 0.000162688 7.37846e-08 0.000165832 3.34621e-08 2.26156e-05 1.98411e-07
4.34947e-10 0.000229159 1.8119e-07 0.000153933 1.02515e-08 1.02303e-05 1.05987e-07
4.36567e-10 0.000513068 2.48126e-07 0.000300411 7.00191e-08 2.9648e-05 1.11682e-07
4.38187e-10 0.000851836 2.17656e-07 0.000505608 2.06687e-07 6.27365e-05 1.06011e-07
4.39808e-10 0.000947379 1.97691e-07 0.000699003 3.93591e-07 9.58354e-05 8.4343e-08
4.41428e-10 0.000710009 2.6019e-07 0.00083924 5.65207e-07 0.000120247 6.37939e-08
4.43048e-10 0.000411085 3.4779e-07 0.000910238 6.62146e-07 0.000132107 5.21612e-08
4.44669e-10 0.000390913 4.20863e-07 0.000915012 6.64251e-07 0.00013157 4.66807e-08
4.46289e-10 0.000700041 4.90725e-07 0.000868621 5.90934e-07 0.000121488 4.17932e-08
4.47909e-10 0.0010816 5.37403e-07 0.000791401 4.80705e-07 0.000105988 3.45857e-08
4.49529e-10 0.00124434 5.17046e-07 0.000703306 3.69335e-07 8.92369e-05 2.55159e-08
4.5115e-10 0.00109552 4.26199e-07 0.000619905 2.78239e-07 7.45561e-05 1.65789e-08
4.5277e-10 0.000750378 3.04924e-07 0.000550267 2.1384e-07 6.39003e-05 9.51278e-09
4.5439e-10 0.000402623 1.95135e-07 0.000496666 1.72677e-07 5.77012e-05 5.1303e-09
4.56011e-10 0.000206114 1.1992e-07 0.000455783 1.46964e-07 5.50469e-05 3.47319e-09
4.57631e-10 0.000215123 8.78257e-08 0.000420898 1.28339e-07 5.41275e-05 4.09766e-09
4.59251e-10 0.000367038 9.35329e-08 0.000384489 1.10066e-07 5.28308e-05 6.18464e-09
4.60872e-10 0.000518007 1.1335e-07 0.000340665 8.85209e-08 4.93444e-05 8.62445e-09
4.62492e-10 0.000540229 1.16536e-07 0.000287003 6.3911e-08 4.26514e-05 1.02974e-08
4.64112e-10 0.000416684 9.09072e-08 0.000225479 3.96063e-08 3.28387e-05 1.05088e-08
4.65733e-10 0.000239187 5.15852e-08 0.000162401 1.9898e-08 2.11771e-05 9.302e-09
4.67353e-10 0.000109488 2.09026e-08 0.00010741 7.30772e-09 9.95736e-06 7.43296e-09
4.68973e-10 5.75416e-05 7.80846e-09 7.1766e-05 1.40376e-09 2.10819e-06 6.10517e-09
4.70594e-10 6.62489e-05 1.08801e-08 6.62265e-05 5.38667e-10 6.64576e-07 6.81991e-09
4.72214e-10 0.000145924 3.26154e-08 9.89093e-05 6.02178e-09 8.18823e-06 1.16337e-08
4.73834e-10 0.000330049 7.87885e-08 0.00017349 2.61415e-08 2.62467e-05 2.3705e-08
4.75455e-10 0.000578416 1.34619e-07 0.000288052 7.6645e-08 5.50341e-05 4.75441e-08
4.77075e-10 0.00073219 1.49053e-07 0.000434779 1.75627e-07 9.31852e-05 8.82424e-08
4.78695e-10 0.000641215 9.07234e-08 0.000600558 3.3382e-07 0.000137808 1.49383e-07
4.80316e-10 0.000369313 7.16684e-08 0.000768399 5.44459e-07 0.000184742 2.30179e-07
4.81936e-10 0.000231466 3.70143e-07 0.000919482 7.78252e-07 0.00022903 3.23192e-07
4.83556e-10 0.000547752 1.18452e-06 0.00103554 9.87577e-07 0.000265545 4.1418e-07
4.85177e-10 0.0013104 2.28951e-06 0.00110127 1.12005e-06 0.000289697 4.84944e-07
4.86797e-10 0.00210626 3.05088e-06 0.00110647 1.13694e-06 0.000298106 5.18645e-07
4.88417e-10 0.00241803 2.94096e-06 0.00104769 1.02896e-06 0.000289147 5.05677e-07
4.90038e-10 0.00204651 2.04531e-06 0.000929076 8.21901e-07 0.000263312 4.47531e-07
4.91658e-10 0.00125771 9.7005e-07 0.000762514 5.68723e-07 0.000223326 3.56707e-07
4.93278e-10 0.000524488 2.63463e-07 0.000566791 3.30329e-07 0.000174026 2.52437e-07
4.94898e-10 0.000131329 1.93606e-08 0.000365987 1.52885e-07 0.000121984 1.54083e-07
4.96519e-10 2.5292e-05 6.85288e-09 0.000187131 5.20315e-08 7.48995e-05 7.54635e-08
4.98139e-10 1.11874e-05 1.56132e-08 5.73683e-05 1.22944e-08 4.08044e-05 2.3323e-08
4.99759e-10 2.03718e-05 7.90298e-09 9.2232e-07 3.80465e-09 2.7156e-05 1.39833e-09
5.0138e-10 0.000135374 4.07606e-08 3.61849e-05 1.04599e-08 3.99375e-05 1.88016e-08
5.03e-10 0.000373306 1.17305e-07 0.000173307 5.72168e-08 8.28791e-05 9.87666e-08
5.0462e-10 0.00054685 1.12209e-07 0.000412597 2.22462e-07 0.0001569 2.82552e-07
5.06241e-10 0.000452868 8.18791e-10 0.000743952 6.25728e-07 0.000259834 6.24248e-07
5.07861e-10 0.000235465 4.62377e-07 0.00114741 1.39023e-06 0.000386455 1.17536e-06
5.09481e-10 0.000481052 3.15127e-06 0.00159475 2.59049e-06 0.000528809 1.9624e-06
5.11102e-10 0.00179376 9.53833e-06 0.002052 4.20314e-06 0.000676807 2.96468e-06
5.12722e-10 0.00413584 1.86268e-05 0.00248242 6.08084e-06 0.000819053 4.10113e-06
5.14342e-10 0.00656257 2.60351e-05 0.0028499 7.96312e-06 0.000943836 5.23369e-06
5.15963e-10 0.00772954 2.66462e-05 0.00312211 9.52667e-06 0.0010402 6.1899e-06
5.17583e-10 0.0068688 1.9261e-05 0.00327352 1.04636e-05 0.00109902 6.80085e-06
5.19203e-10 0.00444154 8.50406e-06 0.00328777 1.05657e-05 0.00111393 6.94451e-06
5.20824e-10 0.00187406 1.27984e-06 0.00315949 9.78821e-06 0.00108215 6.58102e-06
5.22444e-10 0.000540808 9.09397e-07 0.00289537 8.27111e-06 0.00100496 5.76783e-06
5.24064e-10 0.000809125 4.8603e-06 0.00251439 6.30766e-06 0.000887924 4.64773e-06
5.25685e-10 0.00190968 8.05426e-06 0.00204721 4.2665e-06 0.000740786 3.41218e-06
5.27305e-10 0.0026812 7.73193e-06 0.00153461 2.48952e-06 0.000576952 2.25045e-06
5.28925e-10 0.00250091 4.91061e-06 0.00102498 1.19833e-06 0.000412662 1.30166e-06
5.30546e-10 0.0016158 2.06143e-06 0.000570888 4.42449e-07 0.000265815 6.27289e-07
5.32166e-10 0.000698934 5.13483e-07 0.000224913 1.12369e-07 0.000154561 2.16052e-07
5.33786e-10 0.000176205 5.47079e-08 3.5063e-05 1.98773e-08 9.57504e-05 2.29616e-08
5.35407e-10 1.53773e-05 3.48617e-08 4.0167e-05 2.47783e-08 0.000103373 3.17871e-08
5.37027e-10 0.000118357 4.84911e-07 0.000265788 1.66796e-07 0.000187164 3.20058e-07
5.38647e-10 0.000776509 2.86927e-06 0.000721161 7.53203e-07 0.000351509 1.10124e-06
5.40267e-10 0.0025453 9.8157e-06 0.00139758 2.36044e-06 0.000594793 2.72213e-06
5.41888e-10 0.00551223 2.22991e-05 0.00226848 5.73118e-06 0.000909252 5.60485e-06
5.43508e-10 0.00867679 3.53465e-05 0.00329117 1.15808e-05 0.00128137 1.01389e-05
5.45128e-10 0.0102535 3.82578e-05 0.00441003 2.0358e-05 0.00169275 1.65461e-05
5.46749e-10 0.00895174 2.43526e-05 0.00556075 3.20257e-05 0.00212135 2.47533e-05
5.48369e-10 0.00530641 4.41707e-06 0.00667494 4.59273e-05 0.00254295 3.43116e-05
5.49989e-10 0.0018486 7.90357e-06 0.00768492 6.07895e-05 0.0029327 4.43938e-05
5.5161e-10 0.00167982 6.24047e-05 0.00852794 7.48759e-05 0.00326658 5.38844e-05
5.5323e-10 0.0062921 0.000164396 0.00914989 8.62723e-05 0.00352276 6.15537e-05
5.5485e-10 0.0142168 0.000269825 0.00950829 9.32471e-05 0.0036829 6.6285e-05
5.56471e-10 0.021625 0.000320141 0.00957461 9.46099e-05 0.00373337 6.7305e-05
5.58091e-10 0.0246186 0.000285772 0.00933619 8.99869e-05 0.0036665 6.43627e-05
5.59711e-10 0.0216749 0.000188939 0.00879775 7.99431e-05 0.0034817 5.78091e-05
5.61332e-10 0.0145265 8.48629e-05 0.00798252 6.59113e-05 0.00318648 4.85496e-05
5.62952e-10 0.00687692 1.92407e-05 0.006933 4.99272e-05 0.00279691 3.7871e-05
5.64572e-10 0.0019323 4.30567e-07 0.00571096 3.42171e-05 0.00233757 2.71778e-05
5.66193e-10 0.000562357 6.64132e-06 0.00439642 2.07246e-05 0.0018407 1.77e-05
5.67813e-10 0.0013292 1.3315e-05 0.00308501 1.06941e-05 0.00134462 1.02488e-05
5.69433e-10 0.00210841 1.15596e-05 0.00188358 4.4329e-06 0.000891472 5.09286e-06
5.71054e-10 0.00182617 5.66845e-06 0.000903668 1.34448e-06 0.000524601 2.0006e-06
5.72674e-10 0.000918451 1.39884e-06 0.0002533 2.68717e-07 0.000285529 4.55681e-07
5.74294e-10 0.000364182 6.78321e-08 2.75212e-05 7.61281e-08 0.000210856 6.31374e-10
5.75915e-10 0.000440446 7.72224e-08 0.000298911 3.77912e-07 0.000329183 6.22863e-07
5.77535e-10 0.000541058 1.97556e-07 0.00110932 2.14971e-06 0.000658314 3.07217e-06
5.79155e-10 0.000304098 5.02609e-06 0.00246421 8.05558e-06 0.00120307 9.00233e-06
5.80776e-10 0.00088624 3.47828e-05 0.00433055 2.23122e-05 0.00195409 2.08623e-05
5.82396e-10 0.00483238 0.000127611 0.00663889 5.00442e-05 0.00288795 4.15187e-05
5.84016e-10 0.0141148 0.000313395 0.00928908 9.62191e-05 0.00396872 7.3658e-05
5.85636e-10 0.027685 0.000562517 0.012159 0.000164378 0.00515096 0.000119077
5.87257e-10 0.0407236 0.000758634 0.0151146 0.000255442 0.00638359 0.000178008
5.88877e-10 0.0467846 0.000753992 0.0180199 0.000366886 0.00761392 0.000248642
5.90497e-10 0.0418471 0.000500639 0.0207454 0.00049248 0.00879116 0.000326955
5.92118e-10 0.027609 0.000155821 0.0231748 0.000622686 0.00986858 0.000406947
5.93738e-10 0.0115469 3.81076e-05 0.0252079 0.000745673 0.0108041 0.000481246
5.95358e-10 0.00326158 0.000416629 0.0267623 0.000848802 0.0115597 0.000542055
5.96979e-10 0.00905546 0.00127532 0.027773 0.000920343 0.0121002 0.000582269
5.98599e-10 0.0279546 0.00225501 0.0281909 0.000951196 0.0123929 0.000596608
6.00219e-10 0.0516991 0.00285578 0.0279823 0.000936366 0.0124085 0.000582563
6.0184e-10 0.068966 0.00276607 0.0271293 0.000875965 0.0121243 0.000540984
6.0346e-10 0.0715159 0.0020655 0.0256319 0.00077557 0.011529 0.000476144
6.0508e-10 0.0586232 0.00114443 0.0235131 0.000645794 0.0106283 0.00039523
6.06701e-10 0.0370492 0.000417262 0.0208261 0.000500994 0.00945016 0.000307262
6.08321e-10 0.0166136 6.83335e-05 0.0176635 0.000357183 0.00804805 0.00022161
6.09941e-10 0.00434117 1.44761e-05 0.0141659 0.000229349 0.006501 0.000146359
6.11562e-10 0.00108238 6.1696e-05 0.0105291 0.00012864 0.00491097 8.68958e-05
6.13182e-10 0.00261332 7.9847e-05 0.00700511 6.00866e-05 0.00339735 4.50994e-05
6.14802e-10 0.00388806 5.33658e-05 0.00389418 2.16619e-05 0.00208989 1.94337e-05
6.16423e-10 0.00290404 1.99273e-05 0.00152544 5.41878e-06 0.00112045 6.03576e-06
6.18043e-10 0.00125933 3.19468e-06 0.000225017 1.02731e-06 0.000613608 6.27746e-07
6.19663e-10 0.00140066 9.00783e-07 0.000274842 1.3332e-06 0.000675955 8.01286e-07
6.21284e-10 0.00342682 1.83159e-06 0.00186829 8.68425e-06 0.00138387 8.04927e-06
6.22904e-10 0.00473907 1.00731e-06 0.00507214 4.00764e-05 0.00277115 2.892e-05
6.24524e-10 0.00328328 4.10568e-05 0.00980461 0.000129026 0.00481898 7.48545e-05
6.26145e-10 0.00156862 0.000297163 0.0158368 0.000322716 0.00745146 0.000160594
6.27765e-10 0.00723111 0.00110802 0.0228193 0.000674306 0.0105395 0.000301414
6.29385e-10 0.0283216 0.00279447 0.0303292 0.00123189 0.013914 0.000509757
6.31005e-10 0.0661031 0.00526982 0.0379274 0.00202681 0.0173881 0.000791987
6.32626e-10 0.111007 0.00774619 0.0452138 0.00306427 0.0207842 0.00114595
6.34246e-10 0.14572 0.00895092 0.0518691 0.00431866 0.0239597 0.00155983
6.35866e-10 0.154201 0.00794759 0.0576775 0.00573429 0.0268272 0.00201239
6.37487e-10 0.131036 0.00508512 0.0625292 0.00723097 0.0293605 0.00247456
6.39107e-10 0.085309 0.00227998 0.0664057 0.00871262 0.0315856 0.00291185
6.40727e-10 0.0370242 0.00215547 0.0693538 0.0100768 0.0335574 0.00328747
6.42348e-10 0.00842731 0.00638252 0.071456 0.0112234 0.0353282 0.00356571
6.43968e-10 0.0145195 0.0142893 0.0727992 0.0120615 0.0369138 0.00371565
6.45588e-10 0.0564462 0.0228184 0.0734468 0.0125149 0.038267 0.00371502
6.47209e-10 0.120021 0.0280856 0.0734131 0.0125266 0.0392625 0.00355408
6.48829e-10 0.180409 0.0276443 0.0726407 0.0120631 0.0397002 0.00323923
6.50449e-10 0.212247 0.0219389 0.0709823 0.0111221 0.0393289 0.00279526
6.5207e-10 0.201639 0.0138919 0.0681895 0.00974087 0.0378923 0.00226509
6.5369e-10 0.153735 0.00691528 0.063921 0.00800789 0.035196 0.00170553
6.5531e-10 0.09028 0.00285413 0.0577893 0.0060708 0.0311846 0.00117784
6.56931e-10 0.037014 0.00138763 0.0494789 0.00413366 0.0260117 0.000734258
6.58551e-10 0.00862907 0.00108516 0.0389682 0.00242986 0.0200764 0.000404614
6.60171e-10 0.00217054 0.000856083 0.0268552 0.00116115 0.0140125 0.000190159
6.61792e-10 0.00396784 0.000474289 0.0146887 0.000413154 0.00864304 7.00281e-05
6.63412e-10 0.00416224 0.000153648 0.00504346 0.000100139 0.00491626 1.59446e-05
6.65032e-10 0.00612184 3.6553e-05 0.000984367 2.89882e-05 0.00376244 1.06337e-06
6.66653e-10 0.0209958 0.00015277 0.00478579 0.000136368 0.00573547 4.72084e-07
6.68273e-10 0.0508697 0.00102663 0.0164129 0.000795027 0.0105099 1.4993e-05
6.69893e-10 0.0800658 0.00432173 0.0328345 0.00290966 0.0167593 0.000150016
6.71514e-10 0.0884007 0.0114566 0.0489362 0.00756488 0.0228103 0.000707843
6.73134e-10 0.0703215 0.020234 0.0596823 0.0153175 0.0274715 0.00221007
6.74754e-10 0.0380489 0.024266 0.0622714 0.0255774 0.0301104 0.00535971
6.76374e-10 0.0111505 0.0183784 0.0570583 0.0365657 0.0302601 0.0110204
6.77995e-10 0.00271966 0.0067237 0.0468203 0.0459852 0.0277403 0.0201629
6.79615e-10 0.0103945 0.00655293 0.0350237 0.0520042 0.0231859 0.0336373
6.81235e-10 0.0216988 0.0403572 0.0243058 0.0539135 0.0180084 0.0518122
6.82856e-10 0.0276987 0.117227 0.0159172 0.0521329 0.0136366 0.0743413
6.84476e-10 0.028199 0.218648 0.00999262 0.0477463 0.0108209 0.100237
6.86096e-10 0.0264697 0.304729 0.00609757 0.0419673 0.0095308 0.128177
6.87717e-10 0.024039 0.338556 0.0036586 0.0357931 0.00928662 0.15684
6.89337e-10 0.0206205 0.309973 0.00217861 0.029886 0.00953321 0.185133
6.90957e-10 0.0161673 0.241851 0.00129678 0.0246019 0.00985253 0.212282
6.92578e-10 0.0116547 0.176381 0.000775758 0.020076 0.0100132 0.237818
6.94198e-10 0.00834485 0.15189 0.000468252 0.016308 0.00993374 0.261512
6.95818e-10 0.00685145 0.184158 0.000285994 0.0132285 0.00962361 0.28331
6.97439e-10 0.00687583 0.261143 0.000177095 0.0107406 0.00913415 0.303266
6.99059e-10 0.00757861 0.351665 0.000111325 0.0087441 0.00852715 0.321497
7.00679e-10 0.00813306 0.4218 7.11e-05 0.00714699 0.00785867 0.338148
7.023e-10 0.00808681 0.450327 4.61564e-05 0.0058702 0.00717281 0.353373
7.0392e-10 0.00742139 0.43643 3.04622e-05 0.00484828 0.00650093 0.367325
7.0554e-10 0.0063984 0.397396 2.04389e-05 0.00402833 0.00586335 0.380144
7.07161e-10 0.00534449 0.35874 1.394e-05 0.00336816 0.00527177 0.391958
7.08781e-10 0.00449188 0.342096 9.66224e-06 0.00283447 0.00473168 0.402882
7.10401e-10 0.00391907 0.356383 6.80426e-06 0.00240108 0.00424433 0.413016
7.12022e-10 0.00357676 0.395603 4.86663e-06 0.00204746 0.00380826 0.422448
7.13642e-10 0.00335557 0.443347 3.53402e-06 0.00175748 0.00342041 0.431255
7.15262e-10 0.00315246 0.481231 2.60462e-06 0.00151849 0.00307691 0.439502
7.16883e-10 0.00291 0.49716 1.94759e-06 0.00132056 0.00277354 0.447249
7.18503e-10 0.00262301 0.489891 1.47696e-06 0.0011558 0.00250608 0.454544
7.20123e-10 0.00232149 0.468378 1.13555e-06 0.00101801 0.00227051 0.461431
7.21743e-10 0.00204504 0.446754 8.84822e-07 0.000902231 0.00206309 0.467948
7.23364e-10 0.00182177 0.437592 6.98517e-07 0.000804512 0.00188044 0.474127
7.24984e-10 0.00165857 0.446538 5.58508e-07 0.000721687 0.00171951 0.479997
7.26604e-10 0.00154325 0.470498 4.52147e-07 0.000651207 0.00157763 0.485584
7.28225e-10 0.00145395 0.499823 3.70512e-07 0.000591012 0.00145243 0.490908
7.29845e-10 0.00137011 0.523176 3.07238e-07 0.000539428 0.00134184 0.495989
7.31465e-10 0.00128003 0.532716 2.57743e-07 0.000495092 0.00124406 0.500844
7.33086e-10 0.00118295 0.527318 2.18689e-07 0.000456888 0.00115752 0.505487
7.34706e-10 0.00108619 0.512571 1.87627e-07 0.0004239 0.00108087 0.509931
7.36326e-10 0.000999631 0.497812 1.6274e-07 0.000395372 0.00101292 0.514188
7.37947e-10 0.000930441 0.491699 1.4267e-07 0.00037068 0.000952658 0.518267
7.39567e-10 0.000880065 0.498386 1.26395e-07 0.000349305 0.000899197 0.522176
7.41187e-10 0.0008443 0.515921 1.13136e-07 0.00033082 0.000851774 0.525924
7.42808e-10 0.000815779 0.537465 1.02299e-07 0.000314864 0.000809728 0.529517
7.44428e-10 0.000787418 0.554611 9.34277e-08 0.000301141 0.000772487 0.53296
7.46048e-10 0.000755227 0.561243 8.61678e-08 0.000289403 0.000739557 0.536258
7.47669e-10 0.000719416 0.556196 8.02452e-08 0.000279444 0.000710511 0.539416
7.49289e-10 0.000683582 0.543591 7.5447e-08 0.000271094 0.000684978 0.542436
7.50909e-10 0.000652563 0.530804 7.1608e-08 0.000264212 0.000662642 0.545322
7.5253e-10 0.000630014 0.525034 6.86009e-08 0.000258686 0.000643229 0.548075
7.5415e-10 0.000616766 0.530067 6.63289e-08 0.000254425 0.000626505 0.550697
7.5577e-10 0.000610568 0.544634 6.47202e-08 0.000251359 0.00061227 0.553189
7.57391e-10 0.000607216 0.563083 6.37244e-08 0.000249436 0.000600356 0.555552
7.59011e-10 0.000602478 0.577988 6.33092e-08 0.000248622 0.00059062 0.557784
7.60631e-10 0.000593947 0.583528 6.34591e-08 0.000248897 0.000582947 0.559886
7.62252e-10 0.00058202 0.578101 6.41745e-08 0.000250259 0.000577241 0.561856
7.63872e-10 0.000569625 0.565046 6.54713e-08 0.000252718 0.000573429 0.563693
7.65492e-10 0.000560823 0.551134 6.73814e-08 0.000256302 0.000571454 0.565394
7.67112e-10 0.000558924 0.543534 6.99544e-08 0.000261053 0.00057128 0.566957
7.68733e-10 0.000564924 0.546571 7.32598e-08 0.00026703 0.000572886 0.568378
7.70353e-10 0.000576961 0.559739 7.73896e-08 0.000274309 0.000576266 0.569652
7.71973e-10 0.00059106 0.577841 8.24636e-08 0.000282988 0.000581431 0.570775
7.73594e-10 0.000602869 0.593232 8.86346e-08 0.000293184 0.000588405 0.571742
7.75214e-10 0.000609694 0.599206 9.60968e-08 0.00030504 0.000597228 0.572546
7.76834e-10 0.000611919 0.593037 1.05096e-07 0.000318728 0.000607955 0.573181
7.78455e-10 0.000613138 0.577339 1.15942e-07 0.00033445 0.000620655 0.573637
7.80075e-10 0.000618823 0.559077 1.2903e-07 0.000352449 0.000635411 0.573907
7.81695e-10 0.000633972 0.546611 1.44861e-07 0.000373009 0.000652321 0.57398
7.83316e-10 0.00066069 0.545996 1.64076e-07 0.000396468 0.000671496 0.573845
7.84936e-10 0.000696802 0.558151 1.87498e-07 0.000423226 0.000693063 0.573489
7.86556e-10 0.000736277 0.578174 2.1619e-07 0.000453755 0.000717162 0.572899
7.88177e-10 0.000771555 0.597206 2.51532e-07 0.000488615 0.000743945 0.572059
7.89797e-10 0.000797037 0.60615 2.95331e-07 0.000528472 0.000773575 0.570951
7.91417e-10 0.000812307 0.599706 3.49965e-07 0.000574119 0.000806224 0.569556
7.93038e-10 0.000823539 0.578984 4.18587e-07 0.0006265 0.000842068 0.567853
7.94658e-10 0.000842034 0.55145 5.05411e-07 0.000686749 0.000881284 0.565818
7.96278e-10 0.000879911 0.528079 6.16108e-07 0.000756224 0.000924039 0.563425
7.97899e-10 0.00094431 0.518752 7.58373e-07 0.000836562 0.000970483 0.560643
7.99519e-10 0.00103251 0.527781 9.42733e-07 0.000929737 0.00102073 0.55744
8.01139e-10 0.00113051 0.55152 1.18371e-06 0.00103814 0.00107486 0.553779
8.0276e-10 0.00121682 0.579244 1.50151e-06 0.00116469 0.00113284 0.549621
8.0438e-10 0.00127108 0.597189 1.92449e-06 0.00131293 0.00119455 0.544919
8.06e-10 0.00128488 0.594273 2.49285e-06 0.0014872 0.00125972 0.539623
8.07621e-10 0.00127009 0.567172 3.26405e-06 0.00169283 0.00132785 0.533679
8.09241e-10 0.00125966 0.52254 4.32108e-06 0.00193635 0.00139817 0.527025
8.10861e-10 0.00129782 0.475139 5.78494e-06 0.00222586 0.00146953 0.519593
8.12481e-10 0.00142069 0.442303 7.83385e-06 0.00257135 0.0015403 0.511311
8.14102e-10 0.0016334 0.436739 1.0733e-05 0.00298518 0.00160828 0.502097
8.15722e-10 0.00189431 0.460546 1.48809e-05 0.00348268 0.00167053 0.491865
8.17342e-10 0.00211734 0.503108 2.08832e-05 0.00408288 0.00172334 0.480524
8.18963e-10 0.00219844 0.544142 2.96692e-05 0.00480932 0.00176213 0.467977
8.20583e-10 0.00206213 0.561144 4.26802e-05 0.0056911 0.00178157 0.454125
8.22203e-10 0.00171055 0.538551 6.21737e-05 0.00676396 0.00177599 0.438873
8.23824e-10 0.00124859 0.474955 9.17194e-05 0.0080715 0.00174022 0.42213
8.25444e-10 0.000861529 0.385153 0.000137013 0.00966617 0.00167136 0.40382
8.27064e-10 0.000742807 0.29566 0.000207212 0.0116098 0.00157187 0.383894
8.28685e-10 0.0010073 0.234979 0.000317134 0.0139732 0.00145489 0.36234
8.30305e-10 0.00166222 0.222239 0.000490847 0.016833 0.00135265 0.339202
8.31925e-10 0.00270963 0.258904 0.000767475 0.0202657 0.00132893 0.314599
8.33546e-10 0.00437968 0.327313 0.00121038 0.0243335 0.00149598 0.288747
8.35166e-10 0.00732892 0.397107 0.00192112 0.029062 0.0020343 0.261969
8.36786e-10 0.0124584 0.437091 0.00305932 0.0344024 0.00320923 0.2347
8.38407e-10 0.020028 0.427441 0.00486748 0.0401783 0.00537032 0.207459
8.40027e-10 0.028262 0.366811 0.00769393 0.0460189 0.00890834 0.180792
8.41647e-10 0.032692 0.271404 0.0119937 0.051297 0.0141373 0.155177
8.43268e-10 0.0282399 0.167128 0.0182645 0.0551109 0.0210825 0.130907
8.44888e-10 0.0146594 0.079166 0.0268529 0.0563777 0.0292157 0.108041
8.46508e-10 0.00149396 0.0234075 0.0375755 0.0541062 0.0372925 0.0864813
8.48129e-10 0.00501218 0.00211524 0.0492163 0.0478491 0.0435302 0.0662247
8.49749e-10 0.0347514 0.00480853 0.0592077 0.0381658 0.0462312 0.047657
8.51369e-10 0.0809451 0.0149383 0.0640377 0.0267512 0.0445459 0.0315983
8.5299e-10 0.118121 0.0198054 0.060707 0.0159393 0.0387894 0.0189164
8.5461e-10 0.123641 0.0165062 0.0487035 0.00771028 0.0301565 0.00996803
8.5623e-10 0.0946732 0.00935848 0.0311281 0.00282479 0.0203774 0.00438998
8.5785e-10 0.0505823 0.00335601 0.0138881 0.000705653 0.011627 0.00138826
8.59471e-10 0.0178767 0.00051149 0.00319952 0.000116607 0.00619848 0.000157323
8.61091e-10 0.0083831 0.000287397 0.00278575 9.29361e-05 0.00568688 0.00015687
8.62711e-10 0.0121608 0.00143198 0.0123724 0.000467764 0.0103734 0.00133017
8.64332e-10 0.0122988 0.00264441 0.0282985 0.00172545 0.019385 0.00425306
8.65952e-10 0.00448501 0.00254707 0.0456615 0.00444726 0.0312604 0.00996769
8.67572e-10 0.00293104 0.00207353 0.0604739 0.00883953 0.0443611 0.0194694
8.69193e-10 0.0291842 0.00853899 0.0706923 0.0146204 0.0570865 0.0331872
8.70813e-10 0.0933315 0.0351601 0.0760628 0.0211981 0.0680802 0.0507902
8.72433e-10 0.182413 0.0926771 0.0774048 0.0279258 0.076429 0.0713445
8.74054e-10 0.265069 0.178386 0.0759107 0.0342816 0.0817491 0.0936329
8.75674e-10 0.308547 0.271728 0.0727079 0.0399355 0.0841232 0.116447
8.77294e-10 0.295909 0.341084 0.0686747 0.0447377 0.0839476 0.138768
8.78915e-10 0.233368 0.358581 0.0644165 0.0486717 0.081768 0.159829
8.80535e-10 0.145595 0.314833 0.0603105 0.0518023 0.0781528 0.179116
8.82155e-10 0.0636232 0.225758 0.0565692 0.0542344 0.0736163 0.19632
8.83776e-10 0.0122371 0.12795 0.0532966 0.0560847 0.0685848 0.211287
8.85396e-10 0.00211753 0.064575 0.0505301 0.057465 0.0633905 0.22397
8.87016e-10 0.0286503 0.067894 0.04827 0.0584733 0.0582809 0.234392
8.88637e-10 0.0762825 0.145749 0.046498 0.0591907 0.0534338 0.242617
8.90257e-10 0.125596 0.277529 0.0451883 0.0596806 0.0489742 0.248731
8.91877e-10 0.160071 0.421194 0.0443145 0.0599901 0.0449883 0.252828
8.93498e-10 0.170412 0.528594 0.0438528 0.0601514 0.0415356 0.255002
8.95118e-10 0.155718 0.563142 0.0437837 0.0601834 0.0386577 0.255346
8.96738e-10 0.122008 0.51318 0.0440921 0.0600938 0.0363846 0.253946
8.98359e-10 0.0793499 0.396051 0.0447677 0.0598797 0.0347386 0.250882
8.99979e-10 0.0388847 0.251547 0.0458031 0.0595297 0.0337357 0.246229
9.01599e-10 0.0105276 0.127336 0.0471933 0.0590242 0.0333864 0.240061
9.03219e-10 0.00150161 0.0619144 0.0489335 0.058337 0.033693 0.232448
9.0484e-10 0.0153556 0.0714114 0.0510167 0.0574364 0.0346474 0.223463
9.0646e-10 0.0511035 0.144966 0.0534307 0.0562863 0.0362261 0.213188
9.0808e-10 0.102527 0.250047 0.0561547 0.0548486 0.038385 0.201711
9.09701e-10 0.158246 0.345328 0.0591541 0.0530856 0.0410529 0.189136
9.11321e-10 0.203415 0.395968 0.0623756 0.0509628 0.044126 0.175585
9.12941e-10 0.223521 0.385438 0.0657412 0.0484532 0.0474625 0.161207
9.14562e-10 0.209665 0.319666 0.069142 0.0455415 0.0508799 0.146175
9.16182e-10 0.163389 0.222452 0.0724326 0.0422296 0.0541563 0.130696
9.17802e-10 0.0984316 0.124657 0.0754274 0.0385412 0.0570373 0.115009
9.19423e-10 0.0374144 0.0519955 0.0779007 0.0345262 0.0592491 0.0993826
9.21043e-10 0.00366238 0.0164622 0.0795917 0.0302635 0.0605198 0.0841121
9.22663e-10 0.0111446 0.0144827 0.0802178 0.0258607 0.0606068 0.0695062
9.24284e-10 0.0573754 0.0316391 0.0794971 0.0214506 0.0593279 0.0558724
9.25904e-10 0.123464 0.0509413 0.0771808 0.0171821 0.0565924 0.0434958
9.27524e-10 0.182135 0.0603771 0.0730945 0.013208 0.0524259 0.0326156
9.29145e-10 0.210103 0.056457 0.0671826 0.0096684 0.046982 0.0234004
9.30765e-10 0.198355 0.0429787 0.0595508 0.00667303 0.0405385 0.0159283
9.32385e-10 0.154878 0.0267897 0.0504935 0.00428605 0.0334742 0.0101742
9.34006e-10 0.0987186 0.0134923 0.0404992 0.00251613 0.0262314 0.00600945
9.35626e-10 0.0493472 0.00531827 0.0302241 0.00131544 0.0192694 0.00321618
9.37246e-10 0.017722 0.00155768 0.0204334 0.000588828 0.0130184 0.00151414
9.38867e-10 0.00372379 0.000320539 0.0119143 0.000212049 0.00784203 0.000598579
9.40487e-10 0.000227052 4.98519e-05 0.00537706 5.57487e-05 0.00401405 0.000181854
9.42107e-10 7.0098e-05 6.421e-06 0.00135995 9.86744e-06 0.00171074 3.21031e-05
9.43728e-10 0.00106631 4.67944e-06 0.000158735 2.99031e-06 0.00101595 1.93409e-06
9.45348e-10 0.00618977 9.06711e-05 0.00179433 1.24369e-05 0.00193351 4.23398e-05
9.46968e-10 0.0194886 0.000481504 0.00602367 6.33795e-05 0.00440099 0.000200057
9.48588e-10 0.0409362 0.00152859 0.0123892 0.000218138 0.00830077 0.00059997
9.50209e-10 0.0639615 0.00338496 0.0202941 0.000559079 0.0134669 0.00141694
9.51829e-10 0.0777211 0.00551799 0.0290874 0.00116961 0.0196892 0.00284303
9.53449e-10 0.0732749 0.00666681 0.0381416 0.00211749 0.0267182 0.00505613
9.5507e-10 0.0502459 0.00571229 0.0469138 0.00344337 0.0342726 0.00819484
9.5669e-10 0.0197642 0.00317771 0.0549814 0.00515569 0.0420525 0.0123424
9.5831e-10 0.0011623 0.00229892 0.0620567 0.00723158 0.0497564 0.0175202
9.59931e-10 0.0132755 0.00850726 0.0679806 0.00962219 0.0571 0.0236901
9.61551e-10 0.0644439 0.0269919 0.0727048 0.0122605 0.0638343 0.0307624
9.63171e-10 0.146457 0.059294 0.0762666 0.0150699 0.069759 0.0386082
9.64792e-10 0.235958 0.100797 0.0787634 0.0179719 0.0747317 0.0470722
9.66412e-10 0.303126 0.140869 0.0803283 0.0208921 0.0786695 0.0559855
9.68032e-10 0.323847 0.166247 0.0811111 0.0237649 0.0815462 0.0651759
9.69653e-10 0.289865 0.166567 0.0812637 0.0265356 0.0833848 0.0744765
9.71273e-10 0.21249 0.139706 0.0809299 0.0291611 0.0842486 0.0837313
9.72893e-10 0.118399 0.0943445 0.0802396 0.0316101 0.08423 0.0927986
9.74514e-10 0.0395599 0.0481788 0.079306 0.0338613 0.083441 0.101553
9.76134e-10 0.00154371 0.022046 0.0782247 0.0359026 0.082004 0.109887
9.77754e-10 0.0148229 0.0320079 0.0770746 0.0377286 0.0800446 0.117707
9.79375e-10 0.0720387 0.0824946 0.0759192 0.0393395 0.0776855 0.124936
9.80995e-10 0.151696 0.163371 0.0748087 0.0407394 0.0750434 0.131509
9.82615e-10 0.226353 0.252375 0.0737819 0.0419347 0.0722255 0.137376
9.84236e-10 0.272014 0.322322 0.0728682 0.0429333 0.0693286 0.142494
9.85856e-10 0.27546 0.350582 0.0720893 0.0437433 0.0664384 0.146831
9.87476e-10 0.237386 0.327375 0.0714605 0.0443727 0.0636296 0.150362
9.89097e-10 0.170899 0.259765 0.0709922 0.0448289 0.0609661 0.15307
9.90717e-10 0.0964809 0.169754 0.0706908 0.0451178 0.058502 0.154942
9.92337e-10 0.0354024 0.0870328 0.0705589 0.0452443 0.0562818 0.155972
9.93957e-10 0.00371667 0.0389078 0.0705967 0.0452117 0.0543415 0.15616
9.95578e-10 0.00838427 0.040971 0.0708012 0.0450217 0.0527087 0.155509
9.97198e-10 0.0462145 0.0918321 0.0711674 0.0446748 0.0514029 0.154029
