2e-10 0.000315614 1.21495e-07 0.000240104 6.42786e-08 1.77609e-05 1.63118e-08
2.0162e-10 0.000270572 1.06364e-07 0.000218386 6.50108e-08 2.89411e-06 1.57922e-08
2.03241e-10 0.000117137 3.69474e-08 0.000401351 1.13233e-07 0.000114303 2.60535e-07
2.04861e-10 0.002485 1.36329e-05 0.00120936 3.95183e-06 0.000317827 2.90932e-06
2.06481e-10 0.00304659 8.6698e-06 0.00279125 1.56745e-05 0.000371139 5.33979e-06
2.08102e-10 0.00283393 1.91925e-05 0.00487261 1.93579e-05 0.000325184 4.87143e-06
2.09722e-10 0.0079834 1.33603e-05 0.00626709 8.00044e-06 0.000401892 1.5326e-06
2.11342e-10 0.00935233 1.85967e-05 0.00614034 9.51725e-06 0.000481028 1.55959e-06
2.12963e-10 0.00255013 7.72882e-06 0.00436237 1.92063e-05 0.000379337 5.55238e-06
2.14583e-10 0.00254248 1.71578e-05 0.00234632 1.27077e-05 0.000212634 4.71179e-06
2.16203e-10 0.00143537 7.43391e-06 0.00084745 2.5098e-06 0.000120551 1.49842e-06
2.17824e-10 6.19995e-05 3.39937e-08 0.000250294 3.23639e-08 6.37351e-05 1.27813e-07
2.19444e-10 0.000240859 2.72462e-08 0.000177958 3.32589e-08 9.06095e-06 7.32974e-10
2.21064e-10 0.000194833 2.85139e-08 0.000173734 3.39971e-08 1.15352e-05 5.6294e-10
2.22684e-10 0.000304987 9.39127e-08 0.000103057 2.82115e-08 5.3544e-05 2.13793e-08
2.24305e-10 9.9403e-05 1.40539e-08 4.70122e-05 1.00614e-09 5.47499e-05 1.21075e-08
2.25925e-10 5.53702e-06 2.09548e-09 4.30246e-05 2.0327e-09 1.77103e-05 1.29583e-10
2.27545e-10 2.60317e-05 7.46161e-10 4.71602e-05 1.27674e-09 3.4348e-06 8.77684e-11
2.29166e-10 1.81576e-06 4.61916e-10 3.04062e-05 2.66021e-09 1.76284e-05 9.45438e-10
2.30786e-10 1.45933e-05 2.96087e-10 1.12273e-05 5.21692e-10 2.34357e-05 1.26892e-09
2.32406e-10 3.32186e-05 4.77904e-10 8.06531e-06 9.83308e-11 1.335e-05 1.7749e-10
2.34027e-10 3.17136e-05 1.47223e-10 1.30473e-05 6.80388e-11 5.05351e-06 1.53525e-11
2.35647e-10 2.64648e-05 2.88906e-10 1.28469e-05 1.01436e-10 3.86558e-06 6.70813e-11
2.37267e-10 1.71582e-05 8.72744e-10 6.99603e-06 2.85463e-10 3.50226e-06 1.79685e-10
2.38888e-10 5.55149e-06 2.76609e-10 1.64394e-06 8.95816e-11 1.58722e-06 5.40899e-11
2.40508e-10 5.30429e-06 4.01013e-10 1.19757e-06 1.01474e-10 1.56057e-06 9.94525e-11
2.42128e-10 3.68987e-05 2.74963e-09 8.64206e-06 6.28852e-10 1.08928e-05 7.50197e-10
2.43749e-10 9.95846e-05 2.67962e-09 2.19948e-05 5.75706e-10 3.19828e-05 7.98977e-10
2.45369e-10 0.000135443 5.04349e-10 2.89675e-05 4.93391e-11 4.61903e-05 2.38244e-10
2.46989e-10 8.78088e-05 4.13572e-09 1.88825e-05 8.06613e-10 2.92554e-05 1.30735e-09
2.4861e-10 1.23024e-05 3.63468e-09 5.86827e-06 4.04351e-10 1.57602e-06 2.02401e-09
2.5023e-10 1.33917e-05 1.20662e-08 2.50917e-05 5.37378e-09 3.18892e-05 9.42849e-09
2.5185e-10 5.85666e-05 1.78178e-08 8.82325e-05 1.4856e-08 0.000147353 2.69517e-08
2.53471e-10 4.80983e-05 1.78581e-08 0.000148324 1.10282e-08 0.000257064 4.03667e-08
2.55091e-10 1.59487e-05 2.16249e-08 0.00013752 1.44717e-08 0.000232211 4.16018e-08
2.56711e-10 7.58502e-06 6.95978e-09 6.19707e-05 1.38326e-08 9.11306e-05 3.38988e-08
2.58332e-10 0.000162248 9.3361e-08 4.42746e-05 1.37204e-08 4.96051e-05 6.32869e-08
2.59952e-10 0.00105653 9.12792e-07 0.000224495 1.82976e-07 0.000307513 2.93968e-07
2.61572e-10 0.00256108 2.57521e-06 0.000580667 4.22735e-07 0.000771867 9.49552e-07
2.63193e-10 0.00291587 3.33428e-06 0.00085737 4.4197e-07 0.00106437 1.61053e-06
2.64813e-10 0.00167572 2.95778e-06 0.000755211 5.0841e-07 0.000899357 1.37009e-06
2.66433e-10 0.000838806 1.18502e-06 0.000338499 3.42886e-07 0.000506561 8.23907e-07
2.68053e-10 0.0019209 3.15304e-06 0.00034143 7.55763e-07 0.000662192 2.22307e-06
2.69674e-10 0.00823383 6.96794e-05 0.0019867 1.50717e-05 0.00217429 2.01557e-05
2.71294e-10 0.0181122 0.000313123 0.00636589 7.52377e-05 0.00513155 0.00011752
2.72914e-10 0.0143662 0.000432676 0.0138143 0.000213815 0.00859044 0.000401459
2.74535e-10 0.00235561 0.000111051 0.023376 0.000439906 0.0111484 0.000900103
2.76155e-10 0.0263104 0.000843669 0.0324635 0.000722378 0.0119318 0.00144418
2.77775e-10 0.076843 0.00383958 0.037731 0.000973661 0.0110332 0.00176135
2.79396e-10 0.0793977 0.00548153 0.0373892 0.00107614 0.00914634 0.00170231
2.81016e-10 0.0324269 0.00297349 0.0325291 0.000970321 0.00699787 0.00133595
2.82636e-10 0.00787514 0.000312523 0.0255788 0.000709941 0.00507085 0.00085746
2.84257e-10 0.0181557 0.000149074 0.0180847 0.000414446 0.00358961 0.000445151
2.85877e-10 0.0226004 0.000458603 0.010776 0.000183315 0.00256368 0.000179669
2.87497e-10 0.0109001 0.000207978 0.00476928 5.37341e-05 0.0018466 5.03028e-05
2.89118e-10 0.00181147 1.5378e-05 0.00128813 6.82709e-06 0.00126228 6.6059e-06
2.90738e-10 0.000467803 1.28827e-06 0.000495796 3.05356e-07 0.000739264 3.44442e-07
2.92358e-10 0.000359153 5.51416e-07 0.0013619 3.4044e-06 0.000323323 2.19755e-06
2.93979e-10 0.00236391 2.75549e-06 0.00252568 6.16553e-06 7.95064e-05 2.42252e-06
2.95599e-10 0.00313774 9.33284e-06 0.00304616 7.35289e-06 1.11015e-05 1.82337e-06
2.97219e-10 0.00337065 1.36616e-05 0.00267328 6.356e-06 5.63909e-05 1.76067e-06
2.9884e-10 0.00229389 8.89489e-06 0.00172573 3.70402e-06 0.000130109 1.50461e-06
3.0046e-10 0.000239778 8.73617e-07 0.000757015 1.21402e-06 0.000167121 6.70346e-07
3.0208e-10 0.000245109 3.8358e-08 0.000225351 8.49924e-08 0.000147978 5.38948e-08
3.03701e-10 0.000594237 3.11589e-07 0.000273672 1.55688e-07 9.61652e-05 6.90677e-08
3.05321e-10 0.000910218 1.69726e-06 0.00072865 7.88608e-07 5.02143e-05 2.15728e-07
3.06941e-10 0.000973324 1.10738e-06 0.00125024 1.52866e-06 3.30031e-05 1.25666e-07
3.08562e-10 0.00206049 1.73723e-06 0.0015346 1.98562e-06 4.10187e-05 8.51804e-09
3.10182e-10 0.000975518 1.24472e-06 0.00144819 1.85245e-06 5.52892e-05 6.34767e-08
3.11802e-10 0.00135087 1.74837e-06 0.00106161 1.21713e-06 5.89216e-05 1.54113e-07
3.13422e-10 0.000721551 9.89927e-07 0.000579281 5.12457e-07 4.76062e-05 1.2337e-07
3.15043e-10 0.000104612 3.13019e-08 0.000224115 9.03256e-08 2.94147e-05 3.41636e-08
3.16663e-10 0.000228045 2.67703e-08 0.000137321 6.4567e-09 1.72391e-05 6.93455e-09
3.18283e-10 0.00031286 2.50479e-07 0.00032155 1.75758e-07 1.96176e-05 3.52521e-08
3.19904e-10 0.000601879 2.71631e-07 0.000659992 5.23201e-07 3.54211e-05 4.95619e-08
3.21524e-10 0.00139303 1.3405e-06 0.000983813 9.25371e-07 5.51545e-05 3.96034e-08
3.23144e-10 0.000662881 8.21007e-07 0.00114632 1.16548e-06 6.72631e-05 3.91007e-08
3.24765e-10 0.00162981 1.45851e-06 0.00108735 1.08311e-06 6.48721e-05 5.32093e-08
3.26385e-10 0.000685557 7.36054e-07 0.000841231 7.3715e-07 4.89696e-05 5.66814e-08
3.28005e-10 0.000522601 2.52112e-07 0.000516724 3.47227e-07 2.69915e-05 3.90898e-08
3.29626e-10 0.000321184 1.85488e-07 0.000246944 9.03277e-08 8.46026e-06 1.69912e-08
3.31246e-10 0.000120655 1.9522e-08 0.000132973 3.58781e-09 3.38833e-07 7.70755e-09
3.32866e-10 0.000236544 1.11183e-07 0.000211647 6.14455e-08 4.26956e-06 1.20847e-08
3.34487e-10 0.000317524 1.29987e-07 0.000445782 2.62838e-07 1.66023e-05 2.3254e-08
3.36107e-10 0.00107736 8.82627e-07 0.000744454 5.95531e-07 3.07409e-05 3.75357e-08
3.37727e-10 0.00066717 7.6618e-07 0.000996542 9.51799e-07 4.0382e-05 5.18541e-08
3.39348e-10 0.0014559 1.29017e-06 0.00111697 1.14967e-06 4.20649e-05 5.93897e-08
3.40968e-10 0.000971825 1.25554e-06 0.00106633 1.07081e-06 3.60625e-05 5.46583e-08
3.42588e-10 0.000859707 5.67059e-07 0.000865958 7.65378e-07 2.5577e-05 4.03378e-08
3.44209e-10 0.000717742 6.24763e-07 0.000588291 4.05373e-07 1.49226e-05 2.50435e-08
3.45829e-10 0.000235302 7.20494e-08 0.000327072 1.418e-07 7.62484e-06 1.52241e-08
3.47449e-10 0.000200532 3.64145e-08 0.000173958 2.05728e-08 5.19063e-06 1.17235e-08
3.4907e-10 0.000256106 7.36314e-08 0.000185436 2.83641e-08 6.90018e-06 1.3387e-08
3.5069e-10 0.000266809 1.72388e-07 0.00036762 1.83855e-07 1.05252e-05 2.04381e-08
3.5231e-10 0.000794653 5.44734e-07 0.000676555 5.43801e-07 1.35398e-05 3.24367e-08
3.53931e-10 0.000989422 1.33608e-06 0.00102744 1.10294e-06 1.42614e-05 4.48547e-08
3.55551e-10 0.00131618 1.35524e-06 0.00132577 1.70364e-06 1.24739e-05 5.09628e-08
3.57171e-10 0.00159275 2.68751e-06 0.00148777 2.08082e-06 9.35732e-06 4.82008e-08
3.58791e-10 0.00131988 1.50003e-06 0.00146481 2.03463e-06 6.85316e-06 4.11091e-08
3.60412e-10 0.00145387 2.07158e-06 0.00126428 1.58413e-06 6.7779e-06 3.62788e-08
3.62032e-10 0.000761352 7.24895e-07 0.000935466 9.56956e-07 1.00399e-05 3.4864e-08
3.63652e-10 0.000745119 5.66785e-07 0.000576483 4.18978e-07 1.62283e-05 3.22585e-08
3.65273e-10 0.000236701 9.81676e-08 0.000297456 1.04203e-07 2.37021e-05 2.65991e-08
3.66893e-10 0.000216415 1.03532e-08 0.000201294 1.12123e-08 3.01445e-05 2.61478e-08
3.68513e-10 0.000513012 3.83446e-07 0.000352793 1.68788e-07 3.33976e-05 4.42134e-08
3.70134e-10 0.000579194 3.64345e-07 0.000760036 7.86137e-07 3.22833e-05 8.30613e-08
3.71754e-10 0.00162256 3.33055e-06 0.0013667 2.17878e-06 2.71016e-05 1.2306e-07
3.73374e-10 0.00193873 3.04892e-06 0.00206067 4.45195e-06 1.96102e-05 1.3291e-07
3.74995e-10 0.00268059 8.95356e-06 0.00270374 7.18088e-06 1.24955e-05 9.76802e-08
3.76615e-10 0.00338643 8.22673e-06 0.00314087 9.41506e-06 8.55503e-06 4.03038e-08
3.78235e-10 0.00292554 1.05452e-05 0.00327416 1.01321e-05 9.91324e-06 1.15054e-08
3.79856e-10 0.00336585 9.20453e-06 0.00303344 8.89539e-06 1.75406e-05 4.80312e-08
3.81476e-10 0.00238761 5.97704e-06 0.00246269 6.2223e-06 3.11933e-05 1.30885e-07
3.83096e-10 0.00157183 3.58074e-06 0.00167413 3.29584e-06 4.97323e-05 1.86686e-07
3.84717e-10 0.00124538 1.45847e-06 0.000882087 1.161e-06 7.16961e-05 1.51638e-07
3.86337e-10 0.000231536 5.70637e-08 0.000362317 1.24019e-07 9.60115e-05 6.84908e-08
3.87957e-10 0.00064457 3.95424e-08 0.00041698 2.52049e-07 0.000122751 1.43885e-07
3.89578e-10 0.00117442 5.83164e-06 0.00131291 3.33268e-06 0.00015383 6.95501e-07
3.91198e-10 0.00456306 1.48011e-05 0.00325845 1.55501e-05 0.000193421 1.98417e-06
3.92818e-10 0.00404024 4.85576e-05 0.00620809 4.91408e-05 0.000247788 4.02376e-06
3.94439e-10 0.0139879 0.000160966 0.0102668 0.000121217 0.00032426 6.51291e-06
3.96059e-10 0.012479 0.0001714 0.0147592 0.000249115 0.000429379 8.97246e-06
3.97679e-10 0.0202493 0.000592209 0.0200143 0.000443512 0.00056668 1.10249e-05
3.993e-10 0.0308368 0.000586876 0.024741 0.00070203 0.000734846 1.26325e-05
4.0092e-10 0.0204784 0.00103043 0.0296278 0.00100619 0.000926936 1.41278e-05
4.0254e-10 0.0460863 0.0015269 0.0334106 0.00132323 0.00113098 1.60103e-05
4.0416e-10 0.0300372 0.00128636 0.0366084 0.0016124 0.00133172 1.86415e-05
4.05781e-10 0.0397482 0.00217501 0.038779 0.00183356 0.00151283 2.20162e-05
4.07401e-10 0.0516106 0.00190737 0.0398036 0.00195568 0.00165921 2.57207e-05
4.09021e-10 0.0254402 0.00173027 0.0399474 0.00196289 0.00175865 2.90731e-05
4.10642e-10 0.0561574 0.0023561 0.0390566 0.00185704 0.00180305 3.13557e-05
4.12262e-10 0.0313763 0.00128281 0.0369674 0.00165647 0.00178888 3.20332e-05
4.13882e-10 0.032839 0.00155669 0.0346077 0.00139156 0.0017173 3.08867e-05
4.15503e-10 0.0435179 0.00127103 0.030664 0.00109832 0.00159382 2.80423e-05
4.17123e-10 0.0161975 0.00057687 0.0271738 0.000811368 0.00142777 2.39122e-05
4.18743e-10 0.0306803 0.00076803 0.0224215 0.000558043 0.00123133 1.90819e-05
4.20364e-10 0.0195397 0.000313952 0.0183315 0.00035479 0.0010185 1.41775e-05
4.21984e-10 0.00992494 0.000181732 0.0139423 0.000206519 0.000803694 9.73996e-06
4.23604e-10 0.0157246 0.00016288 0.0101802 0.000108633 0.000600457 6.13246e-06
4.25225e-10 0.005047 3.01775e-05 0.00691941 5.07051e-05 0.000420071 3.49952e-06
4.26845e-10 0.00439901 2.57238e-05 0.00431377 2.04534e-05 0.000270533 1.78582e-06
4.28465e-10 0.00358041 1.01299e-05 0.0024304 6.85377e-06 0.00015593 8.02851e-07
4.30086e-10 0.000665026 6.23299e-07 0.00116706 1.79408e-06 7.63905e-05 3.14473e-07
4.31706e-10 0.000573295 7.25231e-07 0.000460087 3.31037e-07 2.85985e-05 1.08926e-07
4.33326e-10 0.000211056 6.23625e-08 0.0001657 3.34621e-08 6.75498e-06 3.70595e-08
4.34947e-10 0.000115206 4.26084e-08 0.000154001 1.02515e-08 3.76737e-06 1.57542e-08
4.36567e-10 0.0004312 7.61657e-08 0.000300279 7.00191e-08 1.24259e-05 9.87836e-09
4.38187e-10 0.000440509 1.36453e-07 0.000505796 2.06687e-07 2.63627e-05 9.34162e-09
4.39808e-10 0.00057107 5.02194e-07 0.000698831 3.93591e-07 4.06747e-05 1.22547e-08
4.41428e-10 0.00130746 6.56495e-07 0.000839326 5.65207e-07 5.21804e-05 1.7137e-08
4.43048e-10 0.000656582 4.4573e-07 0.000910239 6.62146e-07 5.9355e-05 2.16357e-08
4.44669e-10 0.000875879 8.3726e-07 0.000914988 6.64251e-07 6.2032e-05 2.37669e-08
4.46289e-10 0.00135462 7.01874e-07 0.000868603 5.90934e-07 6.09751e-05 2.29329e-08
4.47909e-10 0.000492557 3.07781e-07 0.000791476 4.80705e-07 5.74192e-05 1.98715e-08
4.49529e-10 0.000756483 4.86545e-07 0.000703204 3.69335e-07 5.26619e-05 1.59236e-08
4.5115e-10 0.000957413 3.24014e-07 0.000619997 2.78239e-07 4.7761e-05 1.22843e-08
4.5277e-10 0.000314755 1.3615e-07 0.000550204 2.1384e-07 4.33654e-05 9.6139e-09
4.5439e-10 0.000563681 2.36079e-07 0.000496702 1.72677e-07 3.96804e-05 8.01408e-09
4.56011e-10 0.000700925 1.6545e-07 0.000455763 1.46964e-07 3.65456e-05 7.2007e-09
4.57631e-10 0.000237019 8.01758e-08 0.000420913 1.28339e-07 3.35853e-05 6.72159e-09
4.59251e-10 0.000437012 1.56472e-07 0.000384478 1.10066e-07 3.03887e-05 6.15338e-09
4.60872e-10 0.000522794 1.01634e-07 0.000340666 8.85209e-08 2.66748e-05 5.25153e-09
4.62492e-10 0.000164437 3.73448e-08 0.000287014 6.3911e-08 2.24072e-05 4.02025e-09
4.64112e-10 0.000251893 5.65828e-08 0.00022546 3.96063e-08 1.78415e-05 2.66884e-09
4.65733e-10 0.000254513 2.53875e-08 0.000162419 1.9898e-08 1.34966e-05 1.46894e-09
4.67353e-10 5.98607e-05 3.72715e-09 0.000107399 7.30772e-09 1.00643e-05 6.02449e-10
4.68973e-10 7.65823e-05 1.29526e-09 7.17702e-05 1.40376e-09 8.27415e-06 1.24006e-10
4.70594e-10 0.000121604 2.01168e-10 6.62275e-05 5.38667e-10 8.74437e-06 1.0545e-10
4.72214e-10 7.42664e-05 2.75562e-09 9.88975e-05 6.02178e-09 1.18451e-05 8.97308e-10
4.73834e-10 0.000125845 4.01093e-08 0.000173524 2.61415e-08 1.76012e-05 3.31799e-09
4.75455e-10 0.000481289 1.1671e-07 0.000288013 7.6645e-08 2.56507e-05 8.5605e-09
4.77075e-10 0.000423428 8.70489e-08 0.000434746 1.75627e-07 3.52678e-05 1.77312e-08
4.78695e-10 0.000372759 3.78132e-07 0.000600752 3.3382e-07 4.54459e-05 3.11553e-08
4.80316e-10 0.00116813 8.83251e-07 0.000768111 5.44459e-07 5.50274e-05 4.77761e-08
4.81936e-10 0.00107044 5.11633e-07 0.000919585 7.78252e-07 6.28599e-05 6.50156e-08
4.83556e-10 0.00058363 8.69607e-07 0.00103587 9.87577e-07 6.79552e-05 7.92999e-08
4.85177e-10 0.00147152 1.83192e-06 0.00110067 1.12005e-06 6.96276e-05 8.71463e-08
4.86797e-10 0.00149423 9.80402e-07 0.00110687 1.13694e-06 6.75937e-05 8.64092e-08
4.88417e-10 0.000616724 7.04045e-07 0.00104781 1.02896e-06 6.20199e-05 7.71466e-08
4.90038e-10 0.00103167 1.29592e-06 0.000928656 8.21901e-07 5.35136e-05 6.16858e-08
4.91658e-10 0.00112661 6.20982e-07 0.000762823 5.68723e-07 4.30594e-05 4.3806e-08
4.93278e-10 0.00039254 1.80485e-07 0.000566748 3.30329e-07 3.19088e-05 2.73593e-08
4.94898e-10 0.000339502 2.35142e-07 0.000365904 1.52885e-07 2.14365e-05 1.49409e-08
4.96519e-10 0.000296227 7.37677e-08 0.000187186 5.20315e-08 1.29805e-05 7.23717e-09
4.98139e-10 3.25616e-05 2.80436e-09 5.73601e-05 1.22944e-08 7.68432e-06 3.40315e-09
4.99759e-10 8.41854e-06 4.82237e-09 9.22306e-07 3.80465e-09 6.36083e-06 2.34356e-09
5.0138e-10 2.26333e-05 2.63865e-08 3.61978e-05 1.04599e-08 9.39417e-06 4.31417e-09
5.03e-10 0.000296996 8.9061e-08 0.000173272 5.72168e-08 1.66919e-05 1.20266e-08
5.0462e-10 0.000371318 8.9054e-08 0.00041247 2.22462e-07 2.7694e-05 3.05688e-08
5.06241e-10 0.000512435 7.69112e-07 0.000744486 6.25728e-07 4.14366e-05 6.5918e-08
5.07861e-10 0.00162871 2.24276e-06 0.00114697 1.39023e-06 5.66623e-05 1.22441e-07
5.09481e-10 0.00186811 1.79157e-06 0.00159375 2.59049e-06 7.19615e-05 2.00288e-07
5.11102e-10 0.00130091 3.36693e-06 0.00205459 4.20314e-06 8.59266e-05 2.93759e-07
5.12722e-10 0.00277906 9.44481e-06 0.00248105 6.08084e-06 9.72999e-05 3.9145e-07
5.14342e-10 0.00393974 8.50885e-06 0.00284711 7.96312e-06 0.000105098 4.78382e-07
5.15963e-10 0.00250756 5.65299e-06 0.00312718 9.52667e-06 0.000108703 5.39575e-07
5.17583e-10 0.00263958 1.32601e-05 0.00327182 1.04636e-05 0.000107907 5.63985e-07
5.19203e-10 0.00443433 1.47228e-05 0.00328396 1.05657e-05 0.000102923 5.47515e-07
5.20824e-10 0.00350531 6.65748e-06 0.00316437 9.78821e-06 9.43457e-05 4.941e-07
5.22444e-10 0.00199676 7.41385e-06 0.00289447 8.27111e-06 8.3087e-05 4.1449e-07
5.24064e-10 0.00277629 9.47437e-06 0.00251176 6.30766e-06 7.02832e-05 3.23112e-07
5.25685e-10 0.00271243 4.13837e-06 0.0020495 4.2665e-06 5.7185e-05 2.34075e-07
5.27305e-10 0.00121562 1.52931e-06 0.00153447 2.48952e-06 4.50399e-05 1.57681e-07
5.28925e-10 0.000883832 1.77323e-06 0.00102418 1.19833e-06 3.49759e-05 9.86564e-08
5.30546e-10 0.000850507 6.57056e-07 0.000571259 4.42449e-07 2.78955e-05 5.67492e-08
5.32166e-10 0.000193877 3.29494e-08 0.00022495 1.12369e-07 2.43908e-05 2.94598e-08
5.33786e-10 3.64959e-05 1.54269e-08 3.50435e-05 1.98773e-08 2.46879e-05 1.58552e-08
5.35407e-10 4.40308e-05 3.54967e-08 4.01565e-05 2.47783e-08 2.8628e-05 1.98954e-08
5.37027e-10 0.000202003 3.83162e-07 0.00026604 1.66796e-07 3.56899e-05 5.174e-08
5.38647e-10 0.00111892 1.1096e-06 0.00072089 7.53203e-07 4.50516e-05 1.26145e-07
5.40267e-10 0.00142971 1.09703e-06 0.00139579 2.36044e-06 5.56858e-05 2.58102e-07
5.41888e-10 0.00158192 5.97346e-06 0.00227206 5.73118e-06 6.64764e-05 4.56976e-07
5.43508e-10 0.00375033 1.8061e-05 0.00329353 1.15808e-05 7.63426e-05 7.21098e-07
5.45128e-10 0.00553438 1.93478e-05 0.00439781 2.0358e-05 8.43528e-05 1.03481e-06
5.46749e-10 0.00479889 2.09839e-05 0.00556692 3.20257e-05 8.98164e-05 1.36929e-06
5.48369e-10 0.00564625 5.57747e-05 0.00669279 4.59273e-05 9.2343e-05 1.68728e-06
5.49989e-10 0.00902988 8.06787e-05 0.00766046 6.07895e-05 9.18646e-05 1.95055e-06
5.5161e-10 0.00959221 6.03205e-05 0.00852097 7.48759e-05 8.86241e-05 2.12815e-06
5.5323e-10 0.00773638 7.01032e-05 0.00918611 8.62723e-05 8.31338e-05 2.20309e-06
5.5485e-10 0.00891129 0.00011883 0.00949154 9.32471e-05 7.61151e-05 2.17554e-06
5.56471e-10 0.0111713 0.000109514 0.00954846 9.46099e-05 6.84249e-05 2.06172e-06
5.58091e-10 0.00965662 6.73049e-05 0.0093684 8.99869e-05 6.09787e-05 1.88877e-06
5.59711e-10 0.00746788 7.71032e-05 0.00880045 7.99431e-05 5.46738e-05 1.68695e-06
5.61332e-10 0.00820063 8.71361e-05 0.00795605 6.59113e-05 5.03171e-05 1.48138e-06
5.62952e-10 0.00809404 4.94375e-05 0.00694569 4.99272e-05 4.85574e-05 1.28589e-06
5.64572e-10 0.00526159 2.34611e-05 0.00572137 3.42171e-05 4.98256e-05 1.10088e-06
5.66193e-10 0.00366704 2.50339e-05 0.00438484 2.07246e-05 5.42838e-05 9.1647e-07
5.67813e-10 0.00377108 1.62413e-05 0.00308439 1.06941e-05 6.1789e-05 7.20617e-07
5.69433e-10 0.00241003 3.23813e-06 0.0018878 4.4329e-06 7.18765e-05 5.10104e-07
5.71054e-10 0.000516808 6.14976e-07 0.000903174 1.34448e-06 8.3772e-05 3.01095e-07
5.72674e-10 0.00024068 5.59047e-07 0.000252919 2.68717e-07 9.64383e-05 1.35051e-07
5.74294e-10 0.000198629 2.53619e-07 2.7515e-05 7.61281e-08 0.000108659 7.65023e-08
5.75915e-10 9.84567e-05 1.07807e-06 0.000299401 3.77912e-07 0.000119159 2.01105e-07
5.77535e-10 0.00170391 4.09647e-06 0.00111095 2.14971e-06 0.000126745 5.75546e-07
5.79155e-10 0.00347554 4.5566e-06 0.00245624 8.05558e-06 0.000130452 1.23411e-06
5.80776e-10 0.00357636 1.49585e-05 0.00432359 2.23122e-05 0.000129677 2.15891e-06
5.82396e-10 0.00524806 7.13623e-05 0.00667463 5.00442e-05 0.000124264 3.27091e-06
5.84016e-10 0.0103154 0.000131021 0.00929472 9.62191e-05 0.000114533 4.4363e-06
5.85636e-10 0.0142545 0.000131027 0.0120715 0.000164378 0.000101252 5.48854e-06
5.87257e-10 0.0147461 0.000198378 0.0151384 0.000255442 8.55358e-05 6.26165e-06
5.88877e-10 0.0159974 0.000430025 0.0181607 0.000366886 6.87195e-05 6.6266e-06
5.90497e-10 0.0204 0.000594697 0.0206592 0.00049248 5.22038e-05 6.52202e-06
5.92118e-10 0.0247777 0.000567116 0.0230203 0.000622686 3.73157e-05 5.97151e-06
5.93738e-10 0.0264072 0.000643221 0.0253681 0.000745673 2.51998e-05 5.08397e-06
5.95358e-10 0.0262801 0.000911003 0.0268706 0.000848802 1.67559e-05 4.03685e-06
5.96979e-10 0.0264048 0.00101171 0.0275694 0.000920343 1.26269e-05 3.04595e-06
5.98599e-10 0.0274295 0.0008909 0.0281784 0.000951196 1.32323e-05 2.32695e-06
6.00219e-10 0.0286953 0.000887387 0.0281773 0.000936366 1.88334e-05 2.05471e-06
6.0184e-10 0.0288549 0.000961611 0.0270421 0.000875965 2.96122e-05 2.32567e-06
6.0346e-10 0.0264529 0.000803115 0.0254927 0.00077557 4.57424e-05 3.12876e-06
6.0508e-10 0.021882 0.00054651 0.02366 0.000645794 6.7429e-05 4.33027e-06
6.06701e-10 0.018552 0.00048287 0.0208982 0.000500994 9.48973e-05 5.67887e-06
6.08321e-10 0.0183828 0.00045857 0.0175229 0.000357183 0.000128317 6.83769e-06
6.09941e-10 0.0173883 0.000268853 0.0141416 0.000229349 0.000167661 7.448e-06
6.11562e-10 0.0116777 8.30581e-05 0.0106146 0.00012864 0.000212513 7.22392e-06
6.13182e-10 0.00496333 4.252e-05 0.00701218 6.00866e-05 0.000261875 6.06591e-06
6.14802e-10 0.00261371 3.85591e-05 0.00386867 2.16619e-05 0.000314021 4.16628e-06
6.16423e-10 0.00270677 1.34157e-05 0.0015234 5.41878e-06 0.000366507 2.06657e-06
6.18043e-10 0.00113099 2.15747e-06 0.000226028 1.02731e-06 0.000416374 6.23154e-07
6.19663e-10 0.000262109 3.71273e-06 0.000275875 1.3332e-06 0.000460601 8.54089e-07
6.21284e-10 0.00383052 1.17253e-05 0.00187701 8.68425e-06 0.00049675 3.67769e-06
6.22904e-10 0.00821619 1.14248e-05 0.00503288 4.00764e-05 0.000523688 9.60438e-06
6.24524e-10 0.00880611 0.000104971 0.00970497 0.000129026 0.000542186 1.84844e-05
6.26145e-10 0.0106013 0.000504221 0.0160084 0.000322716 0.000555186 2.94195e-05
6.27765e-10 0.0211208 0.00097732 0.0232005 0.000674306 0.000567597 4.09028e-05
6.29385e-10 0.0366854 0.00108089 0.0299563 0.00123189 0.000585589 5.11679e-05
6.31005e-10 0.0462818 0.00140384 0.0370921 0.00202681 0.000615518 5.86419e-05
6.32626e-10 0.0455845 0.00301304 0.0457562 0.00306427 0.00066272 6.23509e-05
6.34246e-10 0.0421218 0.00532055 0.0531991 0.00431866 0.000730442 6.21419e-05
6.35866e-10 0.0490532 0.00659701 0.0571817 0.00573429 0.000819148 5.8658e-05
6.37487e-10 0.0692025 0.0067542 0.0609783 0.00723097 0.000926283 5.30982e-05
6.39107e-10 0.0842594 0.00748264 0.0667105 0.00871262 0.00104649 4.68641e-05
6.40727e-10 0.07558 0.00961979 0.0707437 0.0100768 0.00117218 4.1219e-05
6.42348e-10 0.0562872 0.0120879 0.0713746 0.0112234 0.00129427 3.70662e-05
6.43968e-10 0.0579117 0.0133714 0.0720078 0.0120615 0.00140299 3.49027e-05
6.45588e-10 0.0823356 0.0129961 0.0735914 0.0125149 0.00148879 3.49475e-05
6.47209e-10 0.0962668 0.0116975 0.0734327 0.0125266 0.00154329 3.73949e-05
6.48829e-10 0.0807084 0.0106853 0.0720043 0.0120631 0.0015605 4.2699e-05
6.50449e-10 0.0571453 0.0105996 0.071548 0.0111221 0.00153844 5.17447e-05
6.5207e-10 0.0529003 0.0108015 0.0696334 0.00974087 0.00148151 6.57046e-05
6.5369e-10 0.0652248 0.00971705 0.0633445 0.00800789 0.00140332 8.53413e-05
6.5531e-10 0.072891 0.00659478 0.0558385 0.0060708 0.00132969 0.00010959
6.56931e-10 0.0636029 0.00309878 0.0495816 0.00413366 0.00130004 0.000133653
6.58551e-10 0.0404458 0.00154315 0.0405291 0.00242986 0.00136412 0.000147788
6.60171e-10 0.0170826 0.00144723 0.027175 0.00116115 0.00156983 0.000139348
6.61792e-10 0.00760534 0.000918343 0.0142427 0.000413154 0.00193914 0.000101157
6.63412e-10 0.00938886 0.000226552 0.00494684 0.000100139 0.00243627 4.591e-05
6.65032e-10 0.00636245 7.80692e-05 0.000995195 2.89882e-05 0.00294578 1.70202e-05
6.66653e-10 0.0001489 0.000393117 0.00475343 0.000136368 0.00328911 7.73512e-05
6.68273e-10 0.0156109 0.00107338 0.0175596 0.000795027 0.00329735 0.000265705
6.69893e-10 0.0501525 0.0010797 0.0340402 0.00290966 0.00291568 0.000544924
6.71514e-10 0.0656716 0.00541906 0.0438514 0.00756488 0.00226969 0.000794715
6.73134e-10 0.0622177 0.0203948 0.0541842 0.0153175 0.00162771 0.000879321
6.74754e-10 0.0626627 0.0348086 0.0695748 0.0255774 0.00126437 0.000749092
6.76374e-10 0.0513148 0.0386771 0.0666579 0.0365657 0.00131303 0.000487209
6.77995e-10 0.0299033 0.0416435 0.0447531 0.0459852 0.00171078 0.000252952
6.79615e-10 0.0292092 0.0463481 0.0298475 0.0520042 0.00226342 0.000171679
6.81235e-10 0.0390128 0.0472949 0.0233496 0.0539135 0.00276484 0.000267761
6.82856e-10 0.0316215 0.0508917 0.015977 0.0521329 0.00308382 0.000479778
6.84476e-10 0.0131352 0.0579043 0.0108054 0.0477463 0.00318344 0.000719008
6.86096e-10 0.00202369 0.0535633 0.00823578 0.0419673 0.00309382 0.000917013
6.87717e-10 0.00122768 0.0349289 0.00438063 0.0357931 0.00287379 0.0010417
6.89337e-10 0.00400047 0.0198086 0.000939251 0.029886 0.00258279 0.00109082
6.90957e-10 0.00509702 0.0200947 0.000788493 0.0246019 0.00226747 0.00107842
6.92578e-10 0.00348503 0.0264791 0.00201604 0.020076 0.00195881 0.00102358
6.94198e-10 0.00116204 0.0248119 0.00180658 0.016308 0.00167441 0.000943928
6.95818e-10 0.000364581 0.0147199 0.000576499 0.0132285 0.00142225 0.000853073
6.97439e-10 0.00116095 0.00639158 6.39338e-05 0.0107406 0.00120424 0.000760359
6.99059e-10 0.00195461 0.00581423 0.000454785 0.0087441 0.00101885 0.000671545
7.00679e-10 0.00175346 0.00916972 0.000762727 0.00714699 0.000862857 0.000589764
7.023e-10 0.00105686 0.0098677 0.000547869 0.0058702 0.000732452 0.000516384
7.0392e-10 0.000746351 0.00647412 0.000219761 0.00484828 0.000623821 0.000451671
7.0554e-10 0.000940144 0.00265775 0.000169459 0.00402833 0.000533454 0.000395258
7.07161e-10 0.00113941 0.001711 0.000297022 0.00336816 0.000458269 0.000346453
7.08781e-10 0.00102584 0.00311684 0.00033302 0.00283447 0.000395634 0.00030443
7.10401e-10 0.000760468 0.00414126 0.000231799 0.00240108 0.000343347 0.000268347
7.12022e-10 0.000626888 0.00329798 0.00013746 0.00204746 0.000299581 0.000237402
7.13642e-10 0.000662735 0.00154925 0.000136215 0.00175748 0.000262837 0.000210869
7.15262e-10 0.000702007 0.00063951 0.000173278 0.00151849 0.000231886 0.000188104
7.16883e-10 0.000635337 0.00106079 0.00016953 0.00132056 0.000205726 0.000168549
7.18503e-10 0.000517442 0.00183626 0.000125192 0.0011558 0.000183539 0.000151726
7.20123e-10 0.000451009 0.00187697 9.23199e-05 0.00101801 0.000164656 0.000137226
7.21743e-10 0.000452421 0.00113353 9.45331e-05 0.000902231 0.000148532 0.000124706
7.23364e-10 0.00045826 0.000413986 0.000107043 0.000804512 0.00013472 0.000113874
7.24984e-10 0.000421897 0.00035953 0.000101132 0.000721687 0.000122852 0.000104484
7.26604e-10 0.000362866 0.00080887 8.00157e-05 0.000651207 0.000112629 9.63305e-05
7.28225e-10 0.000325942 0.00111724 6.59008e-05 0.000591012 0.000103799 8.924e-05
7.29845e-10 0.000321849 0.000911679 6.77167e-05 0.000539428 9.61589e-05 8.30664e-05
7.31465e-10 0.000322722 0.000428426 7.34236e-05 0.000495092 8.95368e-05 7.76867e-05
7.33086e-10 0.000303676 0.000165483 6.96748e-05 0.000456888 8.37913e-05 7.29974e-05
7.34706e-10 0.000271225 0.000324139 5.83943e-05 0.0004239 7.88043e-05 6.89111e-05
7.36326e-10 0.000248703 0.000643271 5.10558e-05 0.000395372 7.44774e-05 6.53541e-05
7.37947e-10 0.000245052 0.000733375 5.25593e-05 0.00037068 7.07281e-05 6.22643e-05
7.39567e-10 0.000246757 0.000496017 5.63772e-05 0.000349305 6.74877e-05 5.95894e-05
7.41187e-10 0.000237738 0.00018974 5.4596e-05 0.00033082 6.46985e-05 5.72851e-05
7.42808e-10 0.000218771 0.000121527 4.78995e-05 0.000314864 6.23124e-05 5.53145e-05
7.44428e-10 0.000203825 0.000323558 4.33784e-05 0.000301141 6.02894e-05 5.36465e-05
7.46048e-10 0.000201361 0.000545868 4.47962e-05 0.000289403 5.85963e-05 5.22553e-05
7.47669e-10 0.000204836 0.000539318 4.83036e-05 0.000279444 5.72056e-05 5.11198e-05
7.49289e-10 0.000202267 0.000313063 4.80897e-05 0.000271094 5.60953e-05 5.02228e-05
7.50909e-10 0.000191143 0.000106799 4.38253e-05 0.000264212 5.52477e-05 4.95506e-05
7.5253e-10 0.000180454 0.000128505 4.05727e-05 0.000258686 5.46491e-05 4.9093e-05
7.5415e-10 0.000178814 0.000340897 4.20145e-05 0.000254425 5.42895e-05 4.88425e-05
7.5577e-10 0.000184049 0.000510779 4.59093e-05 0.000251359 5.41625e-05 4.87945e-05
7.57391e-10 0.000186458 0.000457117 4.72128e-05 0.000249436 5.42645e-05 4.89471e-05
7.59011e-10 0.000180915 0.000236706 4.45459e-05 0.000248622 5.45953e-05 4.93009e-05
7.60631e-10 0.000172874 8.09362e-05 4.18452e-05 0.000248897 5.51577e-05 4.98591e-05
7.62252e-10 0.000171438 0.000154784 4.33161e-05 0.000250259 5.59575e-05 5.06277e-05
7.63872e-10 0.000178214 0.000386415 4.8106e-05 0.000252718 5.70036e-05 5.16151e-05
7.65492e-10 0.000185376 0.000539846 5.1331e-05 0.000256302 5.83085e-05 5.2833e-05
7.67112e-10 0.000185138 0.000456374 5.02029e-05 0.000261053 5.9888e-05 5.42958e-05
7.68733e-10 0.000179275 0.00022052 4.76886e-05 0.00026703 6.17623e-05 5.60216e-05
7.70353e-10 0.000177262 8.0699e-05 4.90438e-05 0.000274309 6.39555e-05 5.80325e-05
7.71973e-10 0.000185019 0.00019931 5.52532e-05 0.000282988 6.6497e-05 6.03544e-05
7.73594e-10 0.000197456 0.000480652 6.14517e-05 0.000293184 6.94217e-05 6.30187e-05
7.75214e-10 0.000204001 0.000654803 6.2673e-05 0.00030504 7.2771e-05 6.60618e-05
7.76834e-10 0.000201208 0.000545132 6.02926e-05 0.000318728 7.65937e-05 6.95271e-05
7.78455e-10 0.000197717 0.000258423 6.10763e-05 0.00033445 8.09475e-05 7.34652e-05
7.80075e-10 0.000204904 9.90086e-05 6.91988e-05 0.000352449 8.59002e-05 7.79357e-05
7.81695e-10 0.000223173 0.000272853 8.04869e-05 0.000373009 9.15318e-05 8.30084e-05
7.83316e-10 0.000240058 0.000664365 8.65512e-05 0.000396468 9.79362e-05 8.87652e-05
7.84936e-10 0.000243898 0.000920015 8.50892e-05 0.000423226 0.000105225 9.53026e-05
7.86556e-10 0.000238547 0.000786003 8.42184e-05 0.000453755 0.000113529 0.000102734
7.88177e-10 0.000241303 0.000385364 9.41399e-05 0.000488615 0.000123004 0.000111193
7.89797e-10 0.000263879 0.000144711 0.000114296 0.000528472 0.000133836 0.000120838
7.91417e-10 0.000296722 0.00039825 0.000131646 0.000574119 0.000146243 0.000131856
7.93038e-10 0.000316565 0.00102636 0.00013495 0.0006265 0.00016049 0.000144469
7.94658e-10 0.000312619 0.00150297 0.000130519 0.000686749 0.00017689 0.000158942
7.96278e-10 0.000303226 0.0013706 0.000139263 0.000756224 0.000195822 0.000175589
7.97899e-10 0.000320233 0.000732419 0.000173508 0.000836562 0.000217741 0.000194788
7.99519e-10 0.000372521 0.000261093 0.000217913 0.000929737 0.000243197 0.000216988
8.01139e-10 0.000428399 0.000620502 0.000241058 0.00103814 0.000272858 0.000242732
8.0276e-10 0.000443762 0.00177181 0.000232905 0.00116469 0.000307534 0.000272671
8.0438e-10 0.000414128 0.00285121 0.000227601 0.00131293 0.000348216 0.00030759
8.06e-10 0.000393066 0.00287668 0.000275473 0.0014872 0.000396115 0.000348436
8.07621e-10 0.00044367 0.00175613 0.000381426 0.00169283 0.000452718 0.000396354
8.09241e-10 0.00056172 0.000633332 0.000478817 0.00193635 0.000519857 0.000452728
8.10861e-10 0.000656596 0.00103845 0.000490263 0.00222586 0.000599791 0.000519233
8.12481e-10 0.000633663 0.00339215 0.000432969 0.00257135 0.000695316 0.000597891
8.14102e-10 0.000511847 0.00622996 0.000445568 0.00298518 0.000809897 0.00069114
8.15722e-10 0.00044327 0.00717318 0.000658985 0.00348268 0.000947833 0.000801909
8.17342e-10 0.000574472 0.00518315 0.00100752 0.00408288 0.00111446 0.000933699
8.18963e-10 0.000861609 0.00215741 0.00121185 0.00480932 0.00131641 0.00109065
8.20583e-10 0.00104963 0.00196531 0.00105892 0.0056911 0.00156187 0.00127762
8.22203e-10 0.0009005 0.00703889 0.00076104 0.00676396 0.00186097 0.00150015
8.23824e-10 0.000482554 0.0152461 0.000928777 0.0080715 0.00222608 0.00176445
8.25444e-10 0.00019884 0.0204911 0.00194348 0.00966617 0.00267224 0.00207713
8.27064e-10 0.000453663 0.0178451 0.00323955 0.0116098 0.00321733 0.0024447
8.28685e-10 0.00126235 0.00946333 0.0034934 0.0139732 0.00388219 0.00287269
8.30305e-10 0.00221719 0.00515553 0.00208882 0.016833 0.00469013 0.00336411
8.31925e-10 0.00280359 0.014764 0.000589669 0.0202657 0.00566556 0.00391708
8.33546e-10 0.00263439 0.037396 0.00199533 0.0243335 0.00683122 0.00452137
8.35166e-10 0.00153782 0.0582999 0.00729939 0.029062 0.0082029 0.00515395
8.36786e-10 0.00026638 0.0600727 0.0127365 0.0344024 0.00978093 0.00577403
8.38407e-10 0.00196543 0.0409068 0.0125143 0.0401783 0.0115376 0.00631926
8.40027e-10 0.011673 0.0209864 0.00638861 0.0460189 0.0134009 0.00670671
8.41647e-10 0.030393 0.0251801 0.00309528 0.051297 0.0152381 0.00684349
8.43268e-10 0.0479108 0.0559531 0.012214 0.0551109 0.0168474 0.00665243
8.44888e-10 0.0480872 0.0877268 0.0325302 0.0563777 0.0179722 0.00611143
8.46508e-10 0.0296511 0.0931991 0.053119 0.0541062 0.0183548 0.00529045
8.48129e-10 0.0154284 0.0706898 0.065019 0.0478491 0.0178309 0.00435181
8.49749e-10 0.0273043 0.0394703 0.0658849 0.0381658 0.0164327 0.00348283
8.51369e-10 0.059398 0.0164561 0.0583952 0.0267512 0.0144272 0.00278226
8.5299e-10 0.0881718 0.00632301 0.0499285 0.0159393 0.0122232 0.00219746
8.5461e-10 0.094013 0.00477961 0.0433159 0.00771028 0.0101791 0.00160155
8.5623e-10 0.0704821 0.00426061 0.031771 0.00282479 0.0084596 0.000956199
8.5785e-10 0.0324175 0.0019575 0.0149971 0.000705653 0.00707807 0.000382474
8.59471e-10 0.00579768 0.000327994 0.0032886 0.000116607 0.00608269 5.37701e-05
8.61091e-10 0.00328063 5.83084e-05 0.00274274 9.29361e-05 0.00568845 3.62692e-05
8.62711e-10 0.0240132 0.00054682 0.0130788 0.000467764 0.00621186 0.000254652
8.64332e-10 0.0625849 0.0033707 0.030432 0.00172545 0.00786799 0.000597444
8.65952e-10 0.101855 0.00962371 0.0467172 0.00444726 0.010613 0.00102603
8.67572e-10 0.113035 0.0168602 0.0561918 0.00883953 0.0141461 0.0015849
8.69193e-10 0.081127 0.019809 0.060905 0.0146204 0.0180375 0.00233729
8.70813e-10 0.0313541 0.015481 0.0675045 0.0211981 0.0218764 0.00330477
8.72433e-10 0.0165619 0.0103562 0.0800727 0.0279258 0.0253636 0.00445163
8.74054e-10 0.065351 0.0187436 0.0933271 0.0342816 0.0283357 0.00570454
8.75674e-10 0.145867 0.0476021 0.0941992 0.0399355 0.0307443 0.00698128
8.77294e-10 0.190933 0.0833402 0.075743 0.0447377 0.0326185 0.00821178
8.78915e-10 0.161133 0.0993789 0.0492166 0.0486717 0.0340294 0.00934722
8.80535e-10 0.0810307 0.0808542 0.0367784 0.0518023 0.0350641 0.0103603
8.82155e-10 0.0150581 0.0419613 0.0493687 0.0542344 0.0358092 0.0112411
8.83776e-10 0.0105672 0.0168797 0.0737538 0.0560847 0.0363425 0.0119915
8.85396e-10 0.0613321 0.0308126 0.0841726 0.057465 0.0367297 0.0126203
8.87016e-10 0.119036 0.0770305 0.0676181 0.0584733 0.0370232 0.0131396
8.88637e-10 0.136185 0.12082 0.0371956 0.0591907 0.0372641 0.0135622
8.90257e-10 0.101966 0.12757 0.020032 0.0596806 0.037483 0.0138998
8.91877e-10 0.0452079 0.0914547 0.0314636 0.0599901 0.0377019 0.0141624
8.93498e-10 0.00806971 0.0407955 0.0603625 0.0601514 0.0379354 0.0143576
8.95118e-10 0.0144304 0.0156824 0.0794767 0.0601834 0.0381924 0.0144906
8.96738e-10 0.0557186 0.0360762 0.0708912 0.0600938 0.0384762 0.0145643
8.98359e-10 0.100456 0.0860565 0.0427162 0.0598797 0.0387857 0.0145792
8.99979e-10 0.117302 0.12659 0.0215437 0.0595297 0.0391154 0.014534
9.01599e-10 0.0953809 0.126321 0.0278041 0.0590242 0.0394559 0.0144255
9.03219e-10 0.0504016 0.0858077 0.0569164 0.058337 0.0397935 0.0142491
9.0484e-10 0.0144162 0.0362685 0.0836281 0.0574364 0.0401104 0.0139993
9.0646e-10 0.0154348 0.0144795 0.0853781 0.0562863 0.0403844 0.0136699
9.0808e-10 0.0582191 0.0342337 0.0629106 0.0548486 0.0405893 0.0132551
9.09701e-10 0.118288 0.0768883 0.0390975 0.0530856 0.0406943 0.0127497
9.11321e-10 0.155561 0.107568 0.0374523 0.0509628 0.0406651 0.0121503
9.12941e-10 0.141998 0.10291 0.0607606 0.0484532 0.0404638 0.0114561
9.14562e-10 0.0850902 0.0677602 0.0896222 0.0455415 0.0400504 0.0106698
9.16182e-10 0.0272195 0.0285206 0.101292 0.0422296 0.0393846 0.00979881
9.17802e-10 0.016298 0.0105585 0.0900777 0.0385412 0.0384276 0.00885542
9.19423e-10 0.0673494 0.0193405 0.0702922 0.0345262 0.0371455 0.00785746
9.21043e-10 0.146875 0.0397977 0.0608178 0.0302635 0.0355128 0.00682797
9.22663e-10 0.196643 0.0516876 0.0678078 0.0258607 0.033516 0.00579428
9.24284e-10 0.179843 0.045891 0.0816943 0.0214506 0.0311578 0.00478636
9.25904e-10 0.110489 0.0283981 0.0886648 0.0171821 0.0284606 0.00383449
9.27524e-10 0.040008 0.011605 0.0831512 0.013208 0.0254693 0.00296655
9.29145e-10 0.0134472 0.00322849 0.0698587 0.0096684 0.0222519 0.00220519
9.30765e-10 0.0350305 0.00247395 0.0564824 0.00667303 0.0188991 0.00156542
9.32385e-10 0.0719217 0.00415353 0.0465468 0.00428605 0.0155206 0.00105311
9.34006e-10 0.0877758 0.00447399 0.0386565 0.00251613 0.0122401 0.000664687
9.35626e-10 0.0720384 0.00308646 0.0303265 0.00131544 0.00918757 0.000388125
9.37246e-10 0.0406588 0.00139668 0.021062 0.000588828 0.00649147 0.000205164
9.38867e-10 0.0147943 0.000387098 0.0122474 0.000212049 0.00426938 9.4322e-05
9.40487e-10 0.00268057 5.19329e-05 0.00543171 5.57487e-05 0.00262005 3.42469e-05
9.42107e-10 3.22925e-05 1.99861e-06 0.00135325 9.86744e-06 0.00161638 6.89665e-06
9.43728e-10 0.00158904 3.90067e-06 0.000158305 2.99031e-06 0.00130051 8.29212e-08
9.45348e-10 0.00698729 4.16282e-05 0.001817 1.24369e-05 0.00168134 9.03257e-06
9.46968e-10 0.0156681 0.000153157 0.00607214 6.33795e-05 0.00273467 3.67541e-05
9.48588e-10 0.021348 0.00026966 0.0122636 0.000218138 0.00440599 9.31674e-05
9.50209e-10 0.0171102 0.000240584 0.0196155 0.000559079 0.00661557 0.000193151
9.51829e-10 0.0073122 0.000241408 0.0278984 0.00116961 0.00926527 0.000353855
9.53449e-10 0.0106192 0.00125527 0.0375952 0.00211749 0.0122462 0.000591761
9.5507e-10 0.0450698 0.00466967 0.0488383 0.00344337 0.0154468 0.000920004
9.5669e-10 0.106101 0.0105972 0.0598337 0.00515569 0.0187596 0.00134638
9.5831e-10 0.160614 0.0163992 0.0669539 0.00723158 0.022087 0.00187233
9.59931e-10 0.168912 0.0178021 0.0677603 0.00962219 0.0253458 0.00249282
9.61551e-10 0.119674 0.0129075 0.0646811 0.0122605 0.0284685 0.00319715
9.63171e-10 0.0466447 0.00574833 0.0647541 0.0150699 0.031405 0.0039703
9.64792e-10 0.00798098 0.00500085 0.0737452 0.0179719 0.034121 0.00479448
9.66412e-10 0.0413872 0.0172427 0.0893301 0.0208921 0.0365969 0.00565074
9.68032e-10 0.13145 0.0398304 0.100833 0.0237649 0.0388252 0.00652041
9.69653e-10 0.217716 0.0603149 0.0977593 0.0265356 0.0408083 0.00738611
9.71273e-10 0.239003 0.0646269 0.0802851 0.0291611 0.042556 0.0082325
9.72893e-10 0.179573 0.0485351 0.0614128 0.0316101 0.0440834 0.00904669
9.74514e-10 0.0812144 0.0229856 0.0572031 0.0338613 0.0454087 0.00981834
9.76134e-10 0.0124661 0.00785958 0.0727262 0.0359026 0.0465519 0.0105395
9.77754e-10 0.0191274 0.0177373 0.0963298 0.0377286 0.0475335 0.0112046
9.79375e-10 0.0929622 0.0501509 0.108251 0.0393395 0.0483734 0.0118097
9.80995e-10 0.179983 0.0857248 0.0970168 0.0407394 0.0490903 0.0123526
9.82615e-10 0.219905 0.101011 0.0697605 0.0419347 0.0497014 0.0128322
9.84236e-10 0.187212 0.0851912 0.0472641 0.0429333 0.0502219 0.0132483
9.85856e-10 0.105875 0.0485229 0.0473407 0.0437433 0.0506648 0.0136012
9.87476e-10 0.0302071 0.0160413 0.0701428 0.0443727 0.0510411 0.0138915
9.89097e-10 0.00756147 0.0105858 0.0976161 0.0448289 0.0513594 0.0141201
9.90717e-10 0.0486285 0.0369454 0.107753 0.0451178 0.0516263 0.0142876
9.92337e-10 0.123366 0.0782745 0.092181 0.0452443 0.0518459 0.0143947
9.93957e-10 0.182556 0.107371 0.0629047 0.0452117 0.0520207 0.0144418
9.95578e-10 0.189339 0.105045 0.0428089 0.0450217 0.0521508 0.0144291
9.97198e-10 0.140895 0.0729578 0.0475937 0.0446748 0.0522343 0.0143566
