6.9e-10 0.0226129 0.00932596
6.90101e-10 0.02261 0.0095278
6.90203e-10 0.0226084 0.00972808
6.90304e-10 0.022608 0.00992671
6.90405e-10 0.0226083 0.0101236
6.90506e-10 0.0226093 0.0103186
6.90608e-10 0.0226106 0.0105117
6.90709e-10 0.022612 0.0107027
6.9081e-10 0.0226133 0.0108917
6.90911e-10 0.0226143 0.0110784
6.91013e-10 0.0226148 0.0112628
6.91114e-10 0.0226147 0.0114449
6.91215e-10 0.0226137 0.0116245
6.91317e-10 0.0226117 0.0118017
6.91418e-10 0.0226086 0.0119763
6.91519e-10 0.0226043 0.0121483
6.9162e-10 0.0225985 0.0123176
6.91722e-10 0.0225912 0.0124842
6.91823e-10 0.0225823 0.0126481
6.91924e-10 0.0225716 0.0128091
6.92025e-10 0.0225592 0.0129673
6.92127e-10 0.0225448 0.0131225
6.92228e-10 0.0225285 0.0132749
6.92329e-10 0.0225101 0.0134242
6.9243e-10 0.0224896 0.0135706
6.92532e-10 0.022467 0.0137139
6.92633e-10 0.0224421 0.0138542
6.92734e-10 0.022415 0.0139915
6.92836e-10 0.0223856 0.0141256
6.92937e-10 0.0223539 0.0142566
6.93038e-10 0.0223198 0.0143846
6.93139e-10 0.0222834 0.0145094
6.93241e-10 0.0222447 0.014631
6.93342e-10 0.0222035 0.0147495
6.93443e-10 0.02216 0.0148649
6.93544e-10 0.0221141 0.0149771
6.93646e-10 0.0220658 0.0150861
6.93747e-10 0.0220151 0.015192
6.93848e-10 0.0219621 0.0152948
6.9395e-10 0.0219067 0.0153944
6.94051e-10 0.021849 0.0154909
6.94152e-10 0.021789 0.0155842
6.94253e-10 0.0217268 0.0156744
6.94355e-10 0.0216622 0.0157615
6.94456e-10 0.0215955 0.0158456
6.94557e-10 0.0215266 0.0159265
6.94658e-10 0.0214555 0.0160044
6.9476e-10 0.0213823 0.0160793
6.94861e-10 0.021307 0.0161511
6.94962e-10 0.0212296 0.0162199
6.95064e-10 0.0211503 0.0162858
6.95165e-10 0.021069 0.0163486
6.95266e-10 0.0209858 0.0164086
6.95367e-10 0.0209007 0.0164656
6.95469e-10 0.0208138 0.0165198
6.9557e-10 0.0207251 0.016571
6.95671e-10 0.0206347 0.0166195
6.95772e-10 0.0205426 0.0166651
6.95874e-10 0.0204489 0.016708
6.95975e-10 0.0203535 0.0167481
6.96076e-10 0.0202567 0.0167855
6.96177e-10 0.0201584 0.0168202
6.96279e-10 0.0200586 0.0168522
6.9638e-10 0.0199574 0.0168817
6.96481e-10 0.019855 0.0169085
6.96583e-10 0.0197512 0.0169328
6.96684e-10 0.0196462 0.0169545
6.96785e-10 0.01954 0.0169737
6.96886e-10 0.0194327 0.0169905
6.96988e-10 0.0193243 0.0170049
6.97089e-10 0.0192149 0.0170168
6.9719e-10 0.0191045 0.0170264
6.97291e-10 0.0189932 0.0170337
6.97393e-10 0.018881 0.0170387
6.97494e-10 0.0187679 0.0170414
6.97595e-10 0.0186541 0.0170419
6.97697e-10 0.0185395 0.0170402
6.97798e-10 0.0184242 0.0170364
6.97899e-10 0.0183083 0.0170304
6.98e-10 0.0181917 0.0170224
6.98102e-10 0.0180747 0.0170123
6.98203e-10 0.017957 0.0170002
6.98304e-10 0.017839 0.0169862
6.98405e-10 0.0177205 0.0169702
6.98507e-10 0.0176016 0.0169523
6.98608e-10 0.0174823 0.0169325
6.98709e-10 0.0173628 0.0169109
6.9881e-10 0.0172429 0.0168875
6.98912e-10 0.0171229 0.0168624
6.99013e-10 0.0170027 0.0168355
6.99114e-10 0.0168823 0.0168069
6.99216e-10 0.0167617 0.0167766
6.99317e-10 0.0166412 0.0167447
6.99418e-10 0.0165205 0.0167113
6.99519e-10 0.0163999 0.0166762
6.99621e-10 0.0162792 0.0166397
6.99722e-10 0.0161586 0.0166016
6.99823e-10 0.0160381 0.0165621
6.99924e-10 0.0159177 0.0165212
7.00026e-10 0.0157975 0.0164788
7.00127e-10 0.0156774 0.0164351
7.00228e-10 0.0155575 0.0163901
7.0033e-10 0.0154378 0.0163437
7.00431e-10 0.0153184 0.0162961
7.00532e-10 0.0151993 0.0162473
7.00633e-10 0.0150805 0.0161972
7.00735e-10 0.014962 0.016146
7.00836e-10 0.0148438 0.0160936
7.00937e-10 0.014726 0.0160401
7.01038e-10 0.0146087 0.0159855
7.0114e-10 0.0144917 0.0159298
7.01241e-10 0.0143752 0.0158731
7.01342e-10 0.0142591 0.0158154
7.01444e-10 0.0141435 0.0157567
7.01545e-10 0.0140284 0.0156971
7.01646e-10 0.0139138 0.0156366
7.01747e-10 0.0137997 0.0155751
7.01849e-10 0.0136862 0.0155128
7.0195e-10 0.0135732 0.0154496
7.02051e-10 0.0134608 0.0153857
7.02152e-10 0.013349 0.0153209
7.02254e-10 0.0132378 0.0152554
7.02355e-10 0.0131272 0.0151891
7.02456e-10 0.0130172 0.0151221
7.02557e-10 0.0129078 0.0150544
7.02659e-10 0.0127992 0.014986
7.0276e-10 0.0126911 0.014917
7.02861e-10 0.0125838 0.0148474
7.02963e-10 0.0124771 0.0147771
7.03064e-10 0.0123711 0.0147063
7.03165e-10 0.0122658 0.0146349
7.03266e-10 0.0121612 0.014563
7.03368e-10 0.0120573 0.0144906
7.03469e-10 0.0119542 0.0144176
7.0357e-10 0.0118517 0.0143442
7.03671e-10 0.01175 0.0142704
7.03773e-10 0.0116491 0.0141961
7.03874e-10 0.0115489 0.0141214
7.03975e-10 0.0114494 0.0140463
7.04077e-10 0.0113507 0.0139708
7.04178e-10 0.0112527 0.013895
7.04279e-10 0.0111555 0.0138188
7.0438e-10 0.0110591 0.0137423
7.04482e-10 0.0109634 0.0136655
7.04583e-10 0.0108685 0.0135884
7.04684e-10 0.0107743 0.013511
7.04785e-10 0.010681 0.0134334
7.04887e-10 0.0105884 0.0133555
7.04988e-10 0.0104966 0.0132774
7.05089e-10 0.0104055 0.0131991
7.05191e-10 0.0103153 0.0131207
7.05292e-10 0.0102258 0.013042
7.05393e-10 0.0101371 0.0129632
7.05494e-10 0.0100491 0.0128842
7.05596e-10 0.00996196 0.0128051
7.05697e-10 0.00987558 0.0127259
7.05798e-10 0.00978997 0.0126466
7.05899e-10 0.00970513 0.0125671
7.06001e-10 0.00962106 0.0124876
7.06102e-10 0.00953777 0.0124081
7.06203e-10 0.00945524 0.0123285
7.06304e-10 0.00937348 0.0122488
7.06406e-10 0.00929248 0.0121691
7.06507e-10 0.00921224 0.0120894
7.06608e-10 0.00913276 0.0120097
7.0671e-10 0.00905404 0.01193
7.06811e-10 0.00897607 0.0118503
7.06912e-10 0.00889884 0.0117706
7.07013e-10 0.00882237 0.011691
7.07115e-10 0.00874663 0.0116114
7.07216e-10 0.00867164 0.0115319
7.07317e-10 0.00859738 0.0114524
7.07418e-10 0.00852385 0.011373
7.0752e-10 0.00845105 0.0112937
7.07621e-10 0.00837897 0.0112145
7.07722e-10 0.00830761 0.0111354
7.07824e-10 0.00823697 0.0110565
7.07925e-10 0.00816703 0.0109776
7.08026e-10 0.0080978 0.0108989
7.08127e-10 0.00802928 0.0108203
7.08229e-10 0.00796145 0.0107418
7.0833e-10 0.00789431 0.0106635
7.08431e-10 0.00782786 0.0105854
7.08532e-10 0.00776209 0.0105074
7.08634e-10 0.00769699 0.0104296
7.08735e-10 0.00763257 0.010352
7.08836e-10 0.00756882 0.0102746
7.08938e-10 0.00750573 0.0101974
7.09039e-10 0.00744329 0.0101204
7.0914e-10 0.00738151 0.0100435
7.09241e-10 0.00732037 0.00996695
7.09343e-10 0.00725987 0.00989057
7.09444e-10 0.00720001 0.00981442
7.09545e-10 0.00714078 0.0097385
7.09646e-10 0.00708217 0.00966281
7.09748e-10 0.00702418 0.00958737
7.09849e-10 0.00696681 0.00951218
7.0995e-10 0.00691004 0.00943724
7.10051e-10 0.00685388 0.00936255
7.10153e-10 0.00679831 0.00928813
7.10254e-10 0.00674333 0.00921397
7.10355e-10 0.00668894 0.00914009
7.10457e-10 0.00663514 0.00906647
7.10558e-10 0.0065819 0.00899314
7.10659e-10 0.00652924 0.00892009
7.1076e-10 0.00647714 0.00884733
7.10862e-10 0.0064256 0.00877486
7.10963e-10 0.00637461 0.00870268
7.11064e-10 0.00632417 0.0086308
7.11165e-10 0.00627427 0.00855923
7.11267e-10 0.0062249 0.00848795
7.11368e-10 0.00617607 0.00841698
7.11469e-10 0.00612776 0.00834633
7.11571e-10 0.00607997 0.00827598
7.11672e-10 0.0060327 0.00820596
7.11773e-10 0.00598593 0.00813625
7.11874e-10 0.00593967 0.00806686
7.11976e-10 0.00589391 0.0079978
7.12077e-10 0.00584864 0.00792906
7.12178e-10 0.00580385 0.00786065
7.12279e-10 0.00575955 0.00779258
7.12381e-10 0.00571573 0.00772483
7.12482e-10 0.00567237 0.00765742
7.12583e-10 0.00562949 0.00759034
7.12684e-10 0.00558706 0.00752361
7.12786e-10 0.00554509 0.00745721
7.12887e-10 0.00550357 0.00739116
7.12988e-10 0.00546249 0.00732545
7.1309e-10 0.00542186 0.00726008
7.13191e-10 0.00538166 0.00719506
7.13292e-10 0.00534189 0.00713039
7.13393e-10 0.00530255 0.00706607
7.13495e-10 0.00526363 0.00700209
7.13596e-10 0.00522512 0.00693847
7.13697e-10 0.00518702 0.0068752
7.13798e-10 0.00514933 0.00681228
7.139e-10 0.00511204 0.00674971
7.14001e-10 0.00507515 0.0066875
7.14102e-10 0.00503864 0.00662565
7.14204e-10 0.00500253 0.00656415
7.14305e-10 0.0049668 0.00650301
7.14406e-10 0.00493144 0.00644222
7.14507e-10 0.00489646 0.00638179
7.14609e-10 0.00486184 0.00632172
7.1471e-10 0.00482759 0.00626201
7.14811e-10 0.0047937 0.00620266
7.14912e-10 0.00476017 0.00614366
7.15014e-10 0.00472698 0.00608503
7.15115e-10 0.00469414 0.00602675
7.15216e-10 0.00466165 0.00596883
7.15318e-10 0.00462949 0.00591128
7.15419e-10 0.00459767 0.00585408
7.1552e-10 0.00456617 0.00579724
7.15621e-10 0.004535 0.00574076
7.15723e-10 0.00450416 0.00568464
7.15824e-10 0.00447363 0.00562888
7.15925e-10 0.00444341 0.00557348
7.16026e-10 0.0044135 0.00551844
7.16128e-10 0.0043839 0.00546375
7.16229e-10 0.0043546 0.00540942
7.1633e-10 0.0043256 0.00535545
7.16431e-10 0.00429689 0.00530184
7.16533e-10 0.00426848 0.00524858
7.16634e-10 0.00424035 0.00519568
7.16735e-10 0.0042125 0.00514314
7.16837e-10 0.00418493 0.00509095
7.16938e-10 0.00415764 0.00503912
7.17039e-10 0.00413062 0.00498764
7.1714e-10 0.00410387 0.00493651
7.17242e-10 0.00407739 0.00488573
7.17343e-10 0.00405117 0.00483531
7.17444e-10 0.00402521 0.00478524
7.17545e-10 0.0039995 0.00473551
7.17647e-10 0.00397404 0.00468614
7.17748e-10 0.00394884 0.00463712
7.17849e-10 0.00392388 0.00458844
7.17951e-10 0.00389916 0.00454011
7.18052e-10 0.00387468 0.00449213
7.18153e-10 0.00385044 0.00444449
7.18254e-10 0.00382643 0.00439719
7.18356e-10 0.00380265 0.00435024
7.18457e-10 0.0037791 0.00430363
7.18558e-10 0.00375578 0.00425736
7.18659e-10 0.00373267 0.00421144
7.18761e-10 0.00370979 0.00416585
7.18862e-10 0.00368712 0.0041206
7.18963e-10 0.00366466 0.00407568
7.19065e-10 0.00364241 0.0040311
7.19166e-10 0.00362037 0.00398686
7.19267e-10 0.00359854 0.00394295
7.19368e-10 0.00357691 0.00389937
7.1947e-10 0.00355548 0.00385612
7.19571e-10 0.00353424 0.00381321
7.19672e-10 0.00351321 0.00377062
7.19773e-10 0.00349236 0.00372836
7.19875e-10 0.0034717 0.00368642
7.19976e-10 0.00345123 0.00364482
7.20077e-10 0.00343095 0.00360353
7.20178e-10 0.00341084 0.00356257
7.2028e-10 0.00339092 0.00352193
7.20381e-10 0.00337118 0.00348161
7.20482e-10 0.00335161 0.0034416
7.20584e-10 0.00333221 0.00340192
7.20685e-10 0.00331299 0.00336255
7.20786e-10 0.00329393 0.0033235
7.20887e-10 0.00327504 0.00328475
7.20989e-10 0.00325632 0.00324633
7.2109e-10 0.00323776 0.00320821
7.21191e-10 0.00321936 0.0031704
7.21292e-10 0.00320111 0.0031329
7.21394e-10 0.00318303 0.00309571
7.21495e-10 0.0031651 0.00305882
7.21596e-10 0.00314732 0.00302223
7.21698e-10 0.00312969 0.00298595
7.21799e-10 0.00311221 0.00294997
7.219e-10 0.00309488 0.00291429
7.22001e-10 0.0030777 0.0028789
7.22103e-10 0.00306065 0.00284382
7.22204e-10 0.00304375 0.00280903
7.22305e-10 0.00302699 0.00277453
7.22406e-10 0.00301037 0.00274033
7.22508e-10 0.00299388 0.00270641
7.22609e-10 0.00297753 0.00267279
7.2271e-10 0.00296131 0.00263945
7.22812e-10 0.00294522 0.00260641
7.22913e-10 0.00292927 0.00257364
7.23014e-10 0.00291344 0.00254117
7.23115e-10 0.00289774 0.00250897
7.23217e-10 0.00288216 0.00247705
7.23318e-10 0.00286671 0.00244542
7.23419e-10 0.00285137 0.00241406
7.2352e-10 0.00283616 0.00238298
7.23622e-10 0.00282107 0.00235218
7.23723e-10 0.0028061 0.00232165
7.23824e-10 0.00279124 0.00229139
7.23925e-10 0.0027765 0.0022614
7.24027e-10 0.00276188 0.00223168
7.24128e-10 0.00274736 0.00220223
7.24229e-10 0.00273296 0.00217305
7.24331e-10 0.00271866 0.00214413
7.24432e-10 0.00270448 0.00211547
7.24533e-10 0.0026904 0.00208708
7.24634e-10 0.00267643 0.00205895
7.24736e-10 0.00266256 0.00203108
7.24837e-10 0.0026488 0.00200346
7.24938e-10 0.00263514 0.00197611
7.25039e-10 0.00262158 0.001949
7.25141e-10 0.00260812 0.00192216
7.25242e-10 0.00259476 0.00189556
7.25343e-10 0.0025815 0.00186921
7.25445e-10 0.00256833 0.00184312
7.25546e-10 0.00255526 0.00181727
7.25647e-10 0.00254229 0.00179167
7.25748e-10 0.00252941 0.00176631
7.2585e-10 0.00251662 0.0017412
7.25951e-10 0.00250392 0.00171632
7.26052e-10 0.00249132 0.00169169
7.26153e-10 0.0024788 0.0016673
7.26255e-10 0.00246637 0.00164315
7.26356e-10 0.00245404 0.00161923
7.26457e-10 0.00244178 0.00159555
7.26559e-10 0.00242962 0.00157211
7.2666e-10 0.00241754 0.00154889
7.26761e-10 0.00240554 0.00152591
7.26862e-10 0.00239363 0.00150315
7.26964e-10 0.0023818 0.00148063
7.27065e-10 0.00237005 0.00145833
7.27166e-10 0.00235838 0.00143626
7.27267e-10 0.00234679 0.00141441
7.27369e-10 0.00233528 0.00139278
7.2747e-10 0.00232385 0.00137138
7.27571e-10 0.0023125 0.00135019
7.27672e-10 0.00230122 0.00132923
7.27774e-10 0.00229002 0.00130848
7.27875e-10 0.0022789 0.00128794
7.27976e-10 0.00226785 0.00126763
7.28078e-10 0.00225687 0.00124752
7.28179e-10 0.00224597 0.00122763
7.2828e-10 0.00223514 0.00120795
7.28381e-10 0.00222438 0.00118847
7.28483e-10 0.00221369 0.00116921
7.28584e-10 0.00220308 0.00115015
7.28685e-10 0.00219253 0.0011313
7.28786e-10 0.00218205 0.00111265
7.28888e-10 0.00217164 0.00109421
7.28989e-10 0.0021613 0.00107596
7.2909e-10 0.00215103 0.00105792
7.29192e-10 0.00214082 0.00104008
7.29293e-10 0.00213068 0.00102243
7.29394e-10 0.00212061 0.00100498
7.29495e-10 0.0021106 0.000987727
7.29597e-10 0.00210065 0.000970666
7.29698e-10 0.00209077 0.000953799
7.29799e-10 0.00208096 0.000937122
7.299e-10 0.0020712 0.000920636
7.30002e-10 0.00206151 0.000904339
7.30103e-10 0.00205188 0.00088823
7.30204e-10 0.00204231 0.000872307
7.30305e-10 0.0020328 0.00085657
7.30407e-10 0.00202335 0.000841017
7.30508e-10 0.00201396 0.000825646
7.30609e-10 0.00200463 0.000810458
7.30711e-10 0.00199536 0.00079545
7.30812e-10 0.00198615 0.000780621
7.30913e-10 0.00197699 0.00076597
7.31014e-10 0.0019679 0.000751497
7.31116e-10 0.00195886 0.000737199
7.31217e-10 0.00194988 0.000723076
7.31318e-10 0.00194095 0.000709126
7.31419e-10 0.00193208 0.000695348
7.31521e-10 0.00192326 0.000681742
7.31622e-10 0.0019145 0.000668306
7.31723e-10 0.00190579 0.000655038
7.31825e-10 0.00189714 0.000641939
7.31926e-10 0.00188854 0.000629005
7.32027e-10 0.00188 0.000616238
7.32128e-10 0.00187151 0.000603635
7.3223e-10 0.00186307 0.000591195
7.32331e-10 0.00185468 0.000578917
7.32432e-10 0.00184634 0.0005668
7.32533e-10 0.00183806 0.000554843
7.32635e-10 0.00182983 0.000543045
7.32736e-10 0.00182164 0.000531404
7.32837e-10 0.00181351 0.000519921
7.32939e-10 0.00180543 0.000508593
7.3304e-10 0.0017974 0.000497419
7.33141e-10 0.00178942 0.000486399
7.33242e-10 0.00178149 0.000475532
7.33344e-10 0.0017736 0.000464816
7.33445e-10 0.00176577 0.00045425
7.33546e-10 0.00175798 0.000443833
7.33647e-10 0.00175024 0.000433565
7.33749e-10 0.00174255 0.000423444
7.3385e-10 0.0017349 0.000413469
7.33951e-10 0.00172731 0.000403639
7.34052e-10 0.00171976 0.000393954
7.34154e-10 0.00171225 0.000384411
7.34255e-10 0.00170479 0.000375011
7.34356e-10 0.00169738 0.000365752
7.34458e-10 0.00169002 0.000356633
7.34559e-10 0.0016827 0.000347654
7.3466e-10 0.00167542 0.000338812
7.34761e-10 0.00166819 0.000330108
7.34863e-10 0.001661 0.00032154
7.34964e-10 0.00165386 0.000313107
7.35065e-10 0.00164676 0.000304809
7.35166e-10 0.00163971 0.000296644
7.35268e-10 0.0016327 0.000288611
7.35369e-10 0.00162574 0.00028071
7.3547e-10 0.00161881 0.00027294
7.35572e-10 0.00161193 0.000265299
7.35673e-10 0.00160509 0.000257787
7.35774e-10 0.0015983 0.000250403
7.35875e-10 0.00159155 0.000243145
7.35977e-10 0.00158484 0.000236014
7.36078e-10 0.00157817 0.000229007
7.36179e-10 0.00157154 0.000222125
7.3628e-10 0.00156495 0.000215366
7.36382e-10 0.00155841 0.000208729
7.36483e-10 0.00155191 0.000202213
7.36584e-10 0.00154544 0.000195819
7.36686e-10 0.00153902 0.000189544
7.36787e-10 0.00153264 0.000183387
7.36888e-10 0.0015263 0.000177349
7.36989e-10 0.00152 0.000171428
7.37091e-10 0.00151374 0.000165623
7.37192e-10 0.00150751 0.000159933
7.37293e-10 0.00150133 0.000154359
7.37394e-10 0.00149519 0.000148897
7.37496e-10 0.00148909 0.000143549
7.37597e-10 0.00148302 0.000138312
7.37698e-10 0.00147699 0.000133187
7.37799e-10 0.00147101 0.000128172
7.37901e-10 0.00146506 0.000123267
7.38002e-10 0.00145915 0.000118471
7.38103e-10 0.00145327 0.000113782
7.38205e-10 0.00144744 0.000109201
7.38306e-10 0.00144164 0.000104725
7.38407e-10 0.00143588 0.000100356
7.38508e-10 0.00143016 9.60909e-05
7.3861e-10 0.00142447 9.193e-05
7.38711e-10 0.00141882 8.78722e-05
7.38812e-10 0.00141321 8.39168e-05
7.38913e-10 0.00140764 8.00631e-05
7.39015e-10 0.0014021 7.63102e-05
7.39116e-10 0.0013966 7.26574e-05
7.39217e-10 0.00139113 6.91039e-05
7.39319e-10 0.0013857 6.56489e-05
7.3942e-10 0.00138031 6.22918e-05
7.39521e-10 0.00137495 5.90318e-05
7.39622e-10 0.00136963 5.5868e-05
7.39724e-10 0.00136434 5.27999e-05
7.39825e-10 0.00135909 4.98266e-05
7.39926e-10 0.00135388 4.69474e-05
7.40027e-10 0.0013487 4.41616e-05
7.40129e-10 0.00134355 4.14684e-05
7.4023e-10 0.00133844 3.88672e-05
7.40331e-10 0.00133336 3.63573e-05
7.40433e-10 0.00132832 3.39379e-05
7.40534e-10 0.00132331 3.16082e-05
7.40635e-10 0.00131834 2.93677e-05
7.40736e-10 0.0013134 2.72156e-05
7.40838e-10 0.0013085 2.51513e-05
7.40939e-10 0.00130362 2.31739e-05
7.4104e-10 0.00129879 2.12829e-05
7.41141e-10 0.00129398 1.94776e-05
7.41243e-10 0.00128921 1.77572e-05
7.41344e-10 0.00128448 1.61212e-05
7.41445e-10 0.00127977 1.45688e-05
7.41546e-10 0.0012751 1.30993e-05
7.41648e-10 0.00127046 1.17122e-05
7.41749e-10 0.00126586 1.04066e-05
7.4185e-10 0.00126129 9.18211e-06
7.41952e-10 0.00125675 8.03792e-06
7.42053e-10 0.00125224 6.9734e-06
7.42154e-10 0.00124776 5.98792e-06
7.42255e-10 0.00124332 5.08083e-06
7.42357e-10 0.00123891 4.2515e-06
7.42458e-10 0.00123453 3.49928e-06
7.42559e-10 0.00123018 2.82355e-06
7.4266e-10 0.00122587 2.22369e-06
7.42762e-10 0.00122158 1.69905e-06
7.42863e-10 0.00121733 1.24903e-06
7.42964e-10 0.00121311 8.72997e-07
7.43066e-10 0.00120892 5.70348e-07
7.43167e-10 0.00120476 3.40466e-07
7.43268e-10 0.00120063 1.82744e-07
7.43369e-10 0.00119653 9.6577e-08
7.43471e-10 0.00119247 8.13635e-08
7.43572e-10 0.00118843 1.36505e-07
7.43673e-10 0.00118443 2.61407e-07
7.43774e-10 0.00118045 4.55476e-07
7.43876e-10 0.00117651 7.18125e-07
7.43977e-10 0.00117259 1.04877e-06
7.44078e-10 0.00116871 1.44682e-06
7.44179e-10 0.00116485 1.91171e-06
7.44281e-10 0.00116103 2.44285e-06
7.44382e-10 0.00115723 3.03967e-06
7.44483e-10 0.00115347 3.7016e-06
7.44585e-10 0.00114973 4.42808e-06
7.44686e-10 0.00114602 5.21854e-06
7.44787e-10 0.00114235 6.07242e-06
7.44888e-10 0.0011387 6.98915e-06
7.4499e-10 0.00113508 7.96819e-06
7.45091e-10 0.00113149 9.00899e-06
7.45192e-10 0.00112793 1.0111e-05
7.45293e-10 0.00112439 1.12736e-05
7.45395e-10 0.00112089 1.24964e-05
7.45496e-10 0.00111741 1.37787e-05
7.45597e-10 0.00111397 1.51201e-05
7.45699e-10 0.00111055 1.65199e-05
7.458e-10 0.00110715 1.79777e-05
7.45901e-10 0.00110379 1.9493e-05
7.46002e-10 0.00110046 2.10651e-05
7.46104e-10 0.00109715 2.26936e-05
7.46205e-10 0.00109387 2.4378e-05
7.46306e-10 0.00109061 2.61177e-05
7.46407e-10 0.00108739 2.79122e-05
7.46509e-10 0.00108419 2.97611e-05
7.4661e-10 0.00108102 3.16637e-05
7.46711e-10 0.00107788 3.36196e-05
7.46813e-10 0.00107476 3.56282e-05
7.46914e-10 0.00107167 3.76892e-05
7.47015e-10 0.00106861 3.98019e-05
7.47116e-10 0.00106557 4.19658e-05
7.47218e-10 0.00106256 4.41805e-05
7.47319e-10 0.00105958 4.64455e-05
7.4742e-10 0.00105662 4.87603e-05
7.47521e-10 0.00105369 5.11243e-05
7.47623e-10 0.00105079 5.35372e-05
7.47724e-10 0.00104791 5.59983e-05
7.47825e-10 0.00104506 5.85073e-05
7.47926e-10 0.00104223 6.10636e-05
7.48028e-10 0.00103943 6.36668e-05
7.48129e-10 0.00103666 6.63164e-05
7.4823e-10 0.00103391 6.90119e-05
7.48332e-10 0.00103118 7.17528e-05
7.48433e-10 0.00102848 7.45387e-05
7.48534e-10 0.00102581 7.73691e-05
7.48635e-10 0.00102316 8.02435e-05
7.48737e-10 0.00102054 8.31615e-05
7.48838e-10 0.00101794 8.61226e-05
7.48939e-10 0.00101537 8.91264e-05
7.4904e-10 0.00101282 9.21723e-05
7.49142e-10 0.00101029 9.526e-05
7.49243e-10 0.00100779 9.83889e-05
7.49344e-10 0.00100531 0.000101559
7.49446e-10 0.00100286 0.000104769
7.49547e-10 0.00100043 0.000108019
7.49648e-10 0.000998031 0.000111308
7.49749e-10 0.000995651 0.000114637
7.49851e-10 0.000993295 0.000118004
7.49952e-10 0.000990962 0.000121409
7.50053e-10 0.000988653 0.000124852
7.50154e-10 0.000986368 0.000128333
7.50256e-10 0.000984106 0.00013185
7.50357e-10 0.000981867 0.000135403
7.50458e-10 0.000979651 0.000138993
7.5056e-10 0.000977458 0.000142618
7.50661e-10 0.000975289 0.000146278
7.50762e-10 0.000973142 0.000149973
7.50863e-10 0.000971017 0.000153702
7.50965e-10 0.000968916 0.000157465
7.51066e-10 0.000966837 0.000161261
7.51167e-10 0.00096478 0.00016509
7.51268e-10 0.000962745 0.000168952
7.5137e-10 0.000960733 0.000172846
7.51471e-10 0.000958743 0.000176772
7.51572e-10 0.000956775 0.000180729
7.51673e-10 0.000954828 0.000184717
7.51775e-10 0.000952904 0.000188735
7.51876e-10 0.000951001 0.000192784
7.51977e-10 0.000949119 0.000196862
7.52079e-10 0.000947259 0.000200969
7.5218e-10 0.00094542 0.000205106
7.52281e-10 0.000943603 0.00020927
7.52382e-10 0.000941807 0.000213463
7.52484e-10 0.000940031 0.000217684
7.52585e-10 0.000938277 0.000221931
7.52686e-10 0.000936543 0.000226206
7.52787e-10 0.00093483 0.000230507
7.52889e-10 0.000933138 0.000234834
7.5299e-10 0.000931466 0.000239187
7.53091e-10 0.000929815 0.000243565
7.53193e-10 0.000928183 0.000247968
7.53294e-10 0.000926572 0.000252395
7.53395e-10 0.000924981 0.000256847
7.53496e-10 0.00092341 0.000261322
7.53598e-10 0.000921859 0.000265821
7.53699e-10 0.000920328 0.000270342
7.538e-10 0.000918816 0.000274886
7.53901e-10 0.000917323 0.000279452
7.54003e-10 0.00091585 0.00028404
7.54104e-10 0.000914397 0.00028865
7.54205e-10 0.000912962 0.00029328
7.54307e-10 0.000911547 0.000297931
7.54408e-10 0.000910151 0.000302602
7.54509e-10 0.000908773 0.000307294
7.5461e-10 0.000907415 0.000312004
7.54712e-10 0.000906075 0.000316734
7.54813e-10 0.000904754 0.000321483
7.54914e-10 0.000903451 0.00032625
7.55015e-10 0.000902166 0.000331035
7.55117e-10 0.0009009 0.000335837
7.55218e-10 0.000899652 0.000340657
7.55319e-10 0.000898422 0.000345494
7.5542e-10 0.00089721 0.000350347
7.55522e-10 0.000896016 0.000355217
7.55623e-10 0.000894839 0.000360102
7.55724e-10 0.00089368 0.000365003
7.55826e-10 0.000892539 0.000369919
7.55927e-10 0.000891415 0.00037485
7.56028e-10 0.000890308 0.000379794
7.56129e-10 0.000889219 0.000384753
7.56231e-10 0.000888147 0.000389726
7.56332e-10 0.000887092 0.000394712
7.56433e-10 0.000886053 0.00039971
7.56534e-10 0.000885032 0.000404722
7.56636e-10 0.000884027 0.000409745
7.56737e-10 0.000883039 0.00041478
7.56838e-10 0.000882067 0.000419827
7.5694e-10 0.000881112 0.000424885
7.57041e-10 0.000880173 0.000429953
7.57142e-10 0.00087925 0.000435032
7.57243e-10 0.000878343 0.000440122
7.57345e-10 0.000877453 0.00044522
7.57446e-10 0.000876578 0.000450328
7.57547e-10 0.000875719 0.000455446
7.57648e-10 0.000874875 0.000460571
7.5775e-10 0.000874047 0.000465705
7.57851e-10 0.000873235 0.000470847
7.57952e-10 0.000872438 0.000475997
7.58053e-10 0.000871656 0.000481154
7.58155e-10 0.00087089 0.000486318
7.58256e-10 0.000870139 0.000491488
7.58357e-10 0.000869402 0.000496665
7.58459e-10 0.000868681 0.000501847
7.5856e-10 0.000867974 0.000507035
7.58661e-10 0.000867282 0.000512228
7.58762e-10 0.000866604 0.000517426
7.58864e-10 0.000865941 0.000522628
7.58965e-10 0.000865292 0.000527835
7.59066e-10 0.000864658 0.000533045
7.59167e-10 0.000864038 0.000538259
7.59269e-10 0.000863432 0.000543476
7.5937e-10 0.00086284 0.000548696
7.59471e-10 0.000862261 0.000553918
7.59573e-10 0.000861697 0.000559142
7.59674e-10 0.000861146 0.000564368
7.59775e-10 0.000860609 0.000569596
7.59876e-10 0.000860086 0.000574824
7.59978e-10 0.000859575 0.000580053
7.60079e-10 0.000859078 0.000585283
7.6018e-10 0.000858595 0.000590513
7.60281e-10 0.000858124 0.000595742
7.60383e-10 0.000857667 0.000600971
7.60484e-10 0.000857222 0.000606199
7.60585e-10 0.00085679 0.000611426
7.60687e-10 0.000856371 0.000616651
7.60788e-10 0.000855965 0.000621874
7.60889e-10 0.000855571 0.000627094
7.6099e-10 0.00085519 0.000632312
7.61092e-10 0.000854821 0.000637528
7.61193e-10 0.000854464 0.00064274
7.61294e-10 0.00085412 0.000647948
7.61395e-10 0.000853787 0.000653152
7.61497e-10 0.000853467 0.000658352
7.61598e-10 0.000853159 0.000663548
7.61699e-10 0.000852862 0.000668738
7.618e-10 0.000852577 0.000673923
7.61902e-10 0.000852304 0.000679103
7.62003e-10 0.000852042 0.000684276
7.62104e-10 0.000851792 0.000689444
7.62206e-10 0.000851553 0.000694605
7.62307e-10 0.000851325 0.000699758
7.62408e-10 0.000851109 0.000704905
7.62509e-10 0.000850904 0.000710044
7.62611e-10 0.00085071 0.000715175
7.62712e-10 0.000850526 0.000720298
7.62813e-10 0.000850354 0.000725412
7.62914e-10 0.000850192 0.000730517
7.63016e-10 0.000850041 0.000735613
7.63117e-10 0.000849901 0.000740699
7.63218e-10 0.000849771 0.000745776
7.6332e-10 0.000849652 0.000750842
7.63421e-10 0.000849543 0.000755898
7.63522e-10 0.000849444 0.000760943
7.63623e-10 0.000849356 0.000765976
7.63725e-10 0.000849277 0.000770998
7.63826e-10 0.000849209 0.000776009
7.63927e-10 0.00084915 0.000781007
7.64028e-10 0.000849102 0.000785992
7.6413e-10 0.000849063 0.000790965
7.64231e-10 0.000849034 0.000795924
7.64332e-10 0.000849015 0.00080087
7.64434e-10 0.000849005 0.000805802
7.64535e-10 0.000849004 0.00081072
7.64636e-10 0.000849013 0.000815624
7.64737e-10 0.000849032 0.000820513
7.64839e-10 0.000849059 0.000825386
7.6494e-10 0.000849096 0.000830244
7.65041e-10 0.000849142 0.000835087
7.65142e-10 0.000849197 0.000839913
7.65244e-10 0.000849261 0.000844723
7.65345e-10 0.000849333 0.000849516
7.65446e-10 0.000849415 0.000854292
7.65547e-10 0.000849505 0.00085905
7.65649e-10 0.000849604 0.000863791
7.6575e-10 0.000849712 0.000868514
7.65851e-10 0.000849828 0.000873218
7.65953e-10 0.000849952 0.000877904
7.66054e-10 0.000850085 0.000882571
7.66155e-10 0.000850226 0.000887218
7.66256e-10 0.000850376 0.000891846
7.66358e-10 0.000850534 0.000896453
7.66459e-10 0.000850699 0.000901041
7.6656e-10 0.000850873 0.000905607
7.66661e-10 0.000851055 0.000910153
7.66763e-10 0.000851245 0.000914678
7.66864e-10 0.000851443 0.00091918
7.66965e-10 0.000851648 0.000923661
7.67067e-10 0.000851862 0.00092812
7.67168e-10 0.000852083 0.000932556
7.67269e-10 0.000852311 0.000936969
7.6737e-10 0.000852548 0.000941359
7.67472e-10 0.000852791 0.000945725
7.67573e-10 0.000853043 0.000950068
7.67674e-10 0.000853301 0.000954386
7.67775e-10 0.000853567 0.00095868
7.67877e-10 0.00085384 0.000962949
7.67978e-10 0.000854121 0.000967193
7.68079e-10 0.000854409 0.000971411
7.68181e-10 0.000854703 0.000975604
7.68282e-10 0.000855005 0.00097977
7.68383e-10 0.000855314 0.00098391
7.68484e-10 0.00085563 0.000988024
7.68586e-10 0.000855953 0.00099211
7.68687e-10 0.000856283 0.000996169
7.68788e-10 0.000856619 0.0010002
7.68889e-10 0.000856963 0.0010042
7.68991e-10 0.000857313 0.00100818
7.69092e-10 0.00085767 0.00101212
7.69193e-10 0.000858033 0.00101604
7.69294e-10 0.000858403 0.00101993
7.69396e-10 0.00085878 0.00102379
7.69497e-10 0.000859163 0.00102761
7.69598e-10 0.000859553 0.00103141
7.697e-10 0.000859949 0.00103518
7.69801e-10 0.000860352 0.00103892
7.69902e-10 0.00086076 0.00104262
7.70003e-10 0.000861176 0.00104629
7.70105e-10 0.000861597 0.00104994
7.70206e-10 0.000862025 0.00105355
7.70307e-10 0.000862459 0.00105712
7.70408e-10 0.0008629 0.00106067
7.7051e-10 0.000863346 0.00106418
7.70611e-10 0.000863799 0.00106766
7.70712e-10 0.000864258 0.0010711
7.70814e-10 0.000864723 0.00107451
7.70915e-10 0.000865194 0.00107789
7.71016e-10 0.000865671 0.00108123
7.71117e-10 0.000866154 0.00108453
7.71219e-10 0.000866643 0.0010878
7.7132e-10 0.000867138 0.00109104
7.71421e-10 0.000867639 0.00109424
7.71522e-10 0.000868145 0.0010974
7.71624e-10 0.000868658 0.00110053
7.71725e-10 0.000869177 0.00110362
7.71826e-10 0.000869701 0.00110667
7.71928e-10 0.000870231 0.00110968
7.72029e-10 0.000870768 0.00111266
7.7213e-10 0.00087131 0.0011156
7.72231e-10 0.000871857 0.0011185
7.72333e-10 0.000872411 0.00112136
7.72434e-10 0.00087297 0.00112418
7.72535e-10 0.000873536 0.00112696
7.72636e-10 0.000874106 0.00112971
7.72738e-10 0.000874683 0.00113241
7.72839e-10 0.000875266 0.00113507
7.7294e-10 0.000875854 0.0011377
7.73041e-10 0.000876448 0.00114028
7.73143e-10 0.000877047 0.00114282
7.73244e-10 0.000877653 0.00114532
7.73345e-10 0.000878264 0.00114778
7.73447e-10 0.000878881 0.00115019
7.73548e-10 0.000879503 0.00115256
7.73649e-10 0.000880132 0.00115489
7.7375e-10 0.000880766 0.00115718
7.73852e-10 0.000881406 0.00115943
7.73953e-10 0.000882051 0.00116163
7.74054e-10 0.000882703 0.00116378
7.74155e-10 0.00088336 0.00116589
7.74257e-10 0.000884023 0.00116796
7.74358e-10 0.000884692 0.00116998
7.74459e-10 0.000885367 0.00117196
7.74561e-10 0.000886047 0.0011739
7.74662e-10 0.000886734 0.00117578
7.74763e-10 0.000887426 0.00117762
7.74864e-10 0.000888124 0.00117942
7.74966e-10 0.000888828 0.00118117
7.75067e-10 0.000889538 0.00118287
7.75168e-10 0.000890254 0.00118452
7.75269e-10 0.000890976 0.00118613
7.75371e-10 0.000891704 0.00118769
7.75472e-10 0.000892438 0.0011892
7.75573e-10 0.000893178 0.00119066
7.75674e-10 0.000893924 0.00119208
7.75776e-10 0.000894676 0.00119344
7.75877e-10 0.000895434 0.00119476
7.75978e-10 0.000896199 0.00119603
7.7608e-10 0.00089697 0.00119725
7.76181e-10 0.000897747 0.00119841
7.76282e-10 0.00089853 0.00119953
7.76383e-10 0.00089932 0.0012006
7.76485e-10 0.000900116 0.00120161
7.76586e-10 0.000900919 0.00120258
7.76687e-10 0.000901728 0.0012035
7.76788e-10 0.000902544 0.00120436
7.7689e-10 0.000903366 0.00120517
7.76991e-10 0.000904195 0.00120593
7.77092e-10 0.00090503 0.00120664
7.77194e-10 0.000905872 0.00120729
7.77295e-10 0.000906721 0.00120789
7.77396e-10 0.000907577 0.00120844
7.77497e-10 0.00090844 0.00120893
7.77599e-10 0.000909309 0.00120938
7.777e-10 0.000910186 0.00120976
7.77801e-10 0.00091107 0.0012101
7.77902e-10 0.00091196 0.00121038
7.78004e-10 0.000912858 0.0012106
7.78105e-10 0.000913764 0.00121077
7.78206e-10 0.000914676 0.00121089
7.78308e-10 0.000915596 0.00121095
7.78409e-10 0.000916524 0.00121095
7.7851e-10 0.000917459 0.0012109
7.78611e-10 0.000918401 0.00121079
7.78713e-10 0.000919352 0.00121063
7.78814e-10 0.00092031 0.00121041
7.78915e-10 0.000921276 0.00121013
7.79016e-10 0.00092225 0.0012098
7.79118e-10 0.000923232 0.00120941
7.79219e-10 0.000924222 0.00120896
7.7932e-10 0.00092522 0.00120845
7.79421e-10 0.000926226 0.00120789
7.79523e-10 0.000927241 0.00120727
7.79624e-10 0.000928264 0.00120659
7.79725e-10 0.000929296 0.00120585
7.79827e-10 0.000930336 0.00120505
7.79928e-10 0.000931385 0.0012042
7.80029e-10 0.000932443 0.00120328
7.8013e-10 0.00093351 0.00120231
7.80232e-10 0.000934586 0.00120128
7.80333e-10 0.000935671 0.00120019
7.80434e-10 0.000936765 0.00119904
7.80535e-10 0.000937869 0.00119782
7.80637e-10 0.000938982 0.00119655
7.80738e-10 0.000940104 0.00119522
7.80839e-10 0.000941236 0.00119383
7.80941e-10 0.000942378 0.00119238
7.81042e-10 0.00094353 0.00119086
7.81143e-10 0.000944692 0.00118929
7.81244e-10 0.000945864 0.00118765
7.81346e-10 0.000947046 0.00118596
7.81447e-10 0.000948238 0.0011842
7.81548e-10 0.000949441 0.00118238
7.81649e-10 0.000950655 0.0011805
7.81751e-10 0.000951879 0.00117856
7.81852e-10 0.000953114 0.00117655
7.81953e-10 0.000954361 0.00117448
7.82055e-10 0.000955618 0.00117236
7.82156e-10 0.000956886 0.00117017
7.82257e-10 0.000958166 0.00116791
7.82358e-10 0.000959457 0.0011656
7.8246e-10 0.00096076 0.00116322
7.82561e-10 0.000962075 0.00116078
7.82662e-10 0.000963402 0.00115828
7.82763e-10 0.000964741 0.00115571
7.82865e-10 0.000966092 0.00115308
7.82966e-10 0.000967455 0.00115039
7.83067e-10 0.000968831 0.00114763
7.83168e-10 0.000970219 0.00114481
7.8327e-10 0.00097162 0.00114193
7.83371e-10 0.000973035 0.00113899
7.83472e-10 0.000974462 0.00113598
7.83574e-10 0.000975903 0.00113291
7.83675e-10 0.000977357 0.00112977
7.83776e-10 0.000978824 0.00112658
7.83877e-10 0.000980306 0.00112332
7.83979e-10 0.000981801 0.00111999
7.8408e-10 0.00098331 0.0011166
7.84181e-10 0.000984834 0.00111315
7.84282e-10 0.000986372 0.00110963
7.84384e-10 0.000987925 0.00110606
7.84485e-10 0.000989492 0.00110241
7.84586e-10 0.000991074 0.00109871
7.84688e-10 0.000992671 0.00109494
7.84789e-10 0.000994284 0.00109111
7.8489e-10 0.000995912 0.00108721
7.84991e-10 0.000997556 0.00108325
7.85093e-10 0.000999215 0.00107923
7.85194e-10 0.00100089 0.00107514
7.85295e-10 0.00100258 0.00107099
7.85396e-10 0.00100429 0.00106678
7.85498e-10 0.00100601 0.0010625
7.85599e-10 0.00100776 0.00105817
7.857e-10 0.00100951 0.00105377
7.85802e-10 0.00101129 0.0010493
7.85903e-10 0.00101308 0.00104478
7.86004e-10 0.00101489 0.00104019
7.86105e-10 0.00101672 0.00103554
7.86207e-10 0.00101857 0.00103082
7.86308e-10 0.00102043 0.00102605
7.86409e-10 0.00102231 0.00102121
7.8651e-10 0.00102421 0.00101631
7.86612e-10 0.00102613 0.00101135
7.86713e-10 0.00102807 0.00100633
7.86814e-10 0.00103003 0.00100124
7.86915e-10 0.001032 0.000996098
7.87017e-10 0.001034 0.000990893
7.87118e-10 0.00103601 0.000985627
7.87219e-10 0.00103805 0.000980301
7.87321e-10 0.00104011 0.000974915
7.87422e-10 0.00104218 0.000969468
7.87523e-10 0.00104428 0.000963963
7.87624e-10 0.0010464 0.000958398
7.87726e-10 0.00104854 0.000952773
7.87827e-10 0.0010507 0.00094709
7.87928e-10 0.00105288 0.000941349
7.88029e-10 0.00105508 0.000935549
7.88131e-10 0.00105731 0.000929692
7.88232e-10 0.00105955 0.000923777
7.88333e-10 0.00106182 0.000917805
7.88435e-10 0.00106411 0.000911777
7.88536e-10 0.00106643 0.000905692
7.88637e-10 0.00106877 0.000899551
7.88738e-10 0.00107113 0.000893354
7.8884e-10 0.00107351 0.000887102
7.88941e-10 0.00107592 0.000880796
7.89042e-10 0.00107835 0.000874435
7.89143e-10 0.00108081 0.00086802
7.89245e-10 0.00108329 0.000861552
7.89346e-10 0.0010858 0.000855031
7.89447e-10 0.00108833 0.000848458
7.89548e-10 0.00109088 0.000841833
7.8965e-10 0.00109346 0.000835156
7.89751e-10 0.00109607 0.000828428
7.89852e-10 0.0010987 0.000821651
7.89954e-10 0.00110136 0.000814823
7.90055e-10 0.00110405 0.000807946
7.90156e-10 0.00110676 0.000801021
7.90257e-10 0.0011095 0.000794048
7.90359e-10 0.00111226 0.000787028
7.9046e-10 0.00111505 0.000779961
7.90561e-10 0.00111787 0.000772847
7.90662e-10 0.00112072 0.000765689
7.90764e-10 0.0011236 0.000758486
7.90865e-10 0.0011265 0.000751239
7.90966e-10 0.00112943 0.000743949
7.91068e-10 0.0011324 0.000736616
7.91169e-10 0.00113539 0.000729242
7.9127e-10 0.00113841 0.000721827
7.91371e-10 0.00114146 0.000714372
7.91473e-10 0.00114453 0.000706877
7.91574e-10 0.00114764 0.000699345
7.91675e-10 0.00115078 0.000691774
7.91776e-10 0.00115395 0.000684167
7.91878e-10 0.00115715 0.000676524
7.91979e-10 0.00116038 0.000668846
7.9208e-10 0.00116365 0.000661135
7.92182e-10 0.00116694 0.00065339
7.92283e-10 0.00117027 0.000645614
7.92384e-10 0.00117362 0.000637806
7.92485e-10 0.00117701 0.000629968
7.92587e-10 0.00118044 0.000622102
7.92688e-10 0.00118389 0.000614208
7.92789e-10 0.00118738 0.000606286
7.9289e-10 0.0011909 0.00059834
7.92992e-10 0.00119445 0.000590368
7.93093e-10 0.00119804 0.000582374
7.93194e-10 0.00120166 0.000574357
7.93295e-10 0.00120532 0.000566319
7.93397e-10 0.00120901 0.000558262
7.93498e-10 0.00121273 0.000550186
7.93599e-10 0.00121649 0.000542093
7.93701e-10 0.00122029 0.000533984
7.93802e-10 0.00122412 0.00052586
7.93903e-10 0.00122798 0.000517723
7.94004e-10 0.00123188 0.000509574
7.94106e-10 0.00123582 0.000501415
7.94207e-10 0.0012398 0.000493247
7.94308e-10 0.00124381 0.000485072
7.94409e-10 0.00124785 0.00047689
7.94511e-10 0.00125193 0.000468704
7.94612e-10 0.00125606 0.000460515
7.94713e-10 0.00126021 0.000452325
7.94815e-10 0.00126441 0.000444135
7.94916e-10 0.00126864 0.000435946
7.95017e-10 0.00127291 0.000427762
7.95118e-10 0.00127722 0.000419582
7.9522e-10 0.00128157 0.00041141
7.95321e-10 0.00128595 0.000403246
7.95422e-10 0.00129038 0.000395093
7.95523e-10 0.00129484 0.000386952
7.95625e-10 0.00129935 0.000378826
7.95726e-10 0.00130389 0.000370716
7.95827e-10 0.00130847 0.000362623
7.95929e-10 0.00131309 0.000354551
7.9603e-10 0.00131775 0.000346501
7.96131e-10 0.00132246 0.000338475
7.96232e-10 0.0013272 0.000330475
7.96334e-10 0.00133198 0.000322503
7.96435e-10 0.0013368 0.000314562
7.96536e-10 0.00134167 0.000306653
7.96637e-10 0.00134657 0.000298779
7.96739e-10 0.00135152 0.000290942
7.9684e-10 0.0013565 0.000283144
7.96941e-10 0.00136153 0.000275388
7.97042e-10 0.0013666 0.000267676
7.97144e-10 0.00137172 0.00026001
7.97245e-10 0.00137687 0.000252394
7.97346e-10 0.00138207 0.000244828
7.97448e-10 0.0013873 0.000237317
7.97549e-10 0.00139258 0.000229862
7.9765e-10 0.00139791 0.000222466
7.97751e-10 0.00140327 0.000215132
7.97853e-10 0.00140868 0.000207863
7.97954e-10 0.00141413 0.000200661
7.98055e-10 0.00141963 0.000193528
7.98156e-10 0.00142516 0.000186469
7.98258e-10 0.00143074 0.000179486
7.98359e-10 0.00143636 0.000172581
7.9846e-10 0.00144203 0.000165758
7.98562e-10 0.00144774 0.00015902
7.98663e-10 0.00145349 0.000152369
7.98764e-10 0.00145929 0.00014581
7.98865e-10 0.00146513 0.000139344
7.98967e-10 0.00147101 0.000132976
7.99068e-10 0.00147694 0.000126709
7.99169e-10 0.00148291 0.000120546
7.9927e-10 0.00148892 0.00011449
7.99372e-10 0.00149498 0.000108545
7.99473e-10 0.00150108 0.000102714
7.99574e-10 0.00150722 9.70013e-05
7.99676e-10 0.00151341 9.141e-05
7.99777e-10 0.00151964 8.59439e-05
7.99878e-10 0.00152592 8.06066e-05
7.99979e-10 0.00153224 7.54021e-05
8.00081e-10 0.0015386 7.03341e-05
8.00182e-10 0.00154501 6.54065e-05
8.00283e-10 0.00155146 6.06233e-05
8.00384e-10 0.00155795 5.59884e-05
8.00486e-10 0.00156449 5.15061e-05
8.00587e-10 0.00157107 4.71803e-05
8.00688e-10 0.00157769 4.30154e-05
8.00789e-10 0.00158436 3.90156e-05
8.00891e-10 0.00159107 3.51852e-05
8.00992e-10 0.00159782 3.15286e-05
8.01093e-10 0.00160462 2.80503e-05
8.01195e-10 0.00161145 2.47549e-05
8.01296e-10 0.00161833 2.16469e-05
8.01397e-10 0.00162526 1.8731e-05
8.01498e-10 0.00163222 1.60119e-05
8.016e-10 0.00163923 1.34945e-05
8.01701e-10 0.00164628 1.11837e-05
8.01802e-10 0.00165337 9.08434e-06
8.01903e-10 0.0016605 7.20151e-06
8.02005e-10 0.00166767 5.54031e-06
8.02106e-10 0.00167488 4.10591e-06
8.02207e-10 0.00168214 2.90358e-06
8.02309e-10 0.00168943 1.93863e-06
8.0241e-10 0.00169677 1.21649e-06
8.02511e-10 0.00170414 7.4263e-07
8.02612e-10 0.00171156 5.22628e-07
8.02714e-10 0.00171901 5.62131e-07
8.02815e-10 0.0017265 8.66868e-07
8.02916e-10 0.00173403 1.44265e-06
8.03017e-10 0.0017416 2.29538e-06
8.03119e-10 0.00174921 3.43103e-06
8.0322e-10 0.00175686 4.85568e-06
8.03321e-10 0.00176454 6.57548e-06
8.03422e-10 0.00177226 8.59666e-06
8.03524e-10 0.00178001 1.09256e-05
8.03625e-10 0.0017878 1.35686e-05
8.03726e-10 0.00179563 1.65323e-05
8.03828e-10 0.00180349 1.98233e-05
8.03929e-10 0.00181139 2.34482e-05
8.0403e-10 0.00181932 2.74139e-05
8.04131e-10 0.00182728 3.17272e-05
8.04233e-10 0.00183528 3.63951e-05
8.04334e-10 0.00184331 4.14247e-05
8.04435e-10 0.00185137 4.68232e-05
8.04536e-10 0.00185946 5.25979e-05
8.04638e-10 0.00186758 5.87561e-05
8.04739e-10 0.00187574 6.53054e-05
8.0484e-10 0.00188392 7.22533e-05
8.04942e-10 0.00189213 7.96075e-05
8.05043e-10 0.00190037 8.73758e-05
8.05144e-10 0.00190864 9.55661e-05
8.05245e-10 0.00191693 0.000104186
8.05347e-10 0.00192525 0.000113245
8.05448e-10 0.00193359 0.00012275
8.05549e-10 0.00194196 0.00013271
8.0565e-10 0.00195036 0.000143133
8.05752e-10 0.00195877 0.000154027
8.05853e-10 0.00196721 0.000165402
8.05954e-10 0.00197567 0.000177267
8.06056e-10 0.00198415 0.00018963
8.06157e-10 0.00199265 0.0002025
8.06258e-10 0.00200117 0.000215886
8.06359e-10 0.0020097 0.000229798
8.06461e-10 0.00201825 0.000244246
8.06562e-10 0.00202682 0.000259238
8.06663e-10 0.0020354 0.000274784
8.06764e-10 0.002044 0.000290895
8.06866e-10 0.00205261 0.000307579
8.06967e-10 0.00206123 0.000324848
8.07068e-10 0.00206986 0.000342712
8.07169e-10 0.00207851 0.00036118
8.07271e-10 0.00208716 0.000380263
8.07372e-10 0.00209581 0.000399972
8.07473e-10 0.00210448 0.000420317
8.07575e-10 0.00211314 0.00044131
8.07676e-10 0.00212182 0.000462961
8.07777e-10 0.00213049 0.000485282
8.07878e-10 0.00213917 0.000508284
8.0798e-10 0.00214784 0.000531978
8.08081e-10 0.00215652 0.000556376
8.08182e-10 0.00216519 0.00058149
8.08283e-10 0.00217385 0.000607332
8.08385e-10 0.00218252 0.000633913
8.08486e-10 0.00219117 0.000661246
8.08587e-10 0.00219982 0.000689343
8.08689e-10 0.00220845 0.000718217
8.0879e-10 0.00221708 0.000747881
8.08891e-10 0.00222569 0.000778347
8.08992e-10 0.00223429 0.000809628
8.09094e-10 0.00224287 0.000841738
8.09195e-10 0.00225143 0.00087469
8.09296e-10 0.00225998 0.000908497
8.09397e-10 0.0022685 0.000943173
8.09499e-10 0.002277 0.000978731
8.096e-10 0.00228548 0.00101519
8.09701e-10 0.00229393 0.00105255
8.09803e-10 0.00230235 0.00109085
8.09904e-10 0.00231075 0.00113008
8.10005e-10 0.00231911 0.00117027
8.10106e-10 0.00232744 0.00121142
8.10208e-10 0.00233573 0.00125356
8.10309e-10 0.00234399 0.00129671
8.1041e-10 0.00235221 0.00134086
8.10511e-10 0.00236038 0.00138605
8.10613e-10 0.00236852 0.00143229
8.10714e-10 0.00237661 0.00147958
8.10815e-10 0.00238465 0.00152796
8.10916e-10 0.00239264 0.00157743
8.11018e-10 0.00240058 0.00162802
8.11119e-10 0.00240847 0.00167973
8.1122e-10 0.0024163 0.00173259
8.11322e-10 0.00242408 0.00178661
8.11423e-10 0.00243179 0.00184182
8.11524e-10 0.00243945 0.00189822
8.11625e-10 0.00244703 0.00195584
8.11727e-10 0.00245455 0.00201469
8.11828e-10 0.00246201 0.00207479
8.11929e-10 0.00246939 0.00213617
8.1203e-10 0.00247669 0.00219883
8.12132e-10 0.00248392 0.00226281
8.12233e-10 0.00249108 0.00232811
8.12334e-10 0.00249815 0.00239476
8.12436e-10 0.00250513 0.00246277
8.12537e-10 0.00251203 0.00253217
8.12638e-10 0.00251884 0.00260298
8.12739e-10 0.00252556 0.00267521
8.12841e-10 0.00253219 0.00274889
8.12942e-10 0.00253872 0.00282403
8.13043e-10 0.00254514 0.00290067
8.13144e-10 0.00255147 0.00297881
8.13246e-10 0.00255769 0.00305849
8.13347e-10 0.00256381 0.00313972
8.13448e-10 0.00256981 0.00322252
8.1355e-10 0.0025757 0.00330692
8.13651e-10 0.00258147 0.00339294
8.13752e-10 0.00258713 0.00348059
8.13853e-10 0.00259266 0.00356992
8.13955e-10 0.00259807 0.00366093
8.14056e-10 0.00260335 0.00375365
8.14157e-10 0.0026085 0.0038481
8.14258e-10 0.00261352 0.00394432
8.1436e-10 0.0026184 0.00404231
8.14461e-10 0.00262314 0.00414211
8.14562e-10 0.00262774 0.00424374
8.14663e-10 0.00263219 0.00434723
8.14765e-10 0.00263649 0.0044526
8.14866e-10 0.00264064 0.00455987
8.14967e-10 0.00264464 0.00466908
8.15069e-10 0.00264847 0.00478024
8.1517e-10 0.00265215 0.00489339
8.15271e-10 0.00265566 0.00500855
8.15372e-10 0.00265901 0.00512574
8.15474e-10 0.00266218 0.005245
8.15575e-10 0.00266518 0.00536635
8.15676e-10 0.002668 0.00548982
8.15777e-10 0.00267064 0.00561543
8.15879e-10 0.0026731 0.00574321
8.1598e-10 0.00267537 0.0058732
8.16081e-10 0.00267744 0.00600542
8.16183e-10 0.00267933 0.0061399
8.16284e-10 0.00268102 0.00627667
8.16385e-10 0.00268251 0.00641575
8.16486e-10 0.00268379 0.00655718
8.16588e-10 0.00268487 0.00670099
8.16689e-10 0.00268574 0.00684721
8.1679e-10 0.00268639 0.00699586
8.16891e-10 0.00268683 0.00714699
8.16993e-10 0.00268704 0.00730061
8.17094e-10 0.00268704 0.00745676
8.17195e-10 0.0026868 0.00761548
8.17296e-10 0.00268634 0.00777679
8.17398e-10 0.00268565 0.00794073
8.17499e-10 0.00268471 0.00810732
8.176e-10 0.00268354 0.00827661
8.17702e-10 0.00268213 0.00844862
8.17803e-10 0.00268047 0.00862338
8.17904e-10 0.00267856 0.00880094
8.18005e-10 0.00267639 0.00898132
8.18107e-10 0.00267398 0.00916456
8.18208e-10 0.0026713 0.00935069
8.18309e-10 0.00266836 0.00953975
8.1841e-10 0.00266516 0.00973177
8.18512e-10 0.00266168 0.00992678
8.18613e-10 0.00265794 0.0101248
8.18714e-10 0.00265393 0.0103259
8.18816e-10 0.00264963 0.0105302
8.18917e-10 0.00264506 0.0107375
8.19018e-10 0.0026402 0.010948
8.19119e-10 0.00263506 0.0111618
8.19221e-10 0.00262963 0.0113788
8.19322e-10 0.00262391 0.0115991
8.19423e-10 0.0026179 0.0118227
8.19524e-10 0.00261159 0.0120496
8.19626e-10 0.00260498 0.01228
8.19727e-10 0.00259807 0.0125138
8.19828e-10 0.00259086 0.012751
8.1993e-10 0.00258334 0.0129918
8.20031e-10 0.00257551 0.0132362
8.20132e-10 0.00256737 0.0134841
8.20233e-10 0.00255892 0.0137356
8.20335e-10 0.00255015 0.0139908
8.20436e-10 0.00254107 0.0142498
8.20537e-10 0.00253167 0.0145124
8.20638e-10 0.00252195 0.0147789
8.2074e-10 0.00251191 0.0150492
8.20841e-10 0.00250155 0.0153233
8.20942e-10 0.00249086 0.0156014
8.21043e-10 0.00247984 0.0158834
8.21145e-10 0.0024685 0.0161694
8.21246e-10 0.00245682 0.0164594
8.21347e-10 0.00244482 0.0167535
8.21449e-10 0.00243249 0.0170517
8.2155e-10 0.00241983 0.0173541
8.21651e-10 0.00240683 0.0176606
8.21752e-10 0.0023935 0.0179714
8.21854e-10 0.00237984 0.0182864
8.21955e-10 0.00236585 0.0186058
8.22056e-10 0.00235152 0.0189295
8.22157e-10 0.00233686 0.0192577
8.22259e-10 0.00232187 0.0195903
8.2236e-10 0.00230654 0.0199273
8.22461e-10 0.00229089 0.0202689
8.22563e-10 0.0022749 0.020615
8.22664e-10 0.00225858 0.0209658
8.22765e-10 0.00224194 0.0213212
8.22866e-10 0.00222496 0.0216813
8.22968e-10 0.00220766 0.0220462
8.23069e-10 0.00219004 0.0224158
8.2317e-10 0.00217209 0.0227902
8.23271e-10 0.00215383 0.0231695
8.23373e-10 0.00213524 0.0235537
8.23474e-10 0.00211634 0.0239428
8.23575e-10 0.00209713 0.0243369
8.23677e-10 0.00207761 0.024736
8.23778e-10 0.00205778 0.0251402
8.23879e-10 0.00203765 0.0255495
8.2398e-10 0.00201722 0.0259639
8.24082e-10 0.00199649 0.0263836
8.24183e-10 0.00197548 0.0268084
8.24284e-10 0.00195417 0.0272385
8.24385e-10 0.00193259 0.0276739
8.24487e-10 0.00191073 0.0281147
8.24588e-10 0.0018886 0.0285608
8.24689e-10 0.0018662 0.0290123
8.2479e-10 0.00184354 0.0294693
8.24892e-10 0.00182063 0.0299318
8.24993e-10 0.00179748 0.0303998
8.25094e-10 0.00177408 0.0308734
8.25196e-10 0.00175045 0.0313526
8.25297e-10 0.0017266 0.0318374
8.25398e-10 0.00170253 0.0323279
8.25499e-10 0.00167824 0.0328241
8.25601e-10 0.00165376 0.0333261
8.25702e-10 0.00162909 0.0338338
8.25803e-10 0.00160423 0.0343473
8.25904e-10 0.0015792 0.0348666
8.26006e-10 0.001554 0.0353918
8.26107e-10 0.00152865 0.0359229
8.26208e-10 0.00150316 0.03646
8.2631e-10 0.00147754 0.0370029
8.26411e-10 0.00145179 0.0375519
8.26512e-10 0.00142594 0.0381069
8.26613e-10 0.00139999 0.0386679
8.26715e-10 0.00137396 0.0392349
8.26816e-10 0.00134785 0.039808
8.26917e-10 0.00132168 0.0403872
8.27018e-10 0.00129548 0.0409726
8.2712e-10 0.00126923 0.0415641
8.27221e-10 0.00124298 0.0421617
8.27322e-10 0.00121672 0.0427655
8.27424e-10 0.00119047 0.0433755
8.27525e-10 0.00116426 0.0439917
8.27626e-10 0.00113809 0.0446141
8.27727e-10 0.00111198 0.0452428
8.27829e-10 0.00108595 0.0458777
8.2793e-10 0.00106002 0.0465188
8.28031e-10 0.00103419 0.0471662
8.28132e-10 0.00100851 0.0478198
8.28234e-10 0.000982965 0.0484797
8.28335e-10 0.000957595 0.0491459
8.28436e-10 0.000932412 0.0498183
8.28537e-10 0.000907437 0.050497
8.28639e-10 0.00088269 0.0511819
8.2874e-10 0.000858191 0.051873
8.28841e-10 0.000833961 0.0525704
8.28943e-10 0.000810021 0.0532741
8.29044e-10 0.000786394 0.0539839
8.29145e-10 0.0007631 0.0546999
8.29246e-10 0.000740162 0.0554221
8.29348e-10 0.000717604 0.0561504
8.29449e-10 0.000695447 0.0568849
8.2955e-10 0.000673716 0.0576255
8.29651e-10 0.000652435 0.0583721
8.29753e-10 0.000631626 0.0591248
8.29854e-10 0.000611315 0.0598835
8.29955e-10 0.000591526 0.0606482
8.30057e-10 0.000572284 0.0614187
8.30158e-10 0.000553615 0.0621952
8.30259e-10 0.000535544 0.0629775
8.3036e-10 0.000518097 0.0637656
8.30462e-10 0.000501299 0.0645594
8.30563e-10 0.000485177 0.0653589
8.30664e-10 0.000469758 0.066164
8.30765e-10 0.000455067 0.0669747
8.30867e-10 0.000441132 0.0677908
8.30968e-10 0.000427979 0.0686123
8.31069e-10 0.000415636 0.0694392
8.31171e-10 0.000404129 0.0702713
8.31272e-10 0.000393485 0.0711086
8.31373e-10 0.000383732 0.071951
8.31474e-10 0.000374897 0.0727983
8.31576e-10 0.000367007 0.0736506
8.31677e-10 0.000360089 0.0745076
8.31778e-10 0.000354169 0.0753693
8.31879e-10 0.000349276 0.0762356
8.31981e-10 0.000345436 0.0771063
8.32082e-10 0.000342676 0.0779814
8.32183e-10 0.000341021 0.0788607
8.32284e-10 0.000340498 0.0797441
8.32386e-10 0.000341133 0.0806314
8.32487e-10 0.000342951 0.0815225
8.32588e-10 0.000345978 0.0824173
8.3269e-10 0.000350239 0.0833156
8.32791e-10 0.000355757 0.0842173
8.32892e-10 0.000362557 0.0851221
8.32993e-10 0.000370662 0.08603
8.33095e-10 0.000380095 0.0869408
8.33196e-10 0.000390877 0.0878542
8.33297e-10 0.000403031 0.0887701
8.33398e-10 0.000416578 0.0896883
8.335e-10 0.000431536 0.0906086
8.33601e-10 0.000447926 0.0915308
8.33702e-10 0.000465765 0.0924546
8.33804e-10 0.000485071 0.09338
8.33905e-10 0.00050586 0.0943066
8.34006e-10 0.000528147 0.0952343
8.34107e-10 0.000551948 0.0961627
8.34209e-10 0.000577274 0.0970917
8.3431e-10 0.000604138 0.098021
8.34411e-10 0.000632549 0.0989503
8.34512e-10 0.000662519 0.0998794
8.34614e-10 0.000694053 0.100808
8.34715e-10 0.00072716 0.101736
8.34816e-10 0.000761843 0.102663
8.34917e-10 0.000798105 0.103588
8.35019e-10 0.00083595 0.104512
8.3512e-10 0.000875376 0.105434
8.35221e-10 0.000916382 0.106354
8.35323e-10 0.000958964 0.107271
8.35424e-10 0.00100312 0.108185
8.35525e-10 0.00104883 0.109096
8.35626e-10 0.0010961 0.110004
8.35728e-10 0.00114492 0.110907
8.35829e-10 0.00119526 0.111806
8.3593e-10 0.00124712 0.112701
8.36031e-10 0.00130047 0.113591
8.36133e-10 0.0013553 0.114475
8.36234e-10 0.00141159 0.115354
8.36335e-10 0.0014693 0.116227
8.36437e-10 0.00152841 0.117093
8.36538e-10 0.0015889 0.117952
8.36639e-10 0.00165073 0.118804
8.3674e-10 0.00171386 0.119648
8.36842e-10 0.00177826 0.120484
8.36943e-10 0.0018439 0.121311
8.37044e-10 0.00191072 0.122129
8.37145e-10 0.00197868 0.122938
8.37247e-10 0.00204774 0.123737
8.37348e-10 0.00211784 0.124526
8.37449e-10 0.00218894 0.125303
8.37551e-10 0.00226097 0.12607
8.37652e-10 0.00233389 0.126825
8.37753e-10 0.00240762 0.127567
8.37854e-10 0.00248211 0.128297
8.37956e-10 0.00255728 0.129014
8.38057e-10 0.00263308 0.129717
8.38158e-10 0.00270944 0.130406
8.38259e-10 0.00278626 0.13108
8.38361e-10 0.00286349 0.13174
8.38462e-10 0.00294105 0.132383
8.38563e-10 0.00301885 0.133011
8.38664e-10 0.00309681 0.133621
8.38766e-10 0.00317484 0.134215
8.38867e-10 0.00325287 0.134791
8.38968e-10 0.00333079 0.135349
8.3907e-10 0.00340853 0.135888
8.39171e-10 0.00348598 0.136408
8.39272e-10 0.00356306 0.136909
8.39373e-10 0.00363967 0.137389
8.39475e-10 0.00371571 0.137848
8.39576e-10 0.00379108 0.138286
8.39677e-10 0.0038657 0.138703
8.39778e-10 0.00393944 0.139097
8.3988e-10 0.00401223 0.139469
