6.9e-10 0.00601369 0.0114714
6.90101e-10 0.00622064 0.0106405
6.90203e-10 0.00642796 0.0098511
6.90304e-10 0.00663541 0.00910293
6.90405e-10 0.00684274 0.00839571
6.90506e-10 0.00704971 0.00772911
6.90608e-10 0.00725609 0.00710274
6.90709e-10 0.00746162 0.00651616
6.9081e-10 0.00766607 0.0059689
6.90911e-10 0.0078692 0.00546044
6.91013e-10 0.00807078 0.00499022
6.91114e-10 0.00827058 0.00455764
6.91215e-10 0.00846836 0.00416207
6.91317e-10 0.00866391 0.00380285
6.91418e-10 0.008857 0.00347928
6.91519e-10 0.00904742 0.00319063
6.9162e-10 0.00923496 0.00293616
6.91722e-10 0.00941941 0.00271507
6.91823e-10 0.00960058 0.00252656
6.91924e-10 0.00977827 0.00236981
6.92025e-10 0.0099523 0.00224397
6.92127e-10 0.0101225 0.00214818
6.92228e-10 0.0102887 0.00208155
6.92329e-10 0.0104507 0.00204319
6.9243e-10 0.0106083 0.00203218
6.92532e-10 0.0107615 0.00204762
6.92633e-10 0.0109101 0.00208855
6.92734e-10 0.0110539 0.00215406
6.92836e-10 0.0111928 0.00224319
6.92937e-10 0.0113268 0.00235498
6.93038e-10 0.0114556 0.0024885
6.93139e-10 0.0115793 0.00264278
6.93241e-10 0.0116976 0.00281686
6.93342e-10 0.0118106 0.0030098
6.93443e-10 0.0119181 0.00322063
6.93544e-10 0.0120202 0.00344841
6.93646e-10 0.0121167 0.00369219
6.93747e-10 0.0122076 0.00395103
6.93848e-10 0.0122928 0.004224
6.9395e-10 0.0123724 0.00451018
6.94051e-10 0.0124463 0.00480864
6.94152e-10 0.0125145 0.00511849
6.94253e-10 0.012577 0.00543883
6.94355e-10 0.0126338 0.00576877
6.94456e-10 0.0126849 0.00610745
6.94557e-10 0.0127303 0.006454
6.94658e-10 0.0127701 0.00680759
6.9476e-10 0.0128044 0.00716739
6.94861e-10 0.012833 0.00753259
6.94962e-10 0.0128562 0.00790239
6.95064e-10 0.0128739 0.00827601
6.95165e-10 0.0128862 0.0086527
6.95266e-10 0.0128932 0.0090317
6.95367e-10 0.012895 0.00941229
6.95469e-10 0.0128916 0.00979377
6.9557e-10 0.0128831 0.0101754
6.95671e-10 0.0128696 0.0105567
6.95772e-10 0.0128513 0.0109368
6.95874e-10 0.0128282 0.0113151
6.95975e-10 0.0128004 0.0116911
6.96076e-10 0.012768 0.0120642
6.96177e-10 0.0127312 0.0124337
6.96279e-10 0.01269 0.0127992
6.9638e-10 0.0126446 0.0131601
6.96481e-10 0.0125951 0.013516
6.96583e-10 0.0125417 0.0138662
6.96684e-10 0.0124844 0.0142105
6.96785e-10 0.0124234 0.0145482
6.96886e-10 0.0123589 0.0148791
6.96988e-10 0.0122909 0.0152027
6.97089e-10 0.0122196 0.0155186
6.9719e-10 0.0121451 0.0158265
6.97291e-10 0.0120676 0.016126
6.97393e-10 0.0119872 0.0164169
6.97494e-10 0.0119041 0.0166987
6.97595e-10 0.0118184 0.0169713
6.97697e-10 0.0117302 0.0172343
6.97798e-10 0.0116396 0.0174876
6.97899e-10 0.0115469 0.0177309
6.98e-10 0.0114521 0.017964
6.98102e-10 0.0113554 0.0181868
6.98203e-10 0.011257 0.018399
6.98304e-10 0.0111568 0.0186005
6.98405e-10 0.0110552 0.0187912
6.98507e-10 0.0109522 0.018971
6.98608e-10 0.010848 0.0191398
6.98709e-10 0.0107426 0.0192974
6.9881e-10 0.0106363 0.0194439
6.98912e-10 0.0105291 0.0195792
6.99013e-10 0.0104211 0.0197033
6.99114e-10 0.0103126 0.019816
6.99216e-10 0.0102035 0.0199176
6.99317e-10 0.010094 0.0200078
6.99418e-10 0.00998428 0.0200869
6.99519e-10 0.00987437 0.0201547
6.99621e-10 0.0097644 0.0202114
6.99722e-10 0.00965448 0.0202571
6.99823e-10 0.0095447 0.0202917
6.99924e-10 0.00943516 0.0203155
7.00026e-10 0.00932596 0.0203284
7.00127e-10 0.00921719 0.0203306
7.00228e-10 0.00910893 0.0203223
7.0033e-10 0.00900127 0.0203035
7.00431e-10 0.00889429 0.0202744
7.00532e-10 0.00878807 0.0202351
7.00633e-10 0.00868269 0.0201858
7.00735e-10 0.00857821 0.0201267
7.00836e-10 0.0084747 0.020058
7.00937e-10 0.00837223 0.0199797
7.01038e-10 0.00827086 0.0198922
7.0114e-10 0.00817065 0.0197955
7.01241e-10 0.00807165 0.01969
7.01342e-10 0.00797391 0.0195757
7.01444e-10 0.00787748 0.019453
7.01545e-10 0.00778241 0.0193221
7.01646e-10 0.00768874 0.0191831
7.01747e-10 0.0075965 0.0190362
7.01849e-10 0.00750573 0.0188818
7.0195e-10 0.00741646 0.0187201
7.02051e-10 0.00732873 0.0185512
7.02152e-10 0.00724255 0.0183755
7.02254e-10 0.00715795 0.0181931
7.02355e-10 0.00707496 0.0180044
7.02456e-10 0.00699358 0.0178095
7.02557e-10 0.00691384 0.0176088
7.02659e-10 0.00683575 0.0174024
7.0276e-10 0.0067593 0.0171906
7.02861e-10 0.00668452 0.0169737
7.02963e-10 0.00661141 0.016752
7.03064e-10 0.00653996 0.0165256
7.03165e-10 0.00647018 0.0162948
7.03266e-10 0.00640207 0.0160599
7.03368e-10 0.00633561 0.0158211
7.03469e-10 0.00627081 0.0155788
7.0357e-10 0.00620765 0.015333
7.03671e-10 0.00614612 0.0150841
7.03773e-10 0.00608622 0.0148324
7.03874e-10 0.00602792 0.014578
7.03975e-10 0.0059712 0.0143212
7.04077e-10 0.00591606 0.0140623
7.04178e-10 0.00586247 0.0138014
7.04279e-10 0.00581041 0.0135389
7.0438e-10 0.00575986 0.0132749
7.04482e-10 0.00571079 0.0130097
7.04583e-10 0.00566318 0.0127435
7.04684e-10 0.005617 0.0124765
7.04785e-10 0.00557223 0.012209
7.04887e-10 0.00552883 0.0119412
7.04988e-10 0.00548678 0.0116732
7.05089e-10 0.00544605 0.0114053
7.05191e-10 0.0054066 0.0111377
7.05292e-10 0.00536841 0.0108705
7.05393e-10 0.00533145 0.0106041
7.05494e-10 0.00529567 0.0103385
7.05596e-10 0.00526104 0.010074
7.05697e-10 0.00522754 0.00981068
7.05798e-10 0.00519513 0.00954881
7.05899e-10 0.00516377 0.00928852
7.06001e-10 0.00513342 0.00902999
7.06102e-10 0.00510406 0.00877338
7.06203e-10 0.00507565 0.00851884
7.06304e-10 0.00504815 0.00826653
7.06406e-10 0.00502152 0.0080166
7.06507e-10 0.00499574 0.0077692
7.06608e-10 0.00497077 0.00752445
7.0671e-10 0.00494656 0.00728249
7.06811e-10 0.00492309 0.00704346
7.06912e-10 0.00490032 0.00680747
7.07013e-10 0.00487822 0.00657465
7.07115e-10 0.00485675 0.0063451
7.07216e-10 0.00483588 0.00611894
7.07317e-10 0.00481557 0.00589626
7.07418e-10 0.0047958 0.00567717
7.0752e-10 0.00477652 0.00546176
7.07621e-10 0.00475771 0.00525011
7.07722e-10 0.00473934 0.00504231
7.07824e-10 0.00472137 0.00483843
7.07925e-10 0.00470377 0.00463856
7.08026e-10 0.00468652 0.00444275
7.08127e-10 0.00466958 0.00425108
7.08229e-10 0.00465293 0.00406359
7.0833e-10 0.00463653 0.00388035
7.08431e-10 0.00462037 0.00370139
7.08532e-10 0.00460441 0.00352678
7.08634e-10 0.00458863 0.00335653
7.08735e-10 0.004573 0.0031907
7.08836e-10 0.0045575 0.00302931
7.08938e-10 0.00454211 0.00287238
7.09039e-10 0.0045268 0.00271995
7.0914e-10 0.00451155 0.00257202
7.09241e-10 0.00449634 0.0024286
7.09343e-10 0.00448115 0.00228972
7.09444e-10 0.00446596 0.00215537
7.09545e-10 0.00445075 0.00202556
7.09646e-10 0.00443551 0.00190027
7.09748e-10 0.00442021 0.00177951
7.09849e-10 0.00440484 0.00166327
7.0995e-10 0.00438939 0.00155153
7.10051e-10 0.00437383 0.00144427
7.10153e-10 0.00435816 0.00134147
7.10254e-10 0.00434237 0.0012431
7.10355e-10 0.00432644 0.00114915
7.10457e-10 0.00431036 0.00105958
7.10558e-10 0.00429411 0.000974344
7.10659e-10 0.0042777 0.00089342
7.1076e-10 0.00426111 0.000816763
7.10862e-10 0.00424433 0.000744329
7.10963e-10 0.00422735 0.000676074
7.11064e-10 0.00421017 0.000611948
7.11165e-10 0.00419279 0.000551901
7.11267e-10 0.00417519 0.00049588
7.11368e-10 0.00415738 0.000443828
7.11469e-10 0.00413934 0.000395688
7.11571e-10 0.00412108 0.000351399
7.11672e-10 0.00410259 0.0003109
7.11773e-10 0.00408387 0.000274126
7.11874e-10 0.00406492 0.000241011
7.11976e-10 0.00404574 0.000211487
7.12077e-10 0.00402633 0.000185484
7.12178e-10 0.00400669 0.000162932
7.12279e-10 0.00398682 0.000143756
7.12381e-10 0.00396672 0.000127885
7.12482e-10 0.00394639 0.000115241
7.12583e-10 0.00392584 0.000105748
7.12684e-10 0.00390507 9.93285e-05
7.12786e-10 0.00388408 9.59033e-05
7.12887e-10 0.00386288 9.53925e-05
7.12988e-10 0.00384147 9.77154e-05
7.1309e-10 0.00381986 0.00010279
7.13191e-10 0.00379805 0.000110535
7.13292e-10 0.00377604 0.000120867
7.13393e-10 0.00375385 0.000133703
7.13495e-10 0.00373148 0.000148957
7.13596e-10 0.00370894 0.000166548
7.13697e-10 0.00368622 0.000186389
7.13798e-10 0.00366335 0.000208396
7.139e-10 0.00364033 0.000232484
7.14001e-10 0.00361716 0.000258568
7.14102e-10 0.00359385 0.000286562
7.14204e-10 0.00357042 0.000316383
7.14305e-10 0.00354686 0.000347946
7.14406e-10 0.00352319 0.000381165
7.14507e-10 0.00349942 0.000415956
7.14609e-10 0.00347556 0.000452236
7.1471e-10 0.00345161 0.000489921
7.14811e-10 0.00342758 0.000528927
7.14912e-10 0.00340349 0.000569173
7.15014e-10 0.00337933 0.000610577
7.15115e-10 0.00335513 0.000653057
7.15216e-10 0.00333089 0.000696533
7.15318e-10 0.00330661 0.000740925
7.15419e-10 0.00328232 0.000786154
7.1552e-10 0.00325801 0.000832143
7.15621e-10 0.0032337 0.000878813
7.15723e-10 0.00320939 0.000926089
7.15824e-10 0.0031851 0.000973896
7.15925e-10 0.00316083 0.00102216
7.16026e-10 0.0031366 0.00107081
7.16128e-10 0.00311241 0.00111977
7.16229e-10 0.00308827 0.00116897
7.1633e-10 0.00306419 0.00121834
7.16431e-10 0.00304018 0.00126782
7.16533e-10 0.00301625 0.00131733
7.16634e-10 0.0029924 0.00136682
7.16735e-10 0.00296864 0.00141621
7.16837e-10 0.00294499 0.00146545
7.16938e-10 0.00292144 0.00151447
7.17039e-10 0.00289801 0.00156321
7.1714e-10 0.00287471 0.00161162
7.17242e-10 0.00285154 0.00165964
7.17343e-10 0.00282851 0.00170721
7.17444e-10 0.00280562 0.00175428
7.17545e-10 0.00278289 0.0018008
7.17647e-10 0.00276031 0.00184671
7.17748e-10 0.00273791 0.00189197
7.17849e-10 0.00271567 0.00193653
7.17951e-10 0.00269361 0.00198034
7.18052e-10 0.00267174 0.00202336
7.18153e-10 0.00265006 0.00206555
7.18254e-10 0.00262857 0.00210686
7.18356e-10 0.00260727 0.00214726
7.18457e-10 0.00258619 0.0021867
7.18558e-10 0.00256531 0.00222516
7.18659e-10 0.00254464 0.0022626
7.18761e-10 0.0025242 0.00229898
7.18862e-10 0.00250397 0.00233427
7.18963e-10 0.00248396 0.00236845
7.19065e-10 0.00246419 0.00240148
7.19166e-10 0.00244464 0.00243335
7.19267e-10 0.00242533 0.00246402
7.19368e-10 0.00240626 0.00249347
7.1947e-10 0.00238742 0.00252168
7.19571e-10 0.00236882 0.00254863
7.19672e-10 0.00235047 0.0025743
7.19773e-10 0.00233236 0.00259868
7.19875e-10 0.00231449 0.00262175
7.19976e-10 0.00229687 0.0026435
7.20077e-10 0.0022795 0.00266392
7.20178e-10 0.00226238 0.00268298
7.2028e-10 0.00224551 0.0027007
7.20381e-10 0.00222888 0.00271705
7.20482e-10 0.0022125 0.00273204
7.20584e-10 0.00219638 0.00274565
7.20685e-10 0.0021805 0.00275789
7.20786e-10 0.00216487 0.00276875
7.20887e-10 0.00214948 0.00277823
7.20989e-10 0.00213435 0.00278634
7.2109e-10 0.00211945 0.00279308
7.21191e-10 0.0021048 0.00279844
7.21292e-10 0.0020904 0.00280244
7.21394e-10 0.00207623 0.00280508
7.21495e-10 0.0020623 0.00280637
7.21596e-10 0.00204861 0.00280631
7.21698e-10 0.00203515 0.00280493
7.21799e-10 0.00202193 0.00280222
7.219e-10 0.00200893 0.0027982
7.22001e-10 0.00199616 0.00279288
7.22103e-10 0.00198362 0.00278629
7.22204e-10 0.0019713 0.00277842
7.22305e-10 0.00195919 0.00276931
7.22406e-10 0.0019473 0.00275896
7.22508e-10 0.00193562 0.0027474
7.22609e-10 0.00192415 0.00273464
7.2271e-10 0.00191289 0.0027207
7.22812e-10 0.00190183 0.00270562
7.22913e-10 0.00189096 0.00268939
7.23014e-10 0.00188029 0.00267206
7.23115e-10 0.00186981 0.00265364
7.23217e-10 0.00185952 0.00263416
7.23318e-10 0.00184941 0.00261364
7.23419e-10 0.00183948 0.0025921
7.2352e-10 0.00182972 0.00256958
7.23622e-10 0.00182013 0.0025461
7.23723e-10 0.00181071 0.00252168
7.23824e-10 0.00180145 0.00249636
7.23925e-10 0.00179235 0.00247016
7.24027e-10 0.0017834 0.00244311
7.24128e-10 0.0017746 0.00241524
7.24229e-10 0.00176595 0.00238659
7.24331e-10 0.00175743 0.00235717
7.24432e-10 0.00174906 0.00232702
7.24533e-10 0.00174081 0.00229617
7.24634e-10 0.0017327 0.00226466
7.24736e-10 0.0017247 0.0022325
7.24837e-10 0.00171683 0.00219974
7.24938e-10 0.00170907 0.0021664
7.25039e-10 0.00170142 0.00213252
7.25141e-10 0.00169388 0.00209813
7.25242e-10 0.00168645 0.00206326
7.25343e-10 0.0016791 0.00202794
7.25445e-10 0.00167186 0.00199221
7.25546e-10 0.0016647 0.00195609
7.25647e-10 0.00165763 0.00191962
7.25748e-10 0.00165065 0.00188282
7.2585e-10 0.00164374 0.00184574
7.25951e-10 0.0016369 0.00180841
7.26052e-10 0.00163014 0.00177084
7.26153e-10 0.00162344 0.00173309
7.26255e-10 0.00161681 0.00169517
7.26356e-10 0.00161024 0.00165712
7.26457e-10 0.00160372 0.00161897
7.26559e-10 0.00159726 0.00158075
7.2666e-10 0.00159084 0.00154249
7.26761e-10 0.00158448 0.00150422
7.26862e-10 0.00157815 0.00146597
7.26964e-10 0.00157187 0.00142777
7.27065e-10 0.00156562 0.00138965
7.27166e-10 0.00155941 0.00135164
7.27267e-10 0.00155323 0.00131376
7.27369e-10 0.00154707 0.00127604
7.2747e-10 0.00154094 0.00123852
7.27571e-10 0.00153484 0.00120121
7.27672e-10 0.00152876 0.00116415
7.27774e-10 0.00152269 0.00112735
7.27875e-10 0.00151664 0.00109086
7.27976e-10 0.00151061 0.00105468
7.28078e-10 0.00150459 0.00101885
7.28179e-10 0.00149858 0.000983381
7.2828e-10 0.00149257 0.000948309
7.28381e-10 0.00148657 0.000913652
7.28483e-10 0.00148058 0.000879431
7.28584e-10 0.00147459 0.000845668
7.28685e-10 0.0014686 0.000812384
7.28786e-10 0.00146262 0.000779599
7.28888e-10 0.00145663 0.000747334
7.28989e-10 0.00145064 0.000715606
7.2909e-10 0.00144464 0.000684435
7.29192e-10 0.00143864 0.000653838
7.29293e-10 0.00143264 0.000623831
7.29394e-10 0.00142663 0.000594432
7.29495e-10 0.00142061 0.000565656
7.29597e-10 0.00141459 0.000537517
7.29698e-10 0.00140855 0.000510031
7.29799e-10 0.00140251 0.00048321
7.299e-10 0.00139646 0.000457068
7.30002e-10 0.0013904 0.000431617
7.30103e-10 0.00138433 0.000406868
7.30204e-10 0.00137826 0.000382831
7.30305e-10 0.00137217 0.000359518
7.30407e-10 0.00136607 0.000336937
7.30508e-10 0.00135997 0.000315097
7.30609e-10 0.00135385 0.000294005
7.30711e-10 0.00134773 0.00027367
7.30812e-10 0.00134159 0.000254097
7.30913e-10 0.00133545 0.000235292
7.31014e-10 0.0013293 0.000217261
7.31116e-10 0.00132315 0.000200007
7.31217e-10 0.00131698 0.000183535
7.31318e-10 0.00131082 0.000167847
7.31419e-10 0.00130464 0.000152946
7.31521e-10 0.00129846 0.000138833
7.31622e-10 0.00129228 0.000125509
7.31723e-10 0.0012861 0.000112975
7.31825e-10 0.00127991 0.00010123
7.31926e-10 0.00127372 9.02737e-05
7.32027e-10 0.00126753 8.01032e-05
7.32128e-10 0.00126135 7.07169e-05
7.3223e-10 0.00125516 6.21116e-05
7.32331e-10 0.00124898 5.42838e-05
7.32432e-10 0.0012428 4.72293e-05
7.32533e-10 0.00123663 4.09433e-05
7.32635e-10 0.00123047 3.54203e-05
7.32736e-10 0.00122431 3.06544e-05
7.32837e-10 0.00121816 2.66391e-05
7.32939e-10 0.00121203 2.33671e-05
7.3304e-10 0.0012059 2.08308e-05
7.33141e-10 0.00119979 1.90219e-05
7.33242e-10 0.00119369 1.79318e-05
7.33344e-10 0.00118761 1.75511e-05
7.33445e-10 0.00118155 1.78701e-05
7.33546e-10 0.0011755 1.88786e-05
7.33647e-10 0.00116948 2.05657e-05
7.33749e-10 0.00116347 2.29203e-05
7.3385e-10 0.00115749 2.59308e-05
7.33951e-10 0.00115153 2.9585e-05
7.34052e-10 0.0011456 3.38705e-05
7.34154e-10 0.0011397 3.87744e-05
7.34255e-10 0.00113382 4.42833e-05
7.34356e-10 0.00112797 5.03835e-05
7.34458e-10 0.00112216 5.70611e-05
7.34559e-10 0.00111637 6.43016e-05
7.3466e-10 0.00111062 7.20902e-05
7.34761e-10 0.0011049 8.04121e-05
7.34863e-10 0.00109922 8.92517e-05
7.34964e-10 0.00109358 9.85935e-05
7.35065e-10 0.00108798 0.000108421
7.35166e-10 0.00108241 0.00011872
7.35268e-10 0.00107689 0.000129471
7.35369e-10 0.0010714 0.00014066
7.3547e-10 0.00106597 0.000152269
7.35572e-10 0.00106057 0.000164282
7.35673e-10 0.00105522 0.00017668
7.35774e-10 0.00104992 0.000189447
7.35875e-10 0.00104466 0.000202564
7.35977e-10 0.00103945 0.000216016
7.36078e-10 0.00103429 0.000229783
7.36179e-10 0.00102918 0.000243848
7.3628e-10 0.00102412 0.000258192
7.36382e-10 0.00101912 0.000272799
7.36483e-10 0.00101416 0.000287649
7.36584e-10 0.00100926 0.000302725
7.36686e-10 0.00100441 0.000318009
7.36787e-10 0.00099962 0.000333482
7.36888e-10 0.000994881 0.000349126
7.36989e-10 0.000990199 0.000364923
7.37091e-10 0.000985572 0.000380856
7.37192e-10 0.000981002 0.000396906
7.37293e-10 0.000976489 0.000413055
7.37394e-10 0.000972033 0.000429285
7.37496e-10 0.000967635 0.000445578
7.37597e-10 0.000963295 0.000461918
7.37698e-10 0.000959013 0.000478286
7.37799e-10 0.00095479 0.000494665
7.37901e-10 0.000950625 0.000511038
7.38002e-10 0.000946519 0.000527387
7.38103e-10 0.000942472 0.000543696
7.38205e-10 0.000938484 0.000559947
7.38306e-10 0.000934554 0.000576126
7.38407e-10 0.000930683 0.000592214
7.38508e-10 0.000926871 0.000608197
7.3861e-10 0.000923118 0.000624057
7.38711e-10 0.000919422 0.00063978
7.38812e-10 0.000915785 0.000655351
7.38913e-10 0.000912206 0.000670753
7.39015e-10 0.000908684 0.000685973
7.39116e-10 0.000905219 0.000700996
7.39217e-10 0.000901811 0.000715807
7.39319e-10 0.000898459 0.000730393
7.3942e-10 0.000895163 0.00074474
7.39521e-10 0.000891923 0.000758834
7.39622e-10 0.000888737 0.000772664
7.39724e-10 0.000885606 0.000786216
7.39825e-10 0.000882528 0.000799478
7.39926e-10 0.000879503 0.000812438
7.40027e-10 0.000876531 0.000825084
7.40129e-10 0.00087361 0.000837406
7.4023e-10 0.00087074 0.000849393
7.40331e-10 0.00086792 0.000861034
7.40433e-10 0.000865149 0.00087232
7.40534e-10 0.000862427 0.00088324
7.40635e-10 0.000859752 0.000893785
7.40736e-10 0.000857124 0.000903948
7.40838e-10 0.000854542 0.000913718
7.40939e-10 0.000852005 0.00092309
7.4104e-10 0.000849512 0.000932053
7.41141e-10 0.000847062 0.000940603
7.41243e-10 0.000844654 0.000948731
7.41344e-10 0.000842287 0.000956433
7.41445e-10 0.000839961 0.000963701
7.41546e-10 0.000837673 0.00097053
7.41648e-10 0.000835423 0.000976916
7.41749e-10 0.00083321 0.000982854
7.4185e-10 0.000831033 0.000988339
7.41952e-10 0.00082889 0.000993369
7.42053e-10 0.000826782 0.000997939
7.42154e-10 0.000824706 0.00100205
7.42255e-10 0.000822661 0.00100569
7.42357e-10 0.000820647 0.00100887
7.42458e-10 0.000818662 0.00101158
7.42559e-10 0.000816706 0.00101382
7.4266e-10 0.000814776 0.00101559
7.42762e-10 0.000812873 0.00101689
7.42863e-10 0.000810994 0.00101772
7.42964e-10 0.000809139 0.00101808
7.43066e-10 0.000807307 0.00101798
7.43167e-10 0.000805496 0.00101741
7.43268e-10 0.000803706 0.00101637
7.43369e-10 0.000801935 0.00101487
7.43471e-10 0.000800183 0.00101291
7.43572e-10 0.000798448 0.00101049
7.43673e-10 0.000796729 0.00100762
7.43774e-10 0.000795026 0.00100431
7.43876e-10 0.000793336 0.00100054
7.43977e-10 0.00079166 0.000996337
7.44078e-10 0.000789996 0.000991696
7.44179e-10 0.000788343 0.000986626
7.44281e-10 0.000786701 0.00098113
7.44382e-10 0.000785067 0.000975216
7.44483e-10 0.000783443 0.00096889
7.44585e-10 0.000781825 0.000962158
7.44686e-10 0.000780214 0.000955028
7.44787e-10 0.000778609 0.000947507
7.44888e-10 0.000777009 0.000939602
7.4499e-10 0.000775413 0.000931322
7.45091e-10 0.00077382 0.000922675
7.45192e-10 0.00077223 0.000913669
7.45293e-10 0.000770641 0.000904314
7.45395e-10 0.000769054 0.000894618
7.45496e-10 0.000767467 0.000884591
7.45597e-10 0.000765879 0.000874242
7.45699e-10 0.000764291 0.000863582
7.458e-10 0.000762701 0.00085262
7.45901e-10 0.000761109 0.000841367
7.46002e-10 0.000759514 0.000829833
7.46104e-10 0.000757916 0.000818029
7.46205e-10 0.000756315 0.000805967
7.46306e-10 0.000754709 0.000793656
7.46407e-10 0.000753099 0.000781109
7.46509e-10 0.000751483 0.000768337
7.4661e-10 0.000749862 0.000755352
7.46711e-10 0.000748236 0.000742164
7.46813e-10 0.000746603 0.000728787
7.46914e-10 0.000744964 0.000715233
7.47015e-10 0.000743319 0.000701513
7.47116e-10 0.000741666 0.000687639
7.47218e-10 0.000740007 0.000673624
7.47319e-10 0.00073834 0.000659481
7.4742e-10 0.000736666 0.000645221
7.47521e-10 0.000734985 0.000630858
7.47623e-10 0.000733296 0.000616403
7.47724e-10 0.000731599 0.000601871
7.47825e-10 0.000729895 0.000587272
7.47926e-10 0.000728184 0.00057262
7.48028e-10 0.000726465 0.000557927
7.48129e-10 0.000724738 0.000543207
7.4823e-10 0.000723004 0.000528471
7.48332e-10 0.000721263 0.000513732
7.48433e-10 0.000719514 0.000499004
7.48534e-10 0.000717759 0.000484297
7.48635e-10 0.000715997 0.000469626
7.48737e-10 0.000714229 0.000455001
7.48838e-10 0.000712454 0.000440436
7.48939e-10 0.000710673 0.000425943
7.4904e-10 0.000708887 0.000411534
7.49142e-10 0.000707095 0.00039722
7.49243e-10 0.000705299 0.000383015
7.49344e-10 0.000703497 0.000368928
7.49446e-10 0.000701692 0.000354973
7.49547e-10 0.000699882 0.00034116
7.49648e-10 0.000698069 0.000327502
7.49749e-10 0.000696254 0.000314008
7.49851e-10 0.000694435 0.00030069
7.49952e-10 0.000692615 0.000287559
7.50053e-10 0.000690793 0.000274626
7.50154e-10 0.00068897 0.0002619
7.50256e-10 0.000687147 0.000249393
7.50357e-10 0.000685323 0.000237113
7.50458e-10 0.000683501 0.000225072
7.5056e-10 0.000681679 0.000213277
7.50661e-10 0.000679859 0.00020174
7.50762e-10 0.000678042 0.000190468
7.50863e-10 0.000676227 0.00017947
7.50965e-10 0.000674416 0.000168756
7.51066e-10 0.000672609 0.000158333
7.51167e-10 0.000670807 0.000148209
7.51268e-10 0.00066901 0.000138392
7.5137e-10 0.00066722 0.00012889
7.51471e-10 0.000665435 0.00011971
7.51572e-10 0.000663659 0.000110858
7.51673e-10 0.00066189 0.000102341
7.51775e-10 0.00066013 9.41659e-05
7.51876e-10 0.000658379 8.6338e-05
7.51977e-10 0.000656638 7.88632e-05
7.52079e-10 0.000654907 7.17469e-05
7.5218e-10 0.000653188 6.49939e-05
7.52281e-10 0.00065148 5.86091e-05
7.52382e-10 0.000649785 5.25969e-05
7.52484e-10 0.000648103 4.69612e-05
7.52585e-10 0.000646434 4.17058e-05
7.52686e-10 0.00064478 3.68342e-05
7.52787e-10 0.000643141 3.23492e-05
7.52889e-10 0.000641517 2.82538e-05
7.5299e-10 0.000639909 2.45502e-05
7.53091e-10 0.000638318 2.12405e-05
7.53193e-10 0.000636744 1.83263e-05
7.53294e-10 0.000635188 1.58092e-05
7.53395e-10 0.00063365 1.369e-05
7.53496e-10 0.000632132 1.19694e-05
7.53598e-10 0.000630632 1.06479e-05
7.53699e-10 0.000629153 9.7253e-06
7.538e-10 0.000627694 9.20138e-06
7.53901e-10 0.000626255 9.07542e-06
7.54003e-10 0.000624838 9.3464e-06
7.54104e-10 0.000623443 1.0013e-05
7.54205e-10 0.000622071 1.10734e-05
7.54307e-10 0.00062072 1.25257e-05
7.54408e-10 0.000619393 1.43675e-05
7.54509e-10 0.000618089 1.65962e-05
7.5461e-10 0.000616809 1.92086e-05
7.54712e-10 0.000615553 2.22016e-05
7.54813e-10 0.000614322 2.55714e-05
7.54914e-10 0.000613115 2.9314e-05
7.55015e-10 0.000611933 3.34252e-05
7.55117e-10 0.000610777 3.79005e-05
7.55218e-10 0.000609646 4.27348e-05
7.55319e-10 0.00060854 4.79231e-05
7.5542e-10 0.000607461 5.34598e-05
7.55522e-10 0.000606407 5.93392e-05
7.55623e-10 0.00060538 6.55553e-05
7.55724e-10 0.000604379 7.21016e-05
7.55826e-10 0.000603404 7.89716e-05
7.55927e-10 0.000602456 8.61585e-05
7.56028e-10 0.000601535 9.3655e-05
7.56129e-10 0.00060064 0.000101454
7.56231e-10 0.000599771 0.000109547
7.56332e-10 0.000598929 0.000117928
7.56433e-10 0.000598114 0.000126587
7.56534e-10 0.000597325 0.000135516
7.56636e-10 0.000596563 0.000144707
7.56737e-10 0.000595827 0.000154151
7.56838e-10 0.000595117 0.000163839
7.5694e-10 0.000594434 0.000173762
7.57041e-10 0.000593776 0.00018391
7.57142e-10 0.000593143 0.000194275
7.57243e-10 0.000592537 0.000204845
7.57345e-10 0.000591955 0.000215612
7.57446e-10 0.000591398 0.000226566
7.57547e-10 0.000590867 0.000237695
7.57648e-10 0.000590359 0.00024899
7.5775e-10 0.000589876 0.00026044
7.57851e-10 0.000589416 0.000272035
7.57952e-10 0.00058898 0.000283764
7.58053e-10 0.000588567 0.000295617
7.58155e-10 0.000588176 0.000307581
7.58256e-10 0.000587808 0.000319647
7.58357e-10 0.000587461 0.000331803
7.58459e-10 0.000587136 0.000344038
7.5856e-10 0.000586832 0.000356341
7.58661e-10 0.000586548 0.000368701
7.58762e-10 0.000586284 0.000381106
7.58864e-10 0.000586039 0.000393546
7.58965e-10 0.000585814 0.000406007
7.59066e-10 0.000585607 0.000418481
7.59167e-10 0.000585417 0.000430954
7.59269e-10 0.000585245 0.000443416
7.5937e-10 0.00058509 0.000455856
7.59471e-10 0.000584951 0.000468262
7.59573e-10 0.000584827 0.000480622
7.59674e-10 0.000584719 0.000492926
7.59775e-10 0.000584624 0.000505163
7.59876e-10 0.000584544 0.000517321
7.59978e-10 0.000584477 0.000529389
7.60079e-10 0.000584422 0.000541357
7.6018e-10 0.000584379 0.000553213
7.60281e-10 0.000584347 0.000564948
7.60383e-10 0.000584326 0.000576549
7.60484e-10 0.000584315 0.000588007
7.60585e-10 0.000584313 0.000599311
7.60687e-10 0.00058432 0.000610452
7.60788e-10 0.000584335 0.000621418
7.60889e-10 0.000584358 0.0006322
7.6099e-10 0.000584387 0.000642789
7.61092e-10 0.000584423 0.000653174
7.61193e-10 0.000584463 0.000663346
7.61294e-10 0.000584509 0.000673296
7.61395e-10 0.000584559 0.000683015
7.61497e-10 0.000584613 0.000692494
7.61598e-10 0.000584669 0.000701724
7.61699e-10 0.000584728 0.000710697
7.618e-10 0.000584789 0.000719405
7.61902e-10 0.000584851 0.00072784
7.62003e-10 0.000584913 0.000735993
7.62104e-10 0.000584976 0.000743858
7.62206e-10 0.000585037 0.000751427
7.62307e-10 0.000585098 0.000758694
7.62408e-10 0.000585157 0.000765651
7.62509e-10 0.000585214 0.000772292
7.62611e-10 0.000585268 0.000778612
7.62712e-10 0.000585319 0.000784603
7.62813e-10 0.000585366 0.000790261
7.62914e-10 0.000585409 0.00079558
7.63016e-10 0.000585447 0.000800555
7.63117e-10 0.00058548 0.000805182
7.63218e-10 0.000585508 0.000809455
7.6332e-10 0.000585529 0.000813372
7.63421e-10 0.000585544 0.000816928
7.63522e-10 0.000585553 0.00082012
7.63623e-10 0.000585554 0.000822944
7.63725e-10 0.000585547 0.000825398
7.63826e-10 0.000585533 0.000827479
7.63927e-10 0.000585511 0.000829185
7.64028e-10 0.00058548 0.000830515
7.6413e-10 0.000585441 0.000831466
7.64231e-10 0.000585393 0.000832038
7.64332e-10 0.000585335 0.00083223
7.64434e-10 0.000585268 0.000832041
7.64535e-10 0.000585192 0.000831471
7.64636e-10 0.000585106 0.000830521
7.64737e-10 0.00058501 0.00082919
7.64839e-10 0.000584905 0.00082748
7.6494e-10 0.000584789 0.000825393
7.65041e-10 0.000584663 0.000822928
7.65142e-10 0.000584527 0.00082009
7.65244e-10 0.000584381 0.000816879
7.65345e-10 0.000584225 0.000813298
7.65446e-10 0.000584058 0.00080935
7.65547e-10 0.000583882 0.000805039
7.65649e-10 0.000583695 0.000800367
7.6575e-10 0.000583499 0.00079534
7.65851e-10 0.000583292 0.00078996
7.65953e-10 0.000583076 0.000784233
7.66054e-10 0.000582851 0.000778164
7.66155e-10 0.000582616 0.000771757
7.66256e-10 0.000582372 0.000765019
7.66358e-10 0.000582118 0.000757955
7.66459e-10 0.000581857 0.00075057
7.6656e-10 0.000581586 0.000742873
7.66661e-10 0.000581308 0.000734869
7.66763e-10 0.000581022 0.000726565
7.66864e-10 0.000580728 0.000717969
7.66965e-10 0.000580427 0.000709088
7.67067e-10 0.00058012 0.00069993
7.67168e-10 0.000579806 0.000690503
7.67269e-10 0.000579486 0.000680817
7.6737e-10 0.00057916 0.000670878
7.67472e-10 0.000578829 0.000660697
7.67573e-10 0.000578494 0.000650282
7.67674e-10 0.000578154 0.000639643
7.67775e-10 0.000577811 0.000628789
7.67877e-10 0.000577465 0.00061773
7.67978e-10 0.000577115 0.000606477
7.68079e-10 0.000576764 0.000595039
7.68181e-10 0.000576411 0.000583428
7.68282e-10 0.000576057 0.000571653
7.68383e-10 0.000575703 0.000559726
7.68484e-10 0.000575348 0.000547657
7.68586e-10 0.000574995 0.000535458
7.68687e-10 0.000574642 0.00052314
7.68788e-10 0.000574292 0.000510715
7.68889e-10 0.000573944 0.000498194
7.68991e-10 0.0005736 0.000485589
7.69092e-10 0.000573259 0.000472911
7.69193e-10 0.000572923 0.000460174
7.69294e-10 0.000572592 0.000447389
7.69396e-10 0.000572266 0.000434567
7.69497e-10 0.000571947 0.000421722
7.69598e-10 0.000571636 0.000408866
7.697e-10 0.000571332 0.000396011
7.69801e-10 0.000571036 0.000383169
7.69902e-10 0.00057075 0.000370353
7.70003e-10 0.000570473 0.000357576
7.70105e-10 0.000570207 0.00034485
7.70206e-10 0.000569952 0.000332187
7.70307e-10 0.000569709 0.000319601
7.70408e-10 0.000569479 0.000307103
7.7051e-10 0.000569261 0.000294706
7.70611e-10 0.000569057 0.000282423
7.70712e-10 0.000568868 0.000270265
7.70814e-10 0.000568693 0.000258247
7.70915e-10 0.000568534 0.000246378
7.71016e-10 0.000568392 0.000234673
7.71117e-10 0.000568266 0.000223143
7.71219e-10 0.000568158 0.0002118
7.7132e-10 0.000568068 0.000200655
7.71421e-10 0.000567997 0.000189722
7.71522e-10 0.000567945 0.000179011
7.71624e-10 0.000567913 0.000168534
7.71725e-10 0.000567901 0.000158303
7.71826e-10 0.000567909 0.000148328
7.71928e-10 0.00056794 0.000138621
7.72029e-10 0.000567992 0.000129192
7.7213e-10 0.000568066 0.000120053
7.72231e-10 0.000568163 0.000111213
7.72333e-10 0.000568283 0.000102684
7.72434e-10 0.000568427 9.44743e-05
7.72535e-10 0.000568595 8.65949e-05
7.72636e-10 0.000568788 7.9055e-05
7.72738e-10 0.000569005 7.18639e-05
7.72839e-10 0.000569247 6.50309e-05
7.7294e-10 0.000569515 5.85646e-05
7.73041e-10 0.000569808 5.24737e-05
7.73143e-10 0.000570127 4.67664e-05
7.73244e-10 0.000570473 4.14507e-05
7.73345e-10 0.000570845 3.65342e-05
7.73447e-10 0.000571244 3.20244e-05
7.73548e-10 0.000571669 2.79283e-05
7.73649e-10 0.000572122 2.42526e-05
7.7375e-10 0.000572602 2.10037e-05
7.73852e-10 0.000573108 1.81877e-05
7.73953e-10 0.000573642 1.58103e-05
7.74054e-10 0.000574204 1.3877e-05
7.74155e-10 0.000574793 1.23927e-05
7.74257e-10 0.000575409 1.1362e-05
7.74358e-10 0.000576052 1.07893e-05
7.74459e-10 0.000576723 1.06785e-05
7.74561e-10 0.000577421 1.10331e-05
7.74662e-10 0.000578146 1.18563e-05
7.74763e-10 0.000578898 1.31509e-05
7.74864e-10 0.000579677 1.49192e-05
7.74966e-10 0.000580482 1.71632e-05
7.75067e-10 0.000581314 1.98844e-05
7.75168e-10 0.000582172 2.30842e-05
7.75269e-10 0.000583056 2.67631e-05
7.75371e-10 0.000583965 3.09217e-05
7.75472e-10 0.0005849 3.55598e-05
7.75573e-10 0.000585859 4.0677e-05
7.75674e-10 0.000586843 4.62724e-05
7.75776e-10 0.000587852 5.23447e-05
7.75877e-10 0.000588884 5.88921e-05
7.75978e-10 0.000589939 6.59126e-05
7.7608e-10 0.000591017 7.34036e-05
7.76181e-10 0.000592117 8.13621e-05
7.76282e-10 0.00059324 8.97848e-05
7.76383e-10 0.000594383 9.86677e-05
7.76485e-10 0.000595548 0.000108007
7.76586e-10 0.000596732 0.000117797
7.76687e-10 0.000597936 0.000128034
7.76788e-10 0.000599159 0.000138712
7.7689e-10 0.000600401 0.000149824
7.76991e-10 0.00060166 0.000161366
7.77092e-10 0.000602936 0.000173329
7.77194e-10 0.000604228 0.000185707
7.77295e-10 0.000605536 0.000198493
7.77396e-10 0.000606859 0.000211678
7.77497e-10 0.000608195 0.000225255
7.77599e-10 0.000609546 0.000239213
7.777e-10 0.000610909 0.000253546
7.77801e-10 0.000612283 0.000268242
7.77902e-10 0.000613669 0.000283293
7.78004e-10 0.000615065 0.000298687
7.78105e-10 0.000616471 0.000314416
7.78206e-10 0.000617885 0.000330467
7.78308e-10 0.000619307 0.000346829
7.78409e-10 0.000620737 0.000363491
7.7851e-10 0.000622172 0.000380442
7.78611e-10 0.000623612 0.000397668
7.78713e-10 0.000625058 0.000415158
7.78814e-10 0.000626506 0.000432898
7.78915e-10 0.000627958 0.000450875
7.79016e-10 0.000629411 0.000469077
7.79118e-10 0.000630866 0.000487489
7.79219e-10 0.000632321 0.000506098
7.7932e-10 0.000633776 0.000524889
7.79421e-10 0.000635229 0.000543848
7.79523e-10 0.00063668 0.00056296
7.79624e-10 0.000638128 0.000582211
7.79725e-10 0.000639572 0.000601585
7.79827e-10 0.000641011 0.000621067
7.79928e-10 0.000642445 0.000640641
7.80029e-10 0.000643873 0.000660293
7.8013e-10 0.000645294 0.000680005
7.80232e-10 0.000646707 0.000699763
7.80333e-10 0.000648112 0.00071955
7.80434e-10 0.000649507 0.000739349
7.80535e-10 0.000650893 0.000759146
7.80637e-10 0.000652268 0.000778922
7.80738e-10 0.000653632 0.000798662
7.80839e-10 0.000654984 0.000818349
7.80941e-10 0.000656323 0.000837966
7.81042e-10 0.000657649 0.000857497
7.81143e-10 0.000658962 0.000876925
7.81244e-10 0.00066026 0.000896233
7.81346e-10 0.000661543 0.000915405
7.81447e-10 0.000662811 0.000934424
7.81548e-10 0.000664064 0.000953273
7.81649e-10 0.0006653 0.000971935
7.81751e-10 0.000666519 0.000990394
7.81852e-10 0.000667721 0.00100863
7.81953e-10 0.000668905 0.00102664
7.82055e-10 0.000670072 0.00104439
7.82156e-10 0.000671221 0.00106187
7.82257e-10 0.000672351 0.00107907
7.82358e-10 0.000673463 0.00109597
7.8246e-10 0.000674555 0.00111255
7.82561e-10 0.000675629 0.0011288
7.82662e-10 0.000676684 0.0011447
7.82763e-10 0.000677719 0.00116024
7.82865e-10 0.000678735 0.00117541
7.82966e-10 0.000679732 0.00119018
7.83067e-10 0.000680709 0.00120454
7.83168e-10 0.000681667 0.00121849
7.8327e-10 0.000682605 0.00123199
7.83371e-10 0.000683525 0.00124506
7.83472e-10 0.000684425 0.00125765
7.83574e-10 0.000685307 0.00126978
7.83675e-10 0.00068617 0.00128142
7.83776e-10 0.000687015 0.00129255
7.83877e-10 0.000687842 0.00130318
7.83979e-10 0.000688652 0.00131329
7.8408e-10 0.000689444 0.00132286
7.84181e-10 0.000690219 0.00133188
7.84282e-10 0.000690978 0.00134035
7.84384e-10 0.000691722 0.00134825
7.84485e-10 0.000692449 0.00135558
7.84586e-10 0.000693163 0.00136233
7.84688e-10 0.000693862 0.00136848
7.84789e-10 0.000694548 0.00137404
7.8489e-10 0.000695221 0.00137899
7.84991e-10 0.000695881 0.00138332
7.85093e-10 0.000696531 0.00138703
7.85194e-10 0.00069717 0.00139011
7.85295e-10 0.0006978 0.00139256
7.85396e-10 0.000698421 0.00139437
7.85498e-10 0.000699034 0.00139554
7.85599e-10 0.00069964 0.00139607
7.857e-10 0.00070024 0.00139594
7.85802e-10 0.000700835 0.00139516
7.85903e-10 0.000701427 0.00139373
7.86004e-10 0.000702015 0.00139165
7.86105e-10 0.000702602 0.0013889
7.86207e-10 0.000703188 0.0013855
7.86308e-10 0.000703774 0.00138145
7.86409e-10 0.000704363 0.00137673
7.8651e-10 0.000704954 0.00137137
7.86612e-10 0.000705549 0.00136535
7.86713e-10 0.000706149 0.00135868
7.86814e-10 0.000706756 0.00135137
7.86915e-10 0.00070737 0.00134341
7.87017e-10 0.000707994 0.00133482
7.87118e-10 0.000708628 0.0013256
7.87219e-10 0.000709274 0.00131575
7.87321e-10 0.000709933 0.00130528
7.87422e-10 0.000710606 0.0012942
7.87523e-10 0.000711295 0.00128252
7.87624e-10 0.000712001 0.00127024
7.87726e-10 0.000712726 0.00125738
7.87827e-10 0.00071347 0.00124394
7.87928e-10 0.000714236 0.00122993
7.88029e-10 0.000715024 0.00121537
7.88131e-10 0.000715837 0.00120027
7.88232e-10 0.000716674 0.00118464
7.88333e-10 0.000717539 0.00116849
7.88435e-10 0.000718432 0.00115184
7.88536e-10 0.000719354 0.0011347
7.88637e-10 0.000720307 0.00111708
7.88738e-10 0.000721292 0.00109901
7.8884e-10 0.000722311 0.00108049
7.88941e-10 0.000723365 0.00106155
7.89042e-10 0.000724455 0.0010422
7.89143e-10 0.000725582 0.00102246
7.89245e-10 0.000726748 0.00100235
7.89346e-10 0.000727955 0.000981882
7.89447e-10 0.000729202 0.000961083
7.89548e-10 0.000730492 0.00093997
7.8965e-10 0.000731825 0.000918565
7.89751e-10 0.000733204 0.000896888
7.89852e-10 0.000734628 0.000874961
7.89954e-10 0.000736099 0.000852805
7.90055e-10 0.000737618 0.000830444
7.90156e-10 0.000739186 0.000807901
7.90257e-10 0.000740805 0.000785198
7.90359e-10 0.000742474 0.00076236
7.9046e-10 0.000744195 0.000739411
7.90561e-10 0.000745969 0.000716376
7.90662e-10 0.000747796 0.00069328
7.90764e-10 0.000749678 0.000670147
7.90865e-10 0.000751615 0.000647005
7.90966e-10 0.000753607 0.000623878
7.91068e-10 0.000755656 0.000600794
7.91169e-10 0.000757762 0.000577778
7.9127e-10 0.000759925 0.000554859
7.91371e-10 0.000762146 0.000532062
7.91473e-10 0.000764426 0.000509416
7.91574e-10 0.000766764 0.000486947
7.91675e-10 0.000769161 0.000464685
7.91776e-10 0.000771618 0.000442656
7.91878e-10 0.000774134 0.000420888
7.91979e-10 0.000776709 0.000399411
7.9208e-10 0.000779344 0.000378251
7.92182e-10 0.000782039 0.000357437
7.92283e-10 0.000784793 0.000336999
7.92384e-10 0.000787607 0.000316963
7.92485e-10 0.000790479 0.000297359
7.92587e-10 0.000793411 0.000278215
7.92688e-10 0.000796402 0.000259558
7.92789e-10 0.00079945 0.000241418
7.9289e-10 0.000802557 0.000223822
7.92992e-10 0.00080572 0.000206799
7.93093e-10 0.00080894 0.000190375
7.93194e-10 0.000812217 0.00017458
7.93295e-10 0.000815548 0.000159439
7.93397e-10 0.000818934 0.000144981
7.93498e-10 0.000822374 0.000131232
7.93599e-10 0.000825866 0.000118219
7.93701e-10 0.00082941 0.000105968
7.93802e-10 0.000833004 9.45056e-05
7.93903e-10 0.000836648 8.38568e-05
7.94004e-10 0.000840341 7.40469e-05
7.94106e-10 0.00084408 6.51009e-05
7.94207e-10 0.000847865 5.70431e-05
7.94308e-10 0.000851694 4.98974e-05
7.94409e-10 0.000855566 4.36871e-05
7.94511e-10 0.000859479 3.84352e-05
7.94612e-10 0.000863432 3.41638e-05
7.94713e-10 0.000867423 3.08949e-05
7.94815e-10 0.00087145 2.86495e-05
7.94916e-10 0.000875512 2.7448e-05
7.95017e-10 0.000879607 2.73105e-05
7.95118e-10 0.000883733 2.8256e-05
7.9522e-10 0.000887888 3.0303e-05
7.95321e-10 0.000892069 3.34693e-05
7.95422e-10 0.000896276 3.77719e-05
7.95523e-10 0.000900506 4.3227e-05
7.95625e-10 0.000904757 4.98499e-05
7.95726e-10 0.000909026 5.76554e-05
7.95827e-10 0.000913312 6.66572e-05
7.95929e-10 0.000917612 7.68681e-05
7.9603e-10 0.000921925 8.83002e-05
7.96131e-10 0.000926247 0.000100965
7.96232e-10 0.000930576 0.000114871
7.96334e-10 0.00093491 0.00013003
7.96435e-10 0.000939247 0.000146448
7.96536e-10 0.000943584 0.000164133
7.96637e-10 0.000947919 0.000183092
7.96739e-10 0.000952249 0.000203329
7.9684e-10 0.000956572 0.000224849
7.96941e-10 0.000960885 0.000247655
7.97042e-10 0.000965186 0.000271748
7.97144e-10 0.000969473 0.000297131
7.97245e-10 0.000973742 0.000323802
7.97346e-10 0.000977992 0.00035176
7.97448e-10 0.000982219 0.000381003
7.97549e-10 0.000986422 0.000411528
7.9765e-10 0.000990598 0.000443329
7.97751e-10 0.000994744 0.000476401
7.97853e-10 0.000998858 0.000510736
7.97954e-10 0.00100294 0.000546327
7.98055e-10 0.00100698 0.000583164
7.98156e-10 0.00101098 0.000621236
7.98258e-10 0.00101494 0.000660531
7.98359e-10 0.00101886 0.000701037
7.9846e-10 0.00102273 0.000742739
7.98562e-10 0.00102656 0.000785621
7.98663e-10 0.00103033 0.000829667
7.98764e-10 0.00103405 0.000874859
7.98865e-10 0.00103771 0.000921178
7.98967e-10 0.00104132 0.000968603
7.99068e-10 0.00104487 0.00101711
7.99169e-10 0.00104835 0.00106668
7.9927e-10 0.00105178 0.00111729
7.99372e-10 0.00105514 0.00116891
7.99473e-10 0.00105843 0.00122152
7.99574e-10 0.00106166 0.00127509
7.99676e-10 0.00106482 0.00132958
7.99777e-10 0.0010679 0.00138498
7.99878e-10 0.00107092 0.00144124
7.99979e-10 0.00107386 0.00149834
8.00081e-10 0.00107672 0.00155624
8.00182e-10 0.00107951 0.00161491
8.00283e-10 0.00108223 0.00167431
8.00384e-10 0.00108486 0.0017344
8.00486e-10 0.00108742 0.00179516
8.00587e-10 0.0010899 0.00185653
8.00688e-10 0.00109229 0.00191848
8.00789e-10 0.00109461 0.00198097
8.00891e-10 0.00109685 0.00204395
8.00992e-10 0.00109901 0.00210739
8.01093e-10 0.00110108 0.00217124
8.01195e-10 0.00110308 0.00223545
8.01296e-10 0.00110499 0.00229998
8.01397e-10 0.00110682 0.00236478
8.01498e-10 0.00110858 0.0024298
8.016e-10 0.00111025 0.002495
8.01701e-10 0.00111185 0.00256033
8.01802e-10 0.00111337 0.00262574
8.01903e-10 0.00111481 0.00269117
8.02005e-10 0.00111617 0.00275659
8.02106e-10 0.00111746 0.00282192
8.02207e-10 0.00111868 0.00288713
8.02309e-10 0.00111983 0.00295216
8.0241e-10 0.0011209 0.00301696
8.02511e-10 0.00112191 0.00308147
8.02612e-10 0.00112285 0.00314563
8.02714e-10 0.00112373 0.00320941
8.02815e-10 0.00112454 0.00327273
8.02916e-10 0.0011253 0.00333555
8.03017e-10 0.00112599 0.00339781
8.03119e-10 0.00112664 0.00345945
8.0322e-10 0.00112723 0.00352042
8.03321e-10 0.00112777 0.00358066
8.03422e-10 0.00112827 0.00364012
8.03524e-10 0.00112872 0.00369874
8.03625e-10 0.00112914 0.00375646
8.03726e-10 0.00112951 0.00381323
8.03828e-10 0.00112986 0.003869
8.03929e-10 0.00113018 0.00392371
8.0403e-10 0.00113047 0.0039773
8.04131e-10 0.00113074 0.00402972
8.04233e-10 0.001131 0.00408092
8.04334e-10 0.00113124 0.00413083
8.04435e-10 0.00113147 0.00417942
8.04536e-10 0.0011317 0.00422662
8.04638e-10 0.00113193 0.00427238
8.04739e-10 0.00113217 0.00431665
8.0484e-10 0.00113242 0.00435939
8.04942e-10 0.00113268 0.00440054
8.05043e-10 0.00113296 0.00444005
8.05144e-10 0.00113326 0.00447787
8.05245e-10 0.0011336 0.00451396
8.05347e-10 0.00113397 0.00454827
8.05448e-10 0.00113438 0.00458076
8.05549e-10 0.00113483 0.00461138
8.0565e-10 0.00113534 0.00464009
8.05752e-10 0.0011359 0.00466684
8.05853e-10 0.00113652 0.00469161
8.05954e-10 0.00113721 0.00471434
8.06056e-10 0.00113798 0.00473501
8.06157e-10 0.00113882 0.00475357
8.06258e-10 0.00113974 0.00476999
8.06359e-10 0.00114075 0.00478425
8.06461e-10 0.00114186 0.0047963
8.06562e-10 0.00114307 0.00480613
8.06663e-10 0.00114438 0.0048137
8.06764e-10 0.0011458 0.00481898
8.06866e-10 0.00114734 0.00482196
8.06967e-10 0.001149 0.00482262
8.07068e-10 0.00115079 0.00482093
8.07169e-10 0.00115271 0.00481688
8.07271e-10 0.00115477 0.00481044
8.07372e-10 0.00115697 0.00480162
8.07473e-10 0.00115932 0.0047904
8.07575e-10 0.00116183 0.00477677
8.07676e-10 0.00116449 0.00476072
8.07777e-10 0.00116731 0.00474225
8.07878e-10 0.00117031 0.00472136
8.0798e-10 0.00117347 0.00469806
8.08081e-10 0.00117681 0.00467234
8.08182e-10 0.00118034 0.00464421
8.08283e-10 0.00118405 0.00461368
8.08385e-10 0.00118795 0.00458077
8.08486e-10 0.00119204 0.00454548
8.08587e-10 0.00119633 0.00450784
8.08689e-10 0.00120082 0.00446786
8.0879e-10 0.00120551 0.00442558
8.08891e-10 0.00121042 0.004381
8.08992e-10 0.00121553 0.00433417
8.09094e-10 0.00122085 0.00428512
8.09195e-10 0.00122639 0.00423387
8.09296e-10 0.00123215 0.00418047
8.09397e-10 0.00123813 0.00412495
8.09499e-10 0.00124433 0.00406737
8.096e-10 0.00125076 0.00400776
8.09701e-10 0.00125741 0.00394617
8.09803e-10 0.00126428 0.00388267
8.09904e-10 0.00127138 0.0038173
8.10005e-10 0.00127871 0.00375012
8.10106e-10 0.00128626 0.00368119
8.10208e-10 0.00129405 0.00361059
8.10309e-10 0.00130205 0.00353837
8.1041e-10 0.00131029 0.0034646
8.10511e-10 0.00131875 0.00338937
8.10613e-10 0.00132743 0.00331275
8.10714e-10 0.00133633 0.00323481
8.10815e-10 0.00134545 0.00315565
8.10916e-10 0.00135479 0.00307534
8.11018e-10 0.00136435 0.00299398
8.11119e-10 0.00137411 0.00291165
8.1122e-10 0.00138409 0.00282846
8.11322e-10 0.00139426 0.00274449
8.11423e-10 0.00140464 0.00265986
8.11524e-10 0.00141521 0.00257466
8.11625e-10 0.00142598 0.002489
8.11727e-10 0.00143693 0.00240298
8.11828e-10 0.00144806 0.00231673
8.11929e-10 0.00145936 0.00223035
8.1203e-10 0.00147083 0.00214396
8.12132e-10 0.00148246 0.00205769
8.12233e-10 0.00149425 0.00197164
8.12334e-10 0.00150618 0.00188595
8.12436e-10 0.00151825 0.00180074
8.12537e-10 0.00153046 0.00171615
8.12638e-10 0.00154278 0.00163229
8.12739e-10 0.00155522 0.00154931
8.12841e-10 0.00156777 0.00146735
8.12942e-10 0.0015804 0.00138653
8.13043e-10 0.00159313 0.00130699
8.13144e-10 0.00160593 0.00122889
8.13246e-10 0.00161879 0.00115235
8.13347e-10 0.00163171 0.00107753
8.13448e-10 0.00164467 0.00100457
8.1355e-10 0.00165766 0.00093361
8.13651e-10 0.00167067 0.000864809
8.13752e-10 0.00168369 0.000798311
8.13853e-10 0.0016967 0.000734269
8.13955e-10 0.0017097 0.000672832
8.14056e-10 0.00172266 0.000614154
8.14157e-10 0.00173558 0.000558386
8.14258e-10 0.00174845 0.000505684
8.1436e-10 0.00176125 0.0004562
8.14461e-10 0.00177396 0.000410088
8.14562e-10 0.00178657 0.000367504
8.14663e-10 0.00179908 0.000328602
8.14765e-10 0.00181145 0.000293535
8.14866e-10 0.00182369 0.000262459
8.14967e-10 0.00183577 0.000235526
8.15069e-10 0.00184768 0.00021289
8.1517e-10 0.0018594 0.000194704
8.15271e-10 0.00187093 0.000181119
8.15372e-10 0.00188224 0.000172285
8.15474e-10 0.00189332 0.000168352
8.15575e-10 0.00190416 0.000169468
8.15676e-10 0.00191473 0.00017578
8.15777e-10 0.00192504 0.000187433
8.15879e-10 0.00193505 0.000204569
8.1598e-10 0.00194475 0.00022733
8.16081e-10 0.00195414 0.000255855
8.16183e-10 0.00196319 0.00029028
8.16284e-10 0.00197189 0.000330739
8.16385e-10 0.00198023 0.000377365
8.16486e-10 0.00198819 0.000430284
8.16588e-10 0.00199575 0.000489624
8.16689e-10 0.0020029 0.000555506
8.1679e-10 0.00200964 0.000628048
8.16891e-10 0.00201594 0.000707367
8.16993e-10 0.00202179 0.000793573
8.17094e-10 0.00202718 0.000886775
8.17195e-10 0.00203209 0.000987076
8.17296e-10 0.00203652 0.00109457
8.17398e-10 0.00204044 0.00120937
8.17499e-10 0.00204386 0.00133154
8.176e-10 0.00204675 0.00146118
8.17702e-10 0.00204911 0.00159837
8.17803e-10 0.00205092 0.00174318
8.17904e-10 0.00205218 0.00189569
8.18005e-10 0.00205287 0.00205595
8.18107e-10 0.00205299 0.00222402
8.18208e-10 0.00205253 0.00239996
8.18309e-10 0.00205148 0.00258382
8.1841e-10 0.00204983 0.00277563
8.18512e-10 0.00204758 0.00297542
8.18613e-10 0.00204471 0.00318323
8.18714e-10 0.00204123 0.00339908
8.18816e-10 0.00203713 0.00362297
8.18917e-10 0.0020324 0.00385492
8.19018e-10 0.00202704 0.00409492
8.19119e-10 0.00202105 0.00434296
8.19221e-10 0.00201442 0.00459904
8.19322e-10 0.00200716 0.00486312
8.19423e-10 0.00199926 0.00513517
8.19524e-10 0.00199073 0.00541517
8.19626e-10 0.00198156 0.00570305
8.19727e-10 0.00197175 0.00599877
8.19828e-10 0.00196132 0.00630226
8.1993e-10 0.00195025 0.00661345
8.20031e-10 0.00193856 0.00693226
8.20132e-10 0.00192626 0.0072586
8.20233e-10 0.00191333 0.00759238
8.20335e-10 0.00189981 0.00793348
8.20436e-10 0.00188568 0.0082818
8.20537e-10 0.00187096 0.00863721
8.20638e-10 0.00185566 0.00899957
8.2074e-10 0.00183979 0.00936875
8.20841e-10 0.00182336 0.00974459
8.20942e-10 0.00180639 0.0101269
8.21043e-10 0.00178887 0.0105156
8.21145e-10 0.00177084 0.0109105
8.21246e-10 0.00175229 0.0113113
8.21347e-10 0.00173326 0.0117178
8.21449e-10 0.00171375 0.01213
8.2155e-10 0.00169378 0.0125475
8.21651e-10 0.00167337 0.0129701
8.21752e-10 0.00165255 0.0133977
8.21854e-10 0.00163131 0.0138298
8.21955e-10 0.0016097 0.0142664
8.22056e-10 0.00158773 0.0147071
8.22157e-10 0.00156542 0.0151517
8.22259e-10 0.00154279 0.0155999
8.2236e-10 0.00151987 0.0160514
8.22461e-10 0.00149668 0.016506
8.22563e-10 0.00147325 0.0169632
8.22664e-10 0.0014496 0.0174228
8.22765e-10 0.00142576 0.0178845
8.22866e-10 0.00140175 0.018348
8.22968e-10 0.00137761 0.0188129
8.23069e-10 0.00135335 0.0192788
8.2317e-10 0.00132902 0.0197455
8.23271e-10 0.00130463 0.0202125
8.23373e-10 0.00128022 0.0206796
8.23474e-10 0.00125581 0.0211462
8.23575e-10 0.00123144 0.0216121
8.23677e-10 0.00120714 0.0220769
8.23778e-10 0.00118294 0.0225401
8.23879e-10 0.00115886 0.0230014
8.2398e-10 0.00113494 0.0234604
8.24082e-10 0.00111121 0.0239167
8.24183e-10 0.00108771 0.0243698
8.24284e-10 0.00106446 0.0248193
8.24385e-10 0.00104149 0.0252649
8.24487e-10 0.00101884 0.025706
8.24588e-10 0.000996538 0.0261423
8.24689e-10 0.000974617 0.0265733
8.2479e-10 0.000953108 0.0269986
8.24892e-10 0.000932041 0.0274178
8.24993e-10 0.000911448 0.0278304
8.25094e-10 0.000891359 0.028236
8.25196e-10 0.000871805 0.0286342
8.25297e-10 0.000852816 0.0290244
8.25398e-10 0.000834421 0.0294063
8.25499e-10 0.000816651 0.0297794
8.25601e-10 0.000799533 0.0301433
8.25702e-10 0.000783097 0.0304976
8.25803e-10 0.00076737 0.0308418
8.25904e-10 0.000752379 0.0311755
8.26006e-10 0.00073815 0.0314982
8.26107e-10 0.000724711 0.0318095
8.26208e-10 0.000712086 0.0321091
8.2631e-10 0.0007003 0.0323964
8.26411e-10 0.000689376 0.0326712
8.26512e-10 0.000679338 0.0329329
8.26613e-10 0.000670209 0.0331812
8.26715e-10 0.00066201 0.0334157
8.26816e-10 0.000654761 0.0336361
8.26917e-10 0.000648483 0.0338418
8.27018e-10 0.000643196 0.0340327
8.2712e-10 0.000638916 0.0342083
8.27221e-10 0.000635663 0.0343682
8.27322e-10 0.000633453 0.0345123
8.27424e-10 0.000632301 0.03464
8.27525e-10 0.000632224 0.0347512
8.27626e-10 0.000633235 0.0348456
8.27727e-10 0.000635348 0.0349228
8.27829e-10 0.000638576 0.0349825
8.2793e-10 0.000642932 0.0350247
8.28031e-10 0.000648428 0.0350489
8.28132e-10 0.000655073 0.0350551
8.28234e-10 0.00066288 0.0350429
8.28335e-10 0.000671858 0.0350123
8.28436e-10 0.000682018 0.0349631
8.28537e-10 0.000693367 0.034895
8.28639e-10 0.000705916 0.0348081
8.2874e-10 0.000719673 0.0347021
8.28841e-10 0.000734648 0.0345771
8.28943e-10 0.00075085 0.0344329
8.29044e-10 0.000768286 0.0342696
8.29145e-10 0.000786967 0.034087
8.29246e-10 0.000806903 0.0338853
8.29348e-10 0.000828103 0.0336645
8.29449e-10 0.000850578 0.0334245
8.2955e-10 0.00087434 0.0331656
8.29651e-10 0.000899401 0.0328878
8.29753e-10 0.000925775 0.0325913
8.29854e-10 0.000953475 0.0322762
8.29955e-10 0.00098252 0.0319427
8.30057e-10 0.00101292 0.0315911
8.30158e-10 0.00104471 0.0312215
8.30259e-10 0.0010779 0.0308344
8.3036e-10 0.00111251 0.03043
8.30462e-10 0.00114858 0.0300085
8.30563e-10 0.00118612 0.0295705
8.30664e-10 0.00122517 0.0291163
8.30765e-10 0.00126577 0.0286463
8.30867e-10 0.00130795 0.028161
8.30968e-10 0.00135176 0.0276609
8.31069e-10 0.00139723 0.0271465
8.31171e-10 0.00144442 0.0266183
8.31272e-10 0.00149338 0.026077
8.31373e-10 0.00154416 0.0255232
8.31474e-10 0.00159683 0.0249575
8.31576e-10 0.00165145 0.0243806
8.31677e-10 0.00170809 0.0237932
8.31778e-10 0.00176684 0.023196
8.31879e-10 0.00182777 0.0225899
8.31981e-10 0.00189097 0.0219755
8.32082e-10 0.00195654 0.0213539
8.32183e-10 0.00202457 0.0207257
8.32284e-10 0.00209518 0.020092
8.32386e-10 0.00216848 0.0194536
8.32487e-10 0.00224459 0.0188115
8.32588e-10 0.00232363 0.0181667
8.3269e-10 0.00240574 0.0175201
8.32791e-10 0.00249108 0.0168729
8.32892e-10 0.00257977 0.016226
8.32993e-10 0.002672 0.0155806
8.33095e-10 0.00276792 0.0149378
8.33196e-10 0.0028677 0.0142986
8.33297e-10 0.00297154 0.0136643
8.33398e-10 0.00307962 0.0130361
8.335e-10 0.00319214 0.0124151
8.33601e-10 0.00330932 0.0118025
8.33702e-10 0.00343138 0.0111996
8.33804e-10 0.00355853 0.0106076
8.33905e-10 0.00369102 0.0100278
8.34006e-10 0.00382908 0.00946155
8.34107e-10 0.00397298 0.00891002
8.34209e-10 0.00412298 0.00837457
8.3431e-10 0.00427933 0.0078565
8.34411e-10 0.00444233 0.00735714
8.34512e-10 0.00461226 0.0068778
8.34614e-10 0.00478942 0.00641983
8.34715e-10 0.00497409 0.00598454
8.34816e-10 0.00516661 0.00557328
8.34917e-10 0.00536727 0.00518736
8.35019e-10 0.00557641 0.00482812
8.3512e-10 0.00579435 0.00449687
8.35221e-10 0.00602144 0.00419492
8.35323e-10 0.006258 0.00392358
8.35424e-10 0.00650439 0.00368413
8.35525e-10 0.00676095 0.00347784
8.35626e-10 0.00702805 0.00330597
8.35728e-10 0.00730602 0.00316975
8.35829e-10 0.00759524 0.0030704
8.3593e-10 0.00789606 0.0030091
8.36031e-10 0.00820884 0.00298702
8.36133e-10 0.00853395 0.00300528
8.36234e-10 0.00887173 0.00306499
8.36335e-10 0.00922254 0.00316721
8.36437e-10 0.00958674 0.00331296
8.36538e-10 0.00996468 0.00350324
8.36639e-10 0.0103567 0.00373898
8.3674e-10 0.0107631 0.00402109
8.36842e-10 0.0111843 0.00435042
8.36943e-10 0.0116205 0.00472776
8.37044e-10 0.0120721 0.00515387
8.37145e-10 0.0125393 0.00562945
8.37247e-10 0.0130225 0.00615511
8.37348e-10 0.0135219 0.00673144
8.37449e-10 0.0140377 0.00735896
8.37551e-10 0.0145702 0.00803809
8.37652e-10 0.0151196 0.00876924
8.37753e-10 0.0156862 0.00955269
8.37854e-10 0.0162699 0.0103887
8.37956e-10 0.0168711 0.0112774
8.38057e-10 0.0174898 0.0122189
8.38158e-10 0.0181261 0.0132132
8.38259e-10 0.01878 0.0142603
8.38361e-10 0.0194517 0.0153599
8.38462e-10 0.0201411 0.0165118
8.38563e-10 0.0208481 0.0177158
8.38664e-10 0.0215727 0.0189713
8.38766e-10 0.0223147 0.020278
8.38867e-10 0.0230741 0.0216352
8.38968e-10 0.0238506 0.0230422
8.3907e-10 0.024644 0.0244982
8.39171e-10 0.025454 0.0260025
8.39272e-10 0.0262803 0.027554
8.39373e-10 0.0271225 0.0291517
8.39475e-10 0.0279803 0.0307944
8.39576e-10 0.028853 0.032481
8.39677e-10 0.0297403 0.03421
8.39778e-10 0.0306415 0.0359802
8.3988e-10 0.031556 0.0377899
