6.9e-10 0.00833996 0.0362984
6.90101e-10 0.00807228 0.0366831
6.90203e-10 0.00780492 0.0370382
6.90304e-10 0.00753827 0.0373618
6.90405e-10 0.00727275 0.0376526
6.90506e-10 0.00700875 0.0379092
6.90608e-10 0.00674665 0.0381303
6.90709e-10 0.00648683 0.0383149
6.9081e-10 0.00622967 0.038462
6.90911e-10 0.00597553 0.0385708
6.91013e-10 0.00572475 0.0386406
6.91114e-10 0.00547768 0.0386711
6.91215e-10 0.00523465 0.0386617
6.91317e-10 0.004996 0.0386124
6.91418e-10 0.00476202 0.038523
6.91519e-10 0.00453303 0.0383936
6.9162e-10 0.0043093 0.0382244
6.91722e-10 0.00409113 0.0380158
6.91823e-10 0.00387877 0.0377682
6.91924e-10 0.00367247 0.0374823
6.92025e-10 0.00347247 0.0371587
6.92127e-10 0.003279 0.0367983
6.92228e-10 0.00309226 0.036402
6.92329e-10 0.00291245 0.035971
6.9243e-10 0.00273973 0.0355063
6.92532e-10 0.00257428 0.0350092
6.92633e-10 0.00241624 0.0344811
6.92734e-10 0.00226572 0.0339234
6.92836e-10 0.00212285 0.0333375
6.92937e-10 0.00198771 0.0327252
6.93038e-10 0.00186037 0.0320879
6.93139e-10 0.0017409 0.0314274
6.93241e-10 0.00162932 0.0307455
6.93342e-10 0.00152567 0.0300439
6.93443e-10 0.00142993 0.0293244
6.93544e-10 0.00134209 0.0285889
6.93646e-10 0.00126211 0.0278392
6.93747e-10 0.00118994 0.0270773
6.93848e-10 0.00112552 0.026305
6.9395e-10 0.00106874 0.0255242
6.94051e-10 0.0010195 0.0247369
6.94152e-10 0.000977683 0.0239448
6.94253e-10 0.000943145 0.02315
6.94355e-10 0.00091573 0.0223541
6.94456e-10 0.000895269 0.0215591
6.94557e-10 0.000881575 0.0207667
6.94658e-10 0.000874449 0.0199786
6.9476e-10 0.000873679 0.0191966
6.94861e-10 0.00087904 0.0184223
6.94962e-10 0.000890294 0.0176574
6.95064e-10 0.000907194 0.0169033
6.95165e-10 0.000929482 0.0161616
6.95266e-10 0.000956891 0.0154337
6.95367e-10 0.000989145 0.0147209
6.95469e-10 0.00102596 0.0140246
6.9557e-10 0.00106705 0.0133459
6.95671e-10 0.00111212 0.012686
6.95772e-10 0.00116087 0.012046
6.95874e-10 0.001213 0.0114269
6.95975e-10 0.0012682 0.0108295
6.96076e-10 0.00132617 0.0102547
6.96177e-10 0.0013866 0.00970319
6.96279e-10 0.00144918 0.00917573
6.9638e-10 0.00151361 0.00867286
6.96481e-10 0.00157958 0.00819508
6.96583e-10 0.0016468 0.0077428
6.96684e-10 0.00171496 0.00731637
6.96785e-10 0.00178379 0.00691603
6.96886e-10 0.00185298 0.00654197
6.96988e-10 0.00192227 0.00619427
6.97089e-10 0.00199138 0.00587297
6.9719e-10 0.00206004 0.005578
6.97291e-10 0.00212801 0.00530923
6.97393e-10 0.00219504 0.00506646
6.97494e-10 0.00226088 0.00484942
6.97595e-10 0.00232532 0.00465777
6.97697e-10 0.00238814 0.0044911
6.97798e-10 0.00244913 0.00434896
6.97899e-10 0.00250811 0.00423081
6.98e-10 0.00256489 0.00413607
6.98102e-10 0.00261931 0.00406411
6.98203e-10 0.00267121 0.00401425
6.98304e-10 0.00272045 0.00398575
6.98405e-10 0.0027669 0.00397785
6.98507e-10 0.00281044 0.00398971
6.98608e-10 0.00285097 0.00402049
6.98709e-10 0.00288841 0.00406931
6.9881e-10 0.00292267 0.00413525
6.98912e-10 0.00295369 0.00421736
6.99013e-10 0.00298142 0.00431469
6.99114e-10 0.00300583 0.00442623
6.99216e-10 0.00302688 0.004551
6.99317e-10 0.00304457 0.00468797
6.99418e-10 0.00305889 0.00483613
6.99519e-10 0.00306985 0.00499443
6.99621e-10 0.00307749 0.00516185
6.99722e-10 0.00308182 0.00533735
6.99823e-10 0.00308289 0.00551989
6.99924e-10 0.00308076 0.00570846
7.00026e-10 0.00307549 0.00590203
7.00127e-10 0.00306715 0.0060996
7.00228e-10 0.00305583 0.00630019
7.0033e-10 0.00304161 0.0065028
7.00431e-10 0.00302459 0.0067065
7.00532e-10 0.00300488 0.00691035
7.00633e-10 0.00298258 0.00711344
7.00735e-10 0.00295781 0.00731489
7.00836e-10 0.00293071 0.00751384
7.00937e-10 0.00290138 0.00770948
7.01038e-10 0.00286997 0.00790101
7.0114e-10 0.0028366 0.00808767
7.01241e-10 0.00280142 0.00826875
7.01342e-10 0.00276457 0.00844354
7.01444e-10 0.00272619 0.00861142
7.01545e-10 0.00268642 0.00877175
7.01646e-10 0.00264541 0.00892398
7.01747e-10 0.00260331 0.00906756
7.01849e-10 0.00256025 0.00920202
7.0195e-10 0.00251638 0.0093269
7.02051e-10 0.00247185 0.00944179
7.02152e-10 0.0024268 0.00954632
7.02254e-10 0.00238137 0.00964018
7.02355e-10 0.00233568 0.00972307
7.02456e-10 0.00228988 0.00979477
7.02557e-10 0.0022441 0.00985507
7.02659e-10 0.00219847 0.00990381
7.0276e-10 0.0021531 0.00994087
7.02861e-10 0.00210811 0.00996618
7.02963e-10 0.00206363 0.0099797
7.03064e-10 0.00201974 0.00998143
7.03165e-10 0.00197657 0.00997142
7.03266e-10 0.00193421 0.00994972
7.03368e-10 0.00189275 0.00991646
7.03469e-10 0.00185227 0.00987177
7.0357e-10 0.00181287 0.00981584
7.03671e-10 0.0017746 0.00974888
7.03773e-10 0.00173755 0.00967112
7.03874e-10 0.00170177 0.00958283
7.03975e-10 0.00166733 0.00948432
7.04077e-10 0.00163426 0.0093759
7.04178e-10 0.00160261 0.00925793
7.04279e-10 0.00157243 0.00913076
7.0438e-10 0.00154373 0.00899481
7.04482e-10 0.00151656 0.00885046
7.04583e-10 0.00149092 0.00869817
7.04684e-10 0.00146683 0.00853836
7.04785e-10 0.0014443 0.00837151
7.04887e-10 0.00142333 0.00819809
7.04988e-10 0.00140391 0.00801858
7.05089e-10 0.00138603 0.00783347
7.05191e-10 0.00136969 0.00764328
7.05292e-10 0.00135486 0.0074485
7.05393e-10 0.00134152 0.00724966
7.05494e-10 0.00132963 0.00704726
7.05596e-10 0.00131918 0.00684183
7.05697e-10 0.00131011 0.00663389
7.05798e-10 0.00130239 0.00642395
7.05899e-10 0.00129597 0.00621252
7.06001e-10 0.00129081 0.00600012
7.06102e-10 0.00128686 0.00578724
7.06203e-10 0.00128405 0.00557439
7.06304e-10 0.00128235 0.00536204
7.06406e-10 0.00128168 0.00515068
7.06507e-10 0.00128199 0.00494077
7.06608e-10 0.00128322 0.00473277
7.0671e-10 0.0012853 0.00452711
7.06811e-10 0.00128817 0.00432422
7.06912e-10 0.00129177 0.00412452
7.07013e-10 0.00129602 0.00392839
7.07115e-10 0.00130086 0.00373622
7.07216e-10 0.00130623 0.00354837
7.07317e-10 0.00131206 0.00336518
7.07418e-10 0.00131828 0.00318696
7.0752e-10 0.00132483 0.00301404
7.07621e-10 0.00133164 0.00284668
7.07722e-10 0.00133866 0.00268515
7.07824e-10 0.00134581 0.00252969
7.07925e-10 0.00135303 0.00238053
7.08026e-10 0.00136028 0.00223786
7.08127e-10 0.00136748 0.00210186
7.08229e-10 0.00137459 0.0019727
7.0833e-10 0.00138155 0.00185049
7.08431e-10 0.00138831 0.00173537
7.08532e-10 0.00139482 0.00162742
7.08634e-10 0.00140103 0.0015267
7.08735e-10 0.0014069 0.00143328
7.08836e-10 0.00141238 0.00134718
7.08938e-10 0.00141745 0.00126841
7.09039e-10 0.00142205 0.00119695
7.0914e-10 0.00142617 0.00113279
7.09241e-10 0.00142976 0.00107585
7.09343e-10 0.00143281 0.00102609
7.09444e-10 0.00143528 0.000983403
7.09545e-10 0.00143715 0.000947692
7.09646e-10 0.00143841 0.000918835
7.09748e-10 0.00143903 0.000896693
7.09849e-10 0.00143902 0.000881113
7.0995e-10 0.00143834 0.000871927
7.10051e-10 0.00143701 0.000868952
7.10153e-10 0.00143501 0.000871992
7.10254e-10 0.00143233 0.00088084
7.10355e-10 0.00142899 0.000895275
7.10457e-10 0.00142499 0.000915067
7.10558e-10 0.00142032 0.000939976
7.10659e-10 0.001415 0.000969751
7.1076e-10 0.00140904 0.00100414
7.10862e-10 0.00140245 0.00104286
7.10963e-10 0.00139525 0.00108566
7.11064e-10 0.00138745 0.00113226
7.11165e-10 0.00137906 0.00118236
7.11267e-10 0.00137012 0.00123569
7.11368e-10 0.00136064 0.00129196
7.11469e-10 0.00135065 0.00135088
7.11571e-10 0.00134016 0.00141215
7.11672e-10 0.00132921 0.00147549
7.11773e-10 0.00131783 0.00154059
7.11874e-10 0.00130603 0.00160717
7.11976e-10 0.00129386 0.00167495
7.12077e-10 0.00128134 0.00174362
7.12178e-10 0.00126849 0.00181292
7.12279e-10 0.00125536 0.00188256
7.12381e-10 0.00124198 0.00195227
7.12482e-10 0.00122837 0.00202178
7.12583e-10 0.00121456 0.00209083
7.12684e-10 0.00120059 0.00215917
7.12786e-10 0.00118649 0.00222654
7.12887e-10 0.0011723 0.00229272
7.12988e-10 0.00115804 0.00235746
7.1309e-10 0.00114374 0.00242055
7.13191e-10 0.00112943 0.00248177
7.13292e-10 0.00111515 0.00254093
7.13393e-10 0.00110092 0.00259782
7.13495e-10 0.00108677 0.00265227
7.13596e-10 0.00107272 0.00270411
7.13697e-10 0.00105882 0.00275318
7.13798e-10 0.00104507 0.00279933
7.139e-10 0.0010315 0.00284242
7.14001e-10 0.00101814 0.00288233
7.14102e-10 0.00100501 0.00291894
7.14204e-10 0.000992135 0.00295216
7.14305e-10 0.000979524 0.0029819
7.14406e-10 0.000967201 0.00300808
7.14507e-10 0.000955181 0.00303063
7.14609e-10 0.00094348 0.0030495
7.1471e-10 0.000932113 0.00306466
7.14811e-10 0.000921091 0.00307607
7.14912e-10 0.000910426 0.00308372
7.15014e-10 0.000900127 0.0030876
7.15115e-10 0.000890204 0.00308771
7.15216e-10 0.000880662 0.00308408
7.15318e-10 0.000871507 0.00307674
7.15419e-10 0.000862743 0.00306571
7.1552e-10 0.000854373 0.00305106
7.15621e-10 0.000846398 0.00303283
7.15723e-10 0.000838818 0.00301111
7.15824e-10 0.000831631 0.00298596
7.15925e-10 0.000824836 0.00295747
7.16026e-10 0.000818428 0.00292574
7.16128e-10 0.000812402 0.00289087
7.16229e-10 0.000806752 0.00285298
7.1633e-10 0.000801472 0.00281218
7.16431e-10 0.000796551 0.0027686
7.16533e-10 0.000791983 0.00272236
7.16634e-10 0.000787755 0.00267361
7.16735e-10 0.000783858 0.00262249
7.16837e-10 0.000780279 0.00256914
7.16938e-10 0.000777006 0.00251372
7.17039e-10 0.000774025 0.00245638
7.1714e-10 0.000771323 0.00239729
7.17242e-10 0.000768886 0.0023366
7.17343e-10 0.000766697 0.00227447
7.17444e-10 0.000764743 0.00221108
7.17545e-10 0.000763006 0.00214659
7.17647e-10 0.000761472 0.00208116
7.17748e-10 0.000760123 0.00201497
7.17849e-10 0.000758944 0.00194819
7.17951e-10 0.000757918 0.00188097
7.18052e-10 0.000757028 0.0018135
7.18153e-10 0.000756257 0.00174592
7.18254e-10 0.000755589 0.00167841
7.18356e-10 0.000755008 0.00161113
7.18457e-10 0.000754497 0.00154423
7.18558e-10 0.000754041 0.00147787
7.18659e-10 0.000753623 0.0014122
7.18761e-10 0.000753228 0.00134736
7.18862e-10 0.000752841 0.0012835
7.18963e-10 0.000752447 0.00122076
7.19065e-10 0.000752033 0.00115927
7.19166e-10 0.000751585 0.00109915
7.19267e-10 0.000751089 0.00104053
7.19368e-10 0.000750533 0.000983524
7.1947e-10 0.000749905 0.000928245
7.19571e-10 0.000749194 0.000874794
7.19672e-10 0.000748389 0.00082327
7.19773e-10 0.00074748 0.000773764
7.19875e-10 0.000746458 0.000726359
7.19976e-10 0.000745314 0.000681132
7.20077e-10 0.000744041 0.000638155
7.20178e-10 0.000742631 0.00059749
7.2028e-10 0.000741078 0.000559192
7.20381e-10 0.000739377 0.00052331
7.20482e-10 0.000737523 0.000489887
7.20584e-10 0.000735511 0.000458955
7.20685e-10 0.000733338 0.000430541
7.20786e-10 0.000731002 0.000404665
7.20887e-10 0.000728502 0.00038134
7.20989e-10 0.000725835 0.00036057
7.2109e-10 0.000723002 0.000342354
7.21191e-10 0.000720002 0.000326683
7.21292e-10 0.000716838 0.000313541
7.21394e-10 0.00071351 0.000302906
7.21495e-10 0.000710022 0.000294749
7.21596e-10 0.000706375 0.000289035
7.21698e-10 0.000702574 0.000285724
7.21799e-10 0.000698623 0.000284767
7.219e-10 0.000694527 0.000286111
7.22001e-10 0.00069029 0.0002897
7.22103e-10 0.000685918 0.000295467
7.22204e-10 0.000681418 0.000303346
7.22305e-10 0.000676797 0.000313262
7.22406e-10 0.00067206 0.000325137
7.22508e-10 0.000667217 0.00033889
7.22609e-10 0.000662273 0.000354433
7.2271e-10 0.000657238 0.000371678
7.22812e-10 0.000652119 0.00039053
7.22913e-10 0.000646925 0.000410895
7.23014e-10 0.000641664 0.000432673
7.23115e-10 0.000636346 0.000455762
7.23217e-10 0.000630979 0.000480059
7.23318e-10 0.000625573 0.00050546
7.23419e-10 0.000620136 0.000531857
7.2352e-10 0.000614676 0.000559142
7.23622e-10 0.000609205 0.000587207
7.23723e-10 0.000603729 0.000615942
7.23824e-10 0.000598259 0.000645239
7.23925e-10 0.000592803 0.000674986
7.24027e-10 0.000587369 0.000705077
7.24128e-10 0.000581967 0.000735401
7.24229e-10 0.000576604 0.000765852
7.24331e-10 0.000571288 0.000796324
7.24432e-10 0.000566028 0.000826711
7.24533e-10 0.00056083 0.000856911
7.24634e-10 0.000555702 0.000886823
7.24736e-10 0.000550651 0.000916349
7.24837e-10 0.000545684 0.000945391
7.24938e-10 0.000540806 0.000973858
7.25039e-10 0.000536024 0.00100166
7.25141e-10 0.000531343 0.00102871
7.25242e-10 0.000526768 0.00105492
7.25343e-10 0.000522304 0.00108021
7.25445e-10 0.000517955 0.00110451
7.25546e-10 0.000513725 0.00112775
7.25647e-10 0.000509617 0.00114985
7.25748e-10 0.000505634 0.00117075
7.2585e-10 0.00050178 0.00119039
7.25951e-10 0.000498055 0.00120873
7.26052e-10 0.000494462 0.00122569
7.26153e-10 0.000491002 0.00124125
7.26255e-10 0.000487676 0.00125535
7.26356e-10 0.000484484 0.00126797
7.26457e-10 0.000481426 0.00127906
7.26559e-10 0.000478501 0.0012886
7.2666e-10 0.000475709 0.00129658
7.26761e-10 0.000473049 0.00130296
7.26862e-10 0.000470518 0.00130775
7.26964e-10 0.000468115 0.00131092
7.27065e-10 0.000465838 0.00131248
7.27166e-10 0.000463683 0.00131243
7.27267e-10 0.000461648 0.00131078
7.27369e-10 0.000459729 0.00130753
7.2747e-10 0.000457923 0.0013027
7.27571e-10 0.000456225 0.00129632
7.27672e-10 0.000454632 0.00128839
7.27774e-10 0.000453139 0.00127896
7.27875e-10 0.000451741 0.00126805
7.27976e-10 0.000450434 0.0012557
7.28078e-10 0.000449212 0.00124195
7.28179e-10 0.000448071 0.00122685
7.2828e-10 0.000447004 0.00121043
7.28381e-10 0.000446007 0.00119275
7.28483e-10 0.000445073 0.00117386
7.28584e-10 0.000444198 0.00115382
7.28685e-10 0.000443375 0.00113268
7.28786e-10 0.000442599 0.00111051
7.28888e-10 0.000441865 0.00108738
7.28989e-10 0.000441165 0.00106333
7.2909e-10 0.000440495 0.00103846
7.29192e-10 0.000439849 0.00101281
7.29293e-10 0.000439221 0.000986466
7.29394e-10 0.000438605 0.000959498
7.29495e-10 0.000437998 0.000931977
7.29597e-10 0.000437392 0.000903978
7.29698e-10 0.000436782 0.000875574
7.29799e-10 0.000436165 0.000846841
7.299e-10 0.000435535 0.000817854
7.30002e-10 0.000434886 0.000788688
7.30103e-10 0.000434216 0.000759417
7.30204e-10 0.000433519 0.000730116
7.30305e-10 0.000432791 0.000700859
7.30407e-10 0.000432028 0.000671718
7.30508e-10 0.000431228 0.000642766
7.30609e-10 0.000430385 0.000614074
7.30711e-10 0.000429499 0.00058571
7.30812e-10 0.000428564 0.000557742
7.30913e-10 0.00042758 0.000530237
7.31014e-10 0.000426543 0.000503259
7.31116e-10 0.000425451 0.00047687
7.31217e-10 0.000424303 0.000451129
7.31318e-10 0.000423097 0.000426095
7.31419e-10 0.000421832 0.000401821
7.31521e-10 0.000420508 0.000378362
7.31622e-10 0.000419122 0.000355766
7.31723e-10 0.000417675 0.000334081
7.31825e-10 0.000416167 0.00031335
7.31926e-10 0.000414598 0.000293614
7.32027e-10 0.000412968 0.000274911
7.32128e-10 0.000411278 0.000257276
7.3223e-10 0.000409528 0.00024074
7.32331e-10 0.000407721 0.000225331
7.32432e-10 0.000405857 0.000211073
7.32533e-10 0.000403938 0.000197988
7.32635e-10 0.000401965 0.000186094
7.32736e-10 0.000399942 0.000175404
7.32837e-10 0.000397869 0.000165931
7.32939e-10 0.00039575 0.000157682
7.3304e-10 0.000393586 0.00015066
7.33141e-10 0.000391382 0.000144867
7.33242e-10 0.000389139 0.000140299
7.33344e-10 0.00038686 0.000136951
7.33445e-10 0.00038455 0.000134813
7.33546e-10 0.00038221 0.000133873
7.33647e-10 0.000379845 0.000134115
7.33749e-10 0.000377457 0.00013552
7.3385e-10 0.000375051 0.000138067
7.33951e-10 0.00037263 0.00014173
7.34052e-10 0.000370197 0.000146483
7.34154e-10 0.000367757 0.000152294
7.34255e-10 0.000365312 0.000159131
7.34356e-10 0.000362867 0.000166958
7.34458e-10 0.000360425 0.000175738
7.34559e-10 0.00035799 0.00018543
7.3466e-10 0.000355565 0.000195991
7.34761e-10 0.000353154 0.000207379
7.34863e-10 0.000350761 0.000219547
7.34964e-10 0.000348388 0.000232446
7.35065e-10 0.000346039 0.000246028
7.35166e-10 0.000343718 0.000260241
7.35268e-10 0.000341427 0.000275034
7.35369e-10 0.00033917 0.000290353
7.3547e-10 0.000336949 0.000306145
7.35572e-10 0.000334767 0.000322353
7.35673e-10 0.000332626 0.000338923
7.35774e-10 0.00033053 0.000355799
7.35875e-10 0.000328481 0.000372924
7.35977e-10 0.00032648 0.000390241
7.36078e-10 0.000324529 0.000407695
7.36179e-10 0.000322631 0.000425227
7.3628e-10 0.000320787 0.000442784
7.36382e-10 0.000318999 0.000460307
7.36483e-10 0.000317267 0.000477743
7.36584e-10 0.000315593 0.000495038
7.36686e-10 0.000313977 0.000512137
7.36787e-10 0.000312421 0.000528988
7.36888e-10 0.000310925 0.000545541
7.36989e-10 0.000309489 0.000561744
7.37091e-10 0.000308113 0.00057755
7.37192e-10 0.000306798 0.000592912
7.37293e-10 0.000305543 0.000607783
7.37394e-10 0.000304347 0.000622121
7.37496e-10 0.00030321 0.000635884
7.37597e-10 0.000302131 0.000649032
7.37698e-10 0.00030111 0.000661528
7.37799e-10 0.000300145 0.000673336
7.37901e-10 0.000299235 0.000684423
7.38002e-10 0.000298378 0.000694757
7.38103e-10 0.000297573 0.000704311
7.38205e-10 0.000296818 0.000713059
7.38306e-10 0.000296112 0.000720976
7.38407e-10 0.000295452 0.000728041
7.38508e-10 0.000294837 0.000734237
7.3861e-10 0.000294264 0.000739547
7.38711e-10 0.000293731 0.000743959
7.38812e-10 0.000293235 0.00074746
7.38913e-10 0.000292774 0.000750044
7.39015e-10 0.000292346 0.000751706
7.39116e-10 0.000291948 0.000752442
7.39217e-10 0.000291578 0.000752253
7.39319e-10 0.000291232 0.000751142
7.3942e-10 0.000290908 0.000749113
7.39521e-10 0.000290603 0.000746175
7.39622e-10 0.000290315 0.000742337
7.39724e-10 0.000290041 0.000737614
7.39825e-10 0.000289778 0.000732019
7.39926e-10 0.000289524 0.000725571
7.40027e-10 0.000289275 0.000718289
7.40129e-10 0.000289029 0.000710197
7.4023e-10 0.000288783 0.000701317
7.40331e-10 0.000288535 0.000691677
7.40433e-10 0.000288283 0.000681304
7.40534e-10 0.000288023 0.00067023
7.40635e-10 0.000287754 0.000658485
7.40736e-10 0.000287473 0.000646105
7.40838e-10 0.000287178 0.000633124
7.40939e-10 0.000286867 0.000619579
7.4104e-10 0.000286538 0.000605508
7.41141e-10 0.000286189 0.000590951
7.41243e-10 0.000285819 0.000575948
7.41344e-10 0.000285425 0.000560541
7.41445e-10 0.000285006 0.000544773
7.41546e-10 0.000284561 0.000528686
7.41648e-10 0.000284088 0.000512325
7.41749e-10 0.000283586 0.000495735
7.4185e-10 0.000283055 0.000478959
7.41952e-10 0.000282493 0.000462043
7.42053e-10 0.0002819 0.000445033
7.42154e-10 0.000281275 0.000427973
7.42255e-10 0.000280617 0.00041091
7.42357e-10 0.000279927 0.000393887
7.42458e-10 0.000279204 0.00037695
7.42559e-10 0.000278448 0.000360142
7.4266e-10 0.000277659 0.000343508
7.42762e-10 0.000276838 0.00032709
7.42863e-10 0.000275985 0.000310929
7.42964e-10 0.0002751 0.000295068
7.43066e-10 0.000274184 0.000279547
7.43167e-10 0.000273238 0.000264403
7.43268e-10 0.000272263 0.000249675
7.43369e-10 0.00027126 0.000235399
7.43471e-10 0.000270229 0.00022161
7.43572e-10 0.000269173 0.000208341
7.43673e-10 0.000268091 0.000195624
7.43774e-10 0.000266987 0.00018349
7.43876e-10 0.000265861 0.000171965
7.43977e-10 0.000264715 0.000161077
7.44078e-10 0.00026355 0.000150851
7.44179e-10 0.000262369 0.000141309
7.44281e-10 0.000261173 0.000132471
7.44382e-10 0.000259965 0.000124356
7.44483e-10 0.000258745 0.000116981
7.44585e-10 0.000257516 0.000110359
7.44686e-10 0.000256279 0.000104504
7.44787e-10 0.000255038 9.94248e-05
7.44888e-10 0.000253794 9.51295e-05
7.4499e-10 0.000252549 9.16237e-05
7.45091e-10 0.000251305 8.89108e-05
7.45192e-10 0.000250063 8.6992e-05
7.45293e-10 0.000248828 8.58663e-05
7.45395e-10 0.000247599 8.55306e-05
7.45496e-10 0.000246379 8.59794e-05
7.45597e-10 0.000245171 8.72053e-05
7.45699e-10 0.000243976 8.91987e-05
7.458e-10 0.000242795 9.1948e-05
7.45901e-10 0.000241632 9.54393e-05
7.46002e-10 0.000240487 9.9657e-05
7.46104e-10 0.000239363 0.000104583
7.46205e-10 0.00023826 0.000110199
7.46306e-10 0.000237181 0.000116483
7.46407e-10 0.000236127 0.000123412
7.46509e-10 0.0002351 0.000130961
7.4661e-10 0.000234101 0.000139103
7.46711e-10 0.00023313 0.000147812
7.46813e-10 0.00023219 0.000157057
7.46914e-10 0.000231281 0.000166809
7.47015e-10 0.000230404 0.000177035
7.47116e-10 0.00022956 0.000187701
7.47218e-10 0.00022875 0.000198775
7.47319e-10 0.000227975 0.000210221
7.4742e-10 0.000227234 0.000222003
7.47521e-10 0.000226528 0.000234084
7.47623e-10 0.000225858 0.000246426
7.47724e-10 0.000225224 0.000258993
7.47825e-10 0.000224626 0.000271745
7.47926e-10 0.000224063 0.000284644
7.48028e-10 0.000223536 0.00029765
7.48129e-10 0.000223044 0.000310725
7.4823e-10 0.000222587 0.000323829
7.48332e-10 0.000222164 0.000336924
7.48433e-10 0.000221776 0.000349971
7.48534e-10 0.00022142 0.00036293
7.48635e-10 0.000221097 0.000375765
7.48737e-10 0.000220805 0.000388436
7.48838e-10 0.000220543 0.000400908
7.48939e-10 0.000220311 0.000413144
7.4904e-10 0.000220107 0.000425109
7.49142e-10 0.000219931 0.000436767
7.49243e-10 0.00021978 0.000448086
7.49344e-10 0.000219653 0.000459032
7.49446e-10 0.000219549 0.000469575
7.49547e-10 0.000219466 0.000479685
7.49648e-10 0.000219404 0.000489332
7.49749e-10 0.000219359 0.000498489
7.49851e-10 0.000219331 0.000507131
7.49952e-10 0.000219318 0.000515233
7.50053e-10 0.000219319 0.000522773
7.50154e-10 0.00021933 0.000529729
7.50256e-10 0.000219352 0.000536082
7.50357e-10 0.000219381 0.000541815
7.50458e-10 0.000219417 0.000546911
7.5056e-10 0.000219457 0.000551358
7.50661e-10 0.0002195 0.000555142
7.50762e-10 0.000219543 0.000558254
7.50863e-10 0.000219586 0.000560685
7.50965e-10 0.000219627 0.00056243
7.51066e-10 0.000219663 0.000563484
7.51167e-10 0.000219693 0.000563844
7.51268e-10 0.000219716 0.00056351
7.5137e-10 0.000219731 0.000562485
7.51471e-10 0.000219734 0.00056077
7.51572e-10 0.000219726 0.000558372
7.51673e-10 0.000219705 0.000555299
7.51775e-10 0.000219669 0.000551559
7.51876e-10 0.000219617 0.000547163
7.51977e-10 0.000219548 0.000542125
7.52079e-10 0.000219462 0.000536459
7.5218e-10 0.000219356 0.000530181
7.52281e-10 0.00021923 0.00052331
7.52382e-10 0.000219084 0.000515866
7.52484e-10 0.000218916 0.000507869
7.52585e-10 0.000218726 0.000499343
7.52686e-10 0.000218513 0.000490312
7.52787e-10 0.000218276 0.000480802
7.52889e-10 0.000218017 0.000470839
7.5299e-10 0.000217733 0.000460451
7.53091e-10 0.000217425 0.000449669
7.53193e-10 0.000217094 0.000438522
7.53294e-10 0.000216738 0.000427042
7.53395e-10 0.000216358 0.000415261
7.53496e-10 0.000215954 0.000403211
7.53598e-10 0.000215527 0.000390928
7.53699e-10 0.000215077 0.000378444
7.538e-10 0.000214605 0.000365796
7.53901e-10 0.00021411 0.000353017
7.54003e-10 0.000213594 0.000340144
7.54104e-10 0.000213058 0.000327212
7.54205e-10 0.000212502 0.000314258
7.54307e-10 0.000211927 0.000301317
7.54408e-10 0.000211334 0.000288424
7.54509e-10 0.000210725 0.000275617
7.5461e-10 0.0002101 0.000262929
7.54712e-10 0.000209461 0.000250397
7.54813e-10 0.000208808 0.000238053
7.54914e-10 0.000208144 0.000225934
7.55015e-10 0.000207469 0.00021407
7.55117e-10 0.000206785 0.000202496
7.55218e-10 0.000206093 0.000191243
7.55319e-10 0.000205395 0.000180342
7.5542e-10 0.000204692 0.000169822
7.55522e-10 0.000203986 0.000159711
7.55623e-10 0.000203278 0.000150039
7.55724e-10 0.00020257 0.00014083
7.55826e-10 0.000201864 0.00013211
7.55927e-10 0.00020116 0.000123902
7.56028e-10 0.000200461 0.000116228
7.56129e-10 0.000199768 0.000109109
7.56231e-10 0.000199083 0.000102564
7.56332e-10 0.000198407 9.66108e-05
7.56433e-10 0.000197741 9.12645e-05
7.56534e-10 0.000197087 8.65394e-05
7.56636e-10 0.000196446 8.24479e-05
7.56737e-10 0.000195821 7.90005e-05
7.56838e-10 0.000195211 7.6206e-05
7.5694e-10 0.000194619 7.40714e-05
7.57041e-10 0.000194045 7.26017e-05
7.57142e-10 0.000193492 7.18004e-05
7.57243e-10 0.000192958 7.16686e-05
7.57345e-10 0.000192447 7.22062e-05
7.57446e-10 0.000191959 7.34106e-05
7.57547e-10 0.000191494 7.52779e-05
7.57648e-10 0.000191054 7.78019e-05
7.5775e-10 0.000190639 8.09749e-05
7.57851e-10 0.00019025 8.47874e-05
7.57952e-10 0.000189888 8.92279e-05
7.58053e-10 0.000189552 9.42833e-05
7.58155e-10 0.000189244 9.99389e-05
7.58256e-10 0.000188964 0.000106178
7.58357e-10 0.000188711 0.000112983
7.58459e-10 0.000188487 0.000120334
7.5856e-10 0.00018829 0.00012821
7.58661e-10 0.000188122 0.000136588
7.58762e-10 0.000187981 0.000145444
7.58864e-10 0.000187868 0.000154753
7.58965e-10 0.000187782 0.000164489
7.59066e-10 0.000187724 0.000174624
7.59167e-10 0.000187691 0.000185129
7.59269e-10 0.000187685 0.000195973
7.5937e-10 0.000187703 0.000207128
7.59471e-10 0.000187746 0.00021856
7.59573e-10 0.000187813 0.000230237
7.59674e-10 0.000187902 0.000242127
7.59775e-10 0.000188014 0.000254196
7.59876e-10 0.000188146 0.00026641
7.59978e-10 0.000188297 0.000278733
7.60079e-10 0.000188468 0.000291132
7.6018e-10 0.000188655 0.000303572
7.60281e-10 0.000188859 0.000316017
7.60383e-10 0.000189077 0.000328432
7.60484e-10 0.000189309 0.000340782
7.60585e-10 0.000189553 0.000353032
7.60687e-10 0.000189807 0.000365148
7.60788e-10 0.000190071 0.000377095
7.60889e-10 0.000190342 0.000388841
7.6099e-10 0.00019062 0.000400351
7.61092e-10 0.000190902 0.000411593
7.61193e-10 0.000191187 0.000422535
7.61294e-10 0.000191474 0.000433147
7.61395e-10 0.000191762 0.000443398
7.61497e-10 0.000192048 0.00045326
7.61598e-10 0.000192331 0.000462704
7.61699e-10 0.00019261 0.000471704
7.618e-10 0.000192883 0.000480235
7.61902e-10 0.000193149 0.000488271
7.62003e-10 0.000193407 0.000495791
7.62104e-10 0.000193655 0.000502773
7.62206e-10 0.000193892 0.000509196
7.62307e-10 0.000194116 0.000515044
7.62408e-10 0.000194327 0.000520298
7.62509e-10 0.000194523 0.000524944
7.62611e-10 0.000194703 0.000528969
7.62712e-10 0.000194867 0.000532361
7.62813e-10 0.000195012 0.000535111
7.62914e-10 0.000195139 0.000537209
7.63016e-10 0.000195247 0.00053865
7.63117e-10 0.000195334 0.00053943
7.63218e-10 0.000195401 0.000539546
7.6332e-10 0.000195446 0.000538998
7.63421e-10 0.000195469 0.000537786
7.63522e-10 0.00019547 0.000535914
7.63623e-10 0.000195448 0.000533388
7.63725e-10 0.000195403 0.000530212
7.63826e-10 0.000195336 0.000526398
7.63927e-10 0.000195245 0.000521954
7.64028e-10 0.000195132 0.000516893
7.6413e-10 0.000194995 0.00051123
7.64231e-10 0.000194836 0.00050498
7.64332e-10 0.000194655 0.000498161
7.64434e-10 0.000194452 0.000490791
7.64535e-10 0.000194227 0.000482892
7.64636e-10 0.000193981 0.000474485
7.64737e-10 0.000193715 0.000465595
7.64839e-10 0.00019343 0.000456246
7.6494e-10 0.000193126 0.000446466
7.65041e-10 0.000192804 0.00043628
7.65142e-10 0.000192465 0.00042572
7.65244e-10 0.000192111 0.000414814
7.65345e-10 0.000191742 0.000403594
7.65446e-10 0.000191359 0.000392092
7.65547e-10 0.000190964 0.000380341
7.65649e-10 0.000190557 0.000368374
7.6575e-10 0.000190141 0.000356226
7.65851e-10 0.000189717 0.000343932
7.65953e-10 0.000189285 0.000331528
7.66054e-10 0.000188848 0.000319048
7.66155e-10 0.000188406 0.000306531
7.66256e-10 0.000187962 0.000294011
7.66358e-10 0.000187517 0.000281525
7.66459e-10 0.000187073 0.00026911
7.6656e-10 0.00018663 0.000256803
7.66661e-10 0.000186191 0.000244639
7.66763e-10 0.000185756 0.000232654
7.66864e-10 0.000185328 0.000220884
7.66965e-10 0.000184909 0.000209364
7.67067e-10 0.000184499 0.000198129
7.67168e-10 0.0001841 0.000187211
7.67269e-10 0.000183713 0.000176645
7.6737e-10 0.00018334 0.000166461
7.67472e-10 0.000182983 0.000156692
7.67573e-10 0.000182642 0.000147366
7.67674e-10 0.000182319 0.000138514
7.67775e-10 0.000182016 0.000130162
7.67877e-10 0.000181732 0.000122336
7.67978e-10 0.000181471 0.000115063
7.68079e-10 0.000181232 0.000108365
7.68181e-10 0.000181016 0.000102264
7.68282e-10 0.000180825 9.67803e-05
7.68383e-10 0.000180659 9.19331e-05
7.68484e-10 0.000180519 8.7739e-05
7.68586e-10 0.000180406 8.42132e-05
7.68687e-10 0.00018032 8.13693e-05
7.68788e-10 0.000180262 7.92186e-05
7.68889e-10 0.000180232 7.77709e-05
7.68991e-10 0.000180231 7.70339e-05
7.69092e-10 0.000180259 7.70133e-05
7.69193e-10 0.000180315 7.77129e-05
7.69294e-10 0.000180401 7.91346e-05
7.69396e-10 0.000180516 8.12782e-05
7.69497e-10 0.000180659 8.41414e-05
7.69598e-10 0.000180831 8.772e-05
7.697e-10 0.000181032 9.20078e-05
7.69801e-10 0.00018126 9.69966e-05
7.69902e-10 0.000181515 0.000102676
7.70003e-10 0.000181797 0.000109035
7.70105e-10 0.000182105 0.000116057
7.70206e-10 0.000182439 0.000123729
7.70307e-10 0.000182797 0.000132031
7.70408e-10 0.000183178 0.000140945
7.7051e-10 0.000183582 0.000150448
7.70611e-10 0.000184006 0.000160518
7.70712e-10 0.000184451 0.000171129
7.70814e-10 0.000184915 0.000182256
7.70915e-10 0.000185397 0.000193871
7.71016e-10 0.000185894 0.000205944
7.71117e-10 0.000186407 0.000218444
7.71219e-10 0.000186932 0.00023134
7.7132e-10 0.00018747 0.000244598
7.71421e-10 0.000188017 0.000258183
7.71522e-10 0.000188574 0.000272061
7.71624e-10 0.000189137 0.000286196
7.71725e-10 0.000189706 0.000300549
7.71826e-10 0.000190278 0.000315083
7.71928e-10 0.000190852 0.000329759
7.72029e-10 0.000191427 0.000344538
7.7213e-10 0.000192 0.000359381
7.72231e-10 0.00019257 0.000374248
7.72333e-10 0.000193136 0.000389099
7.72434e-10 0.000193695 0.000403893
7.72535e-10 0.000194246 0.00041859
7.72636e-10 0.000194787 0.000433151
7.72738e-10 0.000195317 0.000447535
7.72839e-10 0.000195835 0.000461703
7.7294e-10 0.000196338 0.000475616
7.73041e-10 0.000196826 0.000489235
7.73143e-10 0.000197296 0.000502524
7.73244e-10 0.000197748 0.000515443
7.73345e-10 0.000198181 0.000527959
7.73447e-10 0.000198593 0.000540034
7.73548e-10 0.000198982 0.000551637
7.73649e-10 0.000199349 0.000562732
7.7375e-10 0.000199692 0.00057329
7.73852e-10 0.000200011 0.00058328
7.73953e-10 0.000200303 0.000592673
7.74054e-10 0.00020057 0.000601442
7.74155e-10 0.00020081 0.000609562
7.74257e-10 0.000201022 0.000617008
7.74358e-10 0.000201207 0.00062376
7.74459e-10 0.000201364 0.000629797
7.74561e-10 0.000201493 0.0006351
7.74662e-10 0.000201594 0.000639654
7.74763e-10 0.000201667 0.000643445
7.74864e-10 0.000201711 0.00064646
7.74966e-10 0.000201729 0.00064869
7.75067e-10 0.000201718 0.000650128
7.75168e-10 0.000201681 0.000650767
7.75269e-10 0.000201618 0.000650604
7.75371e-10 0.000201529 0.00064964
7.75472e-10 0.000201416 0.000647874
7.75573e-10 0.000201278 0.00064531
7.75674e-10 0.000201118 0.000641955
7.75776e-10 0.000200936 0.000637817
7.75877e-10 0.000200733 0.000632906
7.75978e-10 0.000200511 0.000627235
7.7608e-10 0.00020027 0.000620819
7.76181e-10 0.000200013 0.000613674
7.76282e-10 0.000199741 0.000605822
7.76383e-10 0.000199456 0.000597281
7.76485e-10 0.000199159 0.000588078
7.76586e-10 0.000198851 0.000578236
7.76687e-10 0.000198535 0.000567784
7.76788e-10 0.000198212 0.00055675
7.7689e-10 0.000197885 0.000545167
7.76991e-10 0.000197554 0.000533067
7.77092e-10 0.000197223 0.000520485
7.77194e-10 0.000196893 0.000507457
7.77295e-10 0.000196566 0.000494021
7.77396e-10 0.000196243 0.000480217
7.77497e-10 0.000195928 0.000466083
7.77599e-10 0.000195621 0.000451663
7.777e-10 0.000195325 0.000436999
7.77801e-10 0.000195043 0.000422135
7.77902e-10 0.000194774 0.000407115
7.78004e-10 0.000194523 0.000391984
7.78105e-10 0.00019429 0.000376789
7.78206e-10 0.000194077 0.000361576
7.78308e-10 0.000193887 0.000346391
7.78409e-10 0.00019372 0.000331282
7.7851e-10 0.000193579 0.000316296
7.78611e-10 0.000193465 0.000301479
7.78713e-10 0.00019338 0.00028688
7.78814e-10 0.000193324 0.000272544
7.78915e-10 0.0001933 0.000258517
7.79016e-10 0.000193309 0.000244846
7.79118e-10 0.000193351 0.000231575
7.79219e-10 0.000193428 0.000218749
7.7932e-10 0.000193541 0.000206411
7.79421e-10 0.000193691 0.000194603
7.79523e-10 0.000193878 0.000183366
7.79624e-10 0.000194102 0.00017274
7.79725e-10 0.000194366 0.000162763
7.79827e-10 0.000194668 0.000153472
7.79928e-10 0.000195009 0.000144901
7.80029e-10 0.000195389 0.000137085
7.8013e-10 0.000195808 0.000130055
7.80232e-10 0.000196267 0.00012384
7.80333e-10 0.000196764 0.000118468
7.80434e-10 0.000197299 0.000113963
7.80535e-10 0.000197872 0.000110349
7.80637e-10 0.000198482 0.000107647
7.80738e-10 0.000199128 0.000105875
7.80839e-10 0.00019981 0.000105048
7.80941e-10 0.000200526 0.000105181
7.81042e-10 0.000201275 0.000106284
7.81143e-10 0.000202056 0.000108364
7.81244e-10 0.000202868 0.000111428
7.81346e-10 0.000203708 0.000115478
7.81447e-10 0.000204576 0.000120514
7.81548e-10 0.00020547 0.000126534
7.81649e-10 0.000206387 0.000133531
7.81751e-10 0.000207326 0.000141499
7.81852e-10 0.000208285 0.000150425
7.81953e-10 0.000209262 0.000160296
7.82055e-10 0.000210255 0.000171096
7.82156e-10 0.000211261 0.000182806
7.82257e-10 0.000212278 0.000195403
7.82358e-10 0.000213304 0.000208863
7.8246e-10 0.000214337 0.000223159
7.82561e-10 0.000215374 0.000238261
7.82662e-10 0.000216413 0.000254138
7.82763e-10 0.000217451 0.000270755
7.82865e-10 0.000218485 0.000288075
7.82966e-10 0.000219514 0.00030606
7.83067e-10 0.000220535 0.000324667
7.83168e-10 0.000221546 0.000343855
7.8327e-10 0.000222543 0.000363578
7.83371e-10 0.000223525 0.000383788
7.83472e-10 0.00022449 0.000404439
7.83574e-10 0.000225434 0.000425478
7.83675e-10 0.000226356 0.000446856
7.83776e-10 0.000227254 0.000468518
7.83877e-10 0.000228126 0.000490411
7.83979e-10 0.000228969 0.000512479
7.8408e-10 0.000229781 0.000534667
7.84181e-10 0.000230561 0.000556917
7.84282e-10 0.000231308 0.000579173
7.84384e-10 0.000232018 0.000601376
7.84485e-10 0.000232692 0.000623469
7.84586e-10 0.000233327 0.000645393
7.84688e-10 0.000233923 0.00066709
7.84789e-10 0.000234478 0.000688501
7.8489e-10 0.000234991 0.000709571
7.84991e-10 0.000235462 0.000730241
7.85093e-10 0.000235889 0.000750454
7.85194e-10 0.000236273 0.000770157
7.85295e-10 0.000236613 0.000789294
7.85396e-10 0.000236909 0.000807811
7.85498e-10 0.000237161 0.000825658
7.85599e-10 0.000237368 0.000842784
7.857e-10 0.000237532 0.000859139
7.85802e-10 0.000237653 0.000874678
7.85903e-10 0.000237732 0.000889354
7.86004e-10 0.000237768 0.000903126
7.86105e-10 0.000237764 0.000915953
7.86207e-10 0.000237721 0.000927796
7.86308e-10 0.000237639 0.000938619
7.86409e-10 0.00023752 0.000948391
7.8651e-10 0.000237367 0.000957079
7.86612e-10 0.00023718 0.000964657
7.86713e-10 0.000236961 0.000971101
7.86814e-10 0.000236714 0.000976388
7.86915e-10 0.000236439 0.000980501
7.87017e-10 0.00023614 0.000983424
7.87118e-10 0.000235819 0.000985145
7.87219e-10 0.000235477 0.000985657
7.87321e-10 0.000235119 0.000984953
7.87422e-10 0.000234747 0.000983033
7.87523e-10 0.000234364 0.000979898
7.87624e-10 0.000233972 0.000975553
7.87726e-10 0.000233576 0.000970008
7.87827e-10 0.000233177 0.000963275
7.87928e-10 0.000232779 0.00095537
7.88029e-10 0.000232386 0.000946312
7.88131e-10 0.000232 0.000936126
7.88232e-10 0.000231625 0.000924837
7.88333e-10 0.000231265 0.000912475
7.88435e-10 0.000230922 0.000899073
7.88536e-10 0.000230599 0.00088467
7.88637e-10 0.000230301 0.000869303
7.88738e-10 0.00023003 0.000853018
7.8884e-10 0.000229789 0.000835859
7.88941e-10 0.000229582 0.000817877
7.89042e-10 0.000229412 0.000799123
7.89143e-10 0.000229281 0.000779652
7.89245e-10 0.000229192 0.000759522
7.89346e-10 0.000229149 0.000738793
7.89447e-10 0.000229153 0.000717527
7.89548e-10 0.000229208 0.000695789
7.8965e-10 0.000229316 0.000673646
7.89751e-10 0.000229479 0.000651166
7.89852e-10 0.000229699 0.000628419
7.89954e-10 0.000229978 0.000605478
7.90055e-10 0.000230318 0.000582415
7.90156e-10 0.000230721 0.000559305
7.90257e-10 0.000231187 0.000536223
7.90359e-10 0.000231718 0.000513245
7.9046e-10 0.000232316 0.000490448
7.90561e-10 0.00023298 0.000467909
7.90662e-10 0.000233712 0.000445704
7.90764e-10 0.000234512 0.000423911
7.90865e-10 0.000235379 0.000402607
7.90966e-10 0.000236314 0.000381867
7.91068e-10 0.000237317 0.000361768
7.91169e-10 0.000238387 0.000342383
7.9127e-10 0.000239523 0.000323786
7.91371e-10 0.000240724 0.000306049
7.91473e-10 0.000241989 0.000289243
7.91574e-10 0.000243316 0.000273435
7.91675e-10 0.000244704 0.000258693
7.91776e-10 0.000246151 0.00024508
7.91878e-10 0.000247655 0.00023266
7.91979e-10 0.000249212 0.00022149
7.9208e-10 0.000250822 0.000211627
7.92182e-10 0.00025248 0.000203125
7.92283e-10 0.000254185 0.000196033
7.92384e-10 0.000255932 0.000190399
7.92485e-10 0.000257718 0.000186266
7.92587e-10 0.000259541 0.000183673
7.92688e-10 0.000261395 0.000182656
7.92789e-10 0.000263278 0.000183247
7.9289e-10 0.000265185 0.000185473
7.92992e-10 0.000267112 0.000189358
7.93093e-10 0.000269056 0.000194921
7.93194e-10 0.000271011 0.000202175
7.93295e-10 0.000272973 0.000211132
7.93397e-10 0.000274938 0.000221796
7.93498e-10 0.000276902 0.000234168
7.93599e-10 0.000278858 0.000248245
7.93701e-10 0.000280804 0.000264016
7.93802e-10 0.000282734 0.000281469
7.93903e-10 0.000284644 0.000300584
7.94004e-10 0.000286529 0.000321339
7.94106e-10 0.000288384 0.000343705
7.94207e-10 0.000290205 0.000367649
7.94308e-10 0.000291988 0.000393134
7.94409e-10 0.000293727 0.000420116
7.94511e-10 0.00029542 0.00044855
7.94612e-10 0.000297061 0.000478382
7.94713e-10 0.000298646 0.000509558
7.94815e-10 0.000300172 0.000542016
7.94916e-10 0.000301635 0.000575692
7.95017e-10 0.000303031 0.000610517
7.95118e-10 0.000304358 0.000646418
7.9522e-10 0.000305611 0.000683319
7.95321e-10 0.000306788 0.000721139
7.95422e-10 0.000307887 0.000759794
7.95523e-10 0.000308904 0.000799199
7.95625e-10 0.000309838 0.000839262
7.95726e-10 0.000310687 0.000879891
7.95827e-10 0.000311449 0.000920991
7.95929e-10 0.000312123 0.000962463
7.9603e-10 0.000312708 0.00100421
7.96131e-10 0.000313204 0.00104613
7.96232e-10 0.000313609 0.00108811
7.96334e-10 0.000313924 0.00113006
7.96435e-10 0.000314149 0.00117187
7.96536e-10 0.000314284 0.00121343
7.96637e-10 0.000314332 0.00125463
7.96739e-10 0.000314292 0.00129537
7.9684e-10 0.000314168 0.00133554
7.96941e-10 0.000313959 0.00137504
7.97042e-10 0.00031367 0.00141376
7.97144e-10 0.000313303 0.00145159
7.97245e-10 0.000312859 0.00148843
7.97346e-10 0.000312344 0.00152418
7.97448e-10 0.000311761 0.00155875
7.97549e-10 0.000311113 0.00159202
7.9765e-10 0.000310404 0.00162392
7.97751e-10 0.000309641 0.00165434
7.97853e-10 0.000308826 0.0016832
7.97954e-10 0.000307965 0.00171042
7.98055e-10 0.000307064 0.00173591
7.98156e-10 0.000306128 0.00175959
7.98258e-10 0.000305164 0.0017814
7.98359e-10 0.000304176 0.00180127
7.9846e-10 0.000303172 0.00181912
7.98562e-10 0.000302157 0.00183491
7.98663e-10 0.000301139 0.00184858
7.98764e-10 0.000300124 0.00186009
7.98865e-10 0.000299118 0.00186938
7.98967e-10 0.00029813 0.00187644
7.99068e-10 0.000297165 0.00188122
7.99169e-10 0.00029623 0.0018837
7.9927e-10 0.000295333 0.00188388
7.99372e-10 0.000294481 0.00188173
7.99473e-10 0.000293681 0.00187725
7.99574e-10 0.00029294 0.00187046
7.99676e-10 0.000292264 0.00186135
7.99777e-10 0.00029166 0.00184994
7.99878e-10 0.000291136 0.00183627
7.99979e-10 0.000290697 0.00182036
8.00081e-10 0.00029035 0.00180225
8.00182e-10 0.0002901 0.00178198
8.00283e-10 0.000289955 0.00175961
8.00384e-10 0.000289919 0.0017352
8.00486e-10 0.000289998 0.00170882
8.00587e-10 0.000290197 0.00168053
8.00688e-10 0.000290521 0.00165041
8.00789e-10 0.000290973 0.00161856
8.00891e-10 0.000291559 0.00158506
8.00992e-10 0.000292281 0.00155002
8.01093e-10 0.000293143 0.00151354
8.01195e-10 0.000294148 0.00147573
8.01296e-10 0.000295299 0.0014367
8.01397e-10 0.000296596 0.00139658
8.01498e-10 0.000298042 0.0013555
8.016e-10 0.000299637 0.00131359
8.01701e-10 0.000301382 0.00127097
8.01802e-10 0.000303277 0.0012278
8.01903e-10 0.000305321 0.00118422
8.02005e-10 0.000307514 0.00114037
8.02106e-10 0.000309854 0.0010964
8.02207e-10 0.000312338 0.00105247
8.02309e-10 0.000314963 0.00100874
8.0241e-10 0.000317728 0.00096536
8.02511e-10 0.000320627 0.000922489
8.02612e-10 0.000323657 0.00088029
8.02714e-10 0.000326813 0.000838922
8.02815e-10 0.00033009 0.000798547
8.02916e-10 0.000333481 0.000759326
8.03017e-10 0.000336981 0.000721418
8.03119e-10 0.000340582 0.000684984
8.0322e-10 0.000344278 0.00065018
8.03321e-10 0.000348061 0.000617161
8.03422e-10 0.000351922 0.000586081
8.03524e-10 0.000355853 0.000557088
8.03625e-10 0.000359845 0.000530329
8.03726e-10 0.000363889 0.000505947
8.03828e-10 0.000367975 0.000484078
8.03929e-10 0.000372094 0.000464856
8.0403e-10 0.000376234 0.000448409
8.04131e-10 0.000380385 0.000434858
8.04233e-10 0.000384538 0.000424318
8.04334e-10 0.00038868 0.000416899
8.04435e-10 0.0003928 0.000412703
8.04536e-10 0.000396889 0.000411825
8.04638e-10 0.000400933 0.00041435
8.04739e-10 0.000404922 0.000420358
8.0484e-10 0.000408845 0.000429919
8.04942e-10 0.000412691 0.000443094
8.05043e-10 0.000416447 0.000459935
8.05144e-10 0.000420104 0.000480486
8.05245e-10 0.000423649 0.000504778
8.05347e-10 0.000427073 0.000532836
8.05448e-10 0.000430364 0.000564672
8.05549e-10 0.000433513 0.000600289
8.0565e-10 0.00043651 0.000639679
8.05752e-10 0.000439345 0.000682825
8.05853e-10 0.000442008 0.000729696
8.05954e-10 0.000444492 0.000780253
8.06056e-10 0.000446787 0.000834446
8.06157e-10 0.000448887 0.000892212
8.06258e-10 0.000450783 0.000953479
8.06359e-10 0.00045247 0.00101816
8.06461e-10 0.000453941 0.00108617
8.06562e-10 0.00045519 0.0011574
8.06663e-10 0.000456215 0.00123173
8.06764e-10 0.000457009 0.00130904
8.06866e-10 0.00045757 0.00138919
8.06967e-10 0.000457896 0.00147204
8.07068e-10 0.000457985 0.00155743
8.07169e-10 0.000457836 0.00164519
8.07271e-10 0.000457449 0.00173516
8.07372e-10 0.000456824 0.00182715
8.07473e-10 0.000455965 0.00192096
8.07575e-10 0.000454872 0.00201641
8.07676e-10 0.000453549 0.00211328
8.07777e-10 0.000452002 0.00221137
8.07878e-10 0.000450234 0.00231044
8.0798e-10 0.000448252 0.00241029
8.08081e-10 0.000446063 0.00251066
8.08182e-10 0.000443674 0.00261134
8.08283e-10 0.000441094 0.00271208
8.08385e-10 0.000438334 0.00281263
8.08486e-10 0.000435402 0.00291276
8.08587e-10 0.000432311 0.0030122
8.08689e-10 0.000429071 0.00311072
8.0879e-10 0.000425697 0.00320806
8.08891e-10 0.000422201 0.00330397
8.08992e-10 0.000418597 0.00339819
8.09094e-10 0.0004149 0.00349048
8.09195e-10 0.000411125 0.0035806
8.09296e-10 0.00040729 0.00366829
8.09397e-10 0.000403409 0.00375331
8.09499e-10 0.000399501 0.00383544
8.096e-10 0.000395582 0.00391443
8.09701e-10 0.000391671 0.00399006
8.09803e-10 0.000387785 0.00406211
8.09904e-10 0.000383944 0.00413037
8.10005e-10 0.000380166 0.00419463
8.10106e-10 0.00037647 0.0042547
8.10208e-10 0.000372874 0.00431039
8.10309e-10 0.000369399 0.00436153
8.1041e-10 0.000366063 0.00440795
8.10511e-10 0.000362885 0.0044495
8.10613e-10 0.000359883 0.00448604
8.10714e-10 0.000357077 0.00451744
8.10815e-10 0.000354485 0.00454358
8.10916e-10 0.000352124 0.00456436
8.11018e-10 0.000350012 0.00457971
8.11119e-10 0.000348166 0.00458953
8.1122e-10 0.000346603 0.00459379
8.11322e-10 0.000345337 0.00459244
8.11423e-10 0.000344385 0.00458545
8.11524e-10 0.00034376 0.00457283
8.11625e-10 0.000343477 0.00455458
8.11727e-10 0.000343546 0.00453072
8.11828e-10 0.000343981 0.00450131
8.11929e-10 0.000344791 0.00446641
8.1203e-10 0.000345986 0.00442609
8.12132e-10 0.000347575 0.00438046
8.12233e-10 0.000349564 0.00432964
8.12334e-10 0.00035196 0.00427375
8.12436e-10 0.000354767 0.00421296
8.12537e-10 0.000357988 0.00414744
8.12638e-10 0.000361626 0.00407736
8.12739e-10 0.00036568 0.00400295
8.12841e-10 0.000370151 0.00392442
8.12942e-10 0.000375035 0.00384201
8.13043e-10 0.000380329 0.00375598
8.13144e-10 0.000386028 0.00366661
8.13246e-10 0.000392124 0.00357418
8.13347e-10 0.00039861 0.00347899
8.13448e-10 0.000405476 0.00338137
8.1355e-10 0.00041271 0.00328165
8.13651e-10 0.000420299 0.00318017
8.13752e-10 0.00042823 0.0030773
8.13853e-10 0.000436485 0.00297339
8.13955e-10 0.000445049 0.00286884
8.14056e-10 0.000453902 0.00276402
8.14157e-10 0.000463024 0.00265935
8.14258e-10 0.000472394 0.00255522
8.1436e-10 0.000481989 0.00245206
8.14461e-10 0.000491785 0.00235028
8.14562e-10 0.000501757 0.00225031
8.14663e-10 0.000511878 0.00215257
8.14765e-10 0.000522121 0.0020575
8.14866e-10 0.000532459 0.00196553
8.14967e-10 0.000542861 0.00187709
8.15069e-10 0.000553297 0.00179261
8.1517e-10 0.000563736 0.00171253
8.15271e-10 0.000574148 0.00163726
8.15372e-10 0.0005845 0.00156724
8.15474e-10 0.000594758 0.00150286
8.15575e-10 0.000604891 0.00144455
8.15676e-10 0.000614865 0.0013927
8.15777e-10 0.000624647 0.00134769
8.15879e-10 0.000634203 0.0013099
8.1598e-10 0.0006435 0.0012797
8.16081e-10 0.000652504 0.00125744
8.16183e-10 0.000661184 0.00124344
8.16284e-10 0.000669505 0.00123803
8.16385e-10 0.000677437 0.00124151
8.16486e-10 0.000684948 0.00125416
8.16588e-10 0.000692008 0.00127623
8.16689e-10 0.000698586 0.00130797
8.1679e-10 0.000704655 0.0013496
8.16891e-10 0.000710186 0.0014013
8.16993e-10 0.000715154 0.00146325
8.17094e-10 0.000719533 0.00153559
8.17195e-10 0.000723301 0.00161844
8.17296e-10 0.000726434 0.00171188
8.17398e-10 0.000728914 0.00181599
8.17499e-10 0.000730721 0.00193079
8.176e-10 0.000731839 0.00205628
8.17702e-10 0.000732253 0.00219245
8.17803e-10 0.000731951 0.00233924
8.17904e-10 0.000730922 0.00249655
8.18005e-10 0.000729159 0.00266428
8.18107e-10 0.000726654 0.00284227
8.18208e-10 0.000723406 0.00303034
8.18309e-10 0.000719412 0.00322828
8.1841e-10 0.000714674 0.00343586
8.18512e-10 0.000709196 0.00365278
8.18613e-10 0.000702984 0.00387875
8.18714e-10 0.000696047 0.00411343
8.18816e-10 0.000688397 0.00435644
8.18917e-10 0.000680048 0.00460741
8.19018e-10 0.000671016 0.00486588
8.19119e-10 0.000661321 0.00513142
8.19221e-10 0.000650985 0.00540353
8.19322e-10 0.000640033 0.00568171
8.19423e-10 0.000628491 0.00596541
8.19524e-10 0.000616389 0.00625408
8.19626e-10 0.000603759 0.00654713
8.19727e-10 0.000590636 0.00684394
8.19828e-10 0.000577056 0.0071439
8.1993e-10 0.000563058 0.00744634
8.20031e-10 0.000548684 0.00775061
8.20132e-10 0.000533976 0.00805601
8.20233e-10 0.000518979 0.00836185
8.20335e-10 0.000503741 0.00866741
8.20436e-10 0.000488311 0.00897197
8.20537e-10 0.000472739 0.0092748
8.20638e-10 0.000457076 0.00957515
8.2074e-10 0.000441377 0.00987228
8.20841e-10 0.000425694 0.0101654
8.20942e-10 0.000410084 0.0104539
8.21043e-10 0.000394604 0.0107369
8.21145e-10 0.000379309 0.0110136
8.21246e-10 0.000364259 0.0112834
8.21347e-10 0.00034951 0.0115455
8.21449e-10 0.000335121 0.0117992
8.2155e-10 0.00032115 0.0120438
8.21651e-10 0.000307656 0.0122786
8.21752e-10 0.000294696 0.0125029
8.21854e-10 0.000282327 0.0127161
8.21955e-10 0.000270606 0.0129175
8.22056e-10 0.000259589 0.0131065
8.22157e-10 0.00024933 0.0132826
8.22259e-10 0.000239883 0.0134451
8.2236e-10 0.000231299 0.0135937
8.22461e-10 0.000223629 0.0137277
8.22563e-10 0.000216921 0.0138468
8.22664e-10 0.000211222 0.0139505
8.22765e-10 0.000206577 0.0140384
8.22866e-10 0.000203028 0.0141104
8.22968e-10 0.000200614 0.0141659
8.23069e-10 0.000199372 0.0142049
8.2317e-10 0.000199338 0.0142272
8.23271e-10 0.000200542 0.0142325
8.23373e-10 0.000203014 0.0142209
8.23474e-10 0.000206779 0.0141922
8.23575e-10 0.00021186 0.0141465
8.23677e-10 0.000218274 0.0140839
8.23778e-10 0.000226039 0.0140045
8.23879e-10 0.000235166 0.0139085
8.2398e-10 0.000245664 0.0137961
8.24082e-10 0.000257538 0.0136677
8.24183e-10 0.00027079 0.0135235
8.24284e-10 0.000285417 0.0133641
8.24385e-10 0.000301414 0.0131898
8.24487e-10 0.000318772 0.0130013
8.24588e-10 0.000337476 0.0127991
8.24689e-10 0.00035751 0.0125839
8.2479e-10 0.000378854 0.0123563
8.24892e-10 0.000401484 0.0121171
8.24993e-10 0.000425372 0.0118673
8.25094e-10 0.000450486 0.0116075
8.25196e-10 0.000476794 0.0113388
8.25297e-10 0.000504256 0.0110621
8.25398e-10 0.000532832 0.0107784
8.25499e-10 0.000562477 0.0104888
8.25601e-10 0.000593145 0.0101945
8.25702e-10 0.000624786 0.00989653
8.25803e-10 0.000657347 0.00959612
8.25904e-10 0.000690772 0.00929451
8.26006e-10 0.000725004 0.00899295
8.26107e-10 0.000759982 0.00869274
8.26208e-10 0.000795646 0.0083952
8.2631e-10 0.000831929 0.00810168
8.26411e-10 0.000868767 0.00781354
8.26512e-10 0.000906092 0.00753216
8.26613e-10 0.000943834 0.00725894
8.26715e-10 0.000981924 0.00699527
8.26816e-10 0.00102029 0.00674258
8.26917e-10 0.00105886 0.00650226
8.27018e-10 0.00109756 0.00627572
8.2712e-10 0.00113632 0.00606437
8.27221e-10 0.00117506 0.00586957
8.27322e-10 0.00121371 0.00569271
8.27424e-10 0.00125219 0.00553513
8.27525e-10 0.00129044 0.00539815
8.27626e-10 0.00132837 0.00528305
8.27727e-10 0.00136591 0.0051911
8.27829e-10 0.001403 0.00512351
8.2793e-10 0.00143955 0.00508146
8.28031e-10 0.00147551 0.00506605
8.28132e-10 0.00151078 0.00507836
8.28234e-10 0.00154532 0.00511941
8.28335e-10 0.00157905 0.00519015
8.28436e-10 0.00161189 0.00529145
8.28537e-10 0.0016438 0.00542413
8.28639e-10 0.0016747 0.00558893
8.2874e-10 0.00170453 0.00578651
8.28841e-10 0.00173323 0.00601745
8.28943e-10 0.00176074 0.00628224
8.29044e-10 0.00178701 0.0065813
8.29145e-10 0.00181197 0.00691493
8.29246e-10 0.00183557 0.00728335
8.29348e-10 0.00185776 0.00768669
8.29449e-10 0.0018785 0.00812497
8.2955e-10 0.00189772 0.00859812
8.29651e-10 0.00191538 0.00910594
8.29753e-10 0.00193144 0.00964816
8.29854e-10 0.00194585 0.0102244
8.29955e-10 0.00195857 0.0108341
8.30057e-10 0.00196956 0.0114767
8.30158e-10 0.00197878 0.0121515
8.30259e-10 0.0019862 0.0128577
8.3036e-10 0.00199177 0.0135943
8.30462e-10 0.00199546 0.0143602
8.30563e-10 0.00199724 0.0151545
8.30664e-10 0.00199708 0.0159757
8.30765e-10 0.00199496 0.0168226
8.30867e-10 0.00199084 0.0176936
8.30968e-10 0.0019847 0.0185873
8.31069e-10 0.00197652 0.0195021
8.31171e-10 0.00196628 0.0204361
8.31272e-10 0.00195395 0.0213876
8.31373e-10 0.00193953 0.0223546
8.31474e-10 0.001923 0.0233352
8.31576e-10 0.00190435 0.0243273
8.31677e-10 0.00188358 0.0253288
8.31778e-10 0.00186068 0.0263376
8.31879e-10 0.00183565 0.0273512
8.31981e-10 0.0018085 0.0283676
8.32082e-10 0.00177923 0.0293843
8.32183e-10 0.00174787 0.0303989
8.32284e-10 0.00171442 0.031409
8.32386e-10 0.00167893 0.0324122
8.32487e-10 0.00164141 0.0334061
8.32588e-10 0.00160191 0.0343882
8.3269e-10 0.00156047 0.0353559
8.32791e-10 0.00151715 0.0363069
8.32892e-10 0.00147202 0.0372388
8.32993e-10 0.00142514 0.038149
8.33095e-10 0.0013766 0.0390353
8.33196e-10 0.00132651 0.0398952
8.33297e-10 0.00127495 0.0407265
8.33398e-10 0.00122206 0.041527
8.335e-10 0.00116797 0.0422943
8.33601e-10 0.00111282 0.0430266
8.33702e-10 0.00105678 0.0437217
8.33804e-10 0.00100003 0.0443776
8.33905e-10 0.000942755 0.0449927
8.34006e-10 0.000885181 0.0455651
8.34107e-10 0.000827537 0.0460933
8.34209e-10 0.000770073 0.0465757
8.3431e-10 0.000713062 0.047011
8.34411e-10 0.000656797 0.0473979
8.34512e-10 0.000601591 0.0477355
8.34614e-10 0.000547781 0.0480226
8.34715e-10 0.000495727 0.0482587
8.34816e-10 0.00044581 0.0484429
8.34917e-10 0.000398438 0.048575
8.35019e-10 0.00035404 0.0486545
8.3512e-10 0.000313071 0.0486813
8.35221e-10 0.00027601 0.0486555
8.35323e-10 0.000243362 0.0485774
8.35424e-10 0.000215653 0.0484473
8.35525e-10 0.000193436 0.0482658
8.35626e-10 0.000177288 0.0480336
8.35728e-10 0.000167806 0.0477518
8.35829e-10 0.000165614 0.0474214
8.3593e-10 0.000171354 0.0470438
8.36031e-10 0.00018569 0.0466204
8.36133e-10 0.000209307 0.0461528
8.36234e-10 0.000242905 0.045643
8.36335e-10 0.000287202 0.0450929
8.36437e-10 0.000342932 0.0445046
8.36538e-10 0.000410839 0.0438806
8.36639e-10 0.000491678 0.0432231
8.3674e-10 0.000586214 0.0425349
8.36842e-10 0.000695215 0.0418186
8.36943e-10 0.000819452 0.0410773
8.37044e-10 0.000959695 0.0403137
8.37145e-10 0.00111671 0.0395311
8.37247e-10 0.00129126 0.0387326
8.37348e-10 0.00148409 0.0379216
8.37449e-10 0.00169593 0.0371013
8.37551e-10 0.0019275 0.0362753
8.37652e-10 0.00217948 0.035447
8.37753e-10 0.00245255 0.0346199
8.37854e-10 0.00274733 0.0337976
8.37956e-10 0.00306441 0.0329838
8.38057e-10 0.00340436 0.0321818
8.38158e-10 0.00376767 0.0313954
8.38259e-10 0.00415481 0.0306281
8.38361e-10 0.00456617 0.0298834
8.38462e-10 0.0050021 0.0291647
8.38563e-10 0.00546286 0.0284755
8.38664e-10 0.00594866 0.0278189
8.38766e-10 0.00645963 0.0271984
8.38867e-10 0.00699582 0.0266169
8.38968e-10 0.00755718 0.0260775
8.3907e-10 0.00814361 0.025583
8.39171e-10 0.00875487 0.0251362
8.39272e-10 0.00939066 0.0247396
8.39373e-10 0.0100506 0.0243955
8.39475e-10 0.0107341 0.0241063
8.39576e-10 0.0114405 0.0238739
8.39677e-10 0.0121692 0.0237001
8.39778e-10 0.0129194 0.0235865
8.3988e-10 0.0136899 0.0235346
