6.9e-10 0.00590423 0.0273706
6.90101e-10 0.005717 0.0276191
6.90203e-10 0.00552765 0.0278654
6.90304e-10 0.00533665 0.0281072
6.90405e-10 0.00514446 0.0283421
6.90506e-10 0.00495153 0.028568
6.90608e-10 0.00475828 0.0287827
6.90709e-10 0.00456515 0.0289842
6.9081e-10 0.00437254 0.0291703
6.90911e-10 0.00418085 0.0293393
6.91013e-10 0.00399047 0.0294895
6.91114e-10 0.00380177 0.0296191
6.91215e-10 0.00361512 0.0297266
6.91317e-10 0.00343085 0.0298107
6.91418e-10 0.00324932 0.0298702
6.91519e-10 0.00307083 0.0299038
6.9162e-10 0.0028957 0.0299107
6.91722e-10 0.00272421 0.02989
6.91823e-10 0.00255667 0.029841
6.91924e-10 0.00239332 0.0297632
6.92025e-10 0.00223442 0.0296562
6.92127e-10 0.00208021 0.0295198
6.92228e-10 0.00193092 0.0293538
6.92329e-10 0.00178676 0.0291584
6.9243e-10 0.00164791 0.0289337
6.92532e-10 0.00151455 0.0286801
6.92633e-10 0.00138686 0.0283979
6.92734e-10 0.00126496 0.0280879
6.92836e-10 0.001149 0.0277506
6.92937e-10 0.00103908 0.027387
6.93038e-10 0.000935309 0.026998
6.93139e-10 0.000837754 0.0265845
6.93241e-10 0.000746482 0.0261479
6.93342e-10 0.000661538 0.0256893
6.93443e-10 0.000582949 0.02521
6.93544e-10 0.000510725 0.0247114
6.93646e-10 0.00044486 0.024195
6.93747e-10 0.00038533 0.0236624
6.93848e-10 0.000332092 0.0231151
6.9395e-10 0.00028509 0.0225547
6.94051e-10 0.000244248 0.021983
6.94152e-10 0.000209475 0.0214016
6.94253e-10 0.000180664 0.0208121
6.94355e-10 0.000157692 0.0202165
6.94456e-10 0.000140421 0.0196163
6.94557e-10 0.000128699 0.0190134
6.94658e-10 0.000122359 0.0184094
6.9476e-10 0.000121222 0.017806
6.94861e-10 0.000125094 0.017205
6.94962e-10 0.000133772 0.0166079
6.95064e-10 0.00014704 0.0160164
6.95165e-10 0.000164672 0.015432
6.95266e-10 0.000186432 0.0148563
6.95367e-10 0.000212076 0.0142906
6.95469e-10 0.000241353 0.0137364
6.9557e-10 0.000274005 0.0131951
6.95671e-10 0.000309767 0.0126677
6.95772e-10 0.000348371 0.0121557
6.95874e-10 0.000389546 0.0116599
6.95975e-10 0.000433016 0.0111816
6.96076e-10 0.000478506 0.0107215
6.96177e-10 0.000525738 0.0102806
6.96279e-10 0.000574436 0.00985955
6.9638e-10 0.000624327 0.00945911
6.96481e-10 0.000675137 0.00907981
6.96583e-10 0.000726599 0.00872216
6.96684e-10 0.000778449 0.00838654
6.96785e-10 0.000830428 0.00807327
6.96886e-10 0.000882285 0.00778255
6.96988e-10 0.000933773 0.0075145
6.97089e-10 0.000984657 0.00726917
6.9719e-10 0.00103471 0.0070465
6.97291e-10 0.00108371 0.00684635
6.97393e-10 0.00113145 0.0066685
6.97494e-10 0.00117774 0.00651266
6.97595e-10 0.00122238 0.00637843
6.97697e-10 0.00126521 0.00626538
6.97798e-10 0.00130606 0.00617298
6.97899e-10 0.00134478 0.00610064
6.98e-10 0.00138125 0.00604771
6.98102e-10 0.00141532 0.00601348
6.98203e-10 0.00144691 0.00599717
6.98304e-10 0.00147591 0.00599798
6.98405e-10 0.00150224 0.00601505
6.98507e-10 0.00152583 0.00604745
6.98608e-10 0.00154663 0.00609426
6.98709e-10 0.00156461 0.0061545
6.9881e-10 0.00157973 0.00622716
6.98912e-10 0.00159198 0.00631123
6.99013e-10 0.00160137 0.00640564
6.99114e-10 0.0016079 0.00650936
6.99216e-10 0.0016116 0.0066213
6.99317e-10 0.00161251 0.00674039
6.99418e-10 0.00161067 0.00686557
6.99519e-10 0.00160616 0.00699575
6.99621e-10 0.00159903 0.00712989
6.99722e-10 0.00158937 0.00726693
6.99823e-10 0.00157726 0.00740583
6.99924e-10 0.00156281 0.00754559
7.00026e-10 0.00154612 0.00768521
7.00127e-10 0.00152731 0.00782373
7.00228e-10 0.00150649 0.00796022
7.0033e-10 0.00148379 0.00809378
7.00431e-10 0.00145934 0.00822354
7.00532e-10 0.00143328 0.00834869
7.00633e-10 0.00140575 0.00846843
7.00735e-10 0.00137688 0.00858203
7.00836e-10 0.00134683 0.00868879
7.00937e-10 0.00131574 0.00878807
7.01038e-10 0.00128376 0.00887926
7.0114e-10 0.00125103 0.00896182
7.01241e-10 0.0012177 0.00903525
7.01342e-10 0.00118392 0.0090991
7.01444e-10 0.00114983 0.00915299
7.01545e-10 0.00111558 0.00919656
7.01646e-10 0.00108129 0.00922954
7.01747e-10 0.00104711 0.00925168
7.01849e-10 0.00101317 0.0092628
7.0195e-10 0.000979599 0.00926278
7.02051e-10 0.00094651 0.00925153
7.02152e-10 0.000914023 0.00922903
7.02254e-10 0.00088225 0.0091953
7.02355e-10 0.000851293 0.00915041
7.02456e-10 0.000821252 0.00909447
7.02557e-10 0.000792217 0.00902765
7.02659e-10 0.000764273 0.00895015
7.0276e-10 0.000737496 0.00886223
7.02861e-10 0.000711956 0.00876417
7.02963e-10 0.000687715 0.00865629
7.03064e-10 0.000664828 0.00853896
7.03165e-10 0.000643342 0.00841258
7.03266e-10 0.000623297 0.00827757
7.03368e-10 0.000604723 0.00813438
7.03469e-10 0.000587647 0.00798351
7.0357e-10 0.000572083 0.00782545
7.03671e-10 0.000558043 0.00766073
7.03773e-10 0.000545529 0.0074899
7.03874e-10 0.000534535 0.00731351
7.03975e-10 0.000525051 0.00713216
7.04077e-10 0.000517059 0.00694641
7.04178e-10 0.000510535 0.00675687
7.04279e-10 0.000505447 0.00656413
7.0438e-10 0.000501762 0.0063688
7.04482e-10 0.000499437 0.00617148
7.04583e-10 0.000498426 0.00597278
7.04684e-10 0.000498678 0.00577329
7.04785e-10 0.000500138 0.00557361
7.04887e-10 0.000502747 0.00537431
7.04988e-10 0.000506441 0.00517598
7.05089e-10 0.000511154 0.00497917
7.05191e-10 0.000516819 0.00478442
7.05292e-10 0.000523362 0.00459226
7.05393e-10 0.000530712 0.00440321
7.05494e-10 0.000538793 0.00421775
7.05596e-10 0.000547528 0.00403636
7.05697e-10 0.000556841 0.00385946
7.05798e-10 0.000566655 0.0036875
7.05899e-10 0.000576891 0.00352086
7.06001e-10 0.000587472 0.00335991
7.06102e-10 0.000598322 0.00320499
7.06203e-10 0.000609364 0.00305642
7.06304e-10 0.000620524 0.00291448
7.06406e-10 0.000631729 0.00277942
7.06507e-10 0.000642908 0.00265148
7.06608e-10 0.000653992 0.00253083
7.0671e-10 0.000664913 0.00241766
7.06811e-10 0.000675609 0.00231209
7.06912e-10 0.000686018 0.00221423
7.07013e-10 0.000696082 0.00212414
7.07115e-10 0.000705747 0.00204188
7.07216e-10 0.00071496 0.00196746
7.07317e-10 0.000723675 0.00190086
7.07418e-10 0.000731847 0.00184204
7.0752e-10 0.000739436 0.00179093
7.07621e-10 0.000746406 0.00174744
7.07722e-10 0.000752724 0.00171143
7.07824e-10 0.000758361 0.00168277
7.07925e-10 0.000763294 0.00166127
7.08026e-10 0.000767502 0.00164675
7.08127e-10 0.000770968 0.00163898
7.08229e-10 0.00077368 0.00163774
7.0833e-10 0.00077563 0.00164277
7.08431e-10 0.000776813 0.00165378
7.08532e-10 0.000777227 0.0016705
7.08634e-10 0.000776876 0.00169262
7.08735e-10 0.000775767 0.00171982
7.08836e-10 0.000773908 0.00175176
7.08938e-10 0.000771313 0.00178812
7.09039e-10 0.000767999 0.00182854
7.0914e-10 0.000763984 0.00187266
7.09241e-10 0.000759291 0.00192012
7.09343e-10 0.000753945 0.00197056
7.09444e-10 0.000747971 0.0020236
7.09545e-10 0.000741401 0.00207886
7.09646e-10 0.000734266 0.00213599
7.09748e-10 0.000726599 0.00219461
7.09849e-10 0.000718434 0.00225434
7.0995e-10 0.00070981 0.00231483
7.10051e-10 0.000700763 0.00237572
7.10153e-10 0.000691333 0.00243665
7.10254e-10 0.000681558 0.00249728
7.10355e-10 0.00067148 0.00255728
7.10457e-10 0.00066114 0.00261632
7.10558e-10 0.000650577 0.00267408
7.10659e-10 0.000639834 0.00273027
7.1076e-10 0.000628951 0.00278459
7.10862e-10 0.000617969 0.00283677
7.10963e-10 0.000606928 0.00288655
7.11064e-10 0.000595866 0.00293369
7.11165e-10 0.000584823 0.00297794
7.11267e-10 0.000573836 0.00301911
7.11368e-10 0.000562942 0.00305699
7.11469e-10 0.000552174 0.00309141
7.11571e-10 0.000541567 0.00312221
7.11672e-10 0.000531153 0.00314923
7.11773e-10 0.000520962 0.00317237
7.11874e-10 0.000511023 0.00319151
7.11976e-10 0.000501363 0.00320656
7.12077e-10 0.000492006 0.00321745
7.12178e-10 0.000482975 0.00322415
7.12279e-10 0.000474291 0.0032266
7.12381e-10 0.000465972 0.0032248
7.12482e-10 0.000458036 0.00321874
7.12583e-10 0.000450497 0.00320846
7.12684e-10 0.000443367 0.00319398
7.12786e-10 0.000436657 0.00317536
7.12887e-10 0.000430373 0.00315267
7.12988e-10 0.000424523 0.00312599
7.1309e-10 0.00041911 0.00309543
7.13191e-10 0.000414135 0.00306109
7.13292e-10 0.000409599 0.0030231
7.13393e-10 0.000405498 0.00298161
7.13495e-10 0.000401829 0.00293675
7.13596e-10 0.000398586 0.00288871
7.13697e-10 0.000395761 0.00283764
7.13798e-10 0.000393344 0.00278373
7.139e-10 0.000391324 0.00272717
7.14001e-10 0.000389689 0.00266817
7.14102e-10 0.000388424 0.00260691
7.14204e-10 0.000387514 0.00254363
7.14305e-10 0.000386942 0.00247852
7.14406e-10 0.000386691 0.00241182
7.14507e-10 0.000386742 0.00234374
7.14609e-10 0.000387075 0.00227451
7.1471e-10 0.00038767 0.00220436
7.14811e-10 0.000388506 0.00213351
7.14912e-10 0.000389562 0.00206219
7.15014e-10 0.000390814 0.00199062
7.15115e-10 0.000392242 0.00191903
7.15216e-10 0.000393821 0.00184764
7.15318e-10 0.000395531 0.00177666
7.15419e-10 0.000397347 0.00170631
7.1552e-10 0.000399248 0.00163679
7.15621e-10 0.00040121 0.0015683
7.15723e-10 0.000403213 0.00150103
7.15824e-10 0.000405234 0.00143518
7.15925e-10 0.000407253 0.00137092
7.16026e-10 0.000409248 0.00130841
7.16128e-10 0.0004112 0.00124783
7.16229e-10 0.00041309 0.00118932
7.1633e-10 0.0004149 0.00113303
7.16431e-10 0.000416611 0.00107908
7.16533e-10 0.000418208 0.0010276
7.16634e-10 0.000419674 0.000978694
7.16735e-10 0.000420996 0.000932466
7.16837e-10 0.00042216 0.000889003
7.16938e-10 0.000423154 0.00084838
7.17039e-10 0.000423966 0.000810663
7.1714e-10 0.000424587 0.000775904
7.17242e-10 0.000425008 0.000744145
7.17343e-10 0.000425221 0.000715417
7.17444e-10 0.000425219 0.000689736
7.17545e-10 0.000424999 0.000667111
7.17647e-10 0.000424556 0.000647537
7.17748e-10 0.000423886 0.000630999
7.17849e-10 0.00042299 0.000617469
7.17951e-10 0.000421865 0.000606912
7.18052e-10 0.000420514 0.000599279
7.18153e-10 0.000418937 0.000594514
7.18254e-10 0.000417138 0.00059255
7.18356e-10 0.000415121 0.000593311
7.18457e-10 0.000412891 0.000596711
7.18558e-10 0.000410453 0.000602659
7.18659e-10 0.000407815 0.000611052
7.18761e-10 0.000404985 0.000621783
7.18862e-10 0.00040197 0.000634737
7.18963e-10 0.00039878 0.000649791
7.19065e-10 0.000395424 0.000666819
7.19166e-10 0.000391914 0.000685688
7.19267e-10 0.000388261 0.000706262
7.19368e-10 0.000384475 0.000728399
7.1947e-10 0.00038057 0.000751954
7.19571e-10 0.000376557 0.000776781
7.19672e-10 0.000372448 0.00080273
7.19773e-10 0.000368258 0.000829649
7.19875e-10 0.000363998 0.000857387
7.19976e-10 0.000359682 0.00088579
7.20077e-10 0.000355323 0.000914705
7.20178e-10 0.000350935 0.000943981
7.2028e-10 0.00034653 0.000973467
7.20381e-10 0.000342121 0.00100301
7.20482e-10 0.000337721 0.00103247
7.20584e-10 0.000333342 0.0010617
7.20685e-10 0.000328997 0.00109056
7.20786e-10 0.000324698 0.00111892
7.20887e-10 0.000320455 0.00114663
7.20989e-10 0.000316279 0.00117357
7.2109e-10 0.000312182 0.00119962
7.21191e-10 0.000308172 0.00122467
7.21292e-10 0.00030426 0.00124859
7.21394e-10 0.000300454 0.00127129
7.21495e-10 0.000296762 0.00129266
7.21596e-10 0.000293192 0.00131262
7.21698e-10 0.00028975 0.00133107
7.21799e-10 0.000286442 0.00134795
7.219e-10 0.000283275 0.00136317
7.22001e-10 0.000280252 0.00137668
7.22103e-10 0.000277377 0.00138842
7.22204e-10 0.000274655 0.00139834
7.22305e-10 0.000272087 0.00140641
7.22406e-10 0.000269674 0.00141259
7.22508e-10 0.000267419 0.00141685
7.22609e-10 0.000265321 0.00141919
7.2271e-10 0.000263381 0.00141959
7.22812e-10 0.000261596 0.00141805
7.22913e-10 0.000259966 0.00141459
7.23014e-10 0.000258489 0.0014092
7.23115e-10 0.00025716 0.00140192
7.23217e-10 0.000255977 0.00139278
7.23318e-10 0.000254935 0.0013818
7.23419e-10 0.000254031 0.00136904
7.2352e-10 0.000253258 0.00135455
7.23622e-10 0.000252611 0.00133836
7.23723e-10 0.000252084 0.00132056
7.23824e-10 0.000251671 0.00130121
7.23925e-10 0.000251365 0.00128037
7.24027e-10 0.000251158 0.00125812
7.24128e-10 0.000251044 0.00123455
7.24229e-10 0.000251014 0.00120975
7.24331e-10 0.000251061 0.00118379
7.24432e-10 0.000251177 0.00115678
7.24533e-10 0.000251353 0.0011288
7.24634e-10 0.000251582 0.00109997
7.24736e-10 0.000251854 0.00107037
7.24837e-10 0.000252162 0.00104012
7.24938e-10 0.000252498 0.00100931
7.25039e-10 0.000252853 0.000978048
7.25141e-10 0.000253219 0.000946444
7.25242e-10 0.000253588 0.000914601
7.25343e-10 0.000253952 0.000882625
7.25445e-10 0.000254305 0.00085062
7.25546e-10 0.000254638 0.00081869
7.25647e-10 0.000254944 0.000786938
7.25748e-10 0.000255217 0.000755464
7.2585e-10 0.00025545 0.000724367
7.25951e-10 0.000255637 0.000693743
7.26052e-10 0.000255773 0.000663685
7.26153e-10 0.000255852 0.000634283
7.26255e-10 0.000255868 0.000605624
7.26356e-10 0.000255819 0.000577791
7.26457e-10 0.000255698 0.000550864
7.26559e-10 0.000255503 0.000524916
7.2666e-10 0.000255231 0.000500019
7.26761e-10 0.000254878 0.000476239
7.26862e-10 0.000254443 0.000453635
7.26964e-10 0.000253924 0.000432265
7.27065e-10 0.000253319 0.000412179
7.27166e-10 0.000252627 0.000393422
7.27267e-10 0.000251848 0.000376035
7.27369e-10 0.000250982 0.000360051
7.2747e-10 0.000250029 0.000345501
7.27571e-10 0.00024899 0.000332406
7.27672e-10 0.000247867 0.000320786
7.27774e-10 0.000246661 0.000310652
7.27875e-10 0.000245375 0.000302011
7.27976e-10 0.00024401 0.000294863
7.28078e-10 0.00024257 0.000289204
7.28179e-10 0.000241057 0.000285024
7.2828e-10 0.000239476 0.000282308
7.28381e-10 0.00023783 0.000281035
7.28483e-10 0.000236123 0.000281178
7.28584e-10 0.00023436 0.000282709
7.28685e-10 0.000232544 0.000285591
7.28786e-10 0.000230681 0.000289784
7.28888e-10 0.000228776 0.000295243
7.28989e-10 0.000226834 0.000301922
7.2909e-10 0.000224859 0.000309766
7.29192e-10 0.000222857 0.00031872
7.29293e-10 0.000220834 0.000328724
7.29394e-10 0.000218795 0.000339715
7.29495e-10 0.000216745 0.000351628
7.29597e-10 0.00021469 0.000364395
7.29698e-10 0.000212635 0.000377943
7.29799e-10 0.000210585 0.000392202
7.299e-10 0.000208546 0.000407095
7.30002e-10 0.000206523 0.000422547
7.30103e-10 0.00020452 0.000438481
7.30204e-10 0.000202543 0.000454819
7.30305e-10 0.000200597 0.000471481
7.30407e-10 0.000198685 0.000488388
7.30508e-10 0.000196812 0.000505463
7.30609e-10 0.000194983 0.000522625
7.30711e-10 0.000193201 0.000539797
7.30812e-10 0.000191469 0.000556901
7.30913e-10 0.000189792 0.000573862
7.31014e-10 0.000188171 0.000590604
7.31116e-10 0.00018661 0.000607056
7.31217e-10 0.000185112 0.000623145
7.31318e-10 0.000183678 0.000638803
7.31419e-10 0.000182311 0.000653963
7.31521e-10 0.000181011 0.000668562
7.31622e-10 0.000179781 0.000682539
7.31723e-10 0.000178621 0.000695836
7.31825e-10 0.000177531 0.000708398
7.31926e-10 0.000176513 0.000720175
7.32027e-10 0.000175565 0.000731117
7.32128e-10 0.000174688 0.000741183
7.3223e-10 0.000173882 0.000750331
7.32331e-10 0.000173144 0.000758525
7.32432e-10 0.000172475 0.000765734
7.32533e-10 0.000171872 0.000771929
7.32635e-10 0.000171334 0.000777086
7.32736e-10 0.000170859 0.000781187
7.32837e-10 0.000170444 0.000784215
7.32939e-10 0.000170088 0.000786159
7.3304e-10 0.000169787 0.000787014
7.33141e-10 0.000169539 0.000786776
7.33242e-10 0.00016934 0.000785447
7.33344e-10 0.000169188 0.000783034
7.33445e-10 0.000169079 0.000779545
7.33546e-10 0.00016901 0.000774996
7.33647e-10 0.000168976 0.000769404
7.33749e-10 0.000168975 0.000762792
7.3385e-10 0.000169003 0.000755185
7.33951e-10 0.000169055 0.000746612
7.34052e-10 0.000169129 0.000737105
7.34154e-10 0.000169219 0.000726702
7.34255e-10 0.000169323 0.000715441
7.34356e-10 0.000169435 0.000703363
7.34458e-10 0.000169554 0.000690515
7.34559e-10 0.000169673 0.000676944
7.3466e-10 0.000169791 0.000662698
7.34761e-10 0.000169903 0.000647831
7.34863e-10 0.000170006 0.000632397
7.34964e-10 0.000170096 0.000616451
7.35065e-10 0.00017017 0.000600049
7.35166e-10 0.000170225 0.000583252
7.35268e-10 0.000170258 0.000566119
7.35369e-10 0.000170266 0.000548709
7.3547e-10 0.000170246 0.000531084
7.35572e-10 0.000170195 0.000513306
7.35673e-10 0.000170112 0.000495435
7.35774e-10 0.000169995 0.000477534
7.35875e-10 0.000169841 0.000459663
7.35977e-10 0.000169649 0.000441883
7.36078e-10 0.000169417 0.000424253
7.36179e-10 0.000169144 0.000406833
7.3628e-10 0.000168829 0.00038968
7.36382e-10 0.000168472 0.00037285
7.36483e-10 0.000168071 0.000356398
7.36584e-10 0.000167627 0.000340375
7.36686e-10 0.000167139 0.000324834
7.36787e-10 0.000166608 0.000309823
7.36888e-10 0.000166033 0.000295387
7.36989e-10 0.000165416 0.000281571
7.37091e-10 0.000164756 0.000268416
7.37192e-10 0.000164056 0.00025596
7.37293e-10 0.000163316 0.000244239
7.37394e-10 0.000162538 0.000233284
7.37496e-10 0.000161723 0.000223127
7.37597e-10 0.000160872 0.000213793
7.37698e-10 0.000159988 0.000205304
7.37799e-10 0.000159074 0.000197682
7.37901e-10 0.00015813 0.000190941
7.38002e-10 0.000157159 0.000185095
7.38103e-10 0.000156164 0.000180154
7.38205e-10 0.000155146 0.000176124
7.38306e-10 0.00015411 0.000173007
7.38407e-10 0.000153057 0.000170803
7.38508e-10 0.00015199 0.000169508
7.3861e-10 0.000150912 0.000169114
7.38711e-10 0.000149826 0.00016961
7.38812e-10 0.000148734 0.000170983
7.38913e-10 0.00014764 0.000173216
7.39015e-10 0.000146546 0.000176288
7.39116e-10 0.000145455 0.000180175
7.39217e-10 0.00014437 0.000184854
7.39319e-10 0.000143294 0.000190293
7.3942e-10 0.000142229 0.000196463
7.39521e-10 0.000141178 0.000203329
7.39622e-10 0.000140144 0.000210855
7.39724e-10 0.000139129 0.000219003
7.39825e-10 0.000138135 0.000227733
7.39926e-10 0.000137165 0.000237001
7.40027e-10 0.000136221 0.000246765
7.40129e-10 0.000135305 0.000256978
7.4023e-10 0.000134419 0.000267594
7.40331e-10 0.000133564 0.000278565
7.40433e-10 0.000132743 0.000289841
7.40534e-10 0.000131956 0.000301374
7.40635e-10 0.000131204 0.000313113
7.40736e-10 0.00013049 0.000325007
7.40838e-10 0.000129814 0.000337004
7.40939e-10 0.000129176 0.000349055
7.4104e-10 0.000128578 0.000361109
7.41141e-10 0.000128019 0.000373114
7.41243e-10 0.0001275 0.000385021
7.41344e-10 0.000127021 0.000396781
7.41445e-10 0.000126582 0.000408346
7.41546e-10 0.000126183 0.000419667
7.41648e-10 0.000125823 0.000430701
7.41749e-10 0.000125501 0.000441401
7.4185e-10 0.000125217 0.000451725
7.41952e-10 0.000124971 0.000461631
7.42053e-10 0.00012476 0.000471081
7.42154e-10 0.000124583 0.000480037
7.42255e-10 0.00012444 0.000488463
7.42357e-10 0.000124329 0.000496327
7.42458e-10 0.000124248 0.000503597
7.42559e-10 0.000124196 0.000510246
7.4266e-10 0.00012417 0.000516248
7.42762e-10 0.000124169 0.00052158
7.42863e-10 0.000124191 0.000526221
7.42964e-10 0.000124233 0.000530154
7.43066e-10 0.000124294 0.000533364
7.43167e-10 0.000124372 0.00053584
7.43268e-10 0.000124464 0.000537571
7.43369e-10 0.000124568 0.000538551
7.43471e-10 0.000124681 0.000538778
7.43572e-10 0.000124802 0.000538251
7.43673e-10 0.000124927 0.000536972
7.43774e-10 0.000125056 0.000534947
7.43876e-10 0.000125185 0.000532184
7.43977e-10 0.000125312 0.000528693
7.44078e-10 0.000125435 0.000524489
7.44179e-10 0.000125552 0.000519586
7.44281e-10 0.000125661 0.000514006
7.44382e-10 0.00012576 0.000507767
7.44483e-10 0.000125846 0.000500895
7.44585e-10 0.000125919 0.000493415
7.44686e-10 0.000125975 0.000485356
7.44787e-10 0.000126014 0.000476747
7.44888e-10 0.000126034 0.000467621
7.4499e-10 0.000126033 0.000458012
7.45091e-10 0.00012601 0.000447956
7.45192e-10 0.000125964 0.000437489
7.45293e-10 0.000125894 0.000426651
7.45395e-10 0.000125799 0.000415481
7.45496e-10 0.000125677 0.000404021
7.45597e-10 0.000125529 0.000392312
7.45699e-10 0.000125354 0.000380396
7.458e-10 0.000125151 0.000368318
7.45901e-10 0.00012492 0.000356121
7.46002e-10 0.000124662 0.000343848
7.46104e-10 0.000124375 0.000331545
7.46205e-10 0.00012406 0.000319254
7.46306e-10 0.000123718 0.00030702
7.46407e-10 0.000123348 0.000294886
7.46509e-10 0.000122952 0.000282896
7.4661e-10 0.00012253 0.000271091
7.46711e-10 0.000122084 0.000259512
7.46813e-10 0.000121613 0.000248201
7.46914e-10 0.000121119 0.000237195
7.47015e-10 0.000120603 0.000226534
7.47116e-10 0.000120066 0.000216254
7.47218e-10 0.000119511 0.000206389
7.47319e-10 0.000118937 0.000196972
7.4742e-10 0.000118348 0.000188036
7.47521e-10 0.000117743 0.000179609
7.47623e-10 0.000117126 0.00017172
7.47724e-10 0.000116498 0.000164393
7.47825e-10 0.00011586 0.000157652
7.47926e-10 0.000115214 0.000151518
7.48028e-10 0.000114563 0.000146009
7.48129e-10 0.000113908 0.000141142
7.4823e-10 0.000113251 0.00013693
7.48332e-10 0.000112594 0.000133385
7.48433e-10 0.000111939 0.000130515
7.48534e-10 0.000111287 0.000128326
7.48635e-10 0.000110641 0.000126823
7.48737e-10 0.000110003 0.000126006
7.48838e-10 0.000109374 0.000125873
7.48939e-10 0.000108756 0.000126421
7.4904e-10 0.00010815 0.000127643
7.49142e-10 0.00010756 0.00012953
7.49243e-10 0.000106985 0.000132071
7.49344e-10 0.000106427 0.000135251
7.49446e-10 0.000105888 0.000139055
7.49547e-10 0.00010537 0.000143463
7.49648e-10 0.000104873 0.000148455
7.49749e-10 0.000104399 0.000154009
7.49851e-10 0.000103948 0.000160099
7.49952e-10 0.000103522 0.000166699
7.50053e-10 0.000103121 0.00017378
7.50154e-10 0.000102747 0.000181312
7.50256e-10 0.000102399 0.000189263
7.50357e-10 0.000102078 0.0001976
7.50458e-10 0.000101785 0.000206289
7.5056e-10 0.00010152 0.000215292
7.50661e-10 0.000101283 0.000224575
7.50762e-10 0.000101073 0.000234098
7.50863e-10 0.000100891 0.000243823
7.50965e-10 0.000100737 0.000253712
7.51066e-10 0.00010061 0.000263724
7.51167e-10 0.00010051 0.000273819
7.51268e-10 0.000100435 0.000283958
7.5137e-10 0.000100386 0.000294099
7.51471e-10 0.000100362 0.000304204
7.51572e-10 0.000100361 0.000314232
7.51673e-10 0.000100382 0.000324144
7.51775e-10 0.000100425 0.0003339
7.51876e-10 0.000100489 0.000343464
7.51977e-10 0.000100572 0.000352797
7.52079e-10 0.000100672 0.000361863
7.5218e-10 0.000100788 0.000370627
7.52281e-10 0.000100919 0.000379055
7.52382e-10 0.000101064 0.000387115
7.52484e-10 0.00010122 0.000394776
7.52585e-10 0.000101386 0.000402007
7.52686e-10 0.000101561 0.000408782
7.52787e-10 0.000101742 0.000415074
7.52889e-10 0.000101929 0.000420858
7.5299e-10 0.000102119 0.000426114
7.53091e-10 0.00010231 0.000430821
7.53193e-10 0.000102501 0.000434961
7.53294e-10 0.000102691 0.000438518
7.53395e-10 0.000102877 0.000441479
7.53496e-10 0.000103058 0.000443833
7.53598e-10 0.000103233 0.00044557
7.53699e-10 0.000103399 0.000446685
7.538e-10 0.000103555 0.000447173
7.53901e-10 0.000103701 0.000447032
7.54003e-10 0.000103834 0.000446264
7.54104e-10 0.000103953 0.000444871
7.54205e-10 0.000104057 0.000442858
7.54307e-10 0.000104145 0.000440233
7.54408e-10 0.000104216 0.000437007
7.54509e-10 0.000104268 0.000433191
7.5461e-10 0.000104301 0.000428801
7.54712e-10 0.000104315 0.000423853
7.54813e-10 0.000104307 0.000418365
7.54914e-10 0.000104279 0.000412359
7.55015e-10 0.000104229 0.000405857
7.55117e-10 0.000104157 0.000398883
7.55218e-10 0.000104063 0.000391466
7.55319e-10 0.000103946 0.000383631
7.5542e-10 0.000103807 0.000375409
7.55522e-10 0.000103645 0.000366832
7.55623e-10 0.000103461 0.00035793
7.55724e-10 0.000103256 0.000348738
7.55826e-10 0.000103029 0.000339291
7.55927e-10 0.000102781 0.000329623
7.56028e-10 0.000102512 0.000319771
7.56129e-10 0.000102224 0.000309773
7.56231e-10 0.000101917 0.000299666
7.56332e-10 0.000101592 0.000289487
7.56433e-10 0.00010125 0.000279275
7.56534e-10 0.000100893 0.000269068
7.56636e-10 0.00010052 0.000258905
7.56737e-10 0.000100134 0.000248823
7.56838e-10 9.97354e-05 0.00023886
7.5694e-10 9.93261e-05 0.000229054
7.57041e-10 9.89072e-05 0.000219441
7.57142e-10 9.84801e-05 0.000210057
7.57243e-10 9.80465e-05 0.000200938
7.57345e-10 9.76077e-05 0.000192117
7.57446e-10 9.71654e-05 0.000183627
7.57547e-10 9.6721e-05 0.000175499
7.57648e-10 9.62762e-05 0.000167765
7.5775e-10 9.58326e-05 0.000160454
7.57851e-10 9.53916e-05 0.000153591
7.57952e-10 9.4955e-05 0.000147203
7.58053e-10 9.45241e-05 0.000141314
7.58155e-10 9.41006e-05 0.000135946
7.58256e-10 9.3686e-05 0.000131117
7.58357e-10 9.32817e-05 0.000126848
7.58459e-10 9.2889e-05 0.000123152
7.5856e-10 9.25095e-05 0.000120045
7.58661e-10 9.21443e-05 0.000117537
7.58762e-10 9.17948e-05 0.000115638
7.58864e-10 9.14621e-05 0.000114354
7.58965e-10 9.11473e-05 0.000113691
7.59066e-10 9.08514e-05 0.00011365
7.59167e-10 9.05754e-05 0.000114232
7.59269e-10 9.03201e-05 0.000115434
7.5937e-10 9.00863e-05 0.000117252
7.59471e-10 8.98746e-05 0.000119679
7.59573e-10 8.96857e-05 0.000122705
7.59674e-10 8.95199e-05 0.000126319
7.59775e-10 8.93778e-05 0.000130508
7.59876e-10 8.92594e-05 0.000135255
7.59978e-10 8.9165e-05 0.000140543
7.60079e-10 8.90946e-05 0.000146352
7.6018e-10 8.90483e-05 0.00015266
7.60281e-10 8.90257e-05 0.000159443
7.60383e-10 8.90268e-05 0.000166676
7.60484e-10 8.9051e-05 0.000174331
7.60585e-10 8.90979e-05 0.00018238
7.60687e-10 8.9167e-05 0.000190793
7.60788e-10 8.92577e-05 0.000199537
7.60889e-10 8.9369e-05 0.000208581
7.6099e-10 8.95003e-05 0.000217889
7.61092e-10 8.96505e-05 0.000227427
7.61193e-10 8.98187e-05 0.00023716
7.61294e-10 9.00037e-05 0.00024705
7.61395e-10 9.02045e-05 0.00025706
7.61497e-10 9.04196e-05 0.000267153
7.61598e-10 9.0648e-05 0.000277291
7.61699e-10 9.08882e-05 0.000287436
7.618e-10 9.11388e-05 0.000297549
7.61902e-10 9.13984e-05 0.000307592
7.62003e-10 9.16655e-05 0.000317527
7.62104e-10 9.19386e-05 0.000327318
7.62206e-10 9.22161e-05 0.000336927
7.62307e-10 9.24966e-05 0.000346318
7.62408e-10 9.27785e-05 0.000355455
7.62509e-10 9.30601e-05 0.000364304
7.62611e-10 9.334e-05 0.000372832
7.62712e-10 9.36167e-05 0.000381006
7.62813e-10 9.38885e-05 0.000388796
7.62914e-10 9.41541e-05 0.000396172
7.63016e-10 9.44119e-05 0.000403106
7.63117e-10 9.46606e-05 0.000409571
7.63218e-10 9.48987e-05 0.000415544
7.6332e-10 9.5125e-05 0.000421001
7.63421e-10 9.53382e-05 0.000425923
7.63522e-10 9.55371e-05 0.000430289
7.63623e-10 9.57205e-05 0.000434084
7.63725e-10 9.58874e-05 0.000437292
7.63826e-10 9.60369e-05 0.000439903
7.63927e-10 9.61681e-05 0.000441905
7.64028e-10 9.62801e-05 0.000443291
7.6413e-10 9.63723e-05 0.000444056
7.64231e-10 9.64441e-05 0.000444196
7.64332e-10 9.64949e-05 0.00044371
7.64434e-10 9.65244e-05 0.000442602
7.64535e-10 9.65321e-05 0.000440874
7.64636e-10 9.65181e-05 0.000438533
7.64737e-10 9.6482e-05 0.000435587
7.64839e-10 9.64241e-05 0.000432049
7.6494e-10 9.63442e-05 0.000427931
7.65041e-10 9.62428e-05 0.000423249
7.65142e-10 9.61202e-05 0.00041802
7.65244e-10 9.59767e-05 0.000412265
7.65345e-10 9.58128e-05 0.000406005
7.65446e-10 9.56293e-05 0.000399265
7.65547e-10 9.54269e-05 0.000392069
7.65649e-10 9.52064e-05 0.000384447
7.6575e-10 9.49686e-05 0.000376426
7.65851e-10 9.47147e-05 0.000368038
7.65953e-10 9.44457e-05 0.000359315
7.66054e-10 9.41627e-05 0.000350291
7.66155e-10 9.38669e-05 0.000341001
7.66256e-10 9.35598e-05 0.00033148
7.66358e-10 9.32426e-05 0.000321765
7.66459e-10 9.29167e-05 0.000311895
7.6656e-10 9.25836e-05 0.000301907
7.66661e-10 9.22449e-05 0.000291842
7.66763e-10 9.19019e-05 0.000281738
7.66864e-10 9.15564e-05 0.000271634
7.66965e-10 9.12098e-05 0.000261571
7.67067e-10 9.08639e-05 0.000251589
7.67168e-10 9.05201e-05 0.000241727
7.67269e-10 9.01801e-05 0.000232025
7.6737e-10 8.98455e-05 0.00022252
7.67472e-10 8.95178e-05 0.000213252
7.67573e-10 8.91987e-05 0.000204258
7.67674e-10 8.88896e-05 0.000195573
7.67775e-10 8.8592e-05 0.000187235
7.67877e-10 8.83073e-05 0.000179276
7.67978e-10 8.8037e-05 0.000171729
7.68079e-10 8.77824e-05 0.000164627
7.68181e-10 8.75448e-05 0.000157999
7.68282e-10 8.73253e-05 0.000151873
7.68383e-10 8.71251e-05 0.000146275
7.68484e-10 8.69452e-05 0.000141231
7.68586e-10 8.67866e-05 0.000136763
7.68687e-10 8.66501e-05 0.00013289
7.68788e-10 8.65366e-05 0.000129632
7.68889e-10 8.64466e-05 0.000127004
7.68991e-10 8.63808e-05 0.00012502
7.69092e-10 8.63397e-05 0.000123692
7.69193e-10 8.63235e-05 0.000123028
7.69294e-10 8.63326e-05 0.000123035
7.69396e-10 8.6367e-05 0.000123716
7.69497e-10 8.64269e-05 0.000125074
7.69598e-10 8.65121e-05 0.000127107
7.697e-10 8.66224e-05 0.000129811
7.69801e-10 8.67576e-05 0.000133181
7.69902e-10 8.69171e-05 0.000137207
7.70003e-10 8.71006e-05 0.00014188
7.70105e-10 8.73072e-05 0.000147184
7.70206e-10 8.75364e-05 0.000153104
7.70307e-10 8.77871e-05 0.000159622
7.70408e-10 8.80587e-05 0.000166717
7.7051e-10 8.83498e-05 0.000174366
7.70611e-10 8.86595e-05 0.000182544
7.70712e-10 8.89866e-05 0.000191224
7.70814e-10 8.93297e-05 0.000200377
7.70915e-10 8.96874e-05 0.000209972
7.71016e-10 9.00584e-05 0.000219976
7.71117e-10 9.04412e-05 0.000230354
7.71219e-10 9.08341e-05 0.000241072
7.7132e-10 9.12356e-05 0.000252091
7.71421e-10 9.16441e-05 0.000263374
7.71522e-10 9.20578e-05 0.00027488
7.71624e-10 9.24751e-05 0.000286569
7.71725e-10 9.28942e-05 0.000298399
7.71826e-10 9.33134e-05 0.000310328
7.71928e-10 9.3731e-05 0.000322313
7.72029e-10 9.41452e-05 0.000334312
7.7213e-10 9.45543e-05 0.000346282
7.72231e-10 9.49565e-05 0.000358178
7.72333e-10 9.53504e-05 0.000369958
7.72434e-10 9.5734e-05 0.000381579
7.72535e-10 9.6106e-05 0.000392999
7.72636e-10 9.64648e-05 0.000404176
7.72738e-10 9.68087e-05 0.000415068
7.72839e-10 9.71366e-05 0.000425635
7.7294e-10 9.74469e-05 0.000435839
7.73041e-10 9.77384e-05 0.000445642
7.73143e-10 9.801e-05 0.000455007
7.73244e-10 9.82605e-05 0.0004639
7.73345e-10 9.84889e-05 0.000472286
7.73447e-10 9.86944e-05 0.000480135
7.73548e-10 9.88762e-05 0.000487418
7.73649e-10 9.90335e-05 0.000494105
7.7375e-10 9.91659e-05 0.000500173
7.73852e-10 9.92728e-05 0.000505598
7.73953e-10 9.9354e-05 0.00051036
7.74054e-10 9.94092e-05 0.000514439
7.74155e-10 9.94383e-05 0.00051782
7.74257e-10 9.94414e-05 0.000520491
7.74358e-10 9.94187e-05 0.00052244
7.74459e-10 9.93704e-05 0.000523659
7.74561e-10 9.9297e-05 0.000524144
7.74662e-10 9.9199e-05 0.000523893
7.74763e-10 9.9077e-05 0.000522905
7.74864e-10 9.89319e-05 0.000521184
7.74966e-10 9.87645e-05 0.000518736
7.75067e-10 9.85759e-05 0.00051557
7.75168e-10 9.83672e-05 0.000511698
7.75269e-10 9.81395e-05 0.000507135
7.75371e-10 9.78942e-05 0.000501897
7.75472e-10 9.76328e-05 0.000496004
7.75573e-10 9.73567e-05 0.00048948
7.75674e-10 9.70675e-05 0.000482348
7.75776e-10 9.67669e-05 0.000474638
7.75877e-10 9.64566e-05 0.000466377
7.75978e-10 9.61384e-05 0.000457599
7.7608e-10 9.58141e-05 0.000448339
7.76181e-10 9.54857e-05 0.000438631
7.76282e-10 9.5155e-05 0.000428515
7.76383e-10 9.48241e-05 0.000418031
7.76485e-10 9.44949e-05 0.00040722
7.76586e-10 9.41693e-05 0.000396125
7.76687e-10 9.38493e-05 0.000384792
7.76788e-10 9.35371e-05 0.000373265
7.7689e-10 9.32344e-05 0.000361593
7.76991e-10 9.29432e-05 0.000349821
7.77092e-10 9.26654e-05 0.000337999
7.77194e-10 9.2403e-05 0.000326176
7.77295e-10 9.21576e-05 0.0003144
7.77396e-10 9.1931e-05 0.000302721
7.77497e-10 9.1725e-05 0.000291188
7.77599e-10 9.1541e-05 0.00027985
7.777e-10 9.13807e-05 0.000268755
7.77801e-10 9.12453e-05 0.000257952
7.77902e-10 9.11363e-05 0.000247488
7.78004e-10 9.10549e-05 0.000237409
7.78105e-10 9.10021e-05 0.000227759
7.78206e-10 9.09789e-05 0.000218584
7.78308e-10 9.09862e-05 0.000209924
7.78409e-10 9.10247e-05 0.000201821
7.7851e-10 9.1095e-05 0.000194314
7.78611e-10 9.11976e-05 0.000187438
7.78713e-10 9.13327e-05 0.00018123
7.78814e-10 9.15005e-05 0.000175721
7.78915e-10 9.17012e-05 0.000170941
7.79016e-10 9.19344e-05 0.000166917
7.79118e-10 9.22001e-05 0.000163675
7.79219e-10 9.24977e-05 0.000161237
7.7932e-10 9.28268e-05 0.000159621
7.79421e-10 9.31865e-05 0.000158844
7.79523e-10 9.35762e-05 0.000158919
7.79624e-10 9.39947e-05 0.000159856
7.79725e-10 9.44411e-05 0.000161661
7.79827e-10 9.49139e-05 0.00016434
7.79928e-10 9.5412e-05 0.000167891
7.80029e-10 9.59336e-05 0.000172312
7.8013e-10 9.64774e-05 0.000177597
7.80232e-10 9.70415e-05 0.000183737
7.80333e-10 9.7624e-05 0.000190719
7.80434e-10 9.82232e-05 0.000198528
7.80535e-10 9.8837e-05 0.000207143
7.80637e-10 9.94632e-05 0.000216542
7.80738e-10 0.0001001 0.000226701
7.80839e-10 0.000100744 0.000237591
7.80941e-10 0.000101395 0.000249181
7.81042e-10 0.000102049 0.000261437
7.81143e-10 0.000102704 0.000274321
7.81244e-10 0.000103359 0.000287795
7.81346e-10 0.000104009 0.000301816
7.81447e-10 0.000104654 0.000316341
7.81548e-10 0.00010529 0.000331323
7.81649e-10 0.000105916 0.000346712
7.81751e-10 0.000106529 0.000362461
7.81852e-10 0.000107127 0.000378515
7.81953e-10 0.000107708 0.000394822
7.82055e-10 0.000108269 0.000411327
7.82156e-10 0.000108809 0.000427974
7.82257e-10 0.000109325 0.000444707
7.82358e-10 0.000109815 0.000461467
7.8246e-10 0.000110279 0.000478198
7.82561e-10 0.000110714 0.00049484
7.82662e-10 0.000111118 0.000511336
7.82763e-10 0.000111491 0.000527628
7.82865e-10 0.00011183 0.000543657
7.82966e-10 0.000112136 0.000559367
7.83067e-10 0.000112406 0.000574702
7.83168e-10 0.000112641 0.000589605
7.8327e-10 0.000112839 0.000604024
7.83371e-10 0.000113 0.000617906
7.83472e-10 0.000113124 0.0006312
7.83574e-10 0.00011321 0.000643857
7.83675e-10 0.000113259 0.00065583
7.83776e-10 0.00011327 0.000667075
7.83877e-10 0.000113245 0.00067755
7.83979e-10 0.000113184 0.000687216
7.8408e-10 0.000113087 0.000696035
7.84181e-10 0.000112956 0.000703975
7.84282e-10 0.000112792 0.000711005
7.84384e-10 0.000112595 0.000717097
7.84485e-10 0.000112368 0.000722229
7.84586e-10 0.000112112 0.000726379
7.84688e-10 0.000111829 0.000729531
7.84789e-10 0.00011152 0.000731673
7.8489e-10 0.000111188 0.000732794
7.84991e-10 0.000110835 0.000732891
7.85093e-10 0.000110463 0.00073196
7.85194e-10 0.000110075 0.000730006
7.85295e-10 0.000109674 0.000727035
7.85396e-10 0.000109261 0.000723057
7.85498e-10 0.00010884 0.000718087
7.85599e-10 0.000108413 0.000712144
7.857e-10 0.000107983 0.00070525
7.85802e-10 0.000107554 0.000697431
7.85903e-10 0.000107128 0.000688717
7.86004e-10 0.000106708 0.000679143
7.86105e-10 0.000106298 0.000668745
7.86207e-10 0.000105899 0.000657566
7.86308e-10 0.000105515 0.000645648
7.86409e-10 0.00010515 0.000633041
7.8651e-10 0.000104805 0.000619795
7.86612e-10 0.000104484 0.000605964
7.86713e-10 0.00010419 0.000591603
7.86814e-10 0.000103924 0.000576773
7.86915e-10 0.000103691 0.000561535
7.87017e-10 0.000103492 0.000545952
7.87118e-10 0.000103329 0.000530091
7.87219e-10 0.000103205 0.000514018
7.87321e-10 0.000103121 0.000497802
7.87422e-10 0.000103081 0.000481514
7.87523e-10 0.000103084 0.000465224
7.87624e-10 0.000103134 0.000449005
7.87726e-10 0.000103231 0.000432929
7.87827e-10 0.000103377 0.000417067
7.87928e-10 0.000103572 0.000401493
7.88029e-10 0.000103818 0.000386279
7.88131e-10 0.000104114 0.000371495
7.88232e-10 0.000104461 0.000357213
7.88333e-10 0.00010486 0.000343502
7.88435e-10 0.000105309 0.000330429
7.88536e-10 0.000105809 0.000318062
7.88637e-10 0.00010636 0.000306464
7.88738e-10 0.00010696 0.000295697
7.8884e-10 0.000107607 0.00028582
7.88941e-10 0.000108302 0.000276891
7.89042e-10 0.000109043 0.000268964
7.89143e-10 0.000109827 0.000262087
7.89245e-10 0.000110652 0.00025631
7.89346e-10 0.000111518 0.000251675
7.89447e-10 0.00011242 0.000248222
7.89548e-10 0.000113358 0.000245987
7.8965e-10 0.000114327 0.000245
7.89751e-10 0.000115325 0.000245289
7.89852e-10 0.00011635 0.000246877
7.89954e-10 0.000117397 0.000249781
7.90055e-10 0.000118463 0.000254014
7.90156e-10 0.000119546 0.000259585
7.90257e-10 0.000120641 0.000266497
7.90359e-10 0.000121744 0.000274749
7.9046e-10 0.000122852 0.000284333
7.90561e-10 0.000123961 0.000295238
7.90662e-10 0.000125068 0.000307448
7.90764e-10 0.000126167 0.000320939
7.90865e-10 0.000127256 0.000335687
7.90966e-10 0.000128331 0.000351658
7.91068e-10 0.000129386 0.000368816
7.91169e-10 0.00013042 0.00038712
7.9127e-10 0.000131427 0.000406523
7.91371e-10 0.000132404 0.000426974
7.91473e-10 0.000133348 0.000448419
7.91574e-10 0.000134255 0.000470798
7.91675e-10 0.000135122 0.000494047
7.91776e-10 0.000135945 0.000518098
7.91878e-10 0.000136721 0.000542882
7.91979e-10 0.000137448 0.000568323
7.9208e-10 0.000138122 0.000594343
7.92182e-10 0.000138742 0.000620863
7.92283e-10 0.000139305 0.000647798
7.92384e-10 0.000139809 0.000675063
7.92485e-10 0.000140252 0.000702571
7.92587e-10 0.000140633 0.000730231
7.92688e-10 0.000140951 0.000757953
7.92789e-10 0.000141204 0.000785645
7.9289e-10 0.000141393 0.000813215
7.92992e-10 0.000141516 0.000840569
7.93093e-10 0.000141574 0.000867613
7.93194e-10 0.000141566 0.000894256
7.93295e-10 0.000141494 0.000920404
7.93397e-10 0.000141358 0.000945966
7.93498e-10 0.00014116 0.000970853
7.93599e-10 0.000140901 0.000994976
7.93701e-10 0.000140583 0.00101825
7.93802e-10 0.000140208 0.00104059
7.93903e-10 0.000139778 0.00106191
7.94004e-10 0.000139297 0.00108215
7.94106e-10 0.000138766 0.00110121
7.94207e-10 0.00013819 0.00111904
7.94308e-10 0.000137572 0.00113557
7.94409e-10 0.000136916 0.00115072
7.94511e-10 0.000136225 0.00116446
7.94612e-10 0.000135505 0.00117672
7.94713e-10 0.000134759 0.00118745
7.94815e-10 0.000133992 0.00119662
7.94916e-10 0.00013321 0.00120419
7.95017e-10 0.000132416 0.00121013
7.95118e-10 0.000131617 0.00121441
7.9522e-10 0.000130816 0.00121701
7.95321e-10 0.000130021 0.00121793
7.95422e-10 0.000129235 0.00121716
7.95523e-10 0.000128465 0.00121469
7.95625e-10 0.000127715 0.00121055
7.95726e-10 0.000126992 0.00120474
7.95827e-10 0.000126301 0.00119728
7.95929e-10 0.000125646 0.0011882
7.9603e-10 0.000125034 0.00117754
7.96131e-10 0.000124469 0.00116533
7.96232e-10 0.000123957 0.00115163
7.96334e-10 0.000123502 0.0011365
7.96435e-10 0.000123109 0.00111998
7.96536e-10 0.000122782 0.00110215
7.96637e-10 0.000122526 0.00108309
7.96739e-10 0.000122345 0.00106286
7.9684e-10 0.000122242 0.00104156
7.96941e-10 0.000122221 0.00101927
7.97042e-10 0.000122284 0.000996097
7.97144e-10 0.000122436 0.00097213
7.97245e-10 0.000122677 0.000947476
7.97346e-10 0.000123011 0.000922245
7.97448e-10 0.000123438 0.000896547
7.97549e-10 0.000123961 0.000870498
7.9765e-10 0.00012458 0.000844217
7.97751e-10 0.000125295 0.000817824
7.97853e-10 0.000126106 0.000791442
7.97954e-10 0.000127014 0.000765197
7.98055e-10 0.000128016 0.000739215
7.98156e-10 0.000129113 0.000713621
7.98258e-10 0.000130301 0.000688544
7.98359e-10 0.00013158 0.00066411
7.9846e-10 0.000132946 0.000640445
7.98562e-10 0.000134396 0.000617676
7.98663e-10 0.000135927 0.000595925
7.98764e-10 0.000137534 0.000575314
7.98865e-10 0.000139214 0.000555963
7.98967e-10 0.000140962 0.000537986
7.99068e-10 0.000142773 0.000521496
7.99169e-10 0.000144641 0.000506602
7.9927e-10 0.00014656 0.000493407
7.99372e-10 0.000148525 0.00048201
7.99473e-10 0.000150529 0.000472505
7.99574e-10 0.000152564 0.000464979
7.99676e-10 0.000154625 0.000459514
7.99777e-10 0.000156704 0.000456184
7.99878e-10 0.000158794 0.000455058
7.99979e-10 0.000160887 0.000456196
8.00081e-10 0.000162975 0.00045965
8.00182e-10 0.000165052 0.000465467
8.00283e-10 0.000167108 0.000473682
8.00384e-10 0.000169136 0.000484324
8.00486e-10 0.000171128 0.000497413
8.00587e-10 0.000173076 0.000512958
8.00688e-10 0.000174974 0.000530963
8.00789e-10 0.000176812 0.000551419
8.00891e-10 0.000178583 0.000574309
8.00992e-10 0.000180281 0.000599607
8.01093e-10 0.000181898 0.000627279
8.01195e-10 0.000183427 0.000657279
8.01296e-10 0.000184862 0.000689553
8.01397e-10 0.000186197 0.000724037
8.01498e-10 0.000187425 0.00076066
8.016e-10 0.000188541 0.000799341
8.01701e-10 0.000189541 0.000839988
8.01802e-10 0.000190419 0.000882504
8.01903e-10 0.000191172 0.000926782
8.02005e-10 0.000191797 0.000972707
8.02106e-10 0.000192289 0.00102016
8.02207e-10 0.000192646 0.001069
8.02309e-10 0.000192867 0.0011191
8.0241e-10 0.000192951 0.00117032
8.02511e-10 0.000192896 0.0012225
8.02612e-10 0.000192703 0.0012755
8.02714e-10 0.000192372 0.00132915
8.02815e-10 0.000191905 0.00138328
8.02916e-10 0.000191303 0.00143774
8.03017e-10 0.000190568 0.00149234
8.03119e-10 0.000189705 0.00154693
8.0322e-10 0.000188717 0.00160131
8.03321e-10 0.000187609 0.00165531
8.03422e-10 0.000186385 0.00170876
8.03524e-10 0.000185051 0.00176148
8.03625e-10 0.000183615 0.00181328
8.03726e-10 0.000182082 0.001864
8.03828e-10 0.00018046 0.00191346
8.03929e-10 0.000178759 0.00196148
8.0403e-10 0.000176985 0.00200791
8.04131e-10 0.000175148 0.00205257
8.04233e-10 0.000173259 0.00209531
8.04334e-10 0.000171326 0.00213597
8.04435e-10 0.000169361 0.00217441
8.04536e-10 0.000167374 0.00221048
8.04638e-10 0.000165376 0.00224406
8.04739e-10 0.000163378 0.00227502
8.0484e-10 0.000161392 0.00230324
8.04942e-10 0.00015943 0.00232861
8.05043e-10 0.000157504 0.00235104
8.05144e-10 0.000155625 0.00237045
8.05245e-10 0.000153806 0.00238674
8.05347e-10 0.000152057 0.00239987
8.05448e-10 0.000150392 0.00240978
8.05549e-10 0.000148821 0.00241642
8.0565e-10 0.000147356 0.00241978
8.05752e-10 0.000146008 0.00241983
8.05853e-10 0.000144788 0.00241656
8.05954e-10 0.000143707 0.00241001
8.06056e-10 0.000142774 0.00240018
8.06157e-10 0.000141999 0.00238711
8.06258e-10 0.000141391 0.00237086
8.06359e-10 0.000140958 0.00235149
8.06461e-10 0.000140708 0.00232908
8.06562e-10 0.000140649 0.00230373
8.06663e-10 0.000140787 0.00227553
8.06764e-10 0.000141127 0.00224461
8.06866e-10 0.000141674 0.0022111
8.06967e-10 0.000142432 0.00217514
8.07068e-10 0.000143405 0.00213689
8.07169e-10 0.000144594 0.00209653
8.07271e-10 0.000146001 0.00205422
8.07372e-10 0.000147626 0.00201016
8.07473e-10 0.000149468 0.00196455
8.07575e-10 0.000151526 0.00191761
8.07676e-10 0.000153797 0.00186955
8.07777e-10 0.000156278 0.00182061
8.07878e-10 0.000158963 0.00177101
8.0798e-10 0.000161847 0.00172101
8.08081e-10 0.000164923 0.00167084
8.08182e-10 0.000168183 0.00162078
8.08283e-10 0.000171619 0.00157107
8.08385e-10 0.000175222 0.00152198
8.08486e-10 0.000178979 0.00147378
8.08587e-10 0.000182881 0.00142673
8.08689e-10 0.000186914 0.0013811
8.0879e-10 0.000191065 0.00133715
8.08891e-10 0.000195321 0.00129515
8.08992e-10 0.000199666 0.00125536
8.09094e-10 0.000204085 0.00121805
8.09195e-10 0.000208563 0.00118347
8.09296e-10 0.000213081 0.00115186
8.09397e-10 0.000217624 0.00112347
8.09499e-10 0.000222173 0.00109853
8.096e-10 0.000226711 0.00107726
8.09701e-10 0.000231219 0.0010599
8.09803e-10 0.000235679 0.00104662
8.09904e-10 0.000240072 0.00103764
8.10005e-10 0.000244379 0.00103313
8.10106e-10 0.000248582 0.00103326
8.10208e-10 0.000252662 0.00103818
8.10309e-10 0.0002566 0.00104803
8.1041e-10 0.000260379 0.00106292
8.10511e-10 0.000263981 0.00108297
8.10613e-10 0.000267387 0.00110826
8.10714e-10 0.000270583 0.00113885
8.10815e-10 0.000273551 0.0011748
8.10916e-10 0.000276275 0.00121614
8.11018e-10 0.000278742 0.00126288
8.11119e-10 0.000280937 0.00131501
8.1122e-10 0.000282848 0.0013725
8.11322e-10 0.000284462 0.00143531
8.11423e-10 0.000285769 0.00150335
8.11524e-10 0.000286759 0.00157655
8.11625e-10 0.000287425 0.00165479
8.11727e-10 0.000287758 0.00173793
8.11828e-10 0.000287754 0.00182583
8.11929e-10 0.000287407 0.00191831
8.1203e-10 0.000286716 0.00201518
8.12132e-10 0.000285678 0.00211623
8.12233e-10 0.000284295 0.00222122
8.12334e-10 0.000282567 0.00232991
8.12436e-10 0.000280498 0.00244203
8.12537e-10 0.000278093 0.0025573
8.12638e-10 0.000275359 0.0026754
8.12739e-10 0.000272304 0.00279604
8.12841e-10 0.000268937 0.00291887
8.12942e-10 0.000265271 0.00304356
8.13043e-10 0.000261317 0.00316975
8.13144e-10 0.000257091 0.00329707
8.13246e-10 0.000252608 0.00342514
8.13347e-10 0.000247887 0.00355359
8.13448e-10 0.000242945 0.00368202
8.1355e-10 0.000237804 0.00381003
8.13651e-10 0.000232486 0.00393722
8.13752e-10 0.000227012 0.00406318
8.13853e-10 0.000221407 0.00418752
8.13955e-10 0.000215697 0.00430982
8.14056e-10 0.000209907 0.00442968
8.14157e-10 0.000204065 0.0045467
8.14258e-10 0.000198198 0.00466049
8.1436e-10 0.000192336 0.00477067
8.14461e-10 0.000186507 0.00487684
8.14562e-10 0.000180741 0.00497864
8.14663e-10 0.000175068 0.00507572
8.14765e-10 0.000169518 0.00516773
8.14866e-10 0.000164122 0.00525435
8.14967e-10 0.00015891 0.00533525
8.15069e-10 0.000153911 0.00541016
8.1517e-10 0.000149157 0.00547879
8.15271e-10 0.000144675 0.00554089
8.15372e-10 0.000140496 0.00559623
8.15474e-10 0.000136646 0.00564461
8.15575e-10 0.000133154 0.00568584
8.15676e-10 0.000130046 0.00571977
8.15777e-10 0.000127346 0.00574628
8.15879e-10 0.000125079 0.00576525
8.1598e-10 0.000123267 0.00577663
8.16081e-10 0.000121931 0.00578038
8.16183e-10 0.00012109 0.00577648
8.16284e-10 0.000120762 0.00576496
8.16385e-10 0.000120963 0.00574588
8.16486e-10 0.000121707 0.00571931
8.16588e-10 0.000123006 0.0056854
8.16689e-10 0.000124868 0.00564428
8.1679e-10 0.000127302 0.00559615
8.16891e-10 0.000130312 0.00554122
8.16993e-10 0.000133902 0.00547976
8.17094e-10 0.000138071 0.00541203
8.17195e-10 0.000142818 0.00533837
8.17296e-10 0.000148137 0.00525912
8.17398e-10 0.000154022 0.00517466
8.17499e-10 0.000160463 0.0050854
8.176e-10 0.000167447 0.00499177
8.17702e-10 0.00017496 0.00489425
8.17803e-10 0.000182984 0.00479332
8.17904e-10 0.0001915 0.0046895
8.18005e-10 0.000200484 0.00458333
8.18107e-10 0.000209912 0.00447537
8.18208e-10 0.000219758 0.00436621
8.18309e-10 0.00022999 0.00425644
8.1841e-10 0.000240579 0.00414667
8.18512e-10 0.000251489 0.00403755
8.18613e-10 0.000262686 0.0039297
8.18714e-10 0.000274131 0.00382379
8.18816e-10 0.000285786 0.00372047
8.18917e-10 0.000297609 0.0036204
8.19018e-10 0.000309557 0.00352424
8.19119e-10 0.000321587 0.00343268
8.19221e-10 0.000333654 0.00334636
8.19322e-10 0.000345711 0.00326594
8.19423e-10 0.000357713 0.00319207
8.19524e-10 0.000369611 0.0031254
8.19626e-10 0.000381358 0.00306654
8.19727e-10 0.000392905 0.0030161
8.19828e-10 0.000404204 0.00297468
8.1993e-10 0.000415208 0.00294284
8.20031e-10 0.000425868 0.00292112
8.20132e-10 0.000436138 0.00291004
8.20233e-10 0.000445971 0.00291009
8.20335e-10 0.000455322 0.00292172
8.20436e-10 0.000464146 0.00294535
8.20537e-10 0.000472401 0.00298138
8.20638e-10 0.000480046 0.00303014
8.2074e-10 0.000487041 0.00309193
8.20841e-10 0.000493349 0.00316703
8.20942e-10 0.000498935 0.00325564
8.21043e-10 0.000503766 0.00335795
8.21145e-10 0.000507811 0.00347407
8.21246e-10 0.000511043 0.00360407
8.21347e-10 0.000513437 0.00374798
8.21449e-10 0.000514972 0.00390576
8.2155e-10 0.000515629 0.00407735
8.21651e-10 0.000515392 0.00426259
8.21752e-10 0.00051425 0.00446131
8.21854e-10 0.000512195 0.00467325
8.21955e-10 0.000509221 0.00489813
8.22056e-10 0.000505329 0.00513559
8.22157e-10 0.000500519 0.00538523
8.22259e-10 0.0004948 0.00564659
8.2236e-10 0.00048818 0.00591915
8.22461e-10 0.000480676 0.00620236
8.22563e-10 0.000472304 0.00649561
8.22664e-10 0.000463086 0.00679823
8.22765e-10 0.00045305 0.00710953
8.22866e-10 0.000442223 0.00742873
8.22968e-10 0.00043064 0.00775506
8.23069e-10 0.000418338 0.00808768
8.2317e-10 0.000405358 0.00842572
8.23271e-10 0.000391743 0.00876826
8.23373e-10 0.000377543 0.00911437
8.23474e-10 0.000362807 0.00946307
8.23575e-10 0.00034759 0.00981339
8.23677e-10 0.000331949 0.0101643
8.23778e-10 0.000315944 0.0105147
8.23879e-10 0.000299639 0.0108637
8.2398e-10 0.000283098 0.0112101
8.24082e-10 0.000266389 0.0115529
8.24183e-10 0.000249582 0.011891
8.24284e-10 0.000232749 0.0122233
8.24385e-10 0.000215963 0.0125489
8.24487e-10 0.000199298 0.0128666
8.24588e-10 0.000182832 0.0131753
8.24689e-10 0.000166641 0.0134742
8.2479e-10 0.000150803 0.0137622
8.24892e-10 0.000135397 0.0140383
8.24993e-10 0.000120501 0.0143017
8.25094e-10 0.000106195 0.0145514
8.25196e-10 9.25564e-05 0.0147865
8.25297e-10 7.96644e-05 0.0150064
8.25398e-10 6.75965e-05 0.0152102
8.25499e-10 5.64294e-05 0.0153973
8.25601e-10 4.62388e-05 0.015567
8.25702e-10 3.70989e-05 0.0157187
8.25803e-10 2.90824e-05 0.015852
8.25904e-10 2.22604e-05 0.0159664
8.26006e-10 1.67017e-05 0.0160616
8.26107e-10 1.24732e-05 0.0161373
8.26208e-10 9.63912e-06 0.0161933
8.2631e-10 8.26126e-06 0.0162294
8.26411e-10 8.3986e-06 0.0162456
8.26512e-10 1.01072e-05 0.016242
8.26613e-10 1.344e-05 0.0162188
8.26715e-10 1.84467e-05 0.016176
8.26816e-10 2.51736e-05 0.0161141
8.26917e-10 3.36634e-05 0.0160335
8.27018e-10 4.39552e-05 0.0159346
8.2712e-10 5.60843e-05 0.0158181
8.27221e-10 7.0082e-05 0.0156846
8.27322e-10 8.59758e-05 0.0155349
8.27424e-10 0.000103789 0.0153698
8.27525e-10 0.00012354 0.0151902
8.27626e-10 0.000145245 0.0149973
8.27727e-10 0.000168914 0.0147921
8.27829e-10 0.000194552 0.0145758
8.2793e-10 0.000222162 0.0143496
8.28031e-10 0.00025174 0.0141149
8.28132e-10 0.000283279 0.013873
8.28234e-10 0.000316767 0.0136255
8.28335e-10 0.000352188 0.0133738
8.28436e-10 0.000389518 0.0131196
8.28537e-10 0.000428733 0.0128644
8.28639e-10 0.000469801 0.0126099
8.2874e-10 0.000512686 0.0123579
8.28841e-10 0.000557347 0.0121099
8.28943e-10 0.000603738 0.0118679
8.29044e-10 0.000651808 0.0116335
8.29145e-10 0.000701503 0.0114085
8.29246e-10 0.000752759 0.0111948
8.29348e-10 0.000805513 0.0109941
8.29449e-10 0.000859692 0.0108081
8.2955e-10 0.00091522 0.0106387
8.29651e-10 0.000972015 0.0104874
8.29753e-10 0.00102999 0.0103561
8.29854e-10 0.00108906 0.0102463
8.29955e-10 0.00114911 0.0101597
8.30057e-10 0.00121005 0.0100978
8.30158e-10 0.00127177 0.0100619
8.30259e-10 0.00133416 0.0100536
8.3036e-10 0.00139709 0.0100742
8.30462e-10 0.00146044 0.0101247
8.30563e-10 0.00152409 0.0102065
8.30664e-10 0.00158789 0.0103205
8.30765e-10 0.0016517 0.0104677
8.30867e-10 0.00171538 0.0106488
8.30968e-10 0.00177878 0.0108645
8.31069e-10 0.00184174 0.0111155
8.31171e-10 0.00190409 0.0114021
8.31272e-10 0.00196568 0.0117247
8.31373e-10 0.00202632 0.0120834
8.31474e-10 0.00208586 0.0124782
8.31576e-10 0.0021441 0.0129091
8.31677e-10 0.00220086 0.0133759
8.31778e-10 0.00225596 0.013878
8.31879e-10 0.00230921 0.0144149
8.31981e-10 0.00236041 0.0149861
8.32082e-10 0.00240938 0.0155905
8.32183e-10 0.00245592 0.0162273
8.32284e-10 0.00249983 0.0168953
8.32386e-10 0.00254093 0.0175933
8.32487e-10 0.00257901 0.0183197
8.32588e-10 0.00261389 0.0190732
8.3269e-10 0.00264537 0.019852
8.32791e-10 0.00267328 0.0206544
8.32892e-10 0.00269743 0.0214783
8.32993e-10 0.00271766 0.0223218
8.33095e-10 0.00273378 0.0231828
8.33196e-10 0.00274566 0.024059
8.33297e-10 0.00275313 0.0249481
8.33398e-10 0.00275608 0.0258477
8.335e-10 0.00275437 0.0267552
8.33601e-10 0.00274789 0.0276683
8.33702e-10 0.00273657 0.0285842
8.33804e-10 0.00272032 0.0295004
8.33905e-10 0.0026991 0.0304141
8.34006e-10 0.00267286 0.0313228
8.34107e-10 0.00264162 0.0322236
8.34209e-10 0.00260537 0.033114
8.3431e-10 0.00256418 0.0339912
8.34411e-10 0.0025181 0.0348526
8.34512e-10 0.00246725 0.0356956
8.34614e-10 0.00241177 0.0365176
8.34715e-10 0.00235182 0.0373161
8.34816e-10 0.00228761 0.0380888
8.34917e-10 0.00221938 0.0388333
8.35019e-10 0.00214742 0.0395474
8.3512e-10 0.00207205 0.040229
8.35221e-10 0.00199363 0.040876
8.35323e-10 0.00191258 0.0414867
8.35424e-10 0.00182934 0.0420593
8.35525e-10 0.00174441 0.0425923
8.35626e-10 0.00165833 0.0430842
8.35728e-10 0.00157168 0.0435338
8.35829e-10 0.0014851 0.0439402
8.3593e-10 0.00139926 0.0443023
8.36031e-10 0.00131489 0.0446196
8.36133e-10 0.00123275 0.0448916
8.36234e-10 0.00115365 0.0451179
8.36335e-10 0.00107844 0.0452985
8.36437e-10 0.00100803 0.0454336
8.36538e-10 0.000943328 0.0455235
8.36639e-10 0.000885319 0.0455686
8.3674e-10 0.000835001 0.0455699
8.36842e-10 0.000793406 0.0455281
8.36943e-10 0.000761597 0.0454446
8.37044e-10 0.000740658 0.0453206
8.37145e-10 0.000731693 0.0451577
8.37247e-10 0.000735822 0.0449576
8.37348e-10 0.000754175 0.0447222
8.37449e-10 0.000787886 0.0444537
8.37551e-10 0.000838089 0.0441543
8.37652e-10 0.000905912 0.0438264
8.37753e-10 0.000992469 0.0434725
8.37854e-10 0.00109886 0.0430953
8.37956e-10 0.00122614 0.0426977
8.38057e-10 0.00137536 0.0422824
8.38158e-10 0.00154752 0.0418525
8.38259e-10 0.00174354 0.0414111
8.38361e-10 0.00196434 0.0409612
8.38462e-10 0.00221074 0.0405061
8.38563e-10 0.00248348 0.0400489
8.38664e-10 0.00278326 0.0395928
8.38766e-10 0.00311067 0.039141
8.38867e-10 0.00346619 0.0386967
8.38968e-10 0.00385022 0.038263
8.3907e-10 0.00426306 0.0378429
8.39171e-10 0.00470487 0.0374395
8.39272e-10 0.0051757 0.0370557
8.39373e-10 0.00567546 0.0366942
8.39475e-10 0.00620395 0.0363577
8.39576e-10 0.0067608 0.0360488
8.39677e-10 0.00734553 0.0357699
8.39778e-10 0.00795748 0.035523
8.3988e-10 0.00859586 0.0353104
