6.9e-10 0.0210186 0.110002
6.90101e-10 0.0210512 0.108723
6.90203e-10 0.0210805 0.107454
6.90304e-10 0.0211066 0.106194
6.90405e-10 0.0211294 0.104943
6.90506e-10 0.0211491 0.103703
6.90608e-10 0.0211655 0.102472
6.90709e-10 0.0211788 0.101251
6.9081e-10 0.021189 0.100041
6.90911e-10 0.021196 0.0988404
6.91013e-10 0.0212001 0.0976505
6.91114e-10 0.0212011 0.096471
6.91215e-10 0.0211991 0.0953021
6.91317e-10 0.0211942 0.0941438
6.91418e-10 0.0211863 0.0929961
6.91519e-10 0.0211757 0.0918593
6.9162e-10 0.0211622 0.0907332
6.91722e-10 0.0211459 0.089618
6.91823e-10 0.0211269 0.0885136
6.91924e-10 0.0211052 0.0874202
6.92025e-10 0.0210809 0.0863377
6.92127e-10 0.021054 0.0852662
6.92228e-10 0.0210245 0.0842057
6.92329e-10 0.0209926 0.0831561
6.9243e-10 0.0209582 0.0821175
6.92532e-10 0.0209214 0.0810899
6.92633e-10 0.0208822 0.0800733
6.92734e-10 0.0208408 0.0790677
6.92836e-10 0.0207971 0.078073
6.92937e-10 0.0207512 0.0770892
6.93038e-10 0.0207031 0.0761163
6.93139e-10 0.0206529 0.0751542
6.93241e-10 0.0206007 0.074203
6.93342e-10 0.0205465 0.0732626
6.93443e-10 0.0204903 0.0723329
6.93544e-10 0.0204323 0.0714139
6.93646e-10 0.0203723 0.0705055
6.93747e-10 0.0203106 0.0696078
6.93848e-10 0.0202471 0.0687206
6.9395e-10 0.0201819 0.0678438
6.94051e-10 0.0201151 0.0669775
6.94152e-10 0.0200466 0.0661215
6.94253e-10 0.0199766 0.0652759
6.94355e-10 0.0199051 0.0644404
6.94456e-10 0.0198321 0.0636151
6.94557e-10 0.0197577 0.0627999
6.94658e-10 0.0196819 0.0619947
6.9476e-10 0.0196047 0.0611994
6.94861e-10 0.0195263 0.060414
6.94962e-10 0.0194467 0.0596384
6.95064e-10 0.0193659 0.0588724
6.95165e-10 0.0192839 0.0581161
6.95266e-10 0.0192008 0.0573693
6.95367e-10 0.0191166 0.0566319
6.95469e-10 0.0190314 0.0559039
6.9557e-10 0.0189453 0.0551852
6.95671e-10 0.0188582 0.0544757
6.95772e-10 0.0187702 0.0537753
6.95874e-10 0.0186813 0.053084
6.95975e-10 0.0185916 0.0524015
6.96076e-10 0.0185011 0.0517279
6.96177e-10 0.0184099 0.0510631
6.96279e-10 0.018318 0.0504069
6.9638e-10 0.0182254 0.0497593
6.96481e-10 0.0181321 0.0491202
6.96583e-10 0.0180383 0.0484895
6.96684e-10 0.0179439 0.0478672
6.96785e-10 0.0178489 0.047253
6.96886e-10 0.0177535 0.0466469
6.96988e-10 0.0176575 0.0460489
6.97089e-10 0.0175612 0.0454589
6.9719e-10 0.0174644 0.0448767
6.97291e-10 0.0173673 0.0443023
6.97393e-10 0.0172698 0.0437356
6.97494e-10 0.017172 0.0431764
6.97595e-10 0.0170739 0.0426248
6.97697e-10 0.0169755 0.0420806
6.97798e-10 0.0168769 0.0415437
6.97899e-10 0.0167781 0.041014
6.98e-10 0.0166791 0.0404915
6.98102e-10 0.0165799 0.0399761
6.98203e-10 0.0164807 0.0394676
6.98304e-10 0.0163813 0.0389661
6.98405e-10 0.0162818 0.0384714
6.98507e-10 0.0161823 0.0379833
6.98608e-10 0.0160827 0.037502
6.98709e-10 0.0159831 0.0370271
6.9881e-10 0.0158835 0.0365588
6.98912e-10 0.0157839 0.0360968
6.99013e-10 0.0156844 0.0356412
6.99114e-10 0.0155849 0.0351918
6.99216e-10 0.0154855 0.0347485
6.99317e-10 0.0153862 0.0343113
6.99418e-10 0.0152871 0.0338801
6.99519e-10 0.015188 0.0334548
6.99621e-10 0.0150891 0.0330354
6.99722e-10 0.0149904 0.0326217
6.99823e-10 0.0148919 0.0322137
6.99924e-10 0.0147936 0.0318113
7.00026e-10 0.0146954 0.0314144
7.00127e-10 0.0145975 0.031023
7.00228e-10 0.0144999 0.0306369
7.0033e-10 0.0144025 0.0302562
7.00431e-10 0.0143054 0.0298807
7.00532e-10 0.0142085 0.0295104
7.00633e-10 0.014112 0.0291452
7.00735e-10 0.0140157 0.028785
7.00836e-10 0.0139198 0.0284297
7.00937e-10 0.0138241 0.0280794
7.01038e-10 0.0137289 0.0277339
7.0114e-10 0.0136339 0.0273931
7.01241e-10 0.0135394 0.0270571
7.01342e-10 0.0134452 0.0267256
7.01444e-10 0.0133513 0.0263988
7.01545e-10 0.0132579 0.0260764
7.01646e-10 0.0131648 0.0257585
7.01747e-10 0.0130722 0.0254449
7.01849e-10 0.0129799 0.0251357
7.0195e-10 0.0128881 0.0248307
7.02051e-10 0.0127967 0.0245299
7.02152e-10 0.0127057 0.0242332
7.02254e-10 0.0126152 0.0239406
7.02355e-10 0.0125251 0.0236521
7.02456e-10 0.0124354 0.0233675
7.02557e-10 0.0123462 0.0230868
7.02659e-10 0.0122575 0.0228099
7.0276e-10 0.0121692 0.0225369
7.02861e-10 0.0120814 0.0222676
7.02963e-10 0.011994 0.022002
7.03064e-10 0.0119072 0.02174
7.03165e-10 0.0118208 0.0214816
7.03266e-10 0.0117349 0.0212268
7.03368e-10 0.0116495 0.0209754
7.03469e-10 0.0115645 0.0207275
7.0357e-10 0.0114801 0.0204829
7.03671e-10 0.0113962 0.0202417
7.03773e-10 0.0113127 0.0200038
7.03874e-10 0.0112298 0.0197691
7.03975e-10 0.0111474 0.0195377
7.04077e-10 0.0110654 0.0193093
7.04178e-10 0.010984 0.0190841
7.04279e-10 0.0109031 0.0188619
7.0438e-10 0.0108227 0.0186428
7.04482e-10 0.0107428 0.0184266
7.04583e-10 0.0106635 0.0182134
7.04684e-10 0.0105846 0.018003
7.04785e-10 0.0105063 0.0177955
7.04887e-10 0.0104284 0.0175908
7.04988e-10 0.0103511 0.0173888
7.05089e-10 0.0102743 0.0171896
7.05191e-10 0.010198 0.0169931
7.05292e-10 0.0101223 0.0167992
7.05393e-10 0.010047 0.0166079
7.05494e-10 0.00997232 0.0164192
7.05596e-10 0.00989811 0.0162331
7.05697e-10 0.00982442 0.0160494
7.05798e-10 0.00975125 0.0158682
7.05899e-10 0.00967859 0.0156894
7.06001e-10 0.00960645 0.015513
7.06102e-10 0.00953482 0.015339
7.06203e-10 0.0094637 0.0151673
7.06304e-10 0.0093931 0.0149978
7.06406e-10 0.00932301 0.0148307
7.06507e-10 0.00925343 0.0146657
7.06608e-10 0.00918436 0.014503
7.0671e-10 0.00911579 0.0143424
7.06811e-10 0.00904773 0.0141839
7.06912e-10 0.00898018 0.0140276
7.07013e-10 0.00891313 0.0138733
7.07115e-10 0.00884659 0.013721
7.07216e-10 0.00878054 0.0135708
7.07317e-10 0.00871499 0.0134225
7.07418e-10 0.00864994 0.0132762
7.0752e-10 0.00858538 0.0131318
7.07621e-10 0.00852132 0.0129893
7.07722e-10 0.00845774 0.0128487
7.07824e-10 0.00839466 0.0127099
7.07925e-10 0.00833206 0.0125729
7.08026e-10 0.00826995 0.0124377
7.08127e-10 0.00820832 0.0123043
7.08229e-10 0.00814717 0.0121727
7.0833e-10 0.00808649 0.0120427
7.08431e-10 0.0080263 0.0119144
7.08532e-10 0.00796657 0.0117878
7.08634e-10 0.00790732 0.0116629
7.08735e-10 0.00784854 0.0115395
7.08836e-10 0.00779022 0.0114178
7.08938e-10 0.00773237 0.0112976
7.09039e-10 0.00767498 0.0111789
7.0914e-10 0.00761804 0.0110618
7.09241e-10 0.00756156 0.0109463
7.09343e-10 0.00750554 0.0108321
7.09444e-10 0.00744997 0.0107195
7.09545e-10 0.00739484 0.0106083
7.09646e-10 0.00734016 0.0104985
7.09748e-10 0.00728593 0.0103901
7.09849e-10 0.00723213 0.0102831
7.0995e-10 0.00717877 0.0101775
7.10051e-10 0.00712585 0.0100732
7.10153e-10 0.00707336 0.00997024
7.10254e-10 0.00702129 0.00986858
7.10355e-10 0.00696966 0.0097682
7.10457e-10 0.00691845 0.0096691
7.10558e-10 0.00686766 0.00957125
7.10659e-10 0.00681729 0.00947463
7.1076e-10 0.00676733 0.00937922
7.10862e-10 0.00671779 0.00928502
7.10963e-10 0.00666865 0.009192
7.11064e-10 0.00661993 0.00910014
7.11165e-10 0.0065716 0.00900944
7.11267e-10 0.00652368 0.00891987
7.11368e-10 0.00647616 0.00883141
7.11469e-10 0.00642904 0.00874406
7.11571e-10 0.0063823 0.00865779
7.11672e-10 0.00633596 0.0085726
7.11773e-10 0.00629001 0.00848846
7.11874e-10 0.00624444 0.00840537
7.11976e-10 0.00619925 0.0083233
7.12077e-10 0.00615444 0.00824225
7.12178e-10 0.00611 0.00816219
7.12279e-10 0.00606595 0.00808312
7.12381e-10 0.00602226 0.00800502
7.12482e-10 0.00597894 0.00792788
7.12583e-10 0.00593598 0.00785169
7.12684e-10 0.00589339 0.00777642
7.12786e-10 0.00585115 0.00770208
7.12887e-10 0.00580927 0.00762864
7.12988e-10 0.00576775 0.0075561
7.1309e-10 0.00572658 0.00748444
7.13191e-10 0.00568576 0.00741365
7.13292e-10 0.00564528 0.00734371
7.13393e-10 0.00560514 0.00727462
7.13495e-10 0.00556535 0.00720637
7.13596e-10 0.00552589 0.00713894
7.13697e-10 0.00548677 0.00707232
7.13798e-10 0.00544798 0.00700651
7.139e-10 0.00540952 0.00694148
7.14001e-10 0.00537139 0.00687723
7.14102e-10 0.00533358 0.00681375
7.14204e-10 0.0052961 0.00675103
7.14305e-10 0.00525893 0.00668906
7.14406e-10 0.00522208 0.00662783
7.14507e-10 0.00518554 0.00656732
7.14609e-10 0.00514932 0.00650753
7.1471e-10 0.0051134 0.00644845
7.14811e-10 0.00507779 0.00639007
7.14912e-10 0.00504249 0.00633238
7.15014e-10 0.00500748 0.00627537
7.15115e-10 0.00497277 0.00621903
7.15216e-10 0.00493836 0.00616335
7.15318e-10 0.00490425 0.00610833
7.15419e-10 0.00487042 0.00605395
7.1552e-10 0.00483689 0.00600021
7.15621e-10 0.00480364 0.00594709
7.15723e-10 0.00477067 0.0058946
7.15824e-10 0.00473799 0.00584271
7.15925e-10 0.00470558 0.00579143
7.16026e-10 0.00467345 0.00574075
7.16128e-10 0.0046416 0.00569065
7.16229e-10 0.00461002 0.00564113
7.1633e-10 0.0045787 0.00559218
7.16431e-10 0.00454766 0.00554379
7.16533e-10 0.00451688 0.00549597
7.16634e-10 0.00448636 0.00544869
7.16735e-10 0.0044561 0.00540195
7.16837e-10 0.00442611 0.00535575
7.16938e-10 0.00439636 0.00531008
7.17039e-10 0.00436688 0.00526493
7.1714e-10 0.00433764 0.0052203
7.17242e-10 0.00430865 0.00517617
7.17343e-10 0.00427991 0.00513254
7.17444e-10 0.00425142 0.00508941
7.17545e-10 0.00422317 0.00504677
7.17647e-10 0.00419516 0.0050046
7.17748e-10 0.00416738 0.00496292
7.17849e-10 0.00413985 0.0049217
7.17951e-10 0.00411255 0.00488095
7.18052e-10 0.00408548 0.00484065
7.18153e-10 0.00405864 0.00480081
7.18254e-10 0.00403203 0.00476141
7.18356e-10 0.00400565 0.00472246
7.18457e-10 0.00397949 0.00468393
7.18558e-10 0.00395356 0.00464584
7.18659e-10 0.00392784 0.00460817
7.18761e-10 0.00390234 0.00457092
7.18862e-10 0.00387706 0.00453408
7.18963e-10 0.003852 0.00449765
7.19065e-10 0.00382715 0.00446162
7.19166e-10 0.00380251 0.00442599
7.19267e-10 0.00377807 0.00439075
7.19368e-10 0.00375385 0.0043559
7.1947e-10 0.00372983 0.00432143
7.19571e-10 0.00370601 0.00428734
7.19672e-10 0.0036824 0.00425362
7.19773e-10 0.00365898 0.00422027
7.19875e-10 0.00363576 0.00418729
7.19976e-10 0.00361274 0.00415466
7.20077e-10 0.00358992 0.00412238
7.20178e-10 0.00356728 0.00409046
7.2028e-10 0.00354484 0.00405889
7.20381e-10 0.00352259 0.00402765
7.20482e-10 0.00350053 0.00399675
7.20584e-10 0.00347865 0.00396619
7.20685e-10 0.00345695 0.00393595
7.20786e-10 0.00343544 0.00390604
7.20887e-10 0.00341411 0.00387645
7.20989e-10 0.00339296 0.00384718
7.2109e-10 0.00337199 0.00381822
7.21191e-10 0.00335119 0.00378957
7.21292e-10 0.00333057 0.00376122
7.21394e-10 0.00331012 0.00373318
7.21495e-10 0.00328984 0.00370543
7.21596e-10 0.00326973 0.00367798
7.21698e-10 0.00324979 0.00365082
7.21799e-10 0.00323002 0.00362395
7.219e-10 0.00321041 0.00359736
7.22001e-10 0.00319097 0.00357105
7.22103e-10 0.00317169 0.00354501
7.22204e-10 0.00315257 0.00351926
7.22305e-10 0.00313361 0.00349377
7.22406e-10 0.00311481 0.00346854
7.22508e-10 0.00309617 0.00344359
7.22609e-10 0.00307768 0.00341889
7.2271e-10 0.00305934 0.00339445
7.22812e-10 0.00304116 0.00337026
7.22913e-10 0.00302313 0.00334633
7.23014e-10 0.00300525 0.00332264
7.23115e-10 0.00298752 0.0032992
7.23217e-10 0.00296993 0.00327601
7.23318e-10 0.00295249 0.00325305
7.23419e-10 0.0029352 0.00323033
7.2352e-10 0.00291804 0.00320784
7.23622e-10 0.00290103 0.00318558
7.23723e-10 0.00288417 0.00316356
7.23824e-10 0.00286744 0.00314175
7.23925e-10 0.00285084 0.00312017
7.24027e-10 0.00283439 0.00309882
7.24128e-10 0.00281807 0.00307768
7.24229e-10 0.00280189 0.00305675
7.24331e-10 0.00278584 0.00303604
7.24432e-10 0.00276992 0.00301554
7.24533e-10 0.00275413 0.00299524
7.24634e-10 0.00273847 0.00297515
7.24736e-10 0.00272294 0.00295527
7.24837e-10 0.00270754 0.00293558
7.24938e-10 0.00269226 0.0029161
7.25039e-10 0.00267711 0.00289681
7.25141e-10 0.00266209 0.00287771
7.25242e-10 0.00264718 0.00285881
7.25343e-10 0.0026324 0.00284009
7.25445e-10 0.00261774 0.00282157
7.25546e-10 0.0026032 0.00280322
7.25647e-10 0.00258878 0.00278506
7.25748e-10 0.00257447 0.00276708
7.2585e-10 0.00256028 0.00274928
7.25951e-10 0.00254621 0.00273166
7.26052e-10 0.00253225 0.00271421
7.26153e-10 0.00251841 0.00269694
7.26255e-10 0.00250468 0.00267983
7.26356e-10 0.00249106 0.0026629
7.26457e-10 0.00247755 0.00264613
7.26559e-10 0.00246415 0.00262953
7.2666e-10 0.00245085 0.00261309
7.26761e-10 0.00243767 0.00259681
7.26862e-10 0.00242459 0.00258069
7.26964e-10 0.00241162 0.00256473
7.27065e-10 0.00239875 0.00254893
7.27166e-10 0.00238599 0.00253328
7.27267e-10 0.00237333 0.00251778
7.27369e-10 0.00236077 0.00250243
7.2747e-10 0.00234831 0.00248724
7.27571e-10 0.00233595 0.00247219
7.27672e-10 0.0023237 0.00245728
7.27774e-10 0.00231154 0.00244252
7.27875e-10 0.00229947 0.00242791
7.27976e-10 0.00228751 0.00241343
7.28078e-10 0.00227564 0.0023991
7.28179e-10 0.00226386 0.0023849
7.2828e-10 0.00225218 0.00237084
7.28381e-10 0.0022406 0.00235692
7.28483e-10 0.0022291 0.00234313
7.28584e-10 0.0022177 0.00232947
7.28685e-10 0.00220639 0.00231594
7.28786e-10 0.00219517 0.00230254
7.28888e-10 0.00218404 0.00228927
7.28989e-10 0.002173 0.00227612
7.2909e-10 0.00216204 0.00226311
7.29192e-10 0.00215117 0.00225021
7.29293e-10 0.00214039 0.00223744
7.29394e-10 0.00212969 0.00222479
7.29495e-10 0.00211908 0.00221226
7.29597e-10 0.00210856 0.00219985
7.29698e-10 0.00209811 0.00218755
7.29799e-10 0.00208775 0.00217537
7.299e-10 0.00207747 0.00216331
7.30002e-10 0.00206727 0.00215136
7.30103e-10 0.00205716 0.00213952
7.30204e-10 0.00204712 0.0021278
7.30305e-10 0.00203716 0.00211618
7.30407e-10 0.00202728 0.00210468
7.30508e-10 0.00201748 0.00209328
7.30609e-10 0.00200775 0.00208199
7.30711e-10 0.00199811 0.0020708
7.30812e-10 0.00198853 0.00205972
7.30913e-10 0.00197904 0.00204874
7.31014e-10 0.00196961 0.00203786
7.31116e-10 0.00196026 0.00202709
7.31217e-10 0.00195099 0.00201642
7.31318e-10 0.00194179 0.00200584
7.31419e-10 0.00193266 0.00199537
7.31521e-10 0.0019236 0.00198499
7.31622e-10 0.00191461 0.0019747
7.31723e-10 0.00190569 0.00196452
7.31825e-10 0.00189684 0.00195442
7.31926e-10 0.00188806 0.00194442
7.32027e-10 0.00187935 0.00193451
7.32128e-10 0.00187071 0.0019247
7.3223e-10 0.00186213 0.00191497
7.32331e-10 0.00185362 0.00190534
7.32432e-10 0.00184518 0.00189579
7.32533e-10 0.0018368 0.00188633
7.32635e-10 0.00182849 0.00187696
7.32736e-10 0.00182024 0.00186767
7.32837e-10 0.00181206 0.00185847
7.32939e-10 0.00180393 0.00184935
7.3304e-10 0.00179588 0.00184032
7.33141e-10 0.00178788 0.00183137
7.33242e-10 0.00177995 0.0018225
7.33344e-10 0.00177208 0.00181371
7.33445e-10 0.00176427 0.001805
7.33546e-10 0.00175652 0.00179637
7.33647e-10 0.00174882 0.00178782
7.33749e-10 0.00174119 0.00177935
7.3385e-10 0.00173362 0.00177096
7.33951e-10 0.00172611 0.00176264
7.34052e-10 0.00171865 0.0017544
7.34154e-10 0.00171125 0.00174623
7.34255e-10 0.00170391 0.00173813
7.34356e-10 0.00169662 0.00173011
7.34458e-10 0.00168939 0.00172217
7.34559e-10 0.00168222 0.00171429
7.3466e-10 0.0016751 0.00170649
7.34761e-10 0.00166804 0.00169875
7.34863e-10 0.00166103 0.00169109
7.34964e-10 0.00165407 0.00168349
7.35065e-10 0.00164717 0.00167597
7.35166e-10 0.00164032 0.00166851
7.35268e-10 0.00163352 0.00166112
7.35369e-10 0.00162677 0.0016538
7.3547e-10 0.00162008 0.00164654
7.35572e-10 0.00161344 0.00163935
7.35673e-10 0.00160685 0.00163222
7.35774e-10 0.00160031 0.00162516
7.35875e-10 0.00159381 0.00161816
7.35977e-10 0.00158737 0.00161122
7.36078e-10 0.00158098 0.00160435
7.36179e-10 0.00157464 0.00159754
7.3628e-10 0.00156834 0.00159079
7.36382e-10 0.00156209 0.0015841
7.36483e-10 0.00155589 0.00157747
7.36584e-10 0.00154974 0.00157089
7.36686e-10 0.00154363 0.00156438
7.36787e-10 0.00153758 0.00155793
7.36888e-10 0.00153156 0.00155154
7.36989e-10 0.0015256 0.0015452
7.37091e-10 0.00151967 0.00153892
7.37192e-10 0.0015138 0.0015327
7.37293e-10 0.00150796 0.00152653
7.37394e-10 0.00150218 0.00152041
7.37496e-10 0.00149643 0.00151436
7.37597e-10 0.00149073 0.00150835
7.37698e-10 0.00148508 0.0015024
7.37799e-10 0.00147946 0.00149651
7.37901e-10 0.00147389 0.00149067
7.38002e-10 0.00146836 0.00148488
7.38103e-10 0.00146287 0.00147914
7.38205e-10 0.00145743 0.00147345
7.38306e-10 0.00145203 0.00146782
7.38407e-10 0.00144666 0.00146223
7.38508e-10 0.00144134 0.0014567
7.3861e-10 0.00143606 0.00145121
7.38711e-10 0.00143082 0.00144577
7.38812e-10 0.00142561 0.00144039
7.38913e-10 0.00142045 0.00143505
7.39015e-10 0.00141533 0.00142976
7.39116e-10 0.00141024 0.00142452
7.39217e-10 0.0014052 0.00141932
7.39319e-10 0.00140019 0.00141417
7.3942e-10 0.00139522 0.00140907
7.39521e-10 0.00139029 0.00140402
7.39622e-10 0.00138539 0.00139901
7.39724e-10 0.00138054 0.00139404
7.39825e-10 0.00137572 0.00138912
7.39926e-10 0.00137093 0.00138425
7.40027e-10 0.00136618 0.00137942
7.40129e-10 0.00136147 0.00137463
7.4023e-10 0.0013568 0.00136988
7.40331e-10 0.00135215 0.00136518
7.40433e-10 0.00134755 0.00136053
7.40534e-10 0.00134298 0.00135591
7.40635e-10 0.00133844 0.00135134
7.40736e-10 0.00133394 0.0013468
7.40838e-10 0.00132947 0.00134231
7.40939e-10 0.00132504 0.00133786
7.4104e-10 0.00132064 0.00133345
7.41141e-10 0.00131628 0.00132908
7.41243e-10 0.00131194 0.00132475
7.41344e-10 0.00130764 0.00132047
7.41445e-10 0.00130338 0.00131622
7.41546e-10 0.00129914 0.001312
7.41648e-10 0.00129494 0.00130783
7.41749e-10 0.00129077 0.0013037
7.4185e-10 0.00128663 0.0012996
7.41952e-10 0.00128252 0.00129555
7.42053e-10 0.00127845 0.00129152
7.42154e-10 0.0012744 0.00128754
7.42255e-10 0.00127039 0.0012836
7.42357e-10 0.0012664 0.00127969
7.42458e-10 0.00126245 0.00127581
7.42559e-10 0.00125853 0.00127198
7.4266e-10 0.00125463 0.00126817
7.42762e-10 0.00125077 0.00126441
7.42863e-10 0.00124694 0.00126068
7.42964e-10 0.00124313 0.00125698
7.43066e-10 0.00123936 0.00125332
7.43167e-10 0.00123561 0.0012497
7.43268e-10 0.00123189 0.0012461
7.43369e-10 0.00122821 0.00124254
7.43471e-10 0.00122455 0.00123902
7.43572e-10 0.00122091 0.00123553
7.43673e-10 0.00121731 0.00123207
7.43774e-10 0.00121373 0.00122865
7.43876e-10 0.00121018 0.00122525
7.43977e-10 0.00120666 0.00122189
7.44078e-10 0.00120317 0.00121857
7.44179e-10 0.0011997 0.00121527
7.44281e-10 0.00119626 0.00121201
7.44382e-10 0.00119284 0.00120878
7.44483e-10 0.00118946 0.00120558
7.44585e-10 0.00118609 0.00120241
7.44686e-10 0.00118276 0.00119927
7.44787e-10 0.00117945 0.00119616
7.44888e-10 0.00117617 0.00119308
7.4499e-10 0.00117291 0.00119003
7.45091e-10 0.00116967 0.00118702
7.45192e-10 0.00116647 0.00118403
7.45293e-10 0.00116328 0.00118107
7.45395e-10 0.00116013 0.00117814
7.45496e-10 0.00115699 0.00117524
7.45597e-10 0.00115388 0.00117237
7.45699e-10 0.0011508 0.00116953
7.458e-10 0.00114774 0.00116672
7.45901e-10 0.0011447 0.00116393
7.46002e-10 0.00114169 0.00116118
7.46104e-10 0.0011387 0.00115845
7.46205e-10 0.00113574 0.00115575
7.46306e-10 0.0011328 0.00115308
7.46407e-10 0.00112988 0.00115043
7.46509e-10 0.00112699 0.00114781
7.4661e-10 0.00112411 0.00114522
7.46711e-10 0.00112127 0.00114266
7.46813e-10 0.00111844 0.00114012
7.46914e-10 0.00111564 0.00113761
7.47015e-10 0.00111285 0.00113513
7.47116e-10 0.0011101 0.00113267
7.47218e-10 0.00110736 0.00113024
7.47319e-10 0.00110464 0.00112783
7.4742e-10 0.00110195 0.00112545
7.47521e-10 0.00109928 0.0011231
7.47623e-10 0.00109663 0.00112077
7.47724e-10 0.001094 0.00111847
7.47825e-10 0.00109139 0.00111619
7.47926e-10 0.00108881 0.00111394
7.48028e-10 0.00108624 0.00111171
7.48129e-10 0.0010837 0.00110951
7.4823e-10 0.00108118 0.00110733
7.48332e-10 0.00107867 0.00110517
7.48433e-10 0.00107619 0.00110304
7.48534e-10 0.00107373 0.00110094
7.48635e-10 0.00107129 0.00109886
7.48737e-10 0.00106887 0.0010968
7.48838e-10 0.00106647 0.00109477
7.48939e-10 0.00106409 0.00109276
7.4904e-10 0.00106172 0.00109077
7.49142e-10 0.00105938 0.00108881
7.49243e-10 0.00105706 0.00108687
7.49344e-10 0.00105476 0.00108495
7.49446e-10 0.00105247 0.00108306
7.49547e-10 0.00105021 0.00108118
7.49648e-10 0.00104797 0.00107934
7.49749e-10 0.00104574 0.00107751
7.49851e-10 0.00104353 0.00107571
7.49952e-10 0.00104134 0.00107393
7.50053e-10 0.00103917 0.00107217
7.50154e-10 0.00103702 0.00107043
7.50256e-10 0.00103489 0.00106872
7.50357e-10 0.00103278 0.00106703
7.50458e-10 0.00103068 0.00106536
7.5056e-10 0.0010286 0.00106371
7.50661e-10 0.00102654 0.00106208
7.50762e-10 0.0010245 0.00106047
7.50863e-10 0.00102248 0.00105889
7.50965e-10 0.00102047 0.00105733
7.51066e-10 0.00101848 0.00105579
7.51167e-10 0.00101651 0.00105427
7.51268e-10 0.00101456 0.00105277
7.5137e-10 0.00101262 0.00105129
7.51471e-10 0.0010107 0.00104983
7.51572e-10 0.0010088 0.00104839
7.51673e-10 0.00100692 0.00104698
7.51775e-10 0.00100505 0.00104558
7.51876e-10 0.0010032 0.00104421
7.51977e-10 0.00100136 0.00104285
7.52079e-10 0.000999546 0.00104152
7.5218e-10 0.000997745 0.0010402
7.52281e-10 0.000995961 0.00103891
7.52382e-10 0.000994193 0.00103764
7.52484e-10 0.000992442 0.00103638
7.52585e-10 0.000990707 0.00103515
7.52686e-10 0.000988988 0.00103393
7.52787e-10 0.000987285 0.00103274
7.52889e-10 0.000985598 0.00103156
7.5299e-10 0.000983928 0.00103041
7.53091e-10 0.000982273 0.00102927
7.53193e-10 0.000980634 0.00102816
7.53294e-10 0.000979011 0.00102706
7.53395e-10 0.000977403 0.00102598
7.53496e-10 0.000975811 0.00102492
7.53598e-10 0.000974234 0.00102388
7.53699e-10 0.000972673 0.00102286
7.538e-10 0.000971127 0.00102186
7.53901e-10 0.000969596 0.00102088
7.54003e-10 0.000968081 0.00101992
7.54104e-10 0.000966581 0.00101897
7.54205e-10 0.000965096 0.00101805
7.54307e-10 0.000963625 0.00101714
7.54408e-10 0.00096217 0.00101625
7.54509e-10 0.000960729 0.00101538
7.5461e-10 0.000959304 0.00101453
7.54712e-10 0.000957893 0.0010137
7.54813e-10 0.000956496 0.00101288
7.54914e-10 0.000955114 0.00101209
7.55015e-10 0.000953747 0.00101131
7.55117e-10 0.000952394 0.00101055
7.55218e-10 0.000951055 0.00100981
7.55319e-10 0.000949731 0.00100908
7.5542e-10 0.000948421 0.00100838
7.55522e-10 0.000947125 0.00100769
7.55623e-10 0.000945844 0.00100702
7.55724e-10 0.000944576 0.00100637
7.55826e-10 0.000943322 0.00100574
7.55927e-10 0.000942083 0.00100512
7.56028e-10 0.000940857 0.00100453
7.56129e-10 0.000939645 0.00100395
7.56231e-10 0.000938447 0.00100339
7.56332e-10 0.000937262 0.00100284
7.56433e-10 0.000936091 0.00100232
7.56534e-10 0.000934934 0.00100181
7.56636e-10 0.00093379 0.00100132
7.56737e-10 0.00093266 0.00100084
7.56838e-10 0.000931543 0.00100039
7.5694e-10 0.000930439 0.000999949
7.57041e-10 0.000929349 0.000999529
7.57142e-10 0.000928272 0.000999125
7.57243e-10 0.000927209 0.000998739
7.57345e-10 0.000926158 0.000998371
7.57446e-10 0.000925121 0.00099802
7.57547e-10 0.000924096 0.000997686
7.57648e-10 0.000923085 0.00099737
7.5775e-10 0.000922087 0.000997071
7.57851e-10 0.000921101 0.000996789
7.57952e-10 0.000920129 0.000996524
7.58053e-10 0.000919169 0.000996277
7.58155e-10 0.000918222 0.000996047
7.58256e-10 0.000917288 0.000995834
7.58357e-10 0.000916366 0.000995638
7.58459e-10 0.000915457 0.00099546
7.5856e-10 0.000914561 0.000995298
7.58661e-10 0.000913677 0.000995154
7.58762e-10 0.000912806 0.000995027
7.58864e-10 0.000911947 0.000994917
7.58965e-10 0.000911101 0.000994824
7.59066e-10 0.000910267 0.000994748
7.59167e-10 0.000909446 0.000994689
7.59269e-10 0.000908636 0.000994647
7.5937e-10 0.000907839 0.000994622
7.59471e-10 0.000907054 0.000994614
7.59573e-10 0.000906282 0.000994624
7.59674e-10 0.000905521 0.00099465
7.59775e-10 0.000904773 0.000994693
7.59876e-10 0.000904037 0.000994753
7.59978e-10 0.000903312 0.000994831
7.60079e-10 0.0009026 0.000994925
7.6018e-10 0.0009019 0.000995036
7.60281e-10 0.000901211 0.000995164
7.60383e-10 0.000900535 0.00099531
7.60484e-10 0.00089987 0.000995472
7.60585e-10 0.000899217 0.000995651
7.60687e-10 0.000898576 0.000995847
7.60788e-10 0.000897947 0.000996061
7.60889e-10 0.00089733 0.000996291
7.6099e-10 0.000896724 0.000996538
7.61092e-10 0.00089613 0.000996802
7.61193e-10 0.000895547 0.000997084
7.61294e-10 0.000894976 0.000997382
7.61395e-10 0.000894417 0.000997697
7.61497e-10 0.000893869 0.00099803
7.61598e-10 0.000893332 0.000998379
7.61699e-10 0.000892808 0.000998746
7.618e-10 0.000892294 0.000999129
7.61902e-10 0.000891792 0.00099953
7.62003e-10 0.000891302 0.000999948
7.62104e-10 0.000890822 0.00100038
7.62206e-10 0.000890355 0.00100084
7.62307e-10 0.000889898 0.0010013
7.62408e-10 0.000889453 0.00100179
7.62509e-10 0.000889019 0.00100229
7.62611e-10 0.000888596 0.00100282
7.62712e-10 0.000888184 0.00100335
7.62813e-10 0.000887784 0.00100391
7.62914e-10 0.000887395 0.00100448
7.63016e-10 0.000887017 0.00100507
7.63117e-10 0.00088665 0.00100568
7.63218e-10 0.000886294 0.0010063
7.6332e-10 0.00088595 0.00100695
7.63421e-10 0.000885616 0.00100761
7.63522e-10 0.000885293 0.00100828
7.63623e-10 0.000884982 0.00100898
7.63725e-10 0.000884681 0.00100969
7.63826e-10 0.000884392 0.00101042
7.63927e-10 0.000884113 0.00101117
7.64028e-10 0.000883845 0.00101193
7.6413e-10 0.000883588 0.00101271
7.64231e-10 0.000883342 0.00101351
7.64332e-10 0.000883107 0.00101433
7.64434e-10 0.000882883 0.00101517
7.64535e-10 0.00088267 0.00101602
7.64636e-10 0.000882468 0.00101689
7.64737e-10 0.000882276 0.00101778
7.64839e-10 0.000882095 0.00101869
7.6494e-10 0.000881925 0.00101961
7.65041e-10 0.000881766 0.00102055
7.65142e-10 0.000881617 0.00102151
7.65244e-10 0.00088148 0.00102249
7.65345e-10 0.000881353 0.00102349
7.65446e-10 0.000881236 0.00102451
7.65547e-10 0.000881131 0.00102554
7.65649e-10 0.000881036 0.00102659
7.6575e-10 0.000880952 0.00102766
7.65851e-10 0.000880878 0.00102875
7.65953e-10 0.000880815 0.00102986
7.66054e-10 0.000880763 0.00103098
7.66155e-10 0.000880721 0.00103212
7.66256e-10 0.00088069 0.00103329
7.66358e-10 0.00088067 0.00103447
7.66459e-10 0.00088066 0.00103567
7.6656e-10 0.000880661 0.00103689
7.66661e-10 0.000880672 0.00103812
7.66763e-10 0.000880694 0.00103938
7.66864e-10 0.000880727 0.00104065
7.66965e-10 0.00088077 0.00104195
7.67067e-10 0.000880824 0.00104326
7.67168e-10 0.000880888 0.00104459
7.67269e-10 0.000880962 0.00104594
7.6737e-10 0.000881048 0.00104732
7.67472e-10 0.000881144 0.00104871
7.67573e-10 0.00088125 0.00105012
7.67674e-10 0.000881367 0.00105154
7.67775e-10 0.000881494 0.00105299
7.67877e-10 0.000881632 0.00105446
7.67978e-10 0.00088178 0.00105595
7.68079e-10 0.000881939 0.00105746
7.68181e-10 0.000882109 0.00105898
7.68282e-10 0.000882288 0.00106053
7.68383e-10 0.000882479 0.0010621
7.68484e-10 0.00088268 0.00106368
7.68586e-10 0.000882891 0.00106529
7.68687e-10 0.000883113 0.00106692
7.68788e-10 0.000883345 0.00106857
7.68889e-10 0.000883588 0.00107024
7.68991e-10 0.000883841 0.00107192
7.69092e-10 0.000884105 0.00107363
7.69193e-10 0.000884379 0.00107536
7.69294e-10 0.000884663 0.00107712
7.69396e-10 0.000884959 0.00107889
7.69497e-10 0.000885264 0.00108068
7.69598e-10 0.00088558 0.00108249
7.697e-10 0.000885907 0.00108433
7.69801e-10 0.000886244 0.00108618
7.69902e-10 0.000886591 0.00108806
7.70003e-10 0.000886949 0.00108996
7.70105e-10 0.000887318 0.00109188
7.70206e-10 0.000887697 0.00109382
7.70307e-10 0.000888087 0.00109578
7.70408e-10 0.000888487 0.00109777
7.7051e-10 0.000888897 0.00109978
7.70611e-10 0.000889318 0.00110181
7.70712e-10 0.00088975 0.00110386
7.70814e-10 0.000890192 0.00110593
7.70915e-10 0.000890644 0.00110803
7.71016e-10 0.000891107 0.00111014
7.71117e-10 0.000891581 0.00111229
7.71219e-10 0.000892065 0.00111445
7.7132e-10 0.00089256 0.00111664
7.71421e-10 0.000893065 0.00111884
7.71522e-10 0.000893581 0.00112108
7.71624e-10 0.000894108 0.00112333
7.71725e-10 0.000894645 0.00112561
7.71826e-10 0.000895192 0.00112791
7.71928e-10 0.00089575 0.00113024
7.72029e-10 0.000896319 0.00113259
7.7213e-10 0.000896899 0.00113496
7.72231e-10 0.000897489 0.00113736
7.72333e-10 0.000898089 0.00113978
7.72434e-10 0.000898701 0.00114222
7.72535e-10 0.000899323 0.00114469
7.72636e-10 0.000899955 0.00114719
7.72738e-10 0.000900599 0.0011497
7.72839e-10 0.000901253 0.00115225
7.7294e-10 0.000901917 0.00115482
7.73041e-10 0.000902593 0.00115741
7.73143e-10 0.000903279 0.00116003
7.73244e-10 0.000903976 0.00116267
7.73345e-10 0.000904683 0.00116534
7.73447e-10 0.000905402 0.00116803
7.73548e-10 0.000906131 0.00117075
7.73649e-10 0.000906871 0.0011735
7.7375e-10 0.000907621 0.00117627
7.73852e-10 0.000908383 0.00117907
7.73953e-10 0.000909155 0.00118189
7.74054e-10 0.000909938 0.00118474
7.74155e-10 0.000910732 0.00118762
7.74257e-10 0.000911537 0.00119052
7.74358e-10 0.000912353 0.00119345
7.74459e-10 0.00091318 0.00119641
7.74561e-10 0.000914018 0.0011994
7.74662e-10 0.000914866 0.00120241
7.74763e-10 0.000915726 0.00120545
7.74864e-10 0.000916596 0.00120852
7.74966e-10 0.000917478 0.00121162
7.75067e-10 0.000918371 0.00121474
7.75168e-10 0.000919274 0.00121789
7.75269e-10 0.000920189 0.00122107
7.75371e-10 0.000921114 0.00122428
7.75472e-10 0.000922051 0.00122752
7.75573e-10 0.000922999 0.00123079
7.75674e-10 0.000923958 0.00123409
7.75776e-10 0.000924928 0.00123741
7.75877e-10 0.00092591 0.00124077
7.75978e-10 0.000926902 0.00124416
7.7608e-10 0.000927906 0.00124757
7.76181e-10 0.000928921 0.00125102
7.76282e-10 0.000929947 0.0012545
7.76383e-10 0.000930984 0.001258
7.76485e-10 0.000932033 0.00126154
7.76586e-10 0.000933093 0.00126511
7.76687e-10 0.000934165 0.00126871
7.76788e-10 0.000935247 0.00127234
7.7689e-10 0.000936341 0.00127601
7.76991e-10 0.000937447 0.0012797
7.77092e-10 0.000938564 0.00128343
7.77194e-10 0.000939692 0.00128719
7.77295e-10 0.000940832 0.00129098
7.77396e-10 0.000941984 0.00129481
7.77497e-10 0.000943147 0.00129866
7.77599e-10 0.000944321 0.00130255
7.777e-10 0.000945507 0.00130648
7.77801e-10 0.000946705 0.00131044
7.77902e-10 0.000947914 0.00131443
7.78004e-10 0.000949135 0.00131846
7.78105e-10 0.000950368 0.00132252
7.78206e-10 0.000951612 0.00132661
7.78308e-10 0.000952868 0.00133074
7.78409e-10 0.000954136 0.00133491
7.7851e-10 0.000955416 0.00133911
7.78611e-10 0.000956707 0.00134335
7.78713e-10 0.00095801 0.00134762
7.78814e-10 0.000959325 0.00135193
7.78915e-10 0.000960652 0.00135627
7.79016e-10 0.000961991 0.00136066
7.79118e-10 0.000963342 0.00136508
7.79219e-10 0.000964705 0.00136953
7.7932e-10 0.00096608 0.00137403
7.79421e-10 0.000967467 0.00137856
7.79523e-10 0.000968866 0.00138313
7.79624e-10 0.000970277 0.00138774
7.79725e-10 0.000971701 0.00139238
7.79827e-10 0.000973136 0.00139707
7.79928e-10 0.000974584 0.00140179
7.80029e-10 0.000976044 0.00140656
7.8013e-10 0.000977516 0.00141136
7.80232e-10 0.000979 0.00141621
7.80333e-10 0.000980497 0.00142109
7.80434e-10 0.000982006 0.00142602
7.80535e-10 0.000983528 0.00143098
7.80637e-10 0.000985062 0.00143599
7.80738e-10 0.000986608 0.00144104
7.80839e-10 0.000988167 0.00144613
7.80941e-10 0.000989738 0.00145127
7.81042e-10 0.000991322 0.00145645
7.81143e-10 0.000992919 0.00146167
7.81244e-10 0.000994528 0.00146693
7.81346e-10 0.00099615 0.00147224
7.81447e-10 0.000997784 0.00147759
7.81548e-10 0.000999432 0.00148298
7.81649e-10 0.00100109 0.00148842
7.81751e-10 0.00100276 0.00149391
7.81852e-10 0.00100445 0.00149944
7.81953e-10 0.00100615 0.00150502
7.82055e-10 0.00100786 0.00151064
7.82156e-10 0.00100958 0.00151631
7.82257e-10 0.00101132 0.00152202
7.82358e-10 0.00101307 0.00152779
7.8246e-10 0.00101484 0.0015336
7.82561e-10 0.00101661 0.00153946
7.82662e-10 0.0010184 0.00154537
7.82763e-10 0.0010202 0.00155132
7.82865e-10 0.00102202 0.00155733
7.82966e-10 0.00102385 0.00156338
7.83067e-10 0.00102569 0.00156949
7.83168e-10 0.00102755 0.00157564
7.8327e-10 0.00102942 0.00158185
7.83371e-10 0.0010313 0.00158811
7.83472e-10 0.0010332 0.00159442
7.83574e-10 0.0010351 0.00160078
7.83675e-10 0.00103703 0.0016072
7.83776e-10 0.00103896 0.00161366
7.83877e-10 0.00104091 0.00162018
7.83979e-10 0.00104288 0.00162676
7.8408e-10 0.00104486 0.00163339
7.84181e-10 0.00104685 0.00164007
7.84282e-10 0.00104885 0.00164681
7.84384e-10 0.00105087 0.00165361
7.84485e-10 0.0010529 0.00166046
7.84586e-10 0.00105495 0.00166737
7.84688e-10 0.00105701 0.00167433
7.84789e-10 0.00105908 0.00168135
7.8489e-10 0.00106117 0.00168843
7.84991e-10 0.00106327 0.00169557
7.85093e-10 0.00106539 0.00170277
7.85194e-10 0.00106752 0.00171003
7.85295e-10 0.00106966 0.00171735
7.85396e-10 0.00107182 0.00172473
7.85498e-10 0.00107399 0.00173217
7.85599e-10 0.00107618 0.00173967
7.857e-10 0.00107838 0.00174723
7.85802e-10 0.0010806 0.00175486
7.85903e-10 0.00108283 0.00176255
7.86004e-10 0.00108507 0.00177031
7.86105e-10 0.00108733 0.00177813
7.86207e-10 0.00108961 0.00178601
7.86308e-10 0.00109189 0.00179396
7.86409e-10 0.0010942 0.00180197
7.8651e-10 0.00109652 0.00181006
7.86612e-10 0.00109885 0.00181821
7.86713e-10 0.00110119 0.00182642
7.86814e-10 0.00110356 0.00183471
7.86915e-10 0.00110593 0.00184306
7.87017e-10 0.00110832 0.00185149
7.87118e-10 0.00111073 0.00185999
7.87219e-10 0.00111315 0.00186855
7.87321e-10 0.00111559 0.00187719
7.87422e-10 0.00111804 0.0018859
7.87523e-10 0.0011205 0.00189468
7.87624e-10 0.00112299 0.00190354
7.87726e-10 0.00112548 0.00191247
7.87827e-10 0.00112799 0.00192148
7.87928e-10 0.00113052 0.00193056
7.88029e-10 0.00113306 0.00193972
7.88131e-10 0.00113562 0.00194895
7.88232e-10 0.00113819 0.00195826
7.88333e-10 0.00114078 0.00196765
7.88435e-10 0.00114339 0.00197712
7.88536e-10 0.00114601 0.00198667
7.88637e-10 0.00114864 0.0019963
7.88738e-10 0.00115129 0.00200602
7.8884e-10 0.00115396 0.00201581
7.88941e-10 0.00115664 0.00202569
7.89042e-10 0.00115934 0.00203565
7.89143e-10 0.00116205 0.00204569
7.89245e-10 0.00116478 0.00205582
7.89346e-10 0.00116752 0.00206604
7.89447e-10 0.00117028 0.00207634
7.89548e-10 0.00117306 0.00208673
7.8965e-10 0.00117585 0.00209721
7.89751e-10 0.00117866 0.00210777
7.89852e-10 0.00118149 0.00211843
7.89954e-10 0.00118433 0.00212918
7.90055e-10 0.00118719 0.00214002
7.90156e-10 0.00119006 0.00215095
7.90257e-10 0.00119295 0.00216198
7.90359e-10 0.00119585 0.0021731
7.9046e-10 0.00119877 0.00218431
7.90561e-10 0.00120171 0.00219562
7.90662e-10 0.00120467 0.00220703
7.90764e-10 0.00120764 0.00221854
7.90865e-10 0.00121062 0.00223014
7.90966e-10 0.00121363 0.00224185
7.91068e-10 0.00121665 0.00225365
7.91169e-10 0.00121969 0.00226556
7.9127e-10 0.00122274 0.00227757
7.91371e-10 0.00122581 0.00228968
7.91473e-10 0.0012289 0.0023019
7.91574e-10 0.001232 0.00231423
7.91675e-10 0.00123512 0.00232666
7.91776e-10 0.00123826 0.0023392
7.91878e-10 0.00124141 0.00235184
7.91979e-10 0.00124458 0.0023646
7.9208e-10 0.00124777 0.00237747
7.92182e-10 0.00125097 0.00239045
7.92283e-10 0.00125419 0.00240354
7.92384e-10 0.00125743 0.00241675
7.92485e-10 0.00126068 0.00243007
7.92587e-10 0.00126396 0.00244351
7.92688e-10 0.00126724 0.00245707
7.92789e-10 0.00127055 0.00247074
7.9289e-10 0.00127387 0.00248454
7.92992e-10 0.00127721 0.00249846
7.93093e-10 0.00128057 0.00251249
7.93194e-10 0.00128395 0.00252666
7.93295e-10 0.00128734 0.00254094
7.93397e-10 0.00129075 0.00255536
7.93498e-10 0.00129417 0.0025699
7.93599e-10 0.00129762 0.00258456
7.93701e-10 0.00130108 0.00259936
7.93802e-10 0.00130456 0.00261429
7.93903e-10 0.00130805 0.00262935
7.94004e-10 0.00131156 0.00264455
7.94106e-10 0.00131509 0.00265988
7.94207e-10 0.00131864 0.00267535
7.94308e-10 0.00132221 0.00269095
7.94409e-10 0.00132579 0.00270669
7.94511e-10 0.00132939 0.00272258
7.94612e-10 0.00133301 0.0027386
7.94713e-10 0.00133664 0.00275477
7.94815e-10 0.00134029 0.00277109
7.94916e-10 0.00134396 0.00278755
7.95017e-10 0.00134765 0.00280416
7.95118e-10 0.00135136 0.00282091
7.9522e-10 0.00135508 0.00283782
7.95321e-10 0.00135882 0.00285488
7.95422e-10 0.00136258 0.0028721
7.95523e-10 0.00136635 0.00288947
7.95625e-10 0.00137015 0.002907
7.95726e-10 0.00137396 0.00292468
7.95827e-10 0.00137778 0.00294253
7.95929e-10 0.00138163 0.00296054
7.9603e-10 0.00138549 0.00297871
7.96131e-10 0.00138937 0.00299705
7.96232e-10 0.00139327 0.00301555
7.96334e-10 0.00139719 0.00303422
7.96435e-10 0.00140112 0.00305307
7.96536e-10 0.00140507 0.00307208
7.96637e-10 0.00140904 0.00309127
7.96739e-10 0.00141302 0.00311064
7.9684e-10 0.00141703 0.00313018
7.96941e-10 0.00142105 0.00314991
7.97042e-10 0.00142509 0.00316981
7.97144e-10 0.00142914 0.0031899
7.97245e-10 0.00143322 0.00321017
7.97346e-10 0.00143731 0.00323063
7.97448e-10 0.00144141 0.00325128
7.97549e-10 0.00144554 0.00327213
7.9765e-10 0.00144968 0.00329316
7.97751e-10 0.00145384 0.00331439
7.97853e-10 0.00145802 0.00333582
7.97954e-10 0.00146221 0.00335745
7.98055e-10 0.00146642 0.00337928
7.98156e-10 0.00147065 0.00340131
7.98258e-10 0.0014749 0.00342355
7.98359e-10 0.00147916 0.00344599
7.9846e-10 0.00148344 0.00346865
7.98562e-10 0.00148774 0.00349152
7.98663e-10 0.00149205 0.0035146
7.98764e-10 0.00149638 0.0035379
7.98865e-10 0.00150073 0.00356143
7.98967e-10 0.00150509 0.00358517
7.99068e-10 0.00150948 0.00360914
7.99169e-10 0.00151387 0.00363333
7.9927e-10 0.00151829 0.00365775
7.99372e-10 0.00152272 0.00368241
7.99473e-10 0.00152716 0.0037073
7.99574e-10 0.00153163 0.00373242
7.99676e-10 0.00153611 0.00375779
7.99777e-10 0.0015406 0.00378339
7.99878e-10 0.00154511 0.00380924
7.99979e-10 0.00154964 0.00383534
8.00081e-10 0.00155419 0.00386169
8.00182e-10 0.00155875 0.00388829
8.00283e-10 0.00156332 0.00391515
8.00384e-10 0.00156791 0.00394226
8.00486e-10 0.00157252 0.00396964
8.00587e-10 0.00157714 0.00399728
8.00688e-10 0.00158178 0.00402518
8.00789e-10 0.00158643 0.00405336
8.00891e-10 0.0015911 0.00408181
8.00992e-10 0.00159578 0.00411053
8.01093e-10 0.00160048 0.00413953
8.01195e-10 0.00160519 0.00416882
8.01296e-10 0.00160992 0.00419839
8.01397e-10 0.00161466 0.00422824
8.01498e-10 0.00161941 0.00425839
8.016e-10 0.00162418 0.00428884
8.01701e-10 0.00162896 0.00431958
8.01802e-10 0.00163376 0.00435062
8.01903e-10 0.00163857 0.00438197
8.02005e-10 0.0016434 0.00441362
8.02106e-10 0.00164823 0.00444559
8.02207e-10 0.00165308 0.00447787
8.02309e-10 0.00165795 0.00451047
8.0241e-10 0.00166282 0.0045434
8.02511e-10 0.00166771 0.00457664
8.02612e-10 0.00167261 0.00461022
8.02714e-10 0.00167753 0.00464413
8.02815e-10 0.00168245 0.00467838
8.02916e-10 0.00168739 0.00471297
8.03017e-10 0.00169234 0.0047479
8.03119e-10 0.0016973 0.00478319
8.0322e-10 0.00170227 0.00481882
8.03321e-10 0.00170725 0.00485481
8.03422e-10 0.00171225 0.00489116
8.03524e-10 0.00171725 0.00492788
8.03625e-10 0.00172226 0.00496497
8.03726e-10 0.00172729 0.00500243
8.03828e-10 0.00173232 0.00504026
8.03929e-10 0.00173736 0.00507848
8.0403e-10 0.00174242 0.00511708
8.04131e-10 0.00174748 0.00515608
8.04233e-10 0.00175254 0.00519547
8.04334e-10 0.00175762 0.00523526
8.04435e-10 0.00176271 0.00527545
8.04536e-10 0.0017678 0.00531605
8.04638e-10 0.0017729 0.00535707
8.04739e-10 0.00177801 0.00539851
8.0484e-10 0.00178312 0.00544036
8.04942e-10 0.00178824 0.00548265
8.05043e-10 0.00179336 0.00552537
8.05144e-10 0.0017985 0.00556853
8.05245e-10 0.00180363 0.00561213
8.05347e-10 0.00180877 0.00565618
8.05448e-10 0.00181392 0.00570069
8.05549e-10 0.00181907 0.00574565
8.0565e-10 0.00182422 0.00579108
8.05752e-10 0.00182938 0.00583698
8.05853e-10 0.00183454 0.00588336
8.05954e-10 0.0018397 0.00593021
8.06056e-10 0.00184486 0.00597756
8.06157e-10 0.00185003 0.00602539
8.06258e-10 0.00185519 0.00607373
8.06359e-10 0.00186036 0.00612256
8.06461e-10 0.00186553 0.00617191
8.06562e-10 0.00187069 0.00622178
8.06663e-10 0.00187586 0.00627217
8.06764e-10 0.00188102 0.00632308
8.06866e-10 0.00188619 0.00637454
8.06967e-10 0.00189135 0.00642653
8.07068e-10 0.0018965 0.00647907
8.07169e-10 0.00190166 0.00653217
8.07271e-10 0.00190681 0.00658583
8.07372e-10 0.00191195 0.00664005
8.07473e-10 0.00191709 0.00669485
8.07575e-10 0.00192223 0.00675023
8.07676e-10 0.00192735 0.0068062
8.07777e-10 0.00193247 0.00686277
8.07878e-10 0.00193759 0.00691994
8.0798e-10 0.00194269 0.00697772
8.08081e-10 0.00194779 0.00703611
8.08182e-10 0.00195287 0.00709513
8.08283e-10 0.00195795 0.00715479
8.08385e-10 0.00196301 0.00721508
8.08486e-10 0.00196807 0.00727602
8.08587e-10 0.00197311 0.00733762
8.08689e-10 0.00197814 0.00739988
8.0879e-10 0.00198315 0.00746282
8.08891e-10 0.00198815 0.00752643
8.08992e-10 0.00199313 0.00759073
8.09094e-10 0.0019981 0.00765573
8.09195e-10 0.00200305 0.00772143
8.09296e-10 0.00200798 0.00778785
8.09397e-10 0.0020129 0.00785499
8.09499e-10 0.00201779 0.00792286
8.096e-10 0.00202267 0.00799148
8.09701e-10 0.00202752 0.00806084
8.09803e-10 0.00203235 0.00813096
8.09904e-10 0.00203716 0.00820185
8.10005e-10 0.00204194 0.00827351
8.10106e-10 0.0020467 0.00834597
8.10208e-10 0.00205143 0.00841922
8.10309e-10 0.00205614 0.00849328
8.1041e-10 0.00206082 0.00856815
8.10511e-10 0.00206546 0.00864385
8.10613e-10 0.00207008 0.00872039
8.10714e-10 0.00207467 0.00879778
8.10815e-10 0.00207923 0.00887602
8.10916e-10 0.00208375 0.00895513
8.11018e-10 0.00208824 0.00903513
8.11119e-10 0.00209269 0.00911601
8.1122e-10 0.00209711 0.00919779
8.11322e-10 0.00210149 0.00928049
8.11423e-10 0.00210583 0.00936411
8.11524e-10 0.00211013 0.00944867
8.11625e-10 0.00211439 0.00953417
8.11727e-10 0.0021186 0.00962064
8.11828e-10 0.00212278 0.00970807
8.11929e-10 0.0021269 0.00979649
8.1203e-10 0.00213098 0.00988591
8.12132e-10 0.00213502 0.00997633
8.12233e-10 0.002139 0.0100678
8.12334e-10 0.00214293 0.0101603
8.12436e-10 0.00214682 0.0102538
8.12537e-10 0.00215064 0.0103484
8.12638e-10 0.00215442 0.010444
8.12739e-10 0.00215814 0.0105408
8.12841e-10 0.0021618 0.0106386
8.12942e-10 0.0021654 0.0107376
8.13043e-10 0.00216894 0.0108377
8.13144e-10 0.00217242 0.0109389
8.13246e-10 0.00217583 0.0110413
8.13347e-10 0.00217918 0.0111449
8.13448e-10 0.00218246 0.0112496
8.1355e-10 0.00218568 0.0113556
8.13651e-10 0.00218882 0.0114628
8.13752e-10 0.00219189 0.0115712
8.13853e-10 0.00219489 0.0116808
8.13955e-10 0.00219781 0.0117918
8.14056e-10 0.00220066 0.011904
8.14157e-10 0.00220342 0.0120175
8.14258e-10 0.00220611 0.0121323
8.1436e-10 0.00220871 0.0122484
8.14461e-10 0.00221123 0.0123659
8.14562e-10 0.00221366 0.0124848
8.14663e-10 0.00221601 0.012605
8.14765e-10 0.00221826 0.0127267
8.14866e-10 0.00222042 0.0128497
8.14967e-10 0.00222249 0.0129742
8.15069e-10 0.00222446 0.0131002
8.1517e-10 0.00222633 0.0132276
8.15271e-10 0.00222811 0.0133565
8.15372e-10 0.00222978 0.013487
8.15474e-10 0.00223134 0.0136189
8.15575e-10 0.0022328 0.0137525
8.15676e-10 0.00223415 0.0138876
8.15777e-10 0.00223539 0.0140242
8.15879e-10 0.00223652 0.0141625
8.1598e-10 0.00223753 0.0143025
8.16081e-10 0.00223842 0.014444
8.16183e-10 0.0022392 0.0145873
8.16284e-10 0.00223985 0.0147322
8.16385e-10 0.00224037 0.0148789
8.16486e-10 0.00224077 0.0150273
8.16588e-10 0.00224104 0.0151775
8.16689e-10 0.00224118 0.0153295
8.1679e-10 0.00224118 0.0154832
8.16891e-10 0.00224105 0.0156388
8.16993e-10 0.00224078 0.0157963
8.17094e-10 0.00224036 0.0159557
8.17195e-10 0.00223981 0.0161169
8.17296e-10 0.0022391 0.0162801
8.17398e-10 0.00223824 0.0164452
8.17499e-10 0.00223724 0.0166123
8.176e-10 0.00223607 0.0167815
8.17702e-10 0.00223476 0.0169526
8.17803e-10 0.00223328 0.0171258
8.17904e-10 0.00223163 0.0173011
8.18005e-10 0.00222983 0.0174785
8.18107e-10 0.00222785 0.0176581
8.18208e-10 0.0022257 0.0178398
8.18309e-10 0.00222338 0.0180237
8.1841e-10 0.00222088 0.0182099
8.18512e-10 0.00221821 0.0183983
8.18613e-10 0.00221535 0.0185889
8.18714e-10 0.00221231 0.0187819
8.18816e-10 0.00220907 0.0189772
8.18917e-10 0.00220565 0.0191749
8.19018e-10 0.00220204 0.0193751
8.19119e-10 0.00219823 0.0195776
8.19221e-10 0.00219421 0.0197826
8.19322e-10 0.00219 0.0199901
8.19423e-10 0.00218558 0.0202001
8.19524e-10 0.00218096 0.0204127
8.19626e-10 0.00217612 0.0206279
8.19727e-10 0.00217107 0.0208458
8.19828e-10 0.0021658 0.0210663
8.1993e-10 0.00216032 0.0212894
8.20031e-10 0.00215461 0.0215154
8.20132e-10 0.00214868 0.0217441
8.20233e-10 0.00214251 0.0219756
8.20335e-10 0.00213612 0.0222099
8.20436e-10 0.00212949 0.0224471
8.20537e-10 0.00212263 0.0226873
8.20638e-10 0.00211553 0.0229303
8.2074e-10 0.00210818 0.0231764
8.20841e-10 0.00210059 0.0234255
8.20942e-10 0.00209275 0.0236777
8.21043e-10 0.00208466 0.023933
8.21145e-10 0.00207632 0.0241914
8.21246e-10 0.00206772 0.0244531
8.21347e-10 0.00205887 0.0247179
8.21449e-10 0.00204975 0.024986
8.2155e-10 0.00204037 0.0252575
8.21651e-10 0.00203072 0.0255323
8.21752e-10 0.0020208 0.0258104
8.21854e-10 0.00201062 0.0260921
8.21955e-10 0.00200016 0.0263772
8.22056e-10 0.00198942 0.0266658
8.22157e-10 0.00197841 0.0269581
8.22259e-10 0.00196711 0.0272539
8.2236e-10 0.00195554 0.0275534
8.22461e-10 0.00194368 0.0278567
8.22563e-10 0.00193153 0.0281636
8.22664e-10 0.0019191 0.0284744
8.22765e-10 0.00190638 0.0287891
8.22866e-10 0.00189336 0.0291076
8.22968e-10 0.00188006 0.0294301
8.23069e-10 0.00186646 0.0297567
8.2317e-10 0.00185256 0.0300872
8.23271e-10 0.00183837 0.0304219
8.23373e-10 0.00182389 0.0307607
8.23474e-10 0.0018091 0.0311038
8.23575e-10 0.00179402 0.031451
8.23677e-10 0.00177863 0.0318027
8.23778e-10 0.00176295 0.0321586
8.23879e-10 0.00174697 0.032519
8.2398e-10 0.00173069 0.0328839
8.24082e-10 0.0017141 0.0332533
8.24183e-10 0.00169722 0.0336273
8.24284e-10 0.00168004 0.0340059
8.24385e-10 0.00166257 0.0343892
8.24487e-10 0.00164479 0.0347773
8.24588e-10 0.00162673 0.0351702
8.24689e-10 0.00160836 0.035568
8.2479e-10 0.00158971 0.0359707
8.24892e-10 0.00157076 0.0363784
8.24993e-10 0.00155153 0.0367911
8.25094e-10 0.00153201 0.037209
8.25196e-10 0.00151221 0.037632
8.25297e-10 0.00149214 0.0380602
8.25398e-10 0.00147178 0.0384938
8.25499e-10 0.00145116 0.0389327
8.25601e-10 0.00143027 0.039377
8.25702e-10 0.00140911 0.0398268
8.25803e-10 0.0013877 0.0402822
8.25904e-10 0.00136604 0.0407432
8.26006e-10 0.00134414 0.0412098
8.26107e-10 0.00132199 0.0416822
8.26208e-10 0.00129961 0.0421604
8.2631e-10 0.00127701 0.0426445
8.26411e-10 0.00125418 0.0431345
8.26512e-10 0.00123115 0.0436305
8.26613e-10 0.00120792 0.0441326
8.26715e-10 0.0011845 0.0446409
8.26816e-10 0.0011609 0.0451553
8.26917e-10 0.00113713 0.0456761
8.27018e-10 0.0011132 0.0462031
8.2712e-10 0.00108912 0.0467366
8.27221e-10 0.00106491 0.0472766
8.27322e-10 0.00104057 0.0478232
8.27424e-10 0.00101613 0.0483763
8.27525e-10 0.0009916 0.0489362
8.27626e-10 0.00096699 0.0495029
8.27727e-10 0.000942318 0.0500763
8.27829e-10 0.000917601 0.0506567
8.2793e-10 0.000892859 0.0512441
8.28031e-10 0.000868109 0.0518385
8.28132e-10 0.000843371 0.0524401
8.28234e-10 0.000818666 0.0530488
8.28335e-10 0.000794016 0.0536648
8.28436e-10 0.000769441 0.0542882
8.28537e-10 0.000744968 0.0549189
8.28639e-10 0.000720619 0.0555571
8.2874e-10 0.000696421 0.0562029
8.28841e-10 0.0006724 0.0568563
8.28943e-10 0.000648585 0.0575174
8.29044e-10 0.000625005 0.0581863
8.29145e-10 0.00060169 0.058863
8.29246e-10 0.000578673 0.0595476
8.29348e-10 0.000555985 0.0602402
8.29449e-10 0.000533662 0.0609409
8.2955e-10 0.000511739 0.0616496
8.29651e-10 0.000490254 0.0623665
8.29753e-10 0.000469246 0.0630917
8.29854e-10 0.000448755 0.0638252
8.29955e-10 0.000428822 0.0645671
8.30057e-10 0.000409491 0.0653174
8.30158e-10 0.000390809 0.0660763
8.30259e-10 0.00037282 0.0668437
8.3036e-10 0.000355575 0.0676198
8.30462e-10 0.000339123 0.0684045
8.30563e-10 0.000323518 0.0691981
8.30664e-10 0.000308813 0.0700005
8.30765e-10 0.000295065 0.0708118
8.30867e-10 0.000282332 0.071632
8.30968e-10 0.000270674 0.0724612
8.31069e-10 0.000260155 0.0732995
8.31171e-10 0.000250838 0.0741469
8.31272e-10 0.000242792 0.0750034
8.31373e-10 0.000236085 0.0758692
8.31474e-10 0.000230788 0.0767442
8.31576e-10 0.000226977 0.0776286
8.31677e-10 0.000224728 0.0785223
8.31778e-10 0.00022412 0.0794254
8.31879e-10 0.000225236 0.0803379
8.31981e-10 0.000228158 0.0812599
8.32082e-10 0.000232975 0.0821915
8.32183e-10 0.000239778 0.0831325
8.32284e-10 0.000248658 0.0840832
8.32386e-10 0.000259712 0.0850434
8.32487e-10 0.000273039 0.0860133
8.32588e-10 0.000288741 0.0869929
8.3269e-10 0.000306923 0.0879821
8.32791e-10 0.000327693 0.088981
8.32892e-10 0.000351164 0.0899896
8.32993e-10 0.00037745 0.0910079
8.33095e-10 0.000406669 0.0920359
8.33196e-10 0.000438944 0.0930736
8.33297e-10 0.0004744 0.0941211
8.33398e-10 0.000513166 0.0951782
8.335e-10 0.000555375 0.096245
8.33601e-10 0.000601164 0.0973215
8.33702e-10 0.000650672 0.0984077
8.33804e-10 0.000704045 0.0995035
8.33905e-10 0.000761431 0.100609
8.34006e-10 0.000822981 0.101724
8.34107e-10 0.000888852 0.102848
8.34209e-10 0.000959205 0.103982
8.3431e-10 0.0010342 0.105125
8.34411e-10 0.00111402 0.106278
8.34512e-10 0.00119882 0.10744
8.34614e-10 0.00128879 0.108611
8.34715e-10 0.00138411 0.109792
8.34816e-10 0.00148496 0.110981
8.34917e-10 0.00159154 0.11218
8.35019e-10 0.00170404 0.113387
8.3512e-10 0.00182267 0.114603
8.35221e-10 0.00194762 0.115827
8.35323e-10 0.00207911 0.117061
8.35424e-10 0.00221735 0.118302
8.35525e-10 0.00236256 0.119552
8.35626e-10 0.00251496 0.12081
8.35728e-10 0.00267479 0.122076
8.35829e-10 0.00284228 0.12335
8.3593e-10 0.00301766 0.124631
8.36031e-10 0.00320118 0.12592
8.36133e-10 0.00339309 0.127216
8.36234e-10 0.00359364 0.128519
8.36335e-10 0.00380309 0.129828
8.36437e-10 0.0040217 0.131145
8.36538e-10 0.00424973 0.132467
8.36639e-10 0.00448747 0.133796
8.3674e-10 0.00473519 0.135131
8.36842e-10 0.00499316 0.136471
8.36943e-10 0.00526168 0.137817
8.37044e-10 0.00554104 0.139167
8.37145e-10 0.00583153 0.140523
8.37247e-10 0.00613345 0.141882
8.37348e-10 0.0064471 0.143246
8.37449e-10 0.0067728 0.144613
8.37551e-10 0.00711085 0.145984
8.37652e-10 0.00746157 0.147358
8.37753e-10 0.00782528 0.148734
8.37854e-10 0.00820231 0.150112
8.37956e-10 0.00859297 0.151493
8.38057e-10 0.00899761 0.152874
8.38158e-10 0.00941655 0.154257
8.38259e-10 0.00985012 0.15564
8.38361e-10 0.0102987 0.157022
8.38462e-10 0.0107626 0.158405
8.38563e-10 0.0112421 0.159786
8.38664e-10 0.0117376 0.161166
8.38766e-10 0.0122495 0.162544
8.38867e-10 0.0127781 0.163919
8.38968e-10 0.0133237 0.165291
8.3907e-10 0.0138868 0.16666
8.39171e-10 0.0144676 0.168024
8.39272e-10 0.0150664 0.169383
8.39373e-10 0.0156837 0.170736
8.39475e-10 0.0163199 0.172084
8.39576e-10 0.0169751 0.173424
8.39677e-10 0.0176498 0.174757
8.39778e-10 0.0183444 0.176082
8.3988e-10 0.0190591 0.177397
