6.9e-10 0.0292509 0.0762568
6.90101e-10 0.02911 0.0756391
6.90203e-10 0.0289703 0.075021
6.90304e-10 0.0288317 0.0744027
6.90405e-10 0.0286939 0.0737843
6.90506e-10 0.028557 0.0731661
6.90608e-10 0.0284207 0.0725482
6.90709e-10 0.028285 0.0719309
6.9081e-10 0.0281498 0.0713143
6.90911e-10 0.0280149 0.0706985
6.91013e-10 0.0278803 0.0700838
6.91114e-10 0.0277459 0.0694702
6.91215e-10 0.0276116 0.068858
6.91317e-10 0.0274774 0.0682473
6.91418e-10 0.0273432 0.0676381
6.91519e-10 0.0272089 0.0670308
6.9162e-10 0.0270745 0.0664253
6.91722e-10 0.0269399 0.0658218
6.91823e-10 0.0268051 0.0652204
6.91924e-10 0.0266701 0.0646213
6.92025e-10 0.0265348 0.0640246
6.92127e-10 0.0263992 0.0634303
6.92228e-10 0.0262633 0.0628386
6.92329e-10 0.026127 0.0622495
6.9243e-10 0.0259903 0.0616632
6.92532e-10 0.0258533 0.0610797
6.92633e-10 0.0257159 0.0604992
6.92734e-10 0.0255781 0.0599217
6.92836e-10 0.0254399 0.0593473
6.92937e-10 0.0253013 0.058776
6.93038e-10 0.0251623 0.058208
6.93139e-10 0.0250228 0.0576433
6.93241e-10 0.024883 0.057082
6.93342e-10 0.0247428 0.0565241
6.93443e-10 0.0246022 0.0559696
6.93544e-10 0.0244612 0.0554187
6.93646e-10 0.0243199 0.0548714
6.93747e-10 0.0241782 0.0543277
6.93848e-10 0.0240362 0.0537878
6.9395e-10 0.0238939 0.0532515
6.94051e-10 0.0237512 0.052719
6.94152e-10 0.0236083 0.0521902
6.94253e-10 0.0234651 0.0516653
6.94355e-10 0.0233217 0.0511443
6.94456e-10 0.023178 0.0506272
6.94557e-10 0.0230342 0.0501139
6.94658e-10 0.0228901 0.0496046
6.9476e-10 0.0227459 0.0490993
6.94861e-10 0.0226016 0.0485979
6.94962e-10 0.0224571 0.0481006
6.95064e-10 0.0223125 0.0476072
6.95165e-10 0.0221679 0.0471179
6.95266e-10 0.0220233 0.0466326
6.95367e-10 0.0218786 0.0461513
6.95469e-10 0.0217339 0.0456741
6.9557e-10 0.0215892 0.0452009
6.95671e-10 0.0214446 0.0447318
6.95772e-10 0.0213001 0.0442667
6.95874e-10 0.0211556 0.0438058
6.95975e-10 0.0210113 0.0433488
6.96076e-10 0.0208671 0.042896
6.96177e-10 0.0207231 0.0424472
6.96279e-10 0.0205793 0.0420024
6.9638e-10 0.0204357 0.0415617
6.96481e-10 0.0202923 0.041125
6.96583e-10 0.0201492 0.0406923
6.96684e-10 0.0200064 0.0402637
6.96785e-10 0.0198638 0.0398391
6.96886e-10 0.0197216 0.0394184
6.96988e-10 0.0195797 0.0390018
6.97089e-10 0.0194382 0.0385891
6.9719e-10 0.0192971 0.0381804
6.97291e-10 0.0191563 0.0377756
6.97393e-10 0.019016 0.0373747
6.97494e-10 0.0188761 0.0369777
6.97595e-10 0.0187367 0.0365847
6.97697e-10 0.0185977 0.0361955
6.97798e-10 0.0184593 0.0358101
6.97899e-10 0.0183213 0.0354286
6.98e-10 0.0181838 0.0350508
6.98102e-10 0.0180469 0.0346769
6.98203e-10 0.0179106 0.0343067
6.98304e-10 0.0177748 0.0339403
6.98405e-10 0.0176396 0.0335776
6.98507e-10 0.017505 0.0332186
6.98608e-10 0.017371 0.0328632
6.98709e-10 0.0172376 0.0325116
6.9881e-10 0.0171049 0.0321635
6.98912e-10 0.0169727 0.031819
6.99013e-10 0.0168413 0.0314781
6.99114e-10 0.0167105 0.0311408
6.99216e-10 0.0165804 0.030807
6.99317e-10 0.016451 0.0304767
6.99418e-10 0.0163223 0.0301498
6.99519e-10 0.0161943 0.0298264
6.99621e-10 0.016067 0.0295065
6.99722e-10 0.0159404 0.0291899
6.99823e-10 0.0158146 0.0288766
6.99924e-10 0.0156895 0.0285668
7.00026e-10 0.0155652 0.0282602
7.00127e-10 0.0154416 0.0279569
7.00228e-10 0.0153188 0.0276568
7.0033e-10 0.0151967 0.02736
7.00431e-10 0.0150754 0.0270664
7.00532e-10 0.0149549 0.026776
7.00633e-10 0.0148351 0.0264887
7.00735e-10 0.0147162 0.0262045
7.00836e-10 0.014598 0.0259234
7.00937e-10 0.0144806 0.0256454
7.01038e-10 0.0143641 0.0253704
7.0114e-10 0.0142483 0.0250984
7.01241e-10 0.0141333 0.0248293
7.01342e-10 0.0140192 0.0245633
7.01444e-10 0.0139058 0.0243001
7.01545e-10 0.0137933 0.0240399
7.01646e-10 0.0136815 0.0237825
7.01747e-10 0.0135706 0.0235279
7.01849e-10 0.0134605 0.0232762
7.0195e-10 0.0133512 0.0230272
7.02051e-10 0.0132427 0.022781
7.02152e-10 0.0131351 0.0225375
7.02254e-10 0.0130282 0.0222967
7.02355e-10 0.0129222 0.0220586
7.02456e-10 0.012817 0.0218232
7.02557e-10 0.0127126 0.0215903
7.02659e-10 0.012609 0.0213601
7.0276e-10 0.0125062 0.0211324
7.02861e-10 0.0124043 0.0209073
7.02963e-10 0.0123031 0.0206846
7.03064e-10 0.0122028 0.0204645
7.03165e-10 0.0121033 0.0202468
7.03266e-10 0.0120045 0.0200316
7.03368e-10 0.0119066 0.0198188
7.03469e-10 0.0118095 0.0196083
7.0357e-10 0.0117132 0.0194002
7.03671e-10 0.0116176 0.0191945
7.03773e-10 0.0115229 0.018991
7.03874e-10 0.0114289 0.0187899
7.03975e-10 0.0113358 0.018591
7.04077e-10 0.0112434 0.0183943
7.04178e-10 0.0111518 0.0181999
7.04279e-10 0.011061 0.0180076
7.0438e-10 0.010971 0.0178176
7.04482e-10 0.0108817 0.0176296
7.04583e-10 0.0107932 0.0174438
7.04684e-10 0.0107055 0.01726
7.04785e-10 0.0106185 0.0170784
7.04887e-10 0.0105323 0.0168987
7.04988e-10 0.0104468 0.0167211
7.05089e-10 0.0103621 0.0165455
7.05191e-10 0.0102781 0.0163719
7.05292e-10 0.0101948 0.0162002
7.05393e-10 0.0101123 0.0160305
7.05494e-10 0.0100306 0.0158627
7.05596e-10 0.00994952 0.0156968
7.05697e-10 0.00986919 0.0155327
7.05798e-10 0.00978958 0.0153705
7.05899e-10 0.00971068 0.0152102
7.06001e-10 0.0096325 0.0150516
7.06102e-10 0.00955501 0.0148948
7.06203e-10 0.00947822 0.0147398
7.06304e-10 0.00940213 0.0145866
7.06406e-10 0.00932672 0.014435
7.06507e-10 0.009252 0.0142852
7.06608e-10 0.00917796 0.0141371
7.0671e-10 0.0091046 0.0139906
7.06811e-10 0.0090319 0.0138458
7.06912e-10 0.00895987 0.0137026
7.07013e-10 0.00888849 0.013561
7.07115e-10 0.00881777 0.013421
7.07216e-10 0.0087477 0.0132826
7.07317e-10 0.00867828 0.0131458
7.07418e-10 0.0086095 0.0130105
7.0752e-10 0.00854135 0.0128767
7.07621e-10 0.00847383 0.0127444
7.07722e-10 0.00840693 0.0126136
7.07824e-10 0.00834065 0.0124842
7.07925e-10 0.00827499 0.0123563
7.08026e-10 0.00820994 0.0122299
7.08127e-10 0.00814549 0.0121048
7.08229e-10 0.00808164 0.0119812
7.0833e-10 0.00801839 0.0118589
7.08431e-10 0.00795572 0.0117381
7.08532e-10 0.00789364 0.0116185
7.08634e-10 0.00783214 0.0115003
7.08735e-10 0.00777122 0.0113835
7.08836e-10 0.00771086 0.0112679
7.08938e-10 0.00765107 0.0111536
7.09039e-10 0.00759183 0.0110406
7.0914e-10 0.00753316 0.0109288
7.09241e-10 0.00747503 0.0108183
7.09343e-10 0.00741744 0.0107091
7.09444e-10 0.0073604 0.010601
7.09545e-10 0.00730389 0.0104942
7.09646e-10 0.00724791 0.0103885
7.09748e-10 0.00719246 0.010284
7.09849e-10 0.00713752 0.0101807
7.0995e-10 0.00708311 0.0100785
7.10051e-10 0.0070292 0.00997742
7.10153e-10 0.0069758 0.00987749
7.10254e-10 0.0069229 0.00977866
7.10355e-10 0.0068705 0.00968092
7.10457e-10 0.0068186 0.00958426
7.10558e-10 0.00676718 0.00948867
7.10659e-10 0.00671624 0.00939413
7.1076e-10 0.00666578 0.00930064
7.10862e-10 0.00661579 0.00920817
7.10963e-10 0.00656628 0.00911672
7.11064e-10 0.00651723 0.00902628
7.11165e-10 0.00646864 0.00893683
7.11267e-10 0.00642051 0.00884837
7.11368e-10 0.00637282 0.00876087
7.11469e-10 0.00632559 0.00867433
7.11571e-10 0.0062788 0.00858875
7.11672e-10 0.00623245 0.00850409
7.11773e-10 0.00618653 0.00842037
7.11874e-10 0.00614104 0.00833755
7.11976e-10 0.00609598 0.00825565
7.12077e-10 0.00605134 0.00817463
7.12178e-10 0.00600712 0.0080945
7.12279e-10 0.00596331 0.00801524
7.12381e-10 0.00591991 0.00793684
7.12482e-10 0.00587692 0.00785929
7.12583e-10 0.00583433 0.00778258
7.12684e-10 0.00579213 0.00770671
7.12786e-10 0.00575033 0.00763166
7.12887e-10 0.00570892 0.00755742
7.12988e-10 0.0056679 0.00748398
7.1309e-10 0.00562726 0.00741134
7.13191e-10 0.00558699 0.00733948
7.13292e-10 0.0055471 0.00726839
7.13393e-10 0.00550758 0.00719807
7.13495e-10 0.00546843 0.00712851
7.13596e-10 0.00542964 0.0070597
7.13697e-10 0.00539121 0.00699162
7.13798e-10 0.00535314 0.00692427
7.139e-10 0.00531542 0.00685765
7.14001e-10 0.00527804 0.00679174
7.14102e-10 0.00524102 0.00672653
7.14204e-10 0.00520433 0.00666202
7.14305e-10 0.00516798 0.0065982
7.14406e-10 0.00513197 0.00653506
7.14507e-10 0.00509629 0.0064726
7.14609e-10 0.00506094 0.00641079
7.1471e-10 0.00502591 0.00634965
7.14811e-10 0.00499121 0.00628915
7.14912e-10 0.00495682 0.00622929
7.15014e-10 0.00492275 0.00617007
7.15115e-10 0.00488898 0.00611148
7.15216e-10 0.00485553 0.0060535
7.15318e-10 0.00482239 0.00599614
7.15419e-10 0.00478954 0.00593938
7.1552e-10 0.004757 0.00588322
7.15621e-10 0.00472475 0.00582765
7.15723e-10 0.00469279 0.00577266
7.15824e-10 0.00466113 0.00571826
7.15925e-10 0.00462975 0.00566442
7.16026e-10 0.00459866 0.00561115
7.16128e-10 0.00456785 0.00555843
7.16229e-10 0.00453731 0.00550627
7.1633e-10 0.00450705 0.00545465
7.16431e-10 0.00447707 0.00540356
7.16533e-10 0.00444736 0.00535302
7.16634e-10 0.00441791 0.00530299
7.16735e-10 0.00438873 0.00525349
7.16837e-10 0.00435981 0.0052045
7.16938e-10 0.00433114 0.00515602
7.17039e-10 0.00430274 0.00510804
7.1714e-10 0.00427459 0.00506056
7.17242e-10 0.00424669 0.00501356
7.17343e-10 0.00421904 0.00496706
7.17444e-10 0.00419164 0.00492103
7.17545e-10 0.00416448 0.00487548
7.17647e-10 0.00413756 0.00483039
7.17748e-10 0.00411088 0.00478577
7.17849e-10 0.00408444 0.00474161
7.17951e-10 0.00405823 0.0046979
7.18052e-10 0.00403225 0.00465463
7.18153e-10 0.0040065 0.00461181
7.18254e-10 0.00398098 0.00456943
7.18356e-10 0.00395569 0.00452747
7.18457e-10 0.00393061 0.00448595
7.18558e-10 0.00390576 0.00444485
7.18659e-10 0.00388112 0.00440416
7.18761e-10 0.0038567 0.00436389
7.18862e-10 0.00383249 0.00432403
7.18963e-10 0.0038085 0.00428457
7.19065e-10 0.00378471 0.00424551
7.19166e-10 0.00376113 0.00420684
7.19267e-10 0.00373776 0.00416857
7.19368e-10 0.00371459 0.00413068
7.1947e-10 0.00369162 0.00409317
7.19571e-10 0.00366885 0.00405604
7.19672e-10 0.00364627 0.00401928
7.19773e-10 0.00362389 0.00398289
7.19875e-10 0.0036017 0.00394686
7.19976e-10 0.00357971 0.00391119
7.20077e-10 0.0035579 0.00387588
7.20178e-10 0.00353628 0.00384093
7.2028e-10 0.00351485 0.00380632
7.20381e-10 0.0034936 0.00377205
7.20482e-10 0.00347253 0.00373813
7.20584e-10 0.00345164 0.00370454
7.20685e-10 0.00343092 0.00367129
7.20786e-10 0.00341039 0.00363836
7.20887e-10 0.00339003 0.00360576
7.20989e-10 0.00336984 0.00357348
7.2109e-10 0.00334982 0.00354152
7.21191e-10 0.00332997 0.00350988
7.21292e-10 0.00331029 0.00347855
7.21394e-10 0.00329078 0.00344752
7.21495e-10 0.00327143 0.0034168
7.21596e-10 0.00325224 0.00338638
7.21698e-10 0.00323321 0.00335626
7.21799e-10 0.00321434 0.00332643
7.219e-10 0.00319563 0.00329689
7.22001e-10 0.00317708 0.00326764
7.22103e-10 0.00315868 0.00323868
7.22204e-10 0.00314044 0.00321
7.22305e-10 0.00312234 0.00318159
7.22406e-10 0.0031044 0.00315347
7.22508e-10 0.0030866 0.00312561
7.22609e-10 0.00306896 0.00309802
7.2271e-10 0.00305145 0.0030707
7.22812e-10 0.0030341 0.00304365
7.22913e-10 0.00301688 0.00301685
7.23014e-10 0.00299981 0.00299032
7.23115e-10 0.00298288 0.00296403
7.23217e-10 0.00296608 0.002938
7.23318e-10 0.00294943 0.00291222
7.23419e-10 0.00293291 0.00288669
7.2352e-10 0.00291652 0.0028614
7.23622e-10 0.00290027 0.00283635
7.23723e-10 0.00288415 0.00281154
7.23824e-10 0.00286817 0.00278697
7.23925e-10 0.00285231 0.00276263
7.24027e-10 0.00283658 0.00273852
7.24128e-10 0.00282098 0.00271464
7.24229e-10 0.0028055 0.00269099
7.24331e-10 0.00279015 0.00266756
7.24432e-10 0.00277492 0.00264435
7.24533e-10 0.00275981 0.00262136
7.24634e-10 0.00274483 0.00259858
7.24736e-10 0.00272996 0.00257603
7.24837e-10 0.00271522 0.00255368
7.24938e-10 0.00270059 0.00253154
7.25039e-10 0.00268608 0.00250961
7.25141e-10 0.00267169 0.00248789
7.25242e-10 0.00265741 0.00246637
7.25343e-10 0.00264324 0.00244505
7.25445e-10 0.00262918 0.00242393
7.25546e-10 0.00261524 0.002403
7.25647e-10 0.00260141 0.00238227
7.25748e-10 0.00258768 0.00236173
7.2585e-10 0.00257407 0.00234139
7.25951e-10 0.00256056 0.00232123
7.26052e-10 0.00254716 0.00230125
7.26153e-10 0.00253386 0.00228147
7.26255e-10 0.00252067 0.00226186
7.26356e-10 0.00250758 0.00224244
7.26457e-10 0.00249459 0.00222319
7.26559e-10 0.0024817 0.00220412
7.2666e-10 0.00246892 0.00218522
7.26761e-10 0.00245623 0.0021665
7.26862e-10 0.00244364 0.00214795
7.26964e-10 0.00243115 0.00212957
7.27065e-10 0.00241876 0.00211136
7.27166e-10 0.00240646 0.00209331
7.27267e-10 0.00239426 0.00207543
7.27369e-10 0.00238215 0.00205771
7.2747e-10 0.00237014 0.00204015
7.27571e-10 0.00235821 0.00202275
7.27672e-10 0.00234638 0.0020055
7.27774e-10 0.00233464 0.00198842
7.27875e-10 0.00232299 0.00197148
7.27976e-10 0.00231143 0.0019547
7.28078e-10 0.00229996 0.00193807
7.28179e-10 0.00228857 0.00192159
7.2828e-10 0.00227727 0.00190526
7.28381e-10 0.00226606 0.00188908
7.28483e-10 0.00225493 0.00187304
7.28584e-10 0.00224388 0.00185714
7.28685e-10 0.00223292 0.00184138
7.28786e-10 0.00222205 0.00182577
7.28888e-10 0.00221125 0.00181029
7.28989e-10 0.00220054 0.00179495
7.2909e-10 0.0021899 0.00177975
7.29192e-10 0.00217935 0.00176468
7.29293e-10 0.00216888 0.00174975
7.29394e-10 0.00215848 0.00173495
7.29495e-10 0.00214816 0.00172028
7.29597e-10 0.00213792 0.00170573
7.29698e-10 0.00212776 0.00169132
7.29799e-10 0.00211767 0.00167703
7.299e-10 0.00210766 0.00166287
7.30002e-10 0.00209772 0.00164883
7.30103e-10 0.00208785 0.00163492
7.30204e-10 0.00207806 0.00162113
7.30305e-10 0.00206834 0.00160745
7.30407e-10 0.0020587 0.0015939
7.30508e-10 0.00204912 0.00158046
7.30609e-10 0.00203961 0.00156715
7.30711e-10 0.00203018 0.00155394
7.30812e-10 0.00202081 0.00154086
7.30913e-10 0.00201152 0.00152788
7.31014e-10 0.00200229 0.00151502
7.31116e-10 0.00199313 0.00150227
7.31217e-10 0.00198403 0.00148963
7.31318e-10 0.00197501 0.00147709
7.31419e-10 0.00196604 0.00146467
7.31521e-10 0.00195715 0.00145235
7.31622e-10 0.00194832 0.00144014
7.31723e-10 0.00193955 0.00142803
7.31825e-10 0.00193085 0.00141603
7.31926e-10 0.00192221 0.00140413
7.32027e-10 0.00191363 0.00139233
7.32128e-10 0.00190511 0.00138063
7.3223e-10 0.00189666 0.00136903
7.32331e-10 0.00188827 0.00135753
7.32432e-10 0.00187994 0.00134612
7.32533e-10 0.00187167 0.00133481
7.32635e-10 0.00186345 0.0013236
7.32736e-10 0.0018553 0.00131249
7.32837e-10 0.00184721 0.00130146
7.32939e-10 0.00183917 0.00129053
7.3304e-10 0.00183119 0.0012797
7.33141e-10 0.00182327 0.00126895
7.33242e-10 0.0018154 0.00125829
7.33344e-10 0.0018076 0.00124773
7.33445e-10 0.00179984 0.00123725
7.33546e-10 0.00179215 0.00122686
7.33647e-10 0.0017845 0.00121655
7.33749e-10 0.00177691 0.00120633
7.3385e-10 0.00176938 0.0011962
7.33951e-10 0.0017619 0.00118615
7.34052e-10 0.00175447 0.00117619
7.34154e-10 0.0017471 0.0011663
7.34255e-10 0.00173977 0.0011565
7.34356e-10 0.0017325 0.00114678
7.34458e-10 0.00172528 0.00113714
7.34559e-10 0.00171812 0.00112758
7.3466e-10 0.001711 0.0011181
7.34761e-10 0.00170393 0.00110869
7.34863e-10 0.00169691 0.00109937
7.34964e-10 0.00168994 0.00109012
7.35065e-10 0.00168302 0.00108094
7.35166e-10 0.00167615 0.00107184
7.35268e-10 0.00166933 0.00106282
7.35369e-10 0.00166256 0.00105387
7.3547e-10 0.00165583 0.00104499
7.35572e-10 0.00164915 0.00103618
7.35673e-10 0.00164251 0.00102745
7.35774e-10 0.00163593 0.00101879
7.35875e-10 0.00162939 0.00101019
7.35977e-10 0.00162289 0.00100167
7.36078e-10 0.00161644 0.000993214
7.36179e-10 0.00161003 0.000984827
7.3628e-10 0.00160367 0.000976508
7.36382e-10 0.00159736 0.000968256
7.36483e-10 0.00159109 0.00096007
7.36584e-10 0.00158486 0.00095195
7.36686e-10 0.00157867 0.000943895
7.36787e-10 0.00157253 0.000935904
7.36888e-10 0.00156643 0.000927977
7.36989e-10 0.00156037 0.000920114
7.37091e-10 0.00155435 0.000912313
7.37192e-10 0.00154838 0.000904575
7.37293e-10 0.00154245 0.000896898
7.37394e-10 0.00153655 0.000889282
7.37496e-10 0.0015307 0.000881726
7.37597e-10 0.00152489 0.000874231
7.37698e-10 0.00151912 0.000866794
7.37799e-10 0.00151339 0.000859417
7.37901e-10 0.0015077 0.000852097
7.38002e-10 0.00150205 0.000844836
7.38103e-10 0.00149643 0.000837631
7.38205e-10 0.00149086 0.000830483
7.38306e-10 0.00148532 0.000823391
7.38407e-10 0.00147982 0.000816355
7.38508e-10 0.00147436 0.000809374
7.3861e-10 0.00146894 0.000802448
7.38711e-10 0.00146355 0.000795575
7.38812e-10 0.00145821 0.000788757
7.38913e-10 0.00145289 0.000781991
7.39015e-10 0.00144762 0.000775278
7.39116e-10 0.00144238 0.000768618
7.39217e-10 0.00143717 0.000762008
7.39319e-10 0.00143201 0.000755451
7.3942e-10 0.00142687 0.000748944
7.39521e-10 0.00142178 0.000742487
7.39622e-10 0.00141671 0.00073608
7.39724e-10 0.00141169 0.000729723
7.39825e-10 0.00140669 0.000723414
7.39926e-10 0.00140173 0.000717154
7.40027e-10 0.00139681 0.000710943
7.40129e-10 0.00139192 0.000704779
7.4023e-10 0.00138706 0.000698662
7.40331e-10 0.00138223 0.000692592
7.40433e-10 0.00137744 0.000686568
7.40534e-10 0.00137268 0.000680591
7.40635e-10 0.00136795 0.000674659
7.40736e-10 0.00136326 0.000668772
7.40838e-10 0.0013586 0.000662931
7.40939e-10 0.00135397 0.000657133
7.4104e-10 0.00134937 0.00065138
7.41141e-10 0.0013448 0.00064567
7.41243e-10 0.00134026 0.000640004
7.41344e-10 0.00133576 0.00063438
7.41445e-10 0.00133128 0.000628799
7.41546e-10 0.00132684 0.00062326
7.41648e-10 0.00132243 0.000617763
7.41749e-10 0.00131804 0.000612307
7.4185e-10 0.00131369 0.000606892
7.41952e-10 0.00130936 0.000601518
7.42053e-10 0.00130507 0.000596185
7.42154e-10 0.00130081 0.000590891
7.42255e-10 0.00129657 0.000585637
7.42357e-10 0.00129236 0.000580423
7.42458e-10 0.00128819 0.000575247
7.42559e-10 0.00128404 0.00057011
7.4266e-10 0.00127991 0.000565012
7.42762e-10 0.00127582 0.000559951
7.42863e-10 0.00127176 0.000554928
7.42964e-10 0.00126772 0.000549942
7.43066e-10 0.00126371 0.000544994
7.43167e-10 0.00125973 0.000540082
7.43268e-10 0.00125578 0.000535207
7.43369e-10 0.00125185 0.000530367
7.43471e-10 0.00124795 0.000525564
7.43572e-10 0.00124408 0.000520796
7.43673e-10 0.00124023 0.000516063
7.43774e-10 0.00123641 0.000511366
7.43876e-10 0.00123262 0.000506702
7.43977e-10 0.00122885 0.000502074
7.44078e-10 0.00122511 0.000497479
7.44179e-10 0.00122139 0.000492918
7.44281e-10 0.0012177 0.00048839
7.44382e-10 0.00121404 0.000483896
7.44483e-10 0.0012104 0.000479435
7.44585e-10 0.00120678 0.000475006
7.44686e-10 0.00120319 0.00047061
7.44787e-10 0.00119963 0.000466246
7.44888e-10 0.00119609 0.000461914
7.4499e-10 0.00119257 0.000457613
7.45091e-10 0.00118908 0.000453344
7.45192e-10 0.00118562 0.000449106
7.45293e-10 0.00118218 0.000444899
7.45395e-10 0.00117876 0.000440722
7.45496e-10 0.00117536 0.000436576
7.45597e-10 0.00117199 0.00043246
7.45699e-10 0.00116865 0.000428374
7.458e-10 0.00116532 0.000424317
7.45901e-10 0.00116202 0.00042029
7.46002e-10 0.00115874 0.000416292
7.46104e-10 0.00115549 0.000412323
7.46205e-10 0.00115226 0.000408383
7.46306e-10 0.00114905 0.000404471
7.46407e-10 0.00114587 0.000400588
7.46509e-10 0.0011427 0.000396732
7.4661e-10 0.00113956 0.000392905
7.46711e-10 0.00113644 0.000389105
7.46813e-10 0.00113335 0.000385332
7.46914e-10 0.00113027 0.000381587
7.47015e-10 0.00112722 0.000377868
7.47116e-10 0.00112419 0.000374177
7.47218e-10 0.00112118 0.000370512
7.47319e-10 0.00111819 0.000366873
7.4742e-10 0.00111522 0.000363261
7.47521e-10 0.00111228 0.000359674
7.47623e-10 0.00110936 0.000356113
7.47724e-10 0.00110645 0.000352578
7.47825e-10 0.00110357 0.000349068
7.47926e-10 0.00110071 0.000345584
7.48028e-10 0.00109787 0.000342124
7.48129e-10 0.00109505 0.000338689
7.4823e-10 0.00109225 0.000335279
7.48332e-10 0.00108947 0.000331893
7.48433e-10 0.00108671 0.000328532
7.48534e-10 0.00108397 0.000325194
7.48635e-10 0.00108125 0.000321881
7.48737e-10 0.00107855 0.000318591
7.48838e-10 0.00107588 0.000315325
7.48939e-10 0.00107322 0.000312082
7.4904e-10 0.00107058 0.000308862
7.49142e-10 0.00106796 0.000305666
7.49243e-10 0.00106536 0.000302492
7.49344e-10 0.00106278 0.000299341
7.49446e-10 0.00106021 0.000296213
7.49547e-10 0.00105767 0.000293107
7.49648e-10 0.00105515 0.000290024
7.49749e-10 0.00105264 0.000286962
7.49851e-10 0.00105016 0.000283922
7.49952e-10 0.00104769 0.000280904
7.50053e-10 0.00104524 0.000277908
7.50154e-10 0.00104281 0.000274933
7.50256e-10 0.0010404 0.00027198
7.50357e-10 0.00103801 0.000269048
7.50458e-10 0.00103563 0.000266137
7.5056e-10 0.00103327 0.000263246
7.50661e-10 0.00103094 0.000260377
7.50762e-10 0.00102862 0.000257528
7.50863e-10 0.00102631 0.0002547
7.50965e-10 0.00102403 0.000251891
7.51066e-10 0.00102176 0.000249104
7.51167e-10 0.00101951 0.000246336
7.51268e-10 0.00101728 0.000243588
7.5137e-10 0.00101507 0.00024086
7.51471e-10 0.00101287 0.000238152
7.51572e-10 0.00101069 0.000235463
7.51673e-10 0.00100853 0.000232793
7.51775e-10 0.00100639 0.000230143
7.51876e-10 0.00100426 0.000227513
7.51977e-10 0.00100215 0.000224901
7.52079e-10 0.00100006 0.000222308
7.5218e-10 0.000997981 0.000219734
7.52281e-10 0.000995922 0.000217178
7.52382e-10 0.00099388 0.000214642
7.52484e-10 0.000991854 0.000212123
7.52585e-10 0.000989845 0.000209624
7.52686e-10 0.000987853 0.000207142
7.52787e-10 0.000985877 0.000204678
7.52889e-10 0.000983918 0.000202233
7.5299e-10 0.000981975 0.000199805
7.53091e-10 0.000980048 0.000197396
7.53193e-10 0.000978138 0.000195004
7.53294e-10 0.000976244 0.000192629
7.53395e-10 0.000974366 0.000190272
7.53496e-10 0.000972504 0.000187933
7.53598e-10 0.000970657 0.000185611
7.53699e-10 0.000968827 0.000183306
7.538e-10 0.000967013 0.000181018
7.53901e-10 0.000965215 0.000178747
7.54003e-10 0.000963432 0.000176493
7.54104e-10 0.000961665 0.000174256
7.54205e-10 0.000959914 0.000172036
7.54307e-10 0.000958178 0.000169832
7.54408e-10 0.000956458 0.000167645
7.54509e-10 0.000954753 0.000165475
7.5461e-10 0.000953064 0.000163321
7.54712e-10 0.000951389 0.000161183
7.54813e-10 0.000949731 0.000159061
7.54914e-10 0.000948087 0.000156955
7.55015e-10 0.000946459 0.000154866
7.55117e-10 0.000944846 0.000152792
7.55218e-10 0.000943247 0.000150735
7.55319e-10 0.000941664 0.000148693
7.5542e-10 0.000940096 0.000146667
7.55522e-10 0.000938543 0.000144656
7.55623e-10 0.000937005 0.000142662
7.55724e-10 0.000935481 0.000140682
7.55826e-10 0.000933972 0.000138718
7.55927e-10 0.000932478 0.00013677
7.56028e-10 0.000930999 0.000134837
7.56129e-10 0.000929534 0.000132919
7.56231e-10 0.000928084 0.000131016
7.56332e-10 0.000926648 0.000129128
7.56433e-10 0.000925227 0.000127256
7.56534e-10 0.000923821 0.000125398
7.56636e-10 0.000922428 0.000123555
7.56737e-10 0.00092105 0.000121727
7.56838e-10 0.000919687 0.000119914
7.5694e-10 0.000918338 0.000118116
7.57041e-10 0.000917002 0.000116332
7.57142e-10 0.000915682 0.000114563
7.57243e-10 0.000914375 0.000112808
7.57345e-10 0.000913082 0.000111068
7.57446e-10 0.000911804 0.000109342
7.57547e-10 0.000910539 0.000107631
7.57648e-10 0.000909289 0.000105934
7.5775e-10 0.000908052 0.000104251
7.57851e-10 0.000906829 0.000102582
7.57952e-10 0.000905621 0.000100928
7.58053e-10 0.000904426 9.92879e-05
7.58155e-10 0.000903245 9.76618e-05
7.58256e-10 0.000902077 9.60497e-05
7.58357e-10 0.000900924 9.44517e-05
7.58459e-10 0.000899784 9.28675e-05
7.5856e-10 0.000898658 9.12973e-05
7.58661e-10 0.000897545 8.97409e-05
7.58762e-10 0.000896446 8.81983e-05
7.58864e-10 0.000895361 8.66696e-05
7.58965e-10 0.000894289 8.51545e-05
7.59066e-10 0.000893231 8.36532e-05
7.59167e-10 0.000892186 8.21655e-05
7.59269e-10 0.000891154 8.06915e-05
7.5937e-10 0.000890137 7.92311e-05
7.59471e-10 0.000889132 7.77842e-05
7.59573e-10 0.000888141 7.63508e-05
7.59674e-10 0.000887163 7.4931e-05
7.59775e-10 0.000886198 7.35246e-05
7.59876e-10 0.000885247 7.21316e-05
7.59978e-10 0.000884309 7.07521e-05
7.60079e-10 0.000883384 6.93859e-05
7.6018e-10 0.000882473 6.80331e-05
7.60281e-10 0.000881574 6.66936e-05
7.60383e-10 0.000880689 6.53674e-05
7.60484e-10 0.000879817 6.40545e-05
7.60585e-10 0.000878958 6.27548e-05
7.60687e-10 0.000878112 6.14684e-05
7.60788e-10 0.000877279 6.01952e-05
7.60889e-10 0.00087646 5.89351e-05
7.6099e-10 0.000875653 5.76883e-05
7.61092e-10 0.000874859 5.64546e-05
7.61193e-10 0.000874078 5.5234e-05
7.61294e-10 0.00087331 5.40266e-05
7.61395e-10 0.000872555 5.28322e-05
7.61497e-10 0.000871813 5.1651e-05
7.61598e-10 0.000871084 5.04828e-05
7.61699e-10 0.000870368 4.93277e-05
7.618e-10 0.000869665 4.81857e-05
7.61902e-10 0.000868974 4.70567e-05
7.62003e-10 0.000868297 4.59407e-05
7.62104e-10 0.000867632 4.48378e-05
7.62206e-10 0.00086698 4.37479e-05
7.62307e-10 0.00086634 4.2671e-05
7.62408e-10 0.000865714 4.16071e-05
7.62509e-10 0.0008651 4.05562e-05
7.62611e-10 0.000864499 3.95184e-05
7.62712e-10 0.000863911 3.84935e-05
7.62813e-10 0.000863335 3.74816e-05
7.62914e-10 0.000862772 3.64828e-05
7.63016e-10 0.000862222 3.54969e-05
7.63117e-10 0.000861684 3.45241e-05
7.63218e-10 0.000861159 3.35642e-05
7.6332e-10 0.000860647 3.26174e-05
7.63421e-10 0.000860147 3.16835e-05
7.63522e-10 0.00085966 3.07627e-05
7.63623e-10 0.000859186 2.9855e-05
7.63725e-10 0.000858724 2.89602e-05
7.63826e-10 0.000858275 2.80786e-05
7.63927e-10 0.000857838 2.72099e-05
7.64028e-10 0.000857414 2.63544e-05
7.6413e-10 0.000857002 2.55119e-05
7.64231e-10 0.000856603 2.46825e-05
7.64332e-10 0.000856217 2.38662e-05
7.64434e-10 0.000855843 2.30631e-05
7.64535e-10 0.000855482 2.22731e-05
7.64636e-10 0.000855133 2.14962e-05
7.64737e-10 0.000854797 2.07325e-05
7.64839e-10 0.000854473 1.9982e-05
7.6494e-10 0.000854162 1.92448e-05
7.65041e-10 0.000853863 1.85207e-05
7.65142e-10 0.000853577 1.78099e-05
7.65244e-10 0.000853303 1.71125e-05
7.65345e-10 0.000853042 1.64283e-05
7.65446e-10 0.000852793 1.57574e-05
7.65547e-10 0.000852557 1.50999e-05
7.65649e-10 0.000852333 1.44558e-05
7.6575e-10 0.000852122 1.38252e-05
7.65851e-10 0.000851923 1.32079e-05
7.65953e-10 0.000851737 1.26042e-05
7.66054e-10 0.000851563 1.2014e-05
7.66155e-10 0.000851402 1.14373e-05
7.66256e-10 0.000851253 1.08742e-05
7.66358e-10 0.000851116 1.03247e-05
7.66459e-10 0.000850993 9.78884e-06
7.6656e-10 0.000850881 9.26669e-06
7.66661e-10 0.000850782 8.75828e-06
7.66763e-10 0.000850696 8.26364e-06
7.66864e-10 0.000850622 7.78281e-06
7.66965e-10 0.000850561 7.31584e-06
7.67067e-10 0.000850512 6.86277e-06
7.67168e-10 0.000850475 6.42364e-06
7.67269e-10 0.000850452 5.9985e-06
7.6737e-10 0.00085044 5.5874e-06
7.67472e-10 0.000850441 5.19038e-06
7.67573e-10 0.000850455 4.8075e-06
7.67674e-10 0.000850481 4.43881e-06
7.67775e-10 0.00085052 4.08436e-06
7.67877e-10 0.000850571 3.7442e-06
7.67978e-10 0.000850635 3.41838e-06
7.68079e-10 0.000850711 3.10697e-06
7.68181e-10 0.0008508 2.81001e-06
7.68282e-10 0.000850902 2.52758e-06
7.68383e-10 0.000851016 2.25972e-06
7.68484e-10 0.000851143 2.00649e-06
7.68586e-10 0.000851282 1.76797e-06
7.68687e-10 0.000851434 1.54421e-06
7.68788e-10 0.000851598 1.33528e-06
7.68889e-10 0.000851775 1.14123e-06
7.68991e-10 0.000851965 9.62153e-07
7.69092e-10 0.000852167 7.98099e-07
7.69193e-10 0.000852382 6.49144e-07
7.69294e-10 0.00085261 5.15357e-07
7.69396e-10 0.00085285 3.96812e-07
7.69497e-10 0.000853104 2.93581e-07
7.69598e-10 0.000853369 2.05741e-07
7.697e-10 0.000853648 1.33366e-07
7.69801e-10 0.000853939 7.65358e-08
7.69902e-10 0.000854243 3.53284e-08
7.70003e-10 0.00085456 9.82469e-09
7.70105e-10 0.000854889 1.0651e-10
7.70206e-10 0.000855231 6.25718e-09
7.70307e-10 0.000855586 2.83614e-08
7.70408e-10 0.000855954 6.65055e-08
7.7051e-10 0.000856335 1.20777e-07
7.70611e-10 0.000856728 1.91265e-07
7.70712e-10 0.000857135 2.78059e-07
7.70814e-10 0.000857554 3.81253e-07
7.70915e-10 0.000857986 5.00939e-07
7.71016e-10 0.000858431 6.37213e-07
7.71117e-10 0.000858889 7.9017e-07
7.71219e-10 0.00085936 9.59909e-07
7.7132e-10 0.000859844 1.14653e-06
7.71421e-10 0.000860341 1.35013e-06
7.71522e-10 0.000860851 1.57082e-06
7.71624e-10 0.000861374 1.8087e-06
7.71725e-10 0.000861909 2.06387e-06
7.71826e-10 0.000862458 2.33645e-06
7.71928e-10 0.000863021 2.62653e-06
7.72029e-10 0.000863596 2.93424e-06
7.7213e-10 0.000864184 3.25968e-06
7.72231e-10 0.000864785 3.60298e-06
7.72333e-10 0.0008654 3.96423e-06
7.72434e-10 0.000866028 4.34357e-06
7.72535e-10 0.000866669 4.7411e-06
7.72636e-10 0.000867323 5.15696e-06
7.72738e-10 0.000867991 5.59126e-06
7.72839e-10 0.000868671 6.04413e-06
7.7294e-10 0.000869365 6.51569e-06
7.73041e-10 0.000870073 7.00607e-06
7.73143e-10 0.000870793 7.5154e-06
7.73244e-10 0.000871528 8.04381e-06
7.73345e-10 0.000872275 8.59144e-06
7.73447e-10 0.000873036 9.15841e-06
7.73548e-10 0.00087381 9.74487e-06
7.73649e-10 0.000874598 1.0351e-05
7.7375e-10 0.0008754 1.09768e-05
7.73852e-10 0.000876214 1.16226e-05
7.73953e-10 0.000877043 1.22884e-05
7.74054e-10 0.000877885 1.29744e-05
7.74155e-10 0.00087874 1.36807e-05
7.74257e-10 0.00087961 1.44076e-05
7.74358e-10 0.000880493 1.51551e-05
7.74459e-10 0.000881389 1.59234e-05
7.74561e-10 0.0008823 1.67126e-05
7.74662e-10 0.000883224 1.7523e-05
7.74763e-10 0.000884161 1.83546e-05
7.74864e-10 0.000885113 1.92077e-05
7.74966e-10 0.000886079 2.00824e-05
7.75067e-10 0.000887058 2.09789e-05
7.75168e-10 0.000888051 2.18973e-05
7.75269e-10 0.000889058 2.28378e-05
7.75371e-10 0.00089008 2.38006e-05
7.75472e-10 0.000891115 2.47858e-05
7.75573e-10 0.000892164 2.57937e-05
7.75674e-10 0.000893227 2.68244e-05
7.75776e-10 0.000894304 2.78781e-05
7.75877e-10 0.000895396 2.89549e-05
7.75978e-10 0.000896501 3.00552e-05
7.7608e-10 0.000897621 3.1179e-05
7.76181e-10 0.000898755 3.23265e-05
7.76282e-10 0.000899903 3.3498e-05
7.76383e-10 0.000901066 3.46936e-05
7.76485e-10 0.000902243 3.59136e-05
7.76586e-10 0.000903434 3.71581e-05
7.76687e-10 0.00090464 3.84273e-05
7.76788e-10 0.00090586 3.97215e-05
7.7689e-10 0.000907094 4.10408e-05
7.76991e-10 0.000908343 4.23855e-05
7.77092e-10 0.000909607 4.37558e-05
7.77194e-10 0.000910885 4.51518e-05
7.77295e-10 0.000912177 4.65739e-05
7.77396e-10 0.000913485 4.80223e-05
7.77497e-10 0.000914807 4.9497e-05
7.77599e-10 0.000916144 5.09985e-05
7.777e-10 0.000917495 5.25269e-05
7.77801e-10 0.000918861 5.40824e-05
7.77902e-10 0.000920242 5.56653e-05
7.78004e-10 0.000921638 5.72759e-05
7.78105e-10 0.000923049 5.89143e-05
7.78206e-10 0.000924475 6.05808e-05
7.78308e-10 0.000925916 6.22756e-05
7.78409e-10 0.000927372 6.39991e-05
7.7851e-10 0.000928843 6.57514e-05
7.78611e-10 0.000930329 6.75328e-05
7.78713e-10 0.00093183 6.93436e-05
7.78814e-10 0.000933346 7.1184e-05
7.78915e-10 0.000934878 7.30544e-05
7.79016e-10 0.000936425 7.49549e-05
7.79118e-10 0.000937987 7.68858e-05
7.79219e-10 0.000939564 7.88474e-05
7.7932e-10 0.000941157 8.084e-05
7.79421e-10 0.000942765 8.28639e-05
7.79523e-10 0.000944389 8.49194e-05
7.79624e-10 0.000946028 8.70066e-05
7.79725e-10 0.000947683 8.91261e-05
7.79827e-10 0.000949354 9.12779e-05
7.79928e-10 0.00095104 9.34625e-05
7.80029e-10 0.000952741 9.568e-05
7.8013e-10 0.000954459 9.7931e-05
7.80232e-10 0.000956192 0.000100216
7.80333e-10 0.000957941 0.000102534
7.80434e-10 0.000959706 0.000104887
7.80535e-10 0.000961487 0.000107274
7.80637e-10 0.000963284 0.000109696
7.80738e-10 0.000965097 0.000112154
7.80839e-10 0.000966925 0.000114647
7.80941e-10 0.00096877 0.000117176
7.81042e-10 0.000970631 0.000119741
7.81143e-10 0.000972509 0.000122343
7.81244e-10 0.000974402 0.000124982
7.81346e-10 0.000976312 0.000127658
7.81447e-10 0.000978238 0.000130371
7.81548e-10 0.00098018 0.000133123
7.81649e-10 0.000982139 0.000135913
7.81751e-10 0.000984114 0.000138741
7.81852e-10 0.000986106 0.000141609
7.81953e-10 0.000988114 0.000144516
7.82055e-10 0.000990138 0.000147463
7.82156e-10 0.00099218 0.000150451
7.82257e-10 0.000994238 0.000153479
7.82358e-10 0.000996313 0.000156547
7.8246e-10 0.000998404 0.000159658
7.82561e-10 0.00100051 0.00016281
7.82662e-10 0.00100264 0.000166004
7.82763e-10 0.00100478 0.000169241
7.82865e-10 0.00100694 0.000172521
7.82966e-10 0.00100912 0.000175845
7.83067e-10 0.00101131 0.000179212
7.83168e-10 0.00101352 0.000182624
7.8327e-10 0.00101575 0.00018608
7.83371e-10 0.00101799 0.000189582
7.83472e-10 0.00102025 0.000193129
7.83574e-10 0.00102253 0.000196723
7.83675e-10 0.00102483 0.000200363
7.83776e-10 0.00102714 0.00020405
7.83877e-10 0.00102947 0.000207784
7.83979e-10 0.00103182 0.000211566
7.8408e-10 0.00103419 0.000215397
7.84181e-10 0.00103657 0.000219277
7.84282e-10 0.00103897 0.000223206
7.84384e-10 0.00104139 0.000227185
7.84485e-10 0.00104383 0.000231214
7.84586e-10 0.00104629 0.000235295
7.84688e-10 0.00104876 0.000239426
7.84789e-10 0.00105125 0.00024361
7.8489e-10 0.00105376 0.000247846
7.84991e-10 0.00105628 0.000252135
7.85093e-10 0.00105883 0.000256478
7.85194e-10 0.00106139 0.000260874
7.85295e-10 0.00106397 0.000265326
7.85396e-10 0.00106657 0.000269832
7.85498e-10 0.00106919 0.000274394
7.85599e-10 0.00107182 0.000279013
7.857e-10 0.00107447 0.000283688
7.85802e-10 0.00107715 0.000288421
7.85903e-10 0.00107984 0.000293211
7.86004e-10 0.00108254 0.000298061
7.86105e-10 0.00108527 0.000302969
7.86207e-10 0.00108802 0.000307938
7.86308e-10 0.00109078 0.000312966
7.86409e-10 0.00109356 0.000318056
7.8651e-10 0.00109637 0.000323208
7.86612e-10 0.00109919 0.000328422
7.86713e-10 0.00110203 0.000333698
7.86814e-10 0.00110488 0.000339039
7.86915e-10 0.00110776 0.000344444
7.87017e-10 0.00111066 0.000349913
7.87118e-10 0.00111357 0.000355449
7.87219e-10 0.0011165 0.00036105
7.87321e-10 0.00111946 0.000366719
7.87422e-10 0.00112243 0.000372455
7.87523e-10 0.00112542 0.000378259
7.87624e-10 0.00112843 0.000384133
7.87726e-10 0.00113146 0.000390077
7.87827e-10 0.00113451 0.000396091
7.87928e-10 0.00113757 0.000402176
7.88029e-10 0.00114066 0.000408333
7.88131e-10 0.00114377 0.000414563
7.88232e-10 0.00114689 0.000420867
7.88333e-10 0.00115004 0.000427245
7.88435e-10 0.0011532 0.000433698
7.88536e-10 0.00115639 0.000440227
7.88637e-10 0.00115959 0.000446833
7.88738e-10 0.00116282 0.000453516
7.8884e-10 0.00116606 0.000460277
7.88941e-10 0.00116932 0.000467118
7.89042e-10 0.00117261 0.000474038
7.89143e-10 0.00117591 0.00048104
7.89245e-10 0.00117923 0.000488123
7.89346e-10 0.00118257 0.000495288
7.89447e-10 0.00118594 0.000502537
7.89548e-10 0.00118932 0.000509871
7.8965e-10 0.00119272 0.000517289
7.89751e-10 0.00119614 0.000524794
7.89852e-10 0.00119958 0.000532386
7.89954e-10 0.00120305 0.000540065
7.90055e-10 0.00120653 0.000547834
7.90156e-10 0.00121003 0.000555692
7.90257e-10 0.00121355 0.000563641
7.90359e-10 0.0012171 0.000571682
7.9046e-10 0.00122066 0.000579816
7.90561e-10 0.00122424 0.000588043
7.90662e-10 0.00122785 0.000596366
7.90764e-10 0.00123147 0.000604784
7.90865e-10 0.00123512 0.000613298
7.90966e-10 0.00123878 0.000621911
7.91068e-10 0.00124247 0.000630623
7.91169e-10 0.00124617 0.000639434
7.9127e-10 0.0012499 0.000648347
7.91371e-10 0.00125365 0.000657362
7.91473e-10 0.00125741 0.00066648
7.91574e-10 0.0012612 0.000675702
7.91675e-10 0.00126501 0.00068503
7.91776e-10 0.00126884 0.000694465
7.91878e-10 0.00127269 0.000704007
7.91979e-10 0.00127656 0.000713658
7.9208e-10 0.00128045 0.00072342
7.92182e-10 0.00128436 0.000733293
7.92283e-10 0.00128829 0.000743278
7.92384e-10 0.00129225 0.000753377
7.92485e-10 0.00129622 0.000763592
7.92587e-10 0.00130021 0.000773922
7.92688e-10 0.00130423 0.00078437
7.92789e-10 0.00130826 0.000794937
7.9289e-10 0.00131232 0.000805625
7.92992e-10 0.0013164 0.000816433
7.93093e-10 0.00132049 0.000827365
7.93194e-10 0.00132461 0.00083842
7.93295e-10 0.00132875 0.000849601
7.93397e-10 0.00133291 0.000860909
7.93498e-10 0.00133709 0.000872345
7.93599e-10 0.00134129 0.000883911
7.93701e-10 0.00134552 0.000895608
7.93802e-10 0.00134976 0.000907438
7.93903e-10 0.00135402 0.000919402
7.94004e-10 0.00135831 0.000931501
7.94106e-10 0.00136261 0.000943737
7.94207e-10 0.00136694 0.000956112
7.94308e-10 0.00137129 0.000968627
7.94409e-10 0.00137565 0.000981283
7.94511e-10 0.00138004 0.000994083
7.94612e-10 0.00138445 0.00100703
7.94713e-10 0.00138888 0.00102012
7.94815e-10 0.00139333 0.00103336
7.94916e-10 0.0013978 0.00104675
7.95017e-10 0.00140229 0.00106028
7.95118e-10 0.0014068 0.00107398
7.9522e-10 0.00141133 0.00108783
7.95321e-10 0.00141588 0.00110183
7.95422e-10 0.00142046 0.00111599
7.95523e-10 0.00142505 0.00113031
7.95625e-10 0.00142966 0.0011448
7.95726e-10 0.0014343 0.00115944
7.95827e-10 0.00143895 0.00117426
7.95929e-10 0.00144363 0.00118924
7.9603e-10 0.00144832 0.00120439
7.96131e-10 0.00145304 0.00121971
7.96232e-10 0.00145777 0.0012352
7.96334e-10 0.00146252 0.00125087
7.96435e-10 0.0014673 0.00126671
7.96536e-10 0.00147209 0.00128274
7.96637e-10 0.00147691 0.00129894
7.96739e-10 0.00148174 0.00131533
7.9684e-10 0.0014866 0.0013319
7.96941e-10 0.00149147 0.00134866
7.97042e-10 0.00149636 0.00136561
7.97144e-10 0.00150128 0.00138275
7.97245e-10 0.00150621 0.00140008
7.97346e-10 0.00151116 0.00141761
7.97448e-10 0.00151613 0.00143534
7.97549e-10 0.00152112 0.00145326
7.9765e-10 0.00152613 0.00147139
7.97751e-10 0.00153116 0.00148973
7.97853e-10 0.00153621 0.00150827
7.97954e-10 0.00154127 0.00152702
7.98055e-10 0.00154636 0.00154598
7.98156e-10 0.00155146 0.00156515
7.98258e-10 0.00155658 0.00158455
7.98359e-10 0.00156172 0.00160416
7.9846e-10 0.00156688 0.00162399
7.98562e-10 0.00157206 0.00164405
7.98663e-10 0.00157725 0.00166433
7.98764e-10 0.00158246 0.00168485
7.98865e-10 0.0015877 0.00170559
7.98967e-10 0.00159294 0.00172657
7.99068e-10 0.00159821 0.00174779
7.99169e-10 0.00160349 0.00176925
7.9927e-10 0.00160879 0.00179095
7.99372e-10 0.00161411 0.00181289
7.99473e-10 0.00161944 0.00183509
7.99574e-10 0.00162479 0.00185753
7.99676e-10 0.00163016 0.00188023
7.99777e-10 0.00163554 0.00190318
7.99878e-10 0.00164094 0.0019264
7.99979e-10 0.00164636 0.00194988
8.00081e-10 0.00165179 0.00197362
8.00182e-10 0.00165724 0.00199764
8.00283e-10 0.0016627 0.00202192
8.00384e-10 0.00166818 0.00204648
8.00486e-10 0.00167367 0.00207132
8.00587e-10 0.00167918 0.00209644
8.00688e-10 0.00168471 0.00212185
8.00789e-10 0.00169024 0.00214754
8.00891e-10 0.00169579 0.00217353
8.00992e-10 0.00170136 0.00219981
8.01093e-10 0.00170694 0.00222639
8.01195e-10 0.00171253 0.00225327
8.01296e-10 0.00171814 0.00228046
8.01397e-10 0.00172376 0.00230796
8.01498e-10 0.00172939 0.00233576
8.016e-10 0.00173504 0.00236389
8.01701e-10 0.00174069 0.00239233
8.01802e-10 0.00174636 0.0024211
8.01903e-10 0.00175205 0.0024502
8.02005e-10 0.00175774 0.00247962
8.02106e-10 0.00176344 0.00250939
8.02207e-10 0.00176916 0.00253949
8.02309e-10 0.00177488 0.00256993
8.0241e-10 0.00178062 0.00260072
8.02511e-10 0.00178636 0.00263187
8.02612e-10 0.00179212 0.00266336
8.02714e-10 0.00179788 0.00269522
8.02815e-10 0.00180366 0.00272744
8.02916e-10 0.00180944 0.00276003
8.03017e-10 0.00181523 0.00279299
8.03119e-10 0.00182103 0.00282633
8.0322e-10 0.00182683 0.00286005
8.03321e-10 0.00183264 0.00289415
8.03422e-10 0.00183846 0.00292865
8.03524e-10 0.00184429 0.00296353
8.03625e-10 0.00185012 0.00299882
8.03726e-10 0.00185596 0.00303451
8.03828e-10 0.0018618 0.00307062
8.03929e-10 0.00186765 0.00310713
8.0403e-10 0.0018735 0.00314406
8.04131e-10 0.00187936 0.00318142
8.04233e-10 0.00188522 0.00321921
8.04334e-10 0.00189108 0.00325743
8.04435e-10 0.00189695 0.00329608
8.04536e-10 0.00190281 0.00333519
8.04638e-10 0.00190868 0.00337474
8.04739e-10 0.00191455 0.00341474
8.0484e-10 0.00192042 0.00345521
8.04942e-10 0.00192629 0.00349614
8.05043e-10 0.00193216 0.00353755
8.05144e-10 0.00193803 0.00357942
8.05245e-10 0.0019439 0.00362179
8.05347e-10 0.00194977 0.00366464
8.05448e-10 0.00195563 0.00370798
8.05549e-10 0.00196149 0.00375182
8.0565e-10 0.00196735 0.00379617
8.05752e-10 0.0019732 0.00384103
8.05853e-10 0.00197905 0.00388641
8.05954e-10 0.00198489 0.00393232
8.06056e-10 0.00199073 0.00397875
8.06157e-10 0.00199655 0.00402572
8.06258e-10 0.00200238 0.00407324
8.06359e-10 0.00200819 0.0041213
8.06461e-10 0.002014 0.00416992
8.06562e-10 0.00201979 0.0042191
8.06663e-10 0.00202558 0.00426885
8.06764e-10 0.00203135 0.00431918
8.06866e-10 0.00203712 0.0043701
8.06967e-10 0.00204287 0.0044216
8.07068e-10 0.00204861 0.0044737
8.07169e-10 0.00205433 0.00452641
8.07271e-10 0.00206004 0.00457973
8.07372e-10 0.00206574 0.00463366
8.07473e-10 0.00207142 0.00468823
8.07575e-10 0.00207708 0.00474343
8.07676e-10 0.00208273 0.00479927
8.07777e-10 0.00208835 0.00485576
8.07878e-10 0.00209396 0.00491291
8.0798e-10 0.00209955 0.00497073
8.08081e-10 0.00210512 0.00502922
8.08182e-10 0.00211066 0.00508839
8.08283e-10 0.00211619 0.00514825
8.08385e-10 0.00212169 0.00520881
8.08486e-10 0.00212716 0.00527008
8.08587e-10 0.00213261 0.00533207
8.08689e-10 0.00213803 0.00539477
8.0879e-10 0.00214343 0.00545821
8.08891e-10 0.0021488 0.0055224
8.08992e-10 0.00215414 0.00558733
8.09094e-10 0.00215944 0.00565303
8.09195e-10 0.00216472 0.00571949
8.09296e-10 0.00216997 0.00578673
8.09397e-10 0.00217518 0.00585477
8.09499e-10 0.00218035 0.00592359
8.096e-10 0.0021855 0.00599323
8.09701e-10 0.0021906 0.00606369
8.09803e-10 0.00219567 0.00613497
8.09904e-10 0.0022007 0.00620709
8.10005e-10 0.00220569 0.00628005
8.10106e-10 0.00221063 0.00635388
8.10208e-10 0.00221554 0.00642857
8.10309e-10 0.0022204 0.00650414
8.1041e-10 0.00222522 0.00658061
8.10511e-10 0.00222999 0.00665797
8.10613e-10 0.00223472 0.00673624
8.10714e-10 0.00223939 0.00681544
8.10815e-10 0.00224402 0.00689557
8.10916e-10 0.0022486 0.00697665
8.11018e-10 0.00225312 0.00705868
8.11119e-10 0.00225759 0.00714169
8.1122e-10 0.00226201 0.00722567
8.11322e-10 0.00226636 0.00731065
8.11423e-10 0.00227067 0.00739663
8.11524e-10 0.00227491 0.00748363
8.11625e-10 0.00227909 0.00757166
8.11727e-10 0.00228321 0.00766073
8.11828e-10 0.00228727 0.00775085
8.11929e-10 0.00229126 0.00784205
8.1203e-10 0.00229519 0.00793432
8.12132e-10 0.00229904 0.00802769
8.12233e-10 0.00230283 0.00812216
8.12334e-10 0.00230655 0.00821776
8.12436e-10 0.0023102 0.00831449
8.12537e-10 0.00231377 0.00841238
8.12638e-10 0.00231726 0.00851142
8.12739e-10 0.00232068 0.00861164
8.12841e-10 0.00232402 0.00871305
8.12942e-10 0.00232728 0.00881567
8.13043e-10 0.00233046 0.00891952
8.13144e-10 0.00233355 0.00902459
8.13246e-10 0.00233656 0.00913092
8.13347e-10 0.00233948 0.00923852
8.13448e-10 0.00234232 0.00934739
8.1355e-10 0.00234506 0.00945757
8.13651e-10 0.00234771 0.00956906
8.13752e-10 0.00235026 0.00968188
8.13853e-10 0.00235272 0.00979605
8.13955e-10 0.00235508 0.00991157
8.14056e-10 0.00235734 0.0100285
8.14157e-10 0.0023595 0.0101468
8.14258e-10 0.00236156 0.0102665
8.1436e-10 0.00236351 0.0103877
8.14461e-10 0.00236535 0.0105103
8.14562e-10 0.00236708 0.0106343
8.14663e-10 0.0023687 0.0107599
8.14765e-10 0.00237021 0.0108869
8.14866e-10 0.00237161 0.0110155
8.14967e-10 0.00237288 0.0111456
8.15069e-10 0.00237404 0.0112773
8.1517e-10 0.00237507 0.0114105
8.15271e-10 0.00237599 0.0115454
8.15372e-10 0.00237677 0.0116819
8.15474e-10 0.00237743 0.01182
8.15575e-10 0.00237796 0.0119597
8.15676e-10 0.00237836 0.0121011
8.15777e-10 0.00237862 0.0122443
8.15879e-10 0.00237875 0.0123891
8.1598e-10 0.00237873 0.0125357
8.16081e-10 0.00237858 0.0126841
8.16183e-10 0.00237829 0.0128342
8.16284e-10 0.00237785 0.0129861
8.16385e-10 0.00237726 0.0131399
8.16486e-10 0.00237652 0.0132955
8.16588e-10 0.00237564 0.013453
8.16689e-10 0.0023746 0.0136124
8.1679e-10 0.0023734 0.0137736
8.16891e-10 0.00237204 0.0139369
8.16993e-10 0.00237052 0.0141021
8.17094e-10 0.00236884 0.0142693
8.17195e-10 0.002367 0.0144384
8.17296e-10 0.00236498 0.0146097
8.17398e-10 0.0023628 0.014783
8.17499e-10 0.00236045 0.0149583
8.176e-10 0.00235791 0.0151358
8.17702e-10 0.00235521 0.0153155
8.17803e-10 0.00235232 0.0154972
8.17904e-10 0.00234925 0.0156812
8.18005e-10 0.002346 0.0158674
8.18107e-10 0.00234256 0.0160558
8.18208e-10 0.00233893 0.0162465
8.18309e-10 0.00233512 0.0164395
8.1841e-10 0.0023311 0.0166349
8.18512e-10 0.0023269 0.0168325
8.18613e-10 0.00232249 0.0170326
8.18714e-10 0.00231789 0.0172351
8.18816e-10 0.00231308 0.01744
8.18917e-10 0.00230806 0.0176473
8.19018e-10 0.00230284 0.0178572
8.19119e-10 0.00229741 0.0180696
8.19221e-10 0.00229177 0.0182845
8.19322e-10 0.00228591 0.0185021
8.19423e-10 0.00227984 0.0187222
8.19524e-10 0.00227355 0.018945
8.19626e-10 0.00226704 0.0191705
8.19727e-10 0.0022603 0.0193987
8.19828e-10 0.00225334 0.0196297
8.1993e-10 0.00224615 0.0198634
8.20031e-10 0.00223874 0.0200999
8.20132e-10 0.00223109 0.0203393
8.20233e-10 0.00222321 0.0205815
8.20335e-10 0.00221509 0.0208267
8.20436e-10 0.00220673 0.0210748
8.20537e-10 0.00219814 0.0213259
8.20638e-10 0.0021893 0.02158
8.2074e-10 0.00218022 0.0218371
8.20841e-10 0.00217089 0.0220974
8.20942e-10 0.00216132 0.0223607
8.21043e-10 0.0021515 0.0226272
8.21145e-10 0.00214143 0.0228969
8.21246e-10 0.00213111 0.0231699
8.21347e-10 0.00212053 0.023446
8.21449e-10 0.0021097 0.0237256
8.2155e-10 0.00209861 0.0240084
8.21651e-10 0.00208727 0.0242946
8.21752e-10 0.00207566 0.0245843
8.21854e-10 0.0020638 0.0248774
8.21955e-10 0.00205167 0.025174
8.22056e-10 0.00203928 0.0254741
8.22157e-10 0.00202663 0.0257779
8.22259e-10 0.00201371 0.0260852
8.2236e-10 0.00200053 0.0263962
8.22461e-10 0.00198708 0.0267109
8.22563e-10 0.00197336 0.0270293
8.22664e-10 0.00195938 0.0273515
8.22765e-10 0.00194513 0.0276776
8.22866e-10 0.00193061 0.0280075
8.22968e-10 0.00191582 0.0283413
8.23069e-10 0.00190077 0.0286791
8.2317e-10 0.00188545 0.0290209
8.23271e-10 0.00186986 0.0293667
8.23373e-10 0.001854 0.0297165
8.23474e-10 0.00183788 0.0300706
8.23575e-10 0.00182149 0.0304287
8.23677e-10 0.00180483 0.0307911
8.23778e-10 0.00178791 0.0311578
8.23879e-10 0.00177073 0.0315288
8.2398e-10 0.00175329 0.0319041
8.24082e-10 0.00173558 0.0322838
8.24183e-10 0.00171762 0.032668
8.24284e-10 0.00169939 0.0330566
8.24385e-10 0.00168092 0.0334498
8.24487e-10 0.00166219 0.0338476
8.24588e-10 0.00164321 0.03425
8.24689e-10 0.00162398 0.0346571
8.2479e-10 0.00160451 0.0350689
8.24892e-10 0.00158479 0.0354855
8.24993e-10 0.00156484 0.0359068
8.25094e-10 0.00154465 0.0363331
8.25196e-10 0.00152423 0.0367643
8.25297e-10 0.00150359 0.0372004
8.25398e-10 0.00148272 0.0376416
8.25499e-10 0.00146163 0.0380878
8.25601e-10 0.00144033 0.0385392
8.25702e-10 0.00141882 0.0389957
8.25803e-10 0.00139711 0.0394574
8.25904e-10 0.00137521 0.0399243
8.26006e-10 0.00135311 0.0403966
8.26107e-10 0.00133083 0.0408742
8.26208e-10 0.00130837 0.0413572
8.2631e-10 0.00128575 0.0418457
8.26411e-10 0.00126296 0.0423397
8.26512e-10 0.00124001 0.0428392
8.26613e-10 0.00121692 0.0433444
8.26715e-10 0.00119369 0.0438552
8.26816e-10 0.00117033 0.0443716
8.26917e-10 0.00114686 0.0448939
8.27018e-10 0.00112327 0.0454219
8.2712e-10 0.00109958 0.0459558
8.27221e-10 0.00107581 0.0464955
8.27322e-10 0.00105196 0.0470412
8.27424e-10 0.00102804 0.0475929
8.27525e-10 0.00100407 0.0481506
8.27626e-10 0.000980052 0.0487144
8.27727e-10 0.00095601 0.0492844
8.27829e-10 0.000931953 0.0498605
8.2793e-10 0.000907896 0.0504428
8.28031e-10 0.000883852 0.0510314
8.28132e-10 0.000859838 0.0516263
8.28234e-10 0.000835868 0.0522275
8.28335e-10 0.000811959 0.0528352
8.28436e-10 0.000788127 0.0534493
8.28537e-10 0.00076439 0.0540699
8.28639e-10 0.000740767 0.054697
8.2874e-10 0.000717274 0.0553306
8.28841e-10 0.000693933 0.0559709
8.28943e-10 0.000670761 0.0566178
8.29044e-10 0.000647781 0.0572714
8.29145e-10 0.000625013 0.0579317
8.29246e-10 0.000602479 0.0585988
8.29348e-10 0.000580201 0.0592727
8.29449e-10 0.000558203 0.0599534
8.2955e-10 0.000536508 0.060641
8.29651e-10 0.000515141 0.0613354
8.29753e-10 0.000494127 0.0620368
8.29854e-10 0.000473493 0.0627451
8.29955e-10 0.000453265 0.0634605
8.30057e-10 0.000433471 0.0641828
8.30158e-10 0.000414138 0.0649121
8.30259e-10 0.000395297 0.0656486
8.3036e-10 0.000376977 0.0663921
8.30462e-10 0.000359209 0.0671427
8.30563e-10 0.000342024 0.0679004
8.30664e-10 0.000325455 0.0686652
8.30765e-10 0.000309534 0.0694372
8.30867e-10 0.000294297 0.0702164
8.30968e-10 0.000279777 0.0710027
8.31069e-10 0.000266011 0.0717963
8.31171e-10 0.000253036 0.072597
8.31272e-10 0.000240887 0.0734049
8.31373e-10 0.000229605 0.0742199
8.31474e-10 0.000219228 0.0750422
8.31576e-10 0.000209796 0.0758717
8.31677e-10 0.000201351 0.0767083
8.31778e-10 0.000193933 0.0775521
8.31879e-10 0.000187587 0.0784031
8.31981e-10 0.000182356 0.0792612
8.32082e-10 0.000178284 0.0801264
8.32183e-10 0.000175417 0.0809988
8.32284e-10 0.000173802 0.0818782
8.32386e-10 0.000173485 0.0827646
8.32487e-10 0.000174515 0.0836581
8.32588e-10 0.000176941 0.0845585
8.3269e-10 0.000180813 0.0854659
8.32791e-10 0.000186183 0.0863801
8.32892e-10 0.000193101 0.0873012
8.32993e-10 0.00020162 0.0882291
8.33095e-10 0.000211794 0.0891637
8.33196e-10 0.000223677 0.090105
8.33297e-10 0.000237325 0.0910529
8.33398e-10 0.000252793 0.0920074
8.335e-10 0.000270139 0.0929683
8.33601e-10 0.000289419 0.0939356
8.33702e-10 0.000310692 0.0949091
8.33804e-10 0.000334017 0.0958889
8.33905e-10 0.000359454 0.0968748
8.34006e-10 0.000387063 0.0978667
8.34107e-10 0.000416906 0.0988645
8.34209e-10 0.000449044 0.0998681
8.3431e-10 0.000483539 0.100877
8.34411e-10 0.000520455 0.101892
8.34512e-10 0.000559855 0.102912
8.34614e-10 0.000601802 0.103938
8.34715e-10 0.000646362 0.104968
8.34816e-10 0.000693598 0.106004
8.34917e-10 0.000743577 0.107044
8.35019e-10 0.000796363 0.108089
8.3512e-10 0.000852022 0.109139
8.35221e-10 0.000910619 0.110193
8.35323e-10 0.000972222 0.11125
8.35424e-10 0.0010369 0.112312
8.35525e-10 0.00110471 0.113378
8.35626e-10 0.00117572 0.114447
8.35728e-10 0.00125 0.115519
8.35829e-10 0.00132761 0.116594
8.3593e-10 0.00140863 0.117673
8.36031e-10 0.00149311 0.118753
8.36133e-10 0.00158112 0.119836
8.36234e-10 0.00167272 0.120921
8.36335e-10 0.00176798 0.122008
8.36437e-10 0.00186695 0.123097
8.36538e-10 0.00196971 0.124186
8.36639e-10 0.0020763 0.125277
8.3674e-10 0.0021868 0.126368
8.36842e-10 0.00230126 0.127459
8.36943e-10 0.00241973 0.12855
8.37044e-10 0.00254228 0.129641
8.37145e-10 0.00266896 0.130731
8.37247e-10 0.00279981 0.131821
8.37348e-10 0.0029349 0.132908
8.37449e-10 0.00307426 0.133994
8.37551e-10 0.00321795 0.135078
8.37652e-10 0.00336602 0.136158
8.37753e-10 0.0035185 0.137236
8.37854e-10 0.00367544 0.138311
8.37956e-10 0.00383687 0.139381
8.38057e-10 0.00400283 0.140448
8.38158e-10 0.00417335 0.141509
8.38259e-10 0.00434846 0.142565
8.38361e-10 0.00452818 0.143616
8.38462e-10 0.00471255 0.14466
8.38563e-10 0.00490157 0.145698
8.38664e-10 0.00509526 0.146728
8.38766e-10 0.00529364 0.147751
8.38867e-10 0.00549671 0.148765
8.38968e-10 0.00570448 0.149771
8.3907e-10 0.00591694 0.150767
8.39171e-10 0.0061341 0.151753
8.39272e-10 0.00635593 0.152729
8.39373e-10 0.00658243 0.153694
8.39475e-10 0.00681357 0.154648
8.39576e-10 0.00704934 0.155589
8.39677e-10 0.0072897 0.156517
8.39778e-10 0.00753461 0.157432
8.3988e-10 0.00778404 0.158333
