6.9e-10 0.0059069 0.027348
6.90101e-10 0.00572001 0.0275965
6.90203e-10 0.00553097 0.0278429
6.90304e-10 0.00534026 0.0280849
6.90405e-10 0.00514833 0.0283202
6.90506e-10 0.00495563 0.0285465
6.90608e-10 0.0047626 0.0287616
6.90709e-10 0.00456967 0.0289636
6.9081e-10 0.00437723 0.0291504
6.90911e-10 0.0041857 0.0293201
6.91013e-10 0.00399545 0.029471
6.91114e-10 0.00380686 0.0296014
6.91215e-10 0.00362029 0.0297099
6.91317e-10 0.0034361 0.029795
6.91418e-10 0.00325461 0.0298554
6.91519e-10 0.00307615 0.0298901
6.9162e-10 0.00290103 0.0298981
6.91722e-10 0.00272954 0.0298785
6.91823e-10 0.00256196 0.0298306
6.91924e-10 0.00239857 0.029754
6.92025e-10 0.00223961 0.0296482
6.92127e-10 0.00208533 0.029513
6.92228e-10 0.00193595 0.0293483
6.92329e-10 0.00179168 0.0291542
6.9243e-10 0.00165272 0.0289307
6.92532e-10 0.00151923 0.0286783
6.92633e-10 0.00139139 0.0283974
6.92734e-10 0.00126934 0.0280885
6.92836e-10 0.00115322 0.0277524
6.92937e-10 0.00104313 0.02739
6.93038e-10 0.000939167 0.0270021
6.93139e-10 0.000841422 0.0265897
6.93241e-10 0.000749952 0.0261542
6.93342e-10 0.000664804 0.0256965
6.93443e-10 0.000586006 0.0252182
6.93544e-10 0.000513569 0.0247205
6.93646e-10 0.000447486 0.024205
6.93747e-10 0.000387736 0.0236732
6.93848e-10 0.000334276 0.0231267
6.9395e-10 0.000287051 0.022567
6.94051e-10 0.000245985 0.0219959
6.94152e-10 0.000210989 0.021415
6.94253e-10 0.000181956 0.0208261
6.94355e-10 0.000158764 0.0202309
6.94456e-10 0.000141276 0.0196311
6.94557e-10 0.00012934 0.0190285
6.94658e-10 0.000122791 0.0184247
6.9476e-10 0.000121449 0.0178216
6.94861e-10 0.000125123 0.0172206
6.94962e-10 0.000133608 0.0166236
6.95064e-10 0.000146689 0.0160321
6.95165e-10 0.000164141 0.0154476
6.95266e-10 0.000185729 0.0148717
6.95367e-10 0.000211209 0.0143058
6.95469e-10 0.000240331 0.0137514
6.9557e-10 0.000272836 0.0132097
6.95671e-10 0.000308461 0.012682
6.95772e-10 0.000346938 0.0121695
6.95874e-10 0.000387994 0.0116733
6.95975e-10 0.000431356 0.0111945
6.96076e-10 0.000476748 0.0107338
6.96177e-10 0.000523892 0.0102923
6.96279e-10 0.000572513 0.00987066
6.9638e-10 0.000622336 0.00946955
6.96481e-10 0.00067309 0.00908956
6.96583e-10 0.000724505 0.00873119
6.96684e-10 0.000776319 0.00839484
6.96785e-10 0.000828272 0.0080808
6.96886e-10 0.000880111 0.00778931
6.96988e-10 0.000931593 0.00752048
6.97089e-10 0.00098248 0.00727435
6.9719e-10 0.00103254 0.00705088
6.97291e-10 0.00108157 0.00684993
6.97393e-10 0.00112934 0.00667128
6.97494e-10 0.00117566 0.00651464
6.97595e-10 0.00122035 0.00637963
6.97697e-10 0.00126323 0.0062658
6.97798e-10 0.00130414 0.00617263
6.97899e-10 0.00134293 0.00609955
6.98e-10 0.00137947 0.00604589
6.98102e-10 0.00141362 0.00601095
6.98203e-10 0.00144529 0.00599397
6.98304e-10 0.00147438 0.00599412
6.98405e-10 0.0015008 0.00601056
6.98507e-10 0.00152449 0.00604237
6.98608e-10 0.00154539 0.00608862
6.98709e-10 0.00156347 0.00614833
6.9881e-10 0.0015787 0.0062205
6.98912e-10 0.00159105 0.0063041
6.99013e-10 0.00160055 0.0063981
6.99114e-10 0.00160719 0.00650143
6.99216e-10 0.00161099 0.00661303
6.99317e-10 0.00161201 0.00673183
6.99418e-10 0.00161029 0.00685674
6.99519e-10 0.00160587 0.00698671
6.99621e-10 0.00159885 0.00712067
6.99722e-10 0.00158929 0.00725757
6.99823e-10 0.00157728 0.00739638
6.99924e-10 0.00156293 0.00753608
7.00026e-10 0.00154634 0.00767568
7.00127e-10 0.00152761 0.00781422
7.00228e-10 0.00150688 0.00795077
7.0033e-10 0.00148426 0.00808443
7.00431e-10 0.00145989 0.00821432
7.00532e-10 0.0014339 0.00833963
7.00633e-10 0.00140644 0.00845957
7.00735e-10 0.00137764 0.0085734
7.00836e-10 0.00134764 0.00868042
7.00937e-10 0.00131661 0.00877999
7.01038e-10 0.00128467 0.0088715
7.0114e-10 0.00125198 0.0089544
7.01241e-10 0.00121869 0.00902819
7.01342e-10 0.00118494 0.00909243
7.01444e-10 0.00115088 0.00914671
7.01545e-10 0.00111665 0.00919071
7.01646e-10 0.00108238 0.00922412
7.01747e-10 0.00104821 0.0092467
7.01849e-10 0.00101427 0.00925829
7.0195e-10 0.0009807 0.00925873
7.02051e-10 0.000947606 0.00924796
7.02152e-10 0.000915111 0.00922594
7.02254e-10 0.000883323 0.00919269
7.02355e-10 0.000852349 0.00914827
7.02456e-10 0.000822285 0.00909282
7.02557e-10 0.000793224 0.00902648
7.02659e-10 0.000765249 0.00894945
7.0276e-10 0.000738439 0.008862
7.02861e-10 0.000712862 0.00876439
7.02963e-10 0.000688582 0.00865696
7.03064e-10 0.000665652 0.00854007
7.03165e-10 0.000644122 0.00841411
7.03266e-10 0.000624029 0.00827951
7.03368e-10 0.000605407 0.00813672
7.03469e-10 0.00058828 0.00798622
7.0357e-10 0.000572665 0.00782851
7.03671e-10 0.000558572 0.00766413
7.03773e-10 0.000546004 0.00749362
7.03874e-10 0.000534957 0.00731753
7.03975e-10 0.000525419 0.00713645
7.04077e-10 0.000517372 0.00695095
7.04178e-10 0.000510794 0.00676164
7.04279e-10 0.000505653 0.00656911
7.0438e-10 0.000501915 0.00637396
7.04482e-10 0.000499538 0.0061768
7.04583e-10 0.000498477 0.00597823
7.04684e-10 0.000498679 0.00577885
7.04785e-10 0.000500092 0.00557925
7.04887e-10 0.000502654 0.00538002
7.04988e-10 0.000506304 0.00518172
7.05089e-10 0.000510976 0.00498492
7.05191e-10 0.0005166 0.00479016
7.05292e-10 0.000523106 0.00459798
7.05393e-10 0.000530421 0.00440887
7.05494e-10 0.000538469 0.00422334
7.05596e-10 0.000547174 0.00404184
7.05697e-10 0.00055646 0.00386484
7.05798e-10 0.000566249 0.00369274
7.05899e-10 0.000576463 0.00352594
7.06001e-10 0.000587026 0.00336482
7.06102e-10 0.000597859 0.00320972
7.06203e-10 0.000608888 0.00306094
7.06304e-10 0.000620037 0.00291879
7.06406e-10 0.000631234 0.0027835
7.06507e-10 0.000642408 0.00265532
7.06608e-10 0.000653488 0.00253442
7.0671e-10 0.00066441 0.00242099
7.06811e-10 0.000675109 0.00231515
7.06912e-10 0.000685522 0.00221701
7.07013e-10 0.000695594 0.00212665
7.07115e-10 0.000705268 0.0020441
7.07216e-10 0.000714493 0.00196939
7.07317e-10 0.000723222 0.0019025
7.07418e-10 0.000731409 0.00184339
7.0752e-10 0.000739016 0.00179199
7.07621e-10 0.000746004 0.00174821
7.07722e-10 0.000752343 0.00171191
7.07824e-10 0.000758002 0.00168297
7.07925e-10 0.000762958 0.00166119
7.08026e-10 0.00076719 0.00164639
7.08127e-10 0.000770682 0.00163836
7.08229e-10 0.00077342 0.00163686
7.0833e-10 0.000775396 0.00164164
7.08431e-10 0.000776606 0.00165241
7.08532e-10 0.000777048 0.0016689
7.08634e-10 0.000776725 0.0016908
7.08735e-10 0.000775643 0.00171778
7.08836e-10 0.000773812 0.00174953
7.08938e-10 0.000771245 0.00178571
7.09039e-10 0.000767958 0.00182595
7.0914e-10 0.000763971 0.00186991
7.09241e-10 0.000759304 0.00191723
7.09343e-10 0.000753983 0.00196754
7.09444e-10 0.000748035 0.00202046
7.09545e-10 0.000741489 0.00207562
7.09646e-10 0.000734377 0.00213266
7.09748e-10 0.000726732 0.00219121
7.09849e-10 0.000718588 0.00225088
7.0995e-10 0.000709984 0.00231133
7.10051e-10 0.000700956 0.00237219
7.10153e-10 0.000691543 0.00243311
7.10254e-10 0.000681784 0.00249374
7.10355e-10 0.000671721 0.00255375
7.10457e-10 0.000661394 0.00261282
7.10558e-10 0.000650843 0.00267062
7.10659e-10 0.00064011 0.00272687
7.1076e-10 0.000629236 0.00278126
7.10862e-10 0.000618261 0.00283352
7.10963e-10 0.000607226 0.00288339
7.11064e-10 0.000596168 0.00293062
7.11165e-10 0.000585128 0.00297499
7.11267e-10 0.000574143 0.00301628
7.11368e-10 0.000563248 0.00305429
7.11469e-10 0.00055248 0.00308885
7.11571e-10 0.00054187 0.00311979
7.11672e-10 0.000531452 0.00314697
7.11773e-10 0.000521256 0.00317026
7.11874e-10 0.000511311 0.00318956
7.11976e-10 0.000501643 0.00320478
7.12077e-10 0.000492278 0.00321585
7.12178e-10 0.000483237 0.00322272
7.12279e-10 0.000474543 0.00322535
7.12381e-10 0.000466213 0.00322373
7.12482e-10 0.000458266 0.00321786
7.12583e-10 0.000450714 0.00320776
7.12684e-10 0.000443571 0.00319347
7.12786e-10 0.000436846 0.00317503
7.12887e-10 0.000430548 0.00315252
7.12988e-10 0.000424684 0.00312602
7.1309e-10 0.000419255 0.00309563
7.13191e-10 0.000414265 0.00306146
7.13292e-10 0.000409714 0.00302363
7.13393e-10 0.000405598 0.0029823
7.13495e-10 0.000401914 0.0029376
7.13596e-10 0.000398655 0.0028897
7.13697e-10 0.000395815 0.00283878
7.13798e-10 0.000393383 0.00278501
7.139e-10 0.000391348 0.00272858
7.14001e-10 0.000389698 0.00266969
7.14102e-10 0.000388419 0.00260856
7.14204e-10 0.000387496 0.00254537
7.14305e-10 0.000386911 0.00248037
7.14406e-10 0.000386648 0.00241375
7.14507e-10 0.000386687 0.00234575
7.14609e-10 0.000387009 0.00227659
7.1471e-10 0.000387593 0.0022065
7.14811e-10 0.00038842 0.0021357
7.14912e-10 0.000389466 0.00206442
7.15014e-10 0.00039071 0.00199289
7.15115e-10 0.00039213 0.00192132
7.15216e-10 0.000393703 0.00184994
7.15318e-10 0.000395406 0.00177897
7.15419e-10 0.000397217 0.00170861
7.1552e-10 0.000399114 0.00163908
7.15621e-10 0.000401073 0.00157056
7.15723e-10 0.000403073 0.00150327
7.15824e-10 0.000405093 0.00143738
7.15925e-10 0.00040711 0.00137307
7.16026e-10 0.000409105 0.00131051
7.16128e-10 0.000411058 0.00124987
7.16229e-10 0.000412949 0.00119129
7.1633e-10 0.00041476 0.00113492
7.16431e-10 0.000416474 0.00108089
7.16533e-10 0.000418075 0.00102932
7.16634e-10 0.000419545 0.000980322
7.16735e-10 0.000420872 0.000933996
7.16837e-10 0.000422041 0.000890431
7.16938e-10 0.00042304 0.000849702
7.17039e-10 0.000423859 0.000811876
7.1714e-10 0.000424486 0.000777004
7.17242e-10 0.000424914 0.000745131
7.17343e-10 0.000425135 0.000716285
7.17444e-10 0.000425141 0.000690486
7.17545e-10 0.000424929 0.000667741
7.17647e-10 0.000424494 0.000648047
7.17748e-10 0.000423833 0.000631388
7.17849e-10 0.000422945 0.000617738
7.17951e-10 0.000421829 0.000607061
7.18052e-10 0.000420486 0.00059931
7.18153e-10 0.000418919 0.000594429
7.18254e-10 0.000417128 0.00059235
7.18356e-10 0.00041512 0.000592999
7.18457e-10 0.000412898 0.000596291
7.18558e-10 0.000410469 0.000602133
7.18659e-10 0.000407839 0.000610424
7.18761e-10 0.000405017 0.000621057
7.18862e-10 0.000402009 0.000633916
7.18963e-10 0.000398827 0.000648881
7.19065e-10 0.000395479 0.000665825
7.19166e-10 0.000391975 0.000684615
7.19267e-10 0.000388328 0.000705114
7.19368e-10 0.000384549 0.000727183
7.1947e-10 0.000380649 0.000750676
7.19571e-10 0.000376641 0.000775446
7.19672e-10 0.000372537 0.000801344
7.19773e-10 0.000368351 0.000828219
7.19875e-10 0.000364095 0.000855918
7.19976e-10 0.000359782 0.000884288
7.20077e-10 0.000355426 0.000913178
7.20178e-10 0.00035104 0.000942435
7.2028e-10 0.000346637 0.000971908
7.20381e-10 0.000342229 0.00100145
7.20482e-10 0.00033783 0.00103091
7.20584e-10 0.000333452 0.00106014
7.20685e-10 0.000329107 0.00108901
7.20786e-10 0.000324807 0.00111738
7.20887e-10 0.000320563 0.00114512
7.20989e-10 0.000316386 0.00117209
7.2109e-10 0.000312286 0.00119818
7.21191e-10 0.000308275 0.00122326
7.21292e-10 0.00030436 0.00124723
7.21394e-10 0.000300551 0.00126997
7.21495e-10 0.000296855 0.0012914
7.21596e-10 0.000293281 0.00131141
7.21698e-10 0.000289836 0.00132993
7.21799e-10 0.000286524 0.00134687
7.219e-10 0.000283352 0.00136216
7.22001e-10 0.000280324 0.00137574
7.22103e-10 0.000277445 0.00138755
7.22204e-10 0.000274717 0.00139755
7.22305e-10 0.000272143 0.0014057
7.22406e-10 0.000269726 0.00141196
7.22508e-10 0.000267465 0.00141631
7.22609e-10 0.000265362 0.00141873
7.2271e-10 0.000263416 0.00141921
7.22812e-10 0.000261626 0.00141775
7.22913e-10 0.000259991 0.00141437
7.23014e-10 0.000258507 0.00140907
7.23115e-10 0.000257173 0.00140187
7.23217e-10 0.000255985 0.00139281
7.23318e-10 0.000254938 0.00138192
7.23419e-10 0.000254028 0.00136924
7.2352e-10 0.000253251 0.00135482
7.23622e-10 0.000252599 0.00133871
7.23723e-10 0.000252068 0.00132098
7.23824e-10 0.000251651 0.0013017
7.23925e-10 0.00025134 0.00128093
7.24027e-10 0.00025113 0.00125875
7.24128e-10 0.000251012 0.00123524
7.24229e-10 0.000250979 0.00121049
7.24331e-10 0.000251023 0.00118459
7.24432e-10 0.000251136 0.00115763
7.24533e-10 0.00025131 0.0011297
7.24634e-10 0.000251536 0.00110091
7.24736e-10 0.000251807 0.00107135
7.24837e-10 0.000252114 0.00104113
7.24938e-10 0.000252448 0.00101035
7.25039e-10 0.000252802 0.00097912
7.25141e-10 0.000253167 0.000947537
7.25242e-10 0.000253536 0.000915711
7.25343e-10 0.000253901 0.000883747
7.25445e-10 0.000254254 0.00085175
7.25546e-10 0.000254587 0.000819824
7.25647e-10 0.000254894 0.000788071
7.25748e-10 0.000255169 0.000756592
7.2585e-10 0.000255403 0.000725485
7.25951e-10 0.000255592 0.000694847
7.26052e-10 0.00025573 0.000664771
7.26153e-10 0.00025581 0.000635348
7.26255e-10 0.000255829 0.000606663
7.26356e-10 0.000255782 0.000578801
7.26457e-10 0.000255664 0.000551841
7.26559e-10 0.000255472 0.000525857
7.2666e-10 0.000255203 0.00050092
7.26761e-10 0.000254854 0.000477097
7.26862e-10 0.000254422 0.000454448
7.26964e-10 0.000253906 0.00043303
7.27065e-10 0.000253304 0.000412894
7.27166e-10 0.000252616 0.000394084
7.27267e-10 0.00025184 0.000376642
7.27369e-10 0.000250977 0.000360602
7.2747e-10 0.000250028 0.000345994
7.27571e-10 0.000248993 0.000332841
7.27672e-10 0.000247873 0.000321161
7.27774e-10 0.000246671 0.000310966
7.27875e-10 0.000245388 0.000302263
7.27976e-10 0.000244026 0.000295054
7.28078e-10 0.000242589 0.000289333
7.28179e-10 0.00024108 0.000285092
7.2828e-10 0.000239502 0.000282315
7.28381e-10 0.000237859 0.000280981
7.28483e-10 0.000236155 0.000281065
7.28584e-10 0.000234394 0.000282537
7.28685e-10 0.000232581 0.000285361
7.28786e-10 0.00023072 0.000289499
7.28888e-10 0.000228817 0.000294905
7.28989e-10 0.000226876 0.000301531
7.2909e-10 0.000224903 0.000309325
7.29192e-10 0.000222903 0.000318231
7.29293e-10 0.000220881 0.00032819
7.29394e-10 0.000218843 0.000339139
7.29495e-10 0.000216794 0.000351011
7.29597e-10 0.00021474 0.00036374
7.29698e-10 0.000212685 0.000377255
7.29799e-10 0.000210636 0.000391481
7.299e-10 0.000208596 0.000406346
7.30002e-10 0.000206573 0.000421774
7.30103e-10 0.00020457 0.000437686
7.30204e-10 0.000202593 0.000454004
7.30305e-10 0.000200645 0.000470651
7.30407e-10 0.000198732 0.000487547
7.30508e-10 0.000196859 0.000504613
7.30609e-10 0.000195028 0.00052177
7.30711e-10 0.000193244 0.00053894
7.30812e-10 0.000191511 0.000556046
7.30913e-10 0.000189832 0.000573011
7.31014e-10 0.00018821 0.000589762
7.31116e-10 0.000186647 0.000606224
7.31217e-10 0.000185147 0.000622328
7.31318e-10 0.000183711 0.000638003
7.31419e-10 0.000182341 0.000653184
7.31521e-10 0.000181039 0.000667806
7.31622e-10 0.000179806 0.000681809
7.31723e-10 0.000178644 0.000695134
7.31825e-10 0.000177552 0.000707727
7.31926e-10 0.000176531 0.000719536
7.32027e-10 0.000175581 0.000730514
7.32128e-10 0.000174701 0.000740617
7.3223e-10 0.000173892 0.000749804
7.32331e-10 0.000173152 0.000758039
7.32432e-10 0.00017248 0.00076529
7.32533e-10 0.000171875 0.000771529
7.32635e-10 0.000171334 0.000776731
7.32736e-10 0.000170857 0.000780877
7.32837e-10 0.00017044 0.000783952
7.32939e-10 0.000170082 0.000785943
7.3304e-10 0.000169779 0.000786846
7.33141e-10 0.000169529 0.000786655
7.33242e-10 0.000169328 0.000785374
7.33344e-10 0.000169174 0.000783008
7.33445e-10 0.000169064 0.000779567
7.33546e-10 0.000168993 0.000775065
7.33647e-10 0.000168958 0.00076952
7.33749e-10 0.000168956 0.000762953
7.3385e-10 0.000168983 0.00075539
7.33951e-10 0.000169034 0.00074686
7.34052e-10 0.000169107 0.000737395
7.34154e-10 0.000169196 0.000727032
7.34255e-10 0.000169299 0.00071581
7.34356e-10 0.000169412 0.00070377
7.34458e-10 0.00016953 0.000690957
7.34559e-10 0.00016965 0.000677418
7.3466e-10 0.000169768 0.000663204
7.34761e-10 0.00016988 0.000648366
7.34863e-10 0.000169983 0.000632958
7.34964e-10 0.000170074 0.000617036
7.35065e-10 0.000170149 0.000600656
7.35166e-10 0.000170204 0.000583878
7.35268e-10 0.000170238 0.000566762
7.35369e-10 0.000170247 0.000549366
7.3547e-10 0.000170228 0.000531753
7.35572e-10 0.000170179 0.000513983
7.35673e-10 0.000170097 0.000496118
7.35774e-10 0.000169981 0.000478221
7.35875e-10 0.000169829 0.00046035
7.35977e-10 0.000169638 0.000442569
7.36078e-10 0.000169408 0.000424935
7.36179e-10 0.000169137 0.000407508
7.3628e-10 0.000168824 0.000390345
7.36382e-10 0.000168468 0.000373503
7.36483e-10 0.000168069 0.000357036
7.36584e-10 0.000167627 0.000340997
7.36686e-10 0.00016714 0.000325437
7.36787e-10 0.000166611 0.000310404
7.36888e-10 0.000166038 0.000295945
7.36989e-10 0.000165422 0.000282104
7.37091e-10 0.000164765 0.000268922
7.37192e-10 0.000164066 0.000256437
7.37293e-10 0.000163328 0.000244685
7.37394e-10 0.000162551 0.000233699
7.37496e-10 0.000161738 0.000223508
7.37597e-10 0.000160889 0.000214139
7.37698e-10 0.000160007 0.000205615
7.37799e-10 0.000159093 0.000197956
7.37901e-10 0.00015815 0.000191178
7.38002e-10 0.000157181 0.000185295
7.38103e-10 0.000156187 0.000180315
7.38205e-10 0.000155171 0.000176246
7.38306e-10 0.000154135 0.000173091
7.38407e-10 0.000153083 0.000170848
7.38508e-10 0.000152017 0.000169513
7.3861e-10 0.000150939 0.000169081
7.38711e-10 0.000149854 0.000169539
7.38812e-10 0.000148762 0.000170874
7.38913e-10 0.000147668 0.000173069
7.39015e-10 0.000146574 0.000176105
7.39116e-10 0.000145484 0.000179958
7.39217e-10 0.000144399 0.000184602
7.39319e-10 0.000143322 0.000190008
7.3942e-10 0.000142257 0.000196146
7.39521e-10 0.000141206 0.000202982
7.39622e-10 0.000140171 0.00021048
7.39724e-10 0.000139156 0.000218601
7.39825e-10 0.000138161 0.000227305
7.39926e-10 0.000137191 0.00023655
7.40027e-10 0.000136246 0.000246291
7.40129e-10 0.000135329 0.000256485
7.4023e-10 0.000134442 0.000267083
7.40331e-10 0.000133586 0.000278039
7.40433e-10 0.000132763 0.000289302
7.40534e-10 0.000131975 0.000300823
7.40635e-10 0.000131222 0.000312553
7.40736e-10 0.000130507 0.00032444
7.40838e-10 0.000129829 0.000336433
7.40939e-10 0.00012919 0.000348481
7.4104e-10 0.00012859 0.000360535
7.41141e-10 0.00012803 0.000372542
7.41243e-10 0.00012751 0.000384453
7.41344e-10 0.000127029 0.000396219
7.41445e-10 0.000126589 0.000407792
7.41546e-10 0.000126188 0.000419125
7.41648e-10 0.000125827 0.000430171
7.41749e-10 0.000125504 0.000440885
7.4185e-10 0.000125218 0.000451226
7.41952e-10 0.00012497 0.00046115
7.42053e-10 0.000124758 0.00047062
7.42154e-10 0.00012458 0.000479598
7.42255e-10 0.000124436 0.000488047
7.42357e-10 0.000124324 0.000495935
7.42458e-10 0.000124242 0.000503232
7.42559e-10 0.000124188 0.000509908
7.4266e-10 0.000124161 0.000515939
7.42762e-10 0.000124159 0.0005213
7.42863e-10 0.00012418 0.000525972
7.42964e-10 0.000124222 0.000529936
7.43066e-10 0.000124283 0.000533178
7.43167e-10 0.00012436 0.000535686
7.43268e-10 0.000124451 0.00053745
7.43369e-10 0.000124554 0.000538464
7.43471e-10 0.000124667 0.000538724
7.43572e-10 0.000124788 0.00053823
7.43673e-10 0.000124913 0.000536985
7.43774e-10 0.000125042 0.000534993
7.43876e-10 0.000125171 0.000532262
7.43977e-10 0.000125298 0.000528804
7.44078e-10 0.000125422 0.000524631
7.44179e-10 0.000125539 0.00051976
7.44281e-10 0.000125648 0.000514209
7.44382e-10 0.000125747 0.000508
7.44483e-10 0.000125834 0.000501157
7.44585e-10 0.000125907 0.000493704
7.44686e-10 0.000125964 0.00048567
7.44787e-10 0.000126004 0.000477086
7.44888e-10 0.000126025 0.000467983
7.4499e-10 0.000126025 0.000458396
7.45091e-10 0.000126003 0.00044836
7.45192e-10 0.000125958 0.000437912
7.45293e-10 0.000125889 0.00042709
7.45395e-10 0.000125795 0.000415936
7.45496e-10 0.000125674 0.000404489
7.45597e-10 0.000125528 0.000392791
7.45699e-10 0.000125353 0.000380885
7.458e-10 0.000125152 0.000368814
7.45901e-10 0.000124922 0.000356623
7.46002e-10 0.000124664 0.000344354
7.46104e-10 0.000124379 0.000332052
7.46205e-10 0.000124065 0.000319761
7.46306e-10 0.000123724 0.000307525
7.46407e-10 0.000123356 0.000295387
7.46509e-10 0.000122961 0.000283391
7.4661e-10 0.00012254 0.000271578
7.46711e-10 0.000122094 0.00025999
7.46813e-10 0.000121624 0.000248667
7.46914e-10 0.000121131 0.000237648
7.47015e-10 0.000120617 0.000226972
7.47116e-10 0.000120081 0.000216675
7.47218e-10 0.000119526 0.000206792
7.47319e-10 0.000118953 0.000197356
7.4742e-10 0.000118365 0.000188399
7.47521e-10 0.000117761 0.00017995
7.47623e-10 0.000117144 0.000172038
7.47724e-10 0.000116516 0.000164686
7.47825e-10 0.000115879 0.00015792
7.47926e-10 0.000115234 0.000151759
7.48028e-10 0.000114583 0.000146223
7.48129e-10 0.000113928 0.000141328
7.4823e-10 0.000113271 0.000137087
7.48332e-10 0.000112614 0.000133513
7.48433e-10 0.000111959 0.000130613
7.48534e-10 0.000111307 0.000128395
7.48635e-10 0.000110661 0.000126861
7.48737e-10 0.000110023 0.000126014
7.48838e-10 0.000109393 0.000125852
7.48939e-10 0.000108775 0.00012637
7.4904e-10 0.000108169 0.000127562
7.49142e-10 0.000107578 0.000129421
7.49243e-10 0.000107002 0.000131933
7.49344e-10 0.000106444 0.000135085
7.49446e-10 0.000105905 0.000138861
7.49547e-10 0.000105386 0.000143243
7.49648e-10 0.000104888 0.00014821
7.49749e-10 0.000104413 0.000153739
7.49851e-10 0.000103961 0.000159806
7.49952e-10 0.000103534 0.000166384
7.50053e-10 0.000103133 0.000173444
7.50154e-10 0.000102757 0.000180957
7.50256e-10 0.000102408 0.00018889
7.50357e-10 0.000102087 0.00019721
7.50458e-10 0.000101793 0.000205883
7.5056e-10 0.000101526 0.000214874
7.50661e-10 0.000101288 0.000224144
7.50762e-10 0.000101077 0.000233657
7.50863e-10 0.000100894 0.000243374
7.50965e-10 0.000100739 0.000253256
7.51066e-10 0.000100611 0.000263263
7.51167e-10 0.00010051 0.000273355
7.51268e-10 0.000100434 0.000283493
7.5137e-10 0.000100384 0.000293635
7.51471e-10 0.000100359 0.000303742
7.51572e-10 0.000100357 0.000313774
7.51673e-10 0.000100378 0.000323691
7.51775e-10 0.00010042 0.000333455
7.51876e-10 0.000100483 0.000343028
7.51977e-10 0.000100565 0.000352372
7.52079e-10 0.000100664 0.00036145
7.5218e-10 0.00010078 0.000370229
7.52281e-10 0.000100911 0.000378673
7.52382e-10 0.000101055 0.000386749
7.52484e-10 0.000101211 0.000394428
7.52585e-10 0.000101377 0.000401679
7.52686e-10 0.000101551 0.000408475
7.52787e-10 0.000101732 0.000414788
7.52889e-10 0.000101918 0.000420596
7.5299e-10 0.000102108 0.000425876
7.53091e-10 0.000102299 0.000430608
7.53193e-10 0.000102491 0.000434774
7.53294e-10 0.00010268 0.000438357
7.53395e-10 0.000102867 0.000441345
7.53496e-10 0.000103048 0.000443726
7.53598e-10 0.000103223 0.000445491
7.53699e-10 0.00010339 0.000446634
7.538e-10 0.000103547 0.00044715
7.53901e-10 0.000103693 0.000447038
7.54003e-10 0.000103826 0.000446298
7.54104e-10 0.000103946 0.000444932
7.54205e-10 0.000104051 0.000442947
7.54307e-10 0.00010414 0.00044035
7.54408e-10 0.000104211 0.00043715
7.54509e-10 0.000104264 0.000433361
7.5461e-10 0.000104298 0.000428996
7.54712e-10 0.000104312 0.000424073
7.54813e-10 0.000104306 0.000418609
7.54914e-10 0.000104279 0.000412626
7.55015e-10 0.000104229 0.000406146
7.55117e-10 0.000104158 0.000399193
7.55218e-10 0.000104065 0.000391795
7.55319e-10 0.000103949 0.000383979
7.5542e-10 0.000103811 0.000375774
7.55522e-10 0.00010365 0.000367212
7.55623e-10 0.000103467 0.000358325
7.55724e-10 0.000103263 0.000349145
7.55826e-10 0.000103037 0.000339709
7.55927e-10 0.000102789 0.00033005
7.56028e-10 0.000102522 0.000320207
7.56129e-10 0.000102235 0.000310215
7.56231e-10 0.000101928 0.000300111
7.56332e-10 0.000101604 0.000289935
7.56433e-10 0.000101263 0.000279724
7.56534e-10 0.000100906 0.000269517
7.56636e-10 0.000100534 0.000259351
7.56737e-10 0.000100149 0.000249265
7.56838e-10 9.97506e-05 0.000239296
7.5694e-10 9.93417e-05 0.000229483
7.57041e-10 9.89232e-05 0.000219861
7.57142e-10 9.84966e-05 0.000210466
7.57243e-10 9.80632e-05 0.000201334
7.57345e-10 9.76247e-05 0.000192499
7.57446e-10 9.71825e-05 0.000183994
7.57547e-10 9.67383e-05 0.00017585
7.57648e-10 9.62935e-05 0.000168098
7.5775e-10 9.58498e-05 0.000160767
7.57851e-10 9.54088e-05 0.000153884
7.57952e-10 9.4972e-05 0.000147474
7.58053e-10 9.45409e-05 0.000141563
7.58155e-10 9.41172e-05 0.000136171
7.58256e-10 9.37022e-05 0.000131318
7.58357e-10 9.32975e-05 0.000127023
7.58459e-10 9.29044e-05 0.000123302
7.5856e-10 9.25243e-05 0.000120168
7.58661e-10 9.21586e-05 0.000117633
7.58762e-10 9.18085e-05 0.000115707
7.58864e-10 9.14751e-05 0.000114395
7.58965e-10 9.11596e-05 0.000113704
7.59066e-10 9.0863e-05 0.000113636
7.59167e-10 9.05862e-05 0.00011419
7.59269e-10 9.03301e-05 0.000115365
7.5937e-10 9.00955e-05 0.000117155
7.59471e-10 8.98829e-05 0.000119555
7.59573e-10 8.96931e-05 0.000122555
7.59674e-10 8.95265e-05 0.000126143
7.59775e-10 8.93834e-05 0.000130307
7.59876e-10 8.92641e-05 0.00013503
7.59978e-10 8.91688e-05 0.000140294
7.60079e-10 8.90975e-05 0.000146081
7.6018e-10 8.90502e-05 0.000152367
7.60281e-10 8.90267e-05 0.000159129
7.60383e-10 8.90269e-05 0.000166343
7.60484e-10 8.90502e-05 0.00017398
7.60585e-10 8.90963e-05 0.000182013
7.60687e-10 8.91645e-05 0.00019041
7.60788e-10 8.92543e-05 0.00019914
7.60889e-10 8.93649e-05 0.000208172
7.6099e-10 8.94954e-05 0.000217469
7.61092e-10 8.9645e-05 0.000226998
7.61193e-10 8.98125e-05 0.000236723
7.61294e-10 8.99969e-05 0.000246608
7.61395e-10 9.01971e-05 0.000256614
7.61497e-10 9.04118e-05 0.000266705
7.61598e-10 9.06397e-05 0.000276842
7.61699e-10 9.08794e-05 0.000286987
7.618e-10 9.11297e-05 0.000297103
7.61902e-10 9.1389e-05 0.000307151
7.62003e-10 9.16559e-05 0.000317092
7.62104e-10 9.19288e-05 0.000326891
7.62206e-10 9.22062e-05 0.000336509
7.62307e-10 9.24867e-05 0.000345911
7.62408e-10 9.27686e-05 0.000355061
7.62509e-10 9.30503e-05 0.000363925
7.62611e-10 9.33304e-05 0.000372468
7.62712e-10 9.36072e-05 0.00038066
7.62813e-10 9.38794e-05 0.000388468
7.62914e-10 9.41453e-05 0.000395864
7.63016e-10 9.44035e-05 0.000402818
7.63117e-10 9.46526e-05 0.000409306
7.63218e-10 9.48913e-05 0.000415302
7.6332e-10 9.51181e-05 0.000420783
7.63421e-10 9.53319e-05 0.00042573
7.63522e-10 9.55314e-05 0.000430122
7.63623e-10 9.57155e-05 0.000433943
7.63725e-10 9.58832e-05 0.000437179
7.63826e-10 9.60335e-05 0.000439817
7.63927e-10 9.61655e-05 0.000441847
7.64028e-10 9.62784e-05 0.000443261
7.6413e-10 9.63714e-05 0.000444054
7.64231e-10 9.64441e-05 0.000444223
7.64332e-10 9.64958e-05 0.000443766
7.64434e-10 9.65262e-05 0.000442686
7.64535e-10 9.65349e-05 0.000440986
7.64636e-10 9.65217e-05 0.000438672
7.64737e-10 9.64866e-05 0.000435754
7.64839e-10 9.64296e-05 0.000432242
7.6494e-10 9.63507e-05 0.00042815
7.65041e-10 9.62502e-05 0.000423493
7.65142e-10 9.61285e-05 0.000418288
7.65244e-10 9.59858e-05 0.000412557
7.65345e-10 9.58229e-05 0.000406319
7.65446e-10 9.56402e-05 0.0003996
7.65547e-10 9.54386e-05 0.000392424
7.65649e-10 9.52188e-05 0.00038482
7.6575e-10 9.49818e-05 0.000376817
7.65851e-10 9.47285e-05 0.000368444
7.65953e-10 9.44601e-05 0.000359735
7.66054e-10 9.41776e-05 0.000350724
7.66155e-10 9.38824e-05 0.000341444
7.66256e-10 9.35758e-05 0.000331932
7.66358e-10 9.32589e-05 0.000322225
7.66459e-10 9.29334e-05 0.000312361
7.6656e-10 9.26006e-05 0.000302378
7.66661e-10 9.22621e-05 0.000292314
7.66763e-10 9.19193e-05 0.00028221
7.66864e-10 9.15739e-05 0.000272106
7.66965e-10 9.12274e-05 0.00026204
7.67067e-10 9.08814e-05 0.000252053
7.67168e-10 9.05375e-05 0.000242184
7.67269e-10 9.01973e-05 0.000232473
7.6737e-10 8.98625e-05 0.000222958
7.67472e-10 8.95345e-05 0.000213678
7.67573e-10 8.9215e-05 0.00020467
7.67674e-10 8.89055e-05 0.00019597
7.67775e-10 8.86074e-05 0.000187614
7.67877e-10 8.83222e-05 0.000179637
7.67978e-10 8.80513e-05 0.000172071
7.68079e-10 8.77961e-05 0.000164948
7.68181e-10 8.75577e-05 0.000158297
7.68282e-10 8.73375e-05 0.000152147
7.68383e-10 8.71365e-05 0.000146525
7.68484e-10 8.69558e-05 0.000141455
7.68586e-10 8.67963e-05 0.00013696
7.68687e-10 8.66589e-05 0.00013306
7.68788e-10 8.65445e-05 0.000129773
7.68889e-10 8.64536e-05 0.000127116
7.68991e-10 8.63868e-05 0.000125103
7.69092e-10 8.63447e-05 0.000123745
7.69193e-10 8.63275e-05 0.00012305
7.69294e-10 8.63356e-05 0.000123027
7.69396e-10 8.63691e-05 0.000123678
7.69497e-10 8.6428e-05 0.000125005
7.69598e-10 8.65122e-05 0.000127008
7.697e-10 8.66215e-05 0.000129682
7.69801e-10 8.67557e-05 0.000133022
7.69902e-10 8.69143e-05 0.00013702
7.70003e-10 8.70968e-05 0.000141663
7.70105e-10 8.73026e-05 0.00014694
7.70206e-10 8.75309e-05 0.000152833
7.70307e-10 8.77809e-05 0.000159325
7.70408e-10 8.80516e-05 0.000166395
7.7051e-10 8.83421e-05 0.00017402
7.70611e-10 8.86511e-05 0.000182176
7.70712e-10 8.89775e-05 0.000190835
7.70814e-10 8.93201e-05 0.000199968
7.70915e-10 8.96773e-05 0.000209544
7.71016e-10 9.00479e-05 0.000219532
7.71117e-10 9.04303e-05 0.000229895
7.71219e-10 9.08229e-05 0.0002406
7.7132e-10 9.12242e-05 0.000251608
7.71421e-10 9.16325e-05 0.00026288
7.71522e-10 9.20461e-05 0.000274378
7.71624e-10 9.24633e-05 0.000286061
7.71725e-10 9.28825e-05 0.000297887
7.71826e-10 9.33018e-05 0.000309814
7.71928e-10 9.37196e-05 0.000321799
7.72029e-10 9.4134e-05 0.0003338
7.7213e-10 9.45434e-05 0.000345774
7.72231e-10 9.49461e-05 0.000357676
7.72333e-10 9.53404e-05 0.000369464
7.72434e-10 9.57246e-05 0.000381094
7.72535e-10 9.60972e-05 0.000392526
7.72636e-10 9.64566e-05 0.000403716
7.72738e-10 9.68013e-05 0.000414623
7.72839e-10 9.71299e-05 0.000425208
7.7294e-10 9.7441e-05 0.000435431
7.73041e-10 9.77334e-05 0.000445254
7.73143e-10 9.80059e-05 0.000454641
7.73244e-10 9.82574e-05 0.000463557
7.73345e-10 9.84868e-05 0.000471969
7.73447e-10 9.86933e-05 0.000479844
7.73548e-10 9.88762e-05 0.000487154
7.73649e-10 9.90346e-05 0.000493871
7.7375e-10 9.9168e-05 0.000499968
7.73852e-10 9.92761e-05 0.000505424
7.73953e-10 9.93584e-05 0.000510217
7.74054e-10 9.94147e-05 0.000514329
7.74155e-10 9.94449e-05 0.000517743
7.74257e-10 9.94492e-05 0.000520447
7.74358e-10 9.94275e-05 0.00052243
7.74459e-10 9.93804e-05 0.000523683
7.74561e-10 9.9308e-05 0.000524202
7.74662e-10 9.9211e-05 0.000523985
7.74763e-10 9.90901e-05 0.00052303
7.74864e-10 9.89459e-05 0.000521343
7.74966e-10 9.87794e-05 0.000518928
7.75067e-10 9.85917e-05 0.000515795
7.75168e-10 9.83837e-05 0.000511955
7.75269e-10 9.81568e-05 0.000507422
7.75371e-10 9.79123e-05 0.000502214
7.75472e-10 9.76515e-05 0.000496351
7.75573e-10 9.73759e-05 0.000489854
7.75674e-10 9.70872e-05 0.00048275
7.75776e-10 9.67871e-05 0.000475064
7.75877e-10 9.64771e-05 0.000466827
7.75978e-10 9.61592e-05 0.000458071
7.7608e-10 9.58351e-05 0.000448831
7.76181e-10 9.55069e-05 0.000439142
7.76282e-10 9.51762e-05 0.000429043
7.76383e-10 9.48453e-05 0.000418573
7.76485e-10 9.45159e-05 0.000407775
7.76586e-10 9.41901e-05 0.000396691
7.76687e-10 9.38699e-05 0.000385367
7.76788e-10 9.35572e-05 0.000373847
7.7689e-10 9.32541e-05 0.000362178
7.76991e-10 9.29624e-05 0.000350409
7.77092e-10 9.2684e-05 0.000338587
7.77194e-10 9.24209e-05 0.000326761
7.77295e-10 9.21747e-05 0.00031498
7.77396e-10 9.19474e-05 0.000303294
7.77497e-10 9.17404e-05 0.000291752
7.77599e-10 9.15555e-05 0.000280402
7.777e-10 9.13941e-05 0.000269294
7.77801e-10 9.12577e-05 0.000258475
7.77902e-10 9.11476e-05 0.000247993
7.78004e-10 9.1065e-05 0.000237894
7.78105e-10 9.10111e-05 0.000228222
7.78206e-10 9.09866e-05 0.000219023
7.78308e-10 9.09927e-05 0.000210338
7.78409e-10 9.10299e-05 0.000202207
7.7851e-10 9.10989e-05 0.000194671
7.78611e-10 9.12002e-05 0.000187765
7.78713e-10 9.1334e-05 0.000181524
7.78814e-10 9.15005e-05 0.000175981
7.78915e-10 9.16999e-05 0.000171167
7.79016e-10 9.19318e-05 0.000167108
7.79118e-10 9.21962e-05 0.000163829
7.79219e-10 9.24926e-05 0.000161353
7.7932e-10 9.28205e-05 0.000159699
7.79421e-10 9.3179e-05 0.000158883
7.79523e-10 9.35676e-05 0.000158918
7.79624e-10 9.3985e-05 0.000159816
7.79725e-10 9.44303e-05 0.000161582
7.79827e-10 9.49022e-05 0.000164221
7.79928e-10 9.53994e-05 0.000167732
7.80029e-10 9.59202e-05 0.000172115
7.8013e-10 9.64632e-05 0.000177362
7.80232e-10 9.70266e-05 0.000183464
7.80333e-10 9.76086e-05 0.000190409
7.80434e-10 9.82073e-05 0.000198181
7.80535e-10 9.88206e-05 0.000206761
7.80637e-10 9.94465e-05 0.000216127
7.80738e-10 0.000100083 0.000226253
7.80839e-10 0.000100727 0.000237112
7.80941e-10 0.000101378 0.000248673
7.81042e-10 0.000102032 0.000260901
7.81143e-10 0.000102687 0.00027376
7.81244e-10 0.000103342 0.00028721
7.81346e-10 0.000103993 0.00030121
7.81447e-10 0.000104638 0.000315715
7.81548e-10 0.000105275 0.000330679
7.81649e-10 0.000105902 0.000346054
7.81751e-10 0.000106515 0.00036179
7.81852e-10 0.000107114 0.000377835
7.81953e-10 0.000107696 0.000394135
7.82055e-10 0.000108258 0.000410635
7.82156e-10 0.000108798 0.00042728
7.82257e-10 0.000109316 0.000444014
7.82358e-10 0.000109808 0.000460778
7.8246e-10 0.000110272 0.000477514
7.82561e-10 0.000110709 0.000494165
7.82662e-10 0.000111114 0.000510673
7.82763e-10 0.000111488 0.000526978
7.82865e-10 0.00011183 0.000543024
7.82966e-10 0.000112137 0.000558754
7.83067e-10 0.000112409 0.00057411
7.83168e-10 0.000112645 0.000589038
7.8327e-10 0.000112845 0.000603483
7.83371e-10 0.000113007 0.000617394
7.83472e-10 0.000113133 0.000630719
7.83574e-10 0.00011322 0.00064341
7.83675e-10 0.000113271 0.000655418
7.83776e-10 0.000113284 0.000666701
7.83877e-10 0.000113261 0.000677215
7.83979e-10 0.000113201 0.000686921
7.8408e-10 0.000113106 0.000695783
7.84181e-10 0.000112976 0.000703766
7.84282e-10 0.000112813 0.00071084
7.84384e-10 0.000112618 0.000716978
7.84485e-10 0.000112392 0.000722156
7.84586e-10 0.000112137 0.000726353
7.84688e-10 0.000111854 0.000729553
7.84789e-10 0.000111547 0.000731743
7.8489e-10 0.000111215 0.000732912
7.84991e-10 0.000110863 0.000733057
7.85093e-10 0.000110492 0.000732174
7.85194e-10 0.000110105 0.000730268
7.85295e-10 0.000109704 0.000727343
7.85396e-10 0.000109291 0.000723411
7.85498e-10 0.00010887 0.000718487
7.85599e-10 0.000108444 0.000712587
7.857e-10 0.000108014 0.000705735
7.85802e-10 0.000107585 0.000697957
7.85903e-10 0.000107158 0.000689283
7.86004e-10 0.000106738 0.000679746
7.86105e-10 0.000106327 0.000669384
7.86207e-10 0.000105928 0.000658238
7.86308e-10 0.000105543 0.000646352
7.86409e-10 0.000105177 0.000633774
7.8651e-10 0.000104831 0.000620553
7.86612e-10 0.000104509 0.000606745
7.86713e-10 0.000104213 0.000592406
7.86814e-10 0.000103947 0.000577593
7.86915e-10 0.000103712 0.00056237
7.87017e-10 0.000103511 0.000546798
7.87118e-10 0.000103346 0.000530945
7.87219e-10 0.00010322 0.000514878
7.87321e-10 0.000103135 0.000498664
7.87422e-10 0.000103093 0.000482374
7.87523e-10 0.000103095 0.00046608
7.87624e-10 0.000103143 0.000449852
7.87726e-10 0.000103238 0.000433764
7.87827e-10 0.000103381 0.000417888
7.87928e-10 0.000103575 0.000402296
7.88029e-10 0.000103818 0.00038706
7.88131e-10 0.000104112 0.000372252
7.88232e-10 0.000104457 0.000357942
7.88333e-10 0.000104854 0.0003442
7.88435e-10 0.000105301 0.000331094
7.88536e-10 0.0001058 0.00031869
7.88637e-10 0.000106348 0.000307052
7.88738e-10 0.000106946 0.000296243
7.8884e-10 0.000107592 0.000286321
7.88941e-10 0.000108285 0.000277345
7.89042e-10 0.000109024 0.000269368
7.89143e-10 0.000109806 0.000262441
7.89245e-10 0.00011063 0.00025661
7.89346e-10 0.000111494 0.00025192
7.89447e-10 0.000112396 0.000248411
7.89548e-10 0.000113332 0.000246118
7.8965e-10 0.0001143 0.000245072
7.89751e-10 0.000115297 0.000245302
7.89852e-10 0.000116321 0.000246829
7.89954e-10 0.000117368 0.000249673
7.90055e-10 0.000118434 0.000253845
7.90156e-10 0.000119516 0.000259355
7.90257e-10 0.00012061 0.000266207
7.90359e-10 0.000121714 0.000274398
7.9046e-10 0.000122822 0.000283923
7.90561e-10 0.000123932 0.00029477
7.90662e-10 0.000125039 0.000306923
7.90764e-10 0.000126139 0.000320359
7.90865e-10 0.000127229 0.000335052
7.90966e-10 0.000128304 0.000350972
7.91068e-10 0.000129361 0.00036808
7.91169e-10 0.000130396 0.000386336
7.9127e-10 0.000131404 0.000405694
7.91371e-10 0.000132383 0.000426103
7.91473e-10 0.000133329 0.000447509
7.91574e-10 0.000134238 0.000469851
7.91675e-10 0.000135107 0.000493068
7.91776e-10 0.000135932 0.00051709
7.91878e-10 0.00013671 0.000541848
7.91979e-10 0.000137439 0.000567267
7.9208e-10 0.000138116 0.000593269
7.92182e-10 0.000138739 0.000619775
7.92283e-10 0.000139304 0.0006467
7.92384e-10 0.000139811 0.000673959
7.92485e-10 0.000140257 0.000701465
7.92587e-10 0.000140641 0.000729128
7.92688e-10 0.000140961 0.000756857
7.92789e-10 0.000141218 0.000784561
7.9289e-10 0.000141409 0.000812146
7.92992e-10 0.000141535 0.00083952
7.93093e-10 0.000141595 0.000866589
7.93194e-10 0.00014159 0.00089326
7.93295e-10 0.000141521 0.000919441
7.93397e-10 0.000141388 0.00094504
7.93498e-10 0.000141193 0.000969968
7.93599e-10 0.000140936 0.000994136
7.93701e-10 0.00014062 0.00101746
7.93802e-10 0.000140247 0.00103985
7.93903e-10 0.00013982 0.00106123
7.94004e-10 0.00013934 0.00108152
7.94106e-10 0.000138812 0.00110065
7.94207e-10 0.000138237 0.00111855
7.94308e-10 0.000137621 0.00113514
7.94409e-10 0.000136966 0.00115037
7.94511e-10 0.000136276 0.00116417
7.94612e-10 0.000135557 0.00117651
7.94713e-10 0.000134812 0.00118732
7.94815e-10 0.000134046 0.00119657
7.94916e-10 0.000133263 0.00120421
7.95017e-10 0.00013247 0.00121023
7.95118e-10 0.00013167 0.00121459
7.9522e-10 0.000130869 0.00121727
7.95321e-10 0.000130073 0.00121827
7.95422e-10 0.000129287 0.00121758
7.95523e-10 0.000128515 0.0012152
7.95625e-10 0.000127765 0.00121113
7.95726e-10 0.00012704 0.00120539
7.95827e-10 0.000126347 0.00119801
7.95929e-10 0.00012569 0.001189
7.9603e-10 0.000125076 0.00117841
7.96131e-10 0.000124509 0.00116628
7.96232e-10 0.000123994 0.00115264
7.96334e-10 0.000123536 0.00113757
7.96435e-10 0.00012314 0.00112111
7.96536e-10 0.00012281 0.00110334
7.96637e-10 0.000122551 0.00108433
7.96739e-10 0.000122366 0.00106415
7.9684e-10 0.00012226 0.00104289
7.96941e-10 0.000122235 0.00102064
7.97042e-10 0.000122295 0.0009975
7.97144e-10 0.000122442 0.000973561
7.97245e-10 0.00012268 0.000948931
7.97346e-10 0.00012301 0.000923717
7.97448e-10 0.000123433 0.000898032
7.97549e-10 0.000123952 0.00087199
7.9765e-10 0.000124567 0.000845709
7.97751e-10 0.000125278 0.000819312
7.97853e-10 0.000126085 0.00079292
7.97954e-10 0.000126989 0.000766658
7.98055e-10 0.000127988 0.000740653
7.98156e-10 0.000129081 0.000715031
7.98258e-10 0.000130266 0.000689919
7.98359e-10 0.000131541 0.000665445
7.9846e-10 0.000132903 0.000641735
7.98562e-10 0.00013435 0.000618914
7.98663e-10 0.000135878 0.000597107
7.98764e-10 0.000137483 0.000576434
7.98865e-10 0.000139161 0.000557015
7.98967e-10 0.000140906 0.000538965
7.99068e-10 0.000142715 0.000522399
7.99169e-10 0.000144581 0.000507423
7.9927e-10 0.000146499 0.000494142
7.99372e-10 0.000148463 0.000482655
7.99473e-10 0.000150465 0.000473056
7.99574e-10 0.000152501 0.000465433
7.99676e-10 0.000154561 0.000459868
7.99777e-10 0.00015664 0.000456436
7.99878e-10 0.000158731 0.000455204
7.99979e-10 0.000160824 0.000456235
8.00081e-10 0.000162914 0.000459581
8.00182e-10 0.000164991 0.000465288
8.00283e-10 0.000167049 0.000473393
8.00384e-10 0.000169079 0.000483924
8.00486e-10 0.000171074 0.000496901
8.00587e-10 0.000173025 0.000512337
8.00688e-10 0.000174925 0.000530232
8.00789e-10 0.000176767 0.000550579
8.00891e-10 0.000178542 0.000573363
8.00992e-10 0.000180244 0.000598558
8.01093e-10 0.000181865 0.000626128
8.01195e-10 0.000183399 0.00065603
8.01296e-10 0.000184838 0.000688209
8.01397e-10 0.000186178 0.000722603
8.01498e-10 0.000187411 0.00075914
8.016e-10 0.000188533 0.000797739
8.01701e-10 0.000189538 0.00083831
8.01802e-10 0.000190422 0.000880756
8.01903e-10 0.000191181 0.000924968
8.02005e-10 0.000191811 0.000970834
8.02106e-10 0.000192309 0.00101823
8.02207e-10 0.000192672 0.00106703
8.02309e-10 0.0001929 0.00111709
8.0241e-10 0.000192989 0.00116828
8.02511e-10 0.00019294 0.00122044
8.02612e-10 0.000192753 0.00127342
8.02714e-10 0.000192428 0.00132706
8.02815e-10 0.000191966 0.0013812
8.02916e-10 0.000191369 0.00143566
8.03017e-10 0.000190641 0.00149029
8.03119e-10 0.000189783 0.00154489
8.0322e-10 0.000188799 0.00159931
8.03321e-10 0.000187695 0.00165335
8.03422e-10 0.000186476 0.00170685
8.03524e-10 0.000185146 0.00175963
8.03625e-10 0.000183713 0.0018115
8.03726e-10 0.000182184 0.00186229
8.03828e-10 0.000180565 0.00191183
8.03929e-10 0.000178866 0.00195995
8.0403e-10 0.000177094 0.00200647
8.04131e-10 0.000175259 0.00205124
8.04233e-10 0.000173371 0.00209409
8.04334e-10 0.000171439 0.00213487
8.04435e-10 0.000169474 0.00217343
8.04536e-10 0.000167487 0.00220964
8.04638e-10 0.000165488 0.00224335
8.04739e-10 0.000163489 0.00227445
8.0484e-10 0.000161502 0.00230281
8.04942e-10 0.000159538 0.00232833
8.05043e-10 0.000157609 0.00235091
8.05144e-10 0.000155726 0.00237047
8.05245e-10 0.000153903 0.00238693
8.05347e-10 0.00015215 0.00240021
8.05448e-10 0.00015048 0.00241028
8.05549e-10 0.000148904 0.00241708
8.0565e-10 0.000147433 0.0024206
8.05752e-10 0.00014608 0.0024208
8.05853e-10 0.000144853 0.0024177
8.05954e-10 0.000143765 0.0024113
8.06056e-10 0.000142824 0.00240162
8.06157e-10 0.000142042 0.0023887
8.06258e-10 0.000141426 0.0023726
8.06359e-10 0.000140985 0.00235337
8.06461e-10 0.000140727 0.0023311
8.06562e-10 0.000140659 0.00230587
8.06663e-10 0.000140788 0.0022778
8.06764e-10 0.000141119 0.002247
8.06866e-10 0.000141657 0.0022136
8.06967e-10 0.000142406 0.00217774
8.07068e-10 0.000143369 0.00213958
8.07169e-10 0.000144549 0.0020993
8.07271e-10 0.000145947 0.00205707
8.07372e-10 0.000147563 0.00201307
8.07473e-10 0.000149396 0.00196752
8.07575e-10 0.000151445 0.00192062
8.07676e-10 0.000153708 0.00187259
8.07777e-10 0.00015618 0.00182366
8.07878e-10 0.000158857 0.00177408
8.0798e-10 0.000161734 0.00172407
8.08081e-10 0.000164802 0.00167389
8.08182e-10 0.000168056 0.0016238
8.08283e-10 0.000171486 0.00157405
8.08385e-10 0.000175083 0.00152491
8.08486e-10 0.000178835 0.00147664
8.08587e-10 0.000182732 0.00142951
8.08689e-10 0.000186762 0.00138379
8.0879e-10 0.00019091 0.00133974
8.08891e-10 0.000195163 0.00129762
8.08992e-10 0.000199506 0.00125771
8.09094e-10 0.000203924 0.00122027
8.09195e-10 0.000208401 0.00118553
8.09296e-10 0.00021292 0.00115376
8.09397e-10 0.000217464 0.0011252
8.09499e-10 0.000222016 0.00110009
8.096e-10 0.000226556 0.00107864
8.09701e-10 0.000231068 0.00106107
8.09803e-10 0.000235532 0.0010476
8.09904e-10 0.00023993 0.0010384
8.10005e-10 0.000244244 0.00103368
8.10106e-10 0.000248453 0.00103358
8.10208e-10 0.000252541 0.00103827
8.10309e-10 0.000256487 0.00104789
8.1041e-10 0.000260275 0.00106255
8.10511e-10 0.000263887 0.00108236
8.10613e-10 0.000267304 0.0011074
8.10714e-10 0.000270511 0.00113775
8.10815e-10 0.00027349 0.00117347
8.10916e-10 0.000276227 0.00121457
8.11018e-10 0.000278707 0.00126107
8.11119e-10 0.000280915 0.00131297
8.1122e-10 0.000282839 0.00137023
8.11322e-10 0.000284467 0.00143281
8.11423e-10 0.000285789 0.00150064
8.11524e-10 0.000286794 0.00157362
8.11625e-10 0.000287474 0.00165166
8.11727e-10 0.000287823 0.00173461
8.11828e-10 0.000287833 0.00182232
8.11929e-10 0.000287502 0.00191463
8.1203e-10 0.000286825 0.00201134
8.12132e-10 0.000285803 0.00211224
8.12233e-10 0.000284434 0.00221709
8.12334e-10 0.00028272 0.00232566
8.12436e-10 0.000280665 0.00243767
8.12537e-10 0.000278274 0.00255284
8.12638e-10 0.000275553 0.00267087
8.12739e-10 0.000272511 0.00279145
8.12841e-10 0.000269156 0.00291424
8.12942e-10 0.0002655 0.00303891
8.13043e-10 0.000261557 0.00316509
8.13144e-10 0.000257341 0.00329242
8.13246e-10 0.000252867 0.00342053
8.13347e-10 0.000248153 0.00354902
8.13448e-10 0.000243219 0.00367752
8.1355e-10 0.000238083 0.00380562
8.13651e-10 0.000232769 0.00393291
8.13752e-10 0.000227299 0.004059
8.13853e-10 0.000221697 0.00418349
8.13955e-10 0.000215988 0.00430595
8.14056e-10 0.000210198 0.00442599
8.14157e-10 0.000204354 0.00454322
8.14258e-10 0.000198485 0.00465723
8.1436e-10 0.000192619 0.00476763
8.14461e-10 0.000186784 0.00487405
8.14562e-10 0.000181012 0.00497613
8.14663e-10 0.000175331 0.00507349
8.14765e-10 0.000169772 0.00516579
8.14866e-10 0.000164365 0.00525272
8.14967e-10 0.000159141 0.00533395
8.15069e-10 0.000154129 0.00540918
8.1517e-10 0.00014936 0.00547815
8.15271e-10 0.000144863 0.00554061
8.15372e-10 0.000140667 0.00559631
8.15474e-10 0.0001368 0.00564505
8.15575e-10 0.000133289 0.00568665
8.15676e-10 0.000130161 0.00572096
8.15777e-10 0.00012744 0.00574784
8.15879e-10 0.000125151 0.00576719
8.1598e-10 0.000123317 0.00577895
8.16081e-10 0.000121958 0.00578306
8.16183e-10 0.000121093 0.00577954
8.16284e-10 0.000120742 0.00576838
8.16385e-10 0.000120918 0.00574965
8.16486e-10 0.000121637 0.00572344
8.16588e-10 0.00012291 0.00568987
8.16689e-10 0.000124747 0.00564908
8.1679e-10 0.000127156 0.00560126
8.16891e-10 0.000130141 0.00554664
8.16993e-10 0.000133706 0.00548545
8.17094e-10 0.000137851 0.005418
8.17195e-10 0.000142573 0.00534459
8.17296e-10 0.000147869 0.00526557
8.17398e-10 0.000153731 0.00518131
8.17499e-10 0.00016015 0.00509224
8.176e-10 0.000167113 0.00499877
8.17702e-10 0.000174606 0.00490138
8.17803e-10 0.000182611 0.00480057
8.17904e-10 0.000191108 0.00469683
8.18005e-10 0.000200076 0.00459072
8.18107e-10 0.000209489 0.00448278
8.18208e-10 0.000219321 0.00437362
8.18309e-10 0.000229542 0.00426382
8.1841e-10 0.00024012 0.00415399
8.18512e-10 0.000251022 0.00404478
8.18613e-10 0.000262213 0.00393681
8.18714e-10 0.000273653 0.00383074
8.18816e-10 0.000285305 0.00372724
8.18917e-10 0.000297128 0.00362695
8.19018e-10 0.000309078 0.00353056
8.19119e-10 0.000321111 0.00343871
8.19221e-10 0.000333184 0.00335209
8.19322e-10 0.00034525 0.00327134
8.19423e-10 0.000357262 0.00319712
8.19524e-10 0.000369172 0.00313005
8.19626e-10 0.000380934 0.00307078
8.19727e-10 0.000392498 0.00301991
8.19828e-10 0.000403816 0.00297802
8.1993e-10 0.000414841 0.0029457
8.20031e-10 0.000425525 0.00292347
8.20132e-10 0.00043582 0.00291187
8.20233e-10 0.000445681 0.00291137
8.20335e-10 0.000455061 0.00292245
8.20436e-10 0.000463916 0.00294551
8.20537e-10 0.000472204 0.00298095
8.20638e-10 0.000479884 0.00302912
8.2074e-10 0.000486915 0.00309031
8.20841e-10 0.000493261 0.00316481
8.20942e-10 0.000498885 0.00325281
8.21043e-10 0.000503756 0.00335451
8.21145e-10 0.000507842 0.00347002
8.21246e-10 0.000511116 0.00359942
8.21347e-10 0.000513553 0.00374273
8.21449e-10 0.000515131 0.00389993
8.2155e-10 0.000515832 0.00407094
8.21651e-10 0.000515639 0.00425562
8.21752e-10 0.000514541 0.0044538
8.21854e-10 0.00051253 0.00466522
8.21955e-10 0.0005096 0.0048896
8.22056e-10 0.00050575 0.00512658
8.22157e-10 0.000500983 0.00537577
8.22259e-10 0.000495306 0.00563671
8.2236e-10 0.000488727 0.00590888
8.22461e-10 0.000481262 0.00619174
8.22563e-10 0.000472928 0.00648466
8.22664e-10 0.000463748 0.006787
8.22765e-10 0.000453746 0.00709805
8.22866e-10 0.000442952 0.00741706
8.22968e-10 0.0004314 0.00774323
8.23069e-10 0.000419127 0.00807574
8.2317e-10 0.000406173 0.0084137
8.23271e-10 0.000392582 0.00875622
8.23373e-10 0.000378403 0.00910236
8.23474e-10 0.000363685 0.00945114
8.23575e-10 0.000348483 0.00980158
8.23677e-10 0.000332854 0.0101527
8.23778e-10 0.000316859 0.0105033
8.23879e-10 0.000300559 0.0108526
8.2398e-10 0.00028402 0.0111993
8.24082e-10 0.00026731 0.0115425
8.24183e-10 0.000250499 0.011881
8.24284e-10 0.000233657 0.0122138
8.24385e-10 0.000216859 0.0125399
8.24487e-10 0.000200178 0.0128581
8.24588e-10 0.000183693 0.0131675
8.24689e-10 0.000167478 0.0134671
8.2479e-10 0.000151613 0.0137557
8.24892e-10 0.000136176 0.0140326
8.24993e-10 0.000121246 0.0142967
8.25094e-10 0.000106901 0.0145472
8.25196e-10 9.32208e-05 0.0147833
8.25297e-10 8.02835e-05 0.015004
8.25398e-10 6.81666e-05 0.0152087
8.25499e-10 5.69472e-05 0.0153967
8.25601e-10 4.6701e-05 0.0155674
8.25702e-10 3.75023e-05 0.0157201
8.25803e-10 2.94241e-05 0.0158544
8.25904e-10 2.25374e-05 0.0159698
8.26006e-10 1.69113e-05 0.016066
8.26107e-10 1.26127e-05 0.0161426
8.26208e-10 9.70622e-06 0.0161996
8.2631e-10 8.25372e-06 0.0162367
8.26411e-10 8.3144e-06 0.0162539
8.26512e-10 9.94453e-06 0.0162513
8.26613e-10 1.31973e-05 0.016229
8.26715e-10 1.81225e-05 0.0161872
8.26816e-10 2.47668e-05 0.0161262
8.26917e-10 3.31732e-05 0.0160464
8.27018e-10 4.33809e-05 0.0159484
8.2712e-10 5.54254e-05 0.0158327
8.27221e-10 6.93385e-05 0.0156999
8.27322e-10 8.51478e-05 0.0155509
8.27424e-10 0.000102877 0.0153864
8.27525e-10 0.000122545 0.0152075
8.27626e-10 0.000144167 0.0150152
8.27727e-10 0.000167755 0.0148104
8.27829e-10 0.000193314 0.0145945
8.2793e-10 0.000220846 0.0143687
8.28031e-10 0.000250349 0.0141343
8.28132e-10 0.000281815 0.0138926
8.28234e-10 0.000315233 0.0136452
8.28335e-10 0.000350586 0.0133936
8.28436e-10 0.000387852 0.0131394
8.28537e-10 0.000427007 0.0128841
8.28639e-10 0.000468019 0.0126294
8.2874e-10 0.000510852 0.0123771
8.28841e-10 0.000555465 0.0121288
8.28943e-10 0.000601814 0.0118863
8.29044e-10 0.000649847 0.0116514
8.29145e-10 0.000699509 0.0114259
8.29246e-10 0.00075074 0.0112115
8.29348e-10 0.000803473 0.01101
8.29449e-10 0.000857638 0.0108232
8.2955e-10 0.000913159 0.0106529
8.29651e-10 0.000969954 0.0105007
8.29753e-10 0.00102794 0.0103683
8.29854e-10 0.00108701 0.0102574
8.29955e-10 0.00114709 0.0101696
8.30057e-10 0.00120806 0.0101064
8.30158e-10 0.00126982 0.0100693
8.30259e-10 0.00133225 0.0100596
8.3036e-10 0.00139524 0.0100787
8.30462e-10 0.00145865 0.0101279
8.30563e-10 0.00152237 0.0102082
8.30664e-10 0.00158624 0.0103207
8.30765e-10 0.00165015 0.0104663
8.30867e-10 0.00171392 0.0106458
8.30968e-10 0.00177743 0.01086
8.31069e-10 0.0018405 0.0111093
8.31171e-10 0.00190298 0.0113943
8.31272e-10 0.0019647 0.0117153
8.31373e-10 0.00202549 0.0120724
8.31474e-10 0.00208518 0.0124657
8.31576e-10 0.00214358 0.0128951
8.31677e-10 0.00220051 0.0133603
8.31778e-10 0.00225579 0.0138609
8.31879e-10 0.00230922 0.0143964
8.31981e-10 0.00236063 0.0149662
8.32082e-10 0.0024098 0.0155693
8.32183e-10 0.00245655 0.0162048
8.32284e-10 0.00250068 0.0168716
8.32386e-10 0.00254201 0.0175684
8.32487e-10 0.00258032 0.0182939
8.32588e-10 0.00261544 0.0190464
8.3269e-10 0.00264717 0.0198243
8.32791e-10 0.00267533 0.0206259
8.32892e-10 0.00269973 0.0214492
8.32993e-10 0.00272021 0.0222921
8.33095e-10 0.0027366 0.0231526
8.33196e-10 0.00274874 0.0240285
8.33297e-10 0.00275648 0.0249174
8.33398e-10 0.00275969 0.0258168
8.335e-10 0.00275824 0.0267244
8.33601e-10 0.00275203 0.0276376
8.33702e-10 0.00274097 0.0285538
8.33804e-10 0.00272497 0.0294704
8.33905e-10 0.002704 0.0303846
8.34006e-10 0.00267801 0.0312939
8.34107e-10 0.002647 0.0321955
8.34209e-10 0.00261098 0.0330868
8.3431e-10 0.00257 0.033965
8.34411e-10 0.00252413 0.0348275
8.34512e-10 0.00247348 0.0356717
8.34614e-10 0.00241817 0.0364951
8.34715e-10 0.00235837 0.0372951
8.34816e-10 0.0022943 0.0380694
8.34917e-10 0.0022262 0.0388155
8.35019e-10 0.00215434 0.0395314
8.3512e-10 0.00207905 0.0402148
8.35221e-10 0.00200068 0.0408638
8.35323e-10 0.00191966 0.0414764
8.35424e-10 0.00183642 0.0420511
8.35525e-10 0.00175146 0.0425862
8.35626e-10 0.00166531 0.0430803
8.35728e-10 0.00157857 0.0435321
8.35829e-10 0.00149186 0.0439407
8.3593e-10 0.00140586 0.0443051
8.36031e-10 0.00132129 0.0446247
8.36133e-10 0.00123892 0.0448989
8.36234e-10 0.00115955 0.0451275
8.36335e-10 0.00108403 0.0453104
8.36437e-10 0.00101326 0.0454477
8.36538e-10 0.000948173 0.0455398
8.36639e-10 0.000889731 0.0455871
8.3674e-10 0.00083894 0.0455904
8.36842e-10 0.000796832 0.0455508
8.36943e-10 0.000764468 0.0454692
8.37044e-10 0.000742934 0.0453471
8.37145e-10 0.000733334 0.045186
8.37247e-10 0.000736789 0.0449876
8.37348e-10 0.000754429 0.0447539
8.37449e-10 0.00078739 0.0444869
8.37551e-10 0.000836809 0.0441888
8.37652e-10 0.000903814 0.0438621
8.37753e-10 0.000989522 0.0435094
8.37854e-10 0.00109503 0.0431332
8.37956e-10 0.00122141 0.0427364
8.38057e-10 0.0013697 0.0423219
8.38158e-10 0.00154091 0.0418925
8.38259e-10 0.00173597 0.0414515
8.38361e-10 0.00195578 0.0410019
8.38462e-10 0.00220119 0.0405469
8.38563e-10 0.00247294 0.0400897
8.38664e-10 0.00277173 0.0396334
8.38766e-10 0.00309814 0.0391812
8.38867e-10 0.00345267 0.0387364
8.38968e-10 0.00383574 0.038302
8.3907e-10 0.00424763 0.0378812
8.39171e-10 0.00468851 0.0374768
8.39272e-10 0.00515844 0.0370919
8.39373e-10 0.00565735 0.0367292
8.39475e-10 0.00618502 0.0363914
8.39576e-10 0.0067411 0.036081
8.39677e-10 0.00732511 0.0358004
8.39778e-10 0.0079364 0.0355519
8.3988e-10 0.00857418 0.0353375
