6.9e-10 0.0083429 0.0362825
6.90101e-10 0.00807536 0.0366678
6.90203e-10 0.00780811 0.0370234
6.90304e-10 0.00754158 0.0373476
6.90405e-10 0.00727616 0.0376391
6.90506e-10 0.00701224 0.0378963
6.90608e-10 0.00675022 0.0381181
6.90709e-10 0.00649047 0.0383034
6.9081e-10 0.00623336 0.0384512
6.90911e-10 0.00597925 0.0385608
6.91013e-10 0.0057285 0.0386314
6.91114e-10 0.00548146 0.0386626
6.91215e-10 0.00523844 0.0386541
6.91317e-10 0.00499979 0.0386055
6.91418e-10 0.0047658 0.038517
6.91519e-10 0.00453679 0.0383884
6.9162e-10 0.00431304 0.03822
6.91722e-10 0.00409482 0.0380122
6.91823e-10 0.00388242 0.0377655
6.91924e-10 0.00367606 0.0374803
6.92025e-10 0.00347601 0.0371575
6.92127e-10 0.00328246 0.0367979
6.92228e-10 0.00309565 0.0364024
6.92329e-10 0.00291575 0.0359721
6.9243e-10 0.00274295 0.0355082
6.92532e-10 0.0025774 0.0350118
6.92633e-10 0.00241925 0.0344844
6.92734e-10 0.00226863 0.0339274
6.92836e-10 0.00212564 0.0333422
6.92937e-10 0.00199039 0.0327305
6.93038e-10 0.00186293 0.0320939
6.93139e-10 0.00174333 0.031434
6.93241e-10 0.00163163 0.0307526
6.93342e-10 0.00152784 0.0300514
6.93443e-10 0.00143197 0.0293324
6.93544e-10 0.001344 0.0285974
6.93646e-10 0.00126389 0.0278481
6.93747e-10 0.00119158 0.0270866
6.93848e-10 0.00112702 0.0263146
6.9395e-10 0.0010701 0.0255342
6.94051e-10 0.00102073 0.0247471
6.94152e-10 0.000978773 0.0239553
6.94253e-10 0.000944099 0.0231606
6.94355e-10 0.00091655 0.0223649
6.94456e-10 0.000895955 0.02157
6.94557e-10 0.00088213 0.0207777
6.94658e-10 0.000874876 0.0199897
6.9476e-10 0.000873981 0.0192078
6.94861e-10 0.000879218 0.0184335
6.94962e-10 0.000890353 0.0176685
6.95064e-10 0.000907137 0.0169143
6.95165e-10 0.000929312 0.0161725
6.95266e-10 0.000956612 0.0154445
6.95367e-10 0.000988762 0.0147315
6.95469e-10 0.00102548 0.014035
6.9557e-10 0.00106648 0.0133561
6.95671e-10 0.00111146 0.012696
6.95772e-10 0.00116012 0.0120557
6.95874e-10 0.00121217 0.0114362
6.95975e-10 0.0012673 0.0108385
6.96076e-10 0.00132519 0.0102634
6.96177e-10 0.00138556 0.00971156
6.96279e-10 0.00144808 0.00918373
6.9638e-10 0.00151245 0.00868046
6.96481e-10 0.00157838 0.00820228
6.96583e-10 0.00164555 0.00774958
6.96684e-10 0.00171368 0.00732272
6.96785e-10 0.00178247 0.00692194
6.96886e-10 0.00185164 0.00654743
6.96988e-10 0.00192091 0.00619929
6.97089e-10 0.00199 0.00587752
6.9719e-10 0.00205866 0.00558209
6.97291e-10 0.00212662 0.00531285
6.97393e-10 0.00219364 0.00506962
6.97494e-10 0.00225949 0.00485211
6.97595e-10 0.00232394 0.00465999
6.97697e-10 0.00238677 0.00449287
6.97798e-10 0.00244778 0.00435026
6.97899e-10 0.00250678 0.00423166
6.98e-10 0.00256359 0.00413648
6.98102e-10 0.00261804 0.00406409
6.98203e-10 0.00266997 0.00401381
6.98304e-10 0.00271925 0.00398489
6.98405e-10 0.00276573 0.00397658
6.98507e-10 0.00280932 0.00398805
6.98608e-10 0.0028499 0.00401846
6.98709e-10 0.00288738 0.00406692
6.9881e-10 0.00292169 0.00413251
6.98912e-10 0.00295277 0.00421429
6.99013e-10 0.00298055 0.00431129
6.99114e-10 0.00300501 0.00442254
6.99216e-10 0.00302612 0.00454703
6.99317e-10 0.00304387 0.00468374
6.99418e-10 0.00305824 0.00483164
6.99519e-10 0.00306927 0.00498972
6.99621e-10 0.00307696 0.00515693
6.99722e-10 0.00308135 0.00533224
6.99823e-10 0.00308248 0.00551462
6.99924e-10 0.00308041 0.00570304
7.00026e-10 0.00307519 0.00589648
7.00127e-10 0.00306691 0.00609394
7.00228e-10 0.00305565 0.00629443
7.0033e-10 0.00304148 0.00649698
7.00431e-10 0.00302452 0.00670062
7.00532e-10 0.00300486 0.00690444
7.00633e-10 0.00298262 0.00710751
7.00735e-10 0.0029579 0.00730896
7.00836e-10 0.00293084 0.00750794
7.00937e-10 0.00290156 0.00770362
7.01038e-10 0.00287019 0.0078952
7.0114e-10 0.00283687 0.00808193
7.01241e-10 0.00280173 0.00826309
7.01342e-10 0.00276492 0.00843799
7.01444e-10 0.00272658 0.00860598
7.01545e-10 0.00268684 0.00876645
7.01646e-10 0.00264586 0.00891882
7.01747e-10 0.00260379 0.00906256
7.01849e-10 0.00256075 0.00919718
7.0195e-10 0.00251691 0.00932224
7.02051e-10 0.0024724 0.00943731
7.02152e-10 0.00242737 0.00954205
7.02254e-10 0.00238195 0.00963611
7.02355e-10 0.00233628 0.00971922
7.02456e-10 0.00229049 0.00979114
7.02557e-10 0.00224472 0.00985166
7.02659e-10 0.00219909 0.00990063
7.0276e-10 0.00215373 0.00993793
7.02861e-10 0.00210874 0.00996349
7.02963e-10 0.00206425 0.00997725
7.03064e-10 0.00202037 0.00997923
7.03165e-10 0.0019772 0.00996946
7.03266e-10 0.00193483 0.00994801
7.03368e-10 0.00189336 0.009915
7.03469e-10 0.00185287 0.00987056
7.0357e-10 0.00181345 0.00981488
7.03671e-10 0.00177517 0.00974816
7.03773e-10 0.00173811 0.00967064
7.03874e-10 0.00170231 0.00958259
7.03975e-10 0.00166784 0.00948431
7.04077e-10 0.00163475 0.00937612
7.04178e-10 0.00160309 0.00925837
7.04279e-10 0.00157288 0.00913142
7.0438e-10 0.00154417 0.00899568
7.04482e-10 0.00151697 0.00885154
7.04583e-10 0.00149131 0.00869944
7.04684e-10 0.00146719 0.00853982
7.04785e-10 0.00144463 0.00837315
7.04887e-10 0.00142364 0.0081999
7.04988e-10 0.00140419 0.00802055
7.05089e-10 0.00138629 0.0078356
7.05191e-10 0.00136992 0.00764555
7.05292e-10 0.00135506 0.00745091
7.05393e-10 0.00134169 0.00725219
7.05494e-10 0.00132978 0.00704991
7.05596e-10 0.0013193 0.00684458
7.05697e-10 0.00131021 0.00663673
7.05798e-10 0.00130246 0.00642688
7.05899e-10 0.00129602 0.00621552
7.06001e-10 0.00129084 0.00600318
7.06102e-10 0.00128686 0.00579036
7.06203e-10 0.00128403 0.00557755
7.06304e-10 0.00128231 0.00536523
7.06406e-10 0.00128162 0.00515389
7.06507e-10 0.00128191 0.004944
7.06608e-10 0.00128312 0.00473599
7.0671e-10 0.00128518 0.00453033
7.06811e-10 0.00128804 0.00432743
7.06912e-10 0.00129161 0.0041277
7.07013e-10 0.00129585 0.00393154
7.07115e-10 0.00130068 0.00373933
7.07216e-10 0.00130604 0.00355142
7.07317e-10 0.00131186 0.00336817
7.07418e-10 0.00131807 0.00318989
7.0752e-10 0.00132461 0.00301689
7.07621e-10 0.00133141 0.00284944
7.07722e-10 0.00133842 0.00268783
7.07824e-10 0.00134556 0.00253228
7.07925e-10 0.00135278 0.00238301
7.08026e-10 0.00136003 0.00224024
7.08127e-10 0.00136723 0.00210413
7.08229e-10 0.00137434 0.00197485
7.0833e-10 0.00138129 0.00185253
7.08431e-10 0.00138805 0.00173728
7.08532e-10 0.00139456 0.0016292
7.08634e-10 0.00140078 0.00152836
7.08735e-10 0.00140665 0.00143481
7.08836e-10 0.00141214 0.00134857
7.08938e-10 0.00141721 0.00126967
7.09039e-10 0.00142182 0.00119808
7.0914e-10 0.00142595 0.00113377
7.09241e-10 0.00142955 0.0010767
7.09343e-10 0.0014326 0.0010268
7.09444e-10 0.00143508 0.000983977
7.09545e-10 0.00143696 0.000948131
7.09646e-10 0.00143823 0.00091914
7.09748e-10 0.00143887 0.000896866
7.09849e-10 0.00143886 0.000881155
7.0995e-10 0.0014382 0.000871841
7.10051e-10 0.00143687 0.00086874
7.10153e-10 0.00143488 0.000871658
7.10254e-10 0.00143222 0.000880386
7.10355e-10 0.0014289 0.000894706
7.10457e-10 0.0014249 0.000914386
7.10558e-10 0.00142025 0.000939187
7.10659e-10 0.00141494 0.000968859
7.1076e-10 0.00140899 0.00100314
7.10862e-10 0.00140242 0.00104178
7.10963e-10 0.00139522 0.00108449
7.11064e-10 0.00138743 0.001131
7.11165e-10 0.00137906 0.00118102
7.11267e-10 0.00137013 0.00123428
7.11368e-10 0.00136066 0.00129049
7.11469e-10 0.00135068 0.00134934
7.11571e-10 0.0013402 0.00141056
7.11672e-10 0.00132926 0.00147384
7.11773e-10 0.00131789 0.0015389
7.11874e-10 0.0013061 0.00160544
7.11976e-10 0.00129394 0.00167318
7.12077e-10 0.00128142 0.00174183
7.12178e-10 0.00126859 0.0018111
7.12279e-10 0.00125547 0.00188073
7.12381e-10 0.00124209 0.00195043
7.12482e-10 0.00122848 0.00201993
7.12583e-10 0.00121468 0.00208899
7.12684e-10 0.00120072 0.00215733
7.12786e-10 0.00118663 0.00222472
7.12887e-10 0.00117243 0.00229091
7.12988e-10 0.00115817 0.00235567
7.1309e-10 0.00114388 0.00241879
7.13191e-10 0.00112957 0.00248004
7.13292e-10 0.00111529 0.00253923
7.13393e-10 0.00110106 0.00259616
7.13495e-10 0.00108691 0.00265066
7.13596e-10 0.00107287 0.00270255
7.13697e-10 0.00105896 0.00275167
7.13798e-10 0.00104522 0.00279787
7.139e-10 0.00103165 0.00284102
7.14001e-10 0.00101829 0.00288099
7.14102e-10 0.00100516 0.00291767
7.14204e-10 0.000992275 0.00295096
7.14305e-10 0.000979662 0.00298077
7.14406e-10 0.000967335 0.00300702
7.14507e-10 0.000955311 0.00302964
7.14609e-10 0.000943606 0.00304859
7.1471e-10 0.000932234 0.00306383
7.14811e-10 0.000921208 0.00307532
7.14912e-10 0.000910538 0.00308304
7.15014e-10 0.000900234 0.003087
7.15115e-10 0.000890305 0.0030872
7.15216e-10 0.000880757 0.00308365
7.15318e-10 0.000871596 0.00307638
7.15419e-10 0.000862826 0.00306544
7.1552e-10 0.00085445 0.00305086
7.15621e-10 0.000846469 0.00303272
7.15723e-10 0.000838882 0.00301107
7.15824e-10 0.00083169 0.00298599
7.15925e-10 0.000824888 0.00295758
7.16026e-10 0.000818473 0.00292593
7.16128e-10 0.000812441 0.00289113
7.16229e-10 0.000806785 0.00285331
7.1633e-10 0.000801498 0.00281258
7.16431e-10 0.000796572 0.00276906
7.16533e-10 0.000791997 0.00272289
7.16634e-10 0.000787763 0.0026742
7.16735e-10 0.00078386 0.00262314
7.16837e-10 0.000780276 0.00256984
7.16938e-10 0.000776997 0.00251448
7.17039e-10 0.000774011 0.00245719
7.1714e-10 0.000771304 0.00239814
7.17242e-10 0.000768862 0.00233749
7.17343e-10 0.000766669 0.00227541
7.17444e-10 0.00076471 0.00221205
7.17545e-10 0.000762969 0.00214759
7.17647e-10 0.000761431 0.0020822
7.17748e-10 0.000760079 0.00201603
7.17849e-10 0.000758897 0.00194927
7.17951e-10 0.000757868 0.00188207
7.18052e-10 0.000756975 0.00181461
7.18153e-10 0.000756202 0.00174705
7.18254e-10 0.000755532 0.00167955
7.18356e-10 0.000754949 0.00161228
7.18457e-10 0.000754437 0.00154538
7.18558e-10 0.000753979 0.00147902
7.18659e-10 0.00075356 0.00141334
7.18761e-10 0.000753165 0.0013485
7.18862e-10 0.000752777 0.00128463
7.18963e-10 0.000752384 0.00122187
7.19065e-10 0.00075197 0.00116036
7.19166e-10 0.000751522 0.00110022
7.19267e-10 0.000751027 0.00104158
7.19368e-10 0.000750472 0.000984546
7.1947e-10 0.000749845 0.000929238
7.19571e-10 0.000749135 0.000875757
7.19672e-10 0.000748332 0.0008242
7.19773e-10 0.000747425 0.000774658
7.19875e-10 0.000746405 0.000727216
7.19976e-10 0.000745264 0.00068195
7.20077e-10 0.000743993 0.000638931
7.20178e-10 0.000742586 0.000598223
7.2028e-10 0.000741036 0.000559881
7.20381e-10 0.000739337 0.000523954
7.20482e-10 0.000737486 0.000490483
7.20584e-10 0.000735477 0.000459503
7.20685e-10 0.000733308 0.000431041
7.20786e-10 0.000730975 0.000405116
7.20887e-10 0.000728478 0.00038174
7.20989e-10 0.000725814 0.00036092
7.2109e-10 0.000722985 0.000342652
7.21191e-10 0.000719989 0.00032693
7.21292e-10 0.000716828 0.000313737
7.21394e-10 0.000713504 0.000303051
7.21495e-10 0.000710019 0.000294843
7.21596e-10 0.000706376 0.00028908
7.21698e-10 0.000702578 0.000285718
7.21799e-10 0.00069863 0.000284712
7.219e-10 0.000694537 0.000286009
7.22001e-10 0.000690303 0.00028955
7.22103e-10 0.000685935 0.000295272
7.22204e-10 0.000681438 0.000303105
7.22305e-10 0.000676819 0.000312978
7.22406e-10 0.000672085 0.000324811
7.22508e-10 0.000667244 0.000338523
7.22609e-10 0.000662303 0.000354027
7.2271e-10 0.00065727 0.000371234
7.22812e-10 0.000652154 0.000390052
7.22913e-10 0.000646962 0.000410382
7.23014e-10 0.000641703 0.000432128
7.23115e-10 0.000636387 0.000455188
7.23217e-10 0.000631022 0.000479458
7.23318e-10 0.000625617 0.000504832
7.23419e-10 0.000620181 0.000531206
7.2352e-10 0.000614723 0.00055847
7.23622e-10 0.000609252 0.000586516
7.23723e-10 0.000603778 0.000615235
7.23824e-10 0.000598308 0.000644516
7.23925e-10 0.000592852 0.000674252
7.24027e-10 0.000587419 0.000704333
7.24128e-10 0.000582017 0.000734649
7.24229e-10 0.000576654 0.000765095
7.24331e-10 0.000571338 0.000795564
7.24432e-10 0.000566077 0.00082595
7.24533e-10 0.000560879 0.000856151
7.24634e-10 0.00055575 0.000886067
7.24736e-10 0.000550699 0.000915598
7.24837e-10 0.00054573 0.000944649
7.24938e-10 0.000540852 0.000973126
7.25039e-10 0.000536068 0.00100094
7.25141e-10 0.000531386 0.001028
7.25242e-10 0.00052681 0.00105423
7.25343e-10 0.000522344 0.00107954
7.25445e-10 0.000517993 0.00110386
7.25546e-10 0.000513761 0.00112711
7.25647e-10 0.000509652 0.00114924
7.25748e-10 0.000505668 0.00117016
7.2585e-10 0.000501811 0.00118983
7.25951e-10 0.000498085 0.00120819
7.26052e-10 0.00049449 0.00122519
7.26153e-10 0.000491028 0.00124077
7.26255e-10 0.000487699 0.0012549
7.26356e-10 0.000484505 0.00126755
7.26457e-10 0.000481445 0.00127867
7.26559e-10 0.000478518 0.00128825
7.2666e-10 0.000475724 0.00129626
7.26761e-10 0.000473061 0.00130268
7.26862e-10 0.000470528 0.0013075
7.26964e-10 0.000468124 0.00131071
7.27065e-10 0.000465844 0.0013123
7.27166e-10 0.000463687 0.00131229
7.27267e-10 0.00046165 0.00131067
7.27369e-10 0.000459729 0.00130746
7.2747e-10 0.000457921 0.00130266
7.27571e-10 0.000456222 0.00129631
7.27672e-10 0.000454627 0.00128842
7.27774e-10 0.000453132 0.00127902
7.27875e-10 0.000451733 0.00126815
7.27976e-10 0.000450424 0.00125583
7.28078e-10 0.000449201 0.00124211
7.28179e-10 0.000448058 0.00122704
7.2828e-10 0.00044699 0.00121065
7.28381e-10 0.000445991 0.001193
7.28483e-10 0.000445057 0.00117414
7.28584e-10 0.00044418 0.00115412
7.28685e-10 0.000443357 0.00113301
7.28786e-10 0.00044258 0.00111087
7.28888e-10 0.000441845 0.00108775
7.28989e-10 0.000441144 0.00106373
7.2909e-10 0.000440474 0.00103888
7.29192e-10 0.000439827 0.00101325
7.29293e-10 0.000439199 0.000986923
7.29394e-10 0.000438584 0.000959971
7.29495e-10 0.000437976 0.000932465
7.29597e-10 0.00043737 0.000904479
7.29698e-10 0.000436761 0.000876087
7.29799e-10 0.000436144 0.000847364
7.299e-10 0.000435514 0.000818385
7.30002e-10 0.000434866 0.000789225
7.30103e-10 0.000434196 0.00075996
7.30204e-10 0.000433499 0.000730662
7.30305e-10 0.000432772 0.000701407
7.30407e-10 0.00043201 0.000672266
7.30508e-10 0.00043121 0.000643313
7.30609e-10 0.000430369 0.000614618
7.30711e-10 0.000429483 0.000586249
7.30812e-10 0.00042855 0.000558276
7.30913e-10 0.000427566 0.000530763
7.31014e-10 0.000426531 0.000503776
7.31116e-10 0.00042544 0.000477377
7.31217e-10 0.000424293 0.000451624
7.31318e-10 0.000423089 0.000426577
7.31419e-10 0.000421825 0.00040229
7.31521e-10 0.000420502 0.000378815
7.31622e-10 0.000419117 0.000356203
7.31723e-10 0.000417672 0.0003345
7.31825e-10 0.000416165 0.00031375
7.31926e-10 0.000414597 0.000293995
7.32027e-10 0.000412969 0.000275272
7.32128e-10 0.00041128 0.000257615
7.3223e-10 0.000409532 0.000241057
7.32331e-10 0.000407726 0.000225624
7.32432e-10 0.000405863 0.000211343
7.32533e-10 0.000403945 0.000198234
7.32635e-10 0.000401974 0.000186315
7.32736e-10 0.000399952 0.000175601
7.32837e-10 0.00039788 0.000166103
7.32939e-10 0.000395762 0.000157828
7.3304e-10 0.0003936 0.00015078
7.33141e-10 0.000391396 0.000144961
7.33242e-10 0.000389154 0.000140367
7.33344e-10 0.000386877 0.000136994
7.33445e-10 0.000384567 0.00013483
7.33546e-10 0.000382228 0.000133865
7.33647e-10 0.000379864 0.000134081
7.33749e-10 0.000377477 0.000135462
7.3385e-10 0.000375071 0.000137984
7.33951e-10 0.000372651 0.000141623
7.34052e-10 0.000370219 0.000146352
7.34154e-10 0.000367779 0.00015214
7.34255e-10 0.000365335 0.000158955
7.34356e-10 0.00036289 0.00016676
7.34458e-10 0.000360448 0.000175519
7.34559e-10 0.000358013 0.000185191
7.3466e-10 0.000355588 0.000195734
7.34761e-10 0.000353177 0.000207103
7.34863e-10 0.000350784 0.000219253
7.34964e-10 0.000348411 0.000232136
7.35065e-10 0.000346062 0.000245703
7.35166e-10 0.00034374 0.000259902
7.35268e-10 0.000341449 0.000274682
7.35369e-10 0.000339191 0.000289989
7.3547e-10 0.00033697 0.000305769
7.35572e-10 0.000334787 0.000321968
7.35673e-10 0.000332646 0.00033853
7.35774e-10 0.00033055 0.000355398
7.35875e-10 0.000328499 0.000372517
7.35977e-10 0.000326498 0.000389829
7.36078e-10 0.000324547 0.000407279
7.36179e-10 0.000322648 0.000424809
7.3628e-10 0.000320803 0.000442364
7.36382e-10 0.000319013 0.000459888
7.36483e-10 0.000317281 0.000477325
7.36584e-10 0.000315606 0.000494622
7.36686e-10 0.000313989 0.000511725
7.36787e-10 0.000312432 0.000528581
7.36888e-10 0.000310935 0.000545139
7.36989e-10 0.000309498 0.00056135
7.37091e-10 0.000308122 0.000577164
7.37192e-10 0.000306805 0.000592534
7.37293e-10 0.000305549 0.000607416
7.37394e-10 0.000304352 0.000621765
7.37496e-10 0.000303214 0.00063554
7.37597e-10 0.000302134 0.000648701
7.37698e-10 0.000301112 0.000661211
7.37799e-10 0.000300146 0.000673033
7.37901e-10 0.000299235 0.000684136
7.38002e-10 0.000298377 0.000694486
7.38103e-10 0.000297572 0.000704057
7.38205e-10 0.000296816 0.000712822
7.38306e-10 0.000296109 0.000720757
7.38407e-10 0.000295448 0.000727841
7.38508e-10 0.000294832 0.000734056
7.3861e-10 0.000294258 0.000739385
7.38711e-10 0.000293725 0.000743816
7.38812e-10 0.000293228 0.000747337
7.38913e-10 0.000292767 0.000749942
7.39015e-10 0.000292338 0.000751624
7.39116e-10 0.00029194 0.00075238
7.39217e-10 0.000291569 0.000752212
7.39319e-10 0.000291223 0.000751121
7.3942e-10 0.000290899 0.000749112
7.39521e-10 0.000290594 0.000746194
7.39622e-10 0.000290306 0.000742377
7.39724e-10 0.000290031 0.000737673
7.39825e-10 0.000289768 0.000732098
7.39926e-10 0.000289513 0.000725669
7.40027e-10 0.000289264 0.000718406
7.40129e-10 0.000289018 0.000710331
7.4023e-10 0.000288773 0.00070147
7.40331e-10 0.000288525 0.000691847
7.40433e-10 0.000288273 0.000681491
7.40534e-10 0.000288013 0.000670432
7.40635e-10 0.000287744 0.000658703
7.40736e-10 0.000287464 0.000646338
7.40838e-10 0.000287169 0.00063337
7.40939e-10 0.000286859 0.000619838
7.4104e-10 0.00028653 0.00060578
7.41141e-10 0.000286182 0.000591234
7.41243e-10 0.000285812 0.000576242
7.41344e-10 0.000285418 0.000560845
7.41445e-10 0.000285 0.000545085
7.41546e-10 0.000284555 0.000529006
7.41648e-10 0.000284083 0.000512652
7.41749e-10 0.000283582 0.000496067
7.4185e-10 0.000283051 0.000479296
7.41952e-10 0.00028249 0.000462384
7.42053e-10 0.000281898 0.000445377
7.42154e-10 0.000281273 0.000428319
7.42255e-10 0.000280616 0.000411256
7.42357e-10 0.000279927 0.000394233
7.42458e-10 0.000279205 0.000377295
7.42559e-10 0.00027845 0.000360485
7.4266e-10 0.000277662 0.000343848
7.42762e-10 0.000276841 0.000327425
7.42863e-10 0.000275989 0.00031126
7.42964e-10 0.000275105 0.000295393
7.43066e-10 0.00027419 0.000279865
7.43167e-10 0.000273244 0.000264713
7.43268e-10 0.00027227 0.000249977
7.43369e-10 0.000271267 0.000235691
7.43471e-10 0.000270237 0.000221892
7.43572e-10 0.000269181 0.000208613
7.43673e-10 0.0002681 0.000195884
7.43774e-10 0.000266997 0.000183737
7.43876e-10 0.000265871 0.0001722
7.43977e-10 0.000264726 0.000161299
7.44078e-10 0.000263562 0.000151058
7.44179e-10 0.000262381 0.000141501
7.44281e-10 0.000261186 0.000132648
7.44382e-10 0.000259977 0.000124518
7.44483e-10 0.000258757 0.000117127
7.44585e-10 0.000257529 0.000110489
7.44686e-10 0.000256293 0.000104617
7.44787e-10 0.000255052 9.9521e-05
7.44888e-10 0.000253808 9.52087e-05
7.4499e-10 0.000252563 9.16858e-05
7.45091e-10 0.000251318 8.89557e-05
7.45192e-10 0.000250077 8.70196e-05
7.45293e-10 0.000248841 8.58767e-05
7.45395e-10 0.000247613 8.55237e-05
7.45496e-10 0.000246393 8.59554e-05
7.45597e-10 0.000245185 8.71644e-05
7.45699e-10 0.000243989 8.9141e-05
7.458e-10 0.000242809 9.18737e-05
7.45901e-10 0.000241645 9.53487e-05
7.46002e-10 0.0002405 9.95505e-05
7.46104e-10 0.000239375 0.000104461
7.46205e-10 0.000238272 0.000110062
7.46306e-10 0.000237193 0.000116331
7.46407e-10 0.000236139 0.000123246
7.46509e-10 0.000235111 0.000130781
7.4661e-10 0.000234111 0.000138911
7.46711e-10 0.00023314 0.000147607
7.46813e-10 0.0002322 0.00015684
7.46914e-10 0.00023129 0.000166581
7.47015e-10 0.000230413 0.000176796
7.47116e-10 0.000229568 0.000187453
7.47218e-10 0.000228758 0.000198518
7.47319e-10 0.000227982 0.000209956
7.4742e-10 0.00022724 0.00022173
7.47521e-10 0.000226534 0.000233804
7.47623e-10 0.000225864 0.000246141
7.47724e-10 0.000225229 0.000258703
7.47825e-10 0.00022463 0.000271451
7.47926e-10 0.000224066 0.000284346
7.48028e-10 0.000223538 0.00029735
7.48129e-10 0.000223046 0.000310424
7.4823e-10 0.000222588 0.000323528
7.48332e-10 0.000222165 0.000336623
7.48433e-10 0.000221776 0.00034967
7.48534e-10 0.00022142 0.000362632
7.48635e-10 0.000221096 0.000375469
7.48737e-10 0.000220803 0.000388144
7.48838e-10 0.000220541 0.000400621
7.48939e-10 0.000220309 0.000412862
7.4904e-10 0.000220105 0.000424833
7.49142e-10 0.000219927 0.000436498
7.49243e-10 0.000219776 0.000447824
7.49344e-10 0.000219648 0.000458779
7.49446e-10 0.000219544 0.000469331
7.49547e-10 0.000219461 0.00047945
7.49648e-10 0.000219398 0.000489108
7.49749e-10 0.000219354 0.000498276
7.49851e-10 0.000219325 0.00050693
7.49952e-10 0.000219312 0.000515044
7.50053e-10 0.000219312 0.000522596
7.50154e-10 0.000219324 0.000529565
7.50256e-10 0.000219345 0.000535932
7.50357e-10 0.000219374 0.000541679
7.50458e-10 0.00021941 0.000546789
7.5056e-10 0.00021945 0.00055125
7.50661e-10 0.000219493 0.000555049
7.50762e-10 0.000219537 0.000558176
7.50863e-10 0.00021958 0.000560623
7.50965e-10 0.00021962 0.000562383
7.51066e-10 0.000219656 0.000563452
7.51167e-10 0.000219687 0.000563828
7.51268e-10 0.00021971 0.00056351
7.5137e-10 0.000219725 0.0005625
7.51471e-10 0.000219729 0.000560801
7.51572e-10 0.000219721 0.000558419
7.51673e-10 0.0002197 0.00055536
7.51775e-10 0.000219664 0.000551635
7.51876e-10 0.000219613 0.000547254
7.51977e-10 0.000219545 0.00054223
7.52079e-10 0.000219458 0.000536578
7.5218e-10 0.000219353 0.000530314
7.52281e-10 0.000219228 0.000523457
7.52382e-10 0.000219082 0.000516025
7.52484e-10 0.000218914 0.000508041
7.52585e-10 0.000218724 0.000499527
7.52686e-10 0.000218512 0.000490507
7.52787e-10 0.000218276 0.000481007
7.52889e-10 0.000218017 0.000471054
7.5299e-10 0.000217734 0.000460677
7.53091e-10 0.000217427 0.000449903
7.53193e-10 0.000217096 0.000438764
7.53294e-10 0.00021674 0.000427292
7.53395e-10 0.000216361 0.000415517
7.53496e-10 0.000215958 0.000403474
7.53598e-10 0.000215532 0.000391195
7.53699e-10 0.000215082 0.000378716
7.538e-10 0.00021461 0.000366071
7.53901e-10 0.000214116 0.000353295
7.54003e-10 0.000213601 0.000340424
7.54104e-10 0.000213065 0.000327494
7.54205e-10 0.000212509 0.00031454
7.54307e-10 0.000211935 0.000301599
7.54408e-10 0.000211342 0.000288705
7.54509e-10 0.000210733 0.000275896
7.5461e-10 0.000210109 0.000263205
7.54712e-10 0.00020947 0.000250669
7.54813e-10 0.000208817 0.000238322
7.54914e-10 0.000208153 0.000226197
7.55015e-10 0.000207479 0.000214328
7.55117e-10 0.000206795 0.000202747
7.55218e-10 0.000206103 0.000191487
7.55319e-10 0.000205405 0.000180577
7.5542e-10 0.000204703 0.000170049
7.55522e-10 0.000203997 0.000159929
7.55623e-10 0.000203289 0.000150247
7.55724e-10 0.000202581 0.000141027
7.55826e-10 0.000201875 0.000132296
7.55927e-10 0.000201171 0.000124077
7.56028e-10 0.000200472 0.000116391
7.56129e-10 0.000199779 0.00010926
7.56231e-10 0.000199094 0.000102702
7.56332e-10 0.000198417 9.67351e-05
7.56433e-10 0.000197751 9.13752e-05
7.56534e-10 0.000197097 8.66362e-05
7.56636e-10 0.000196456 8.25305e-05
7.56737e-10 0.000195831 7.90687e-05
7.56838e-10 0.000195221 7.62596e-05
7.5694e-10 0.000194628 7.41102e-05
7.57041e-10 0.000194054 7.26258e-05
7.57142e-10 0.0001935 7.18095e-05
7.57243e-10 0.000192967 7.16629e-05
7.57345e-10 0.000192455 7.21855e-05
7.57446e-10 0.000191966 7.33751e-05
7.57547e-10 0.000191501 7.52277e-05
7.57648e-10 0.000191061 7.77372e-05
7.5775e-10 0.000190645 8.08958e-05
7.57851e-10 0.000190256 8.46941e-05
7.57952e-10 0.000189893 8.91208e-05
7.58053e-10 0.000189557 9.41627e-05
7.58155e-10 0.000189248 9.9805e-05
7.58256e-10 0.000188967 0.000106031
7.58357e-10 0.000188714 0.000112824
7.58459e-10 0.000188489 0.000120163
7.5856e-10 0.000188292 0.000128027
7.58661e-10 0.000188123 0.000136394
7.58762e-10 0.000187982 0.00014524
7.58864e-10 0.000187869 0.00015454
7.58965e-10 0.000187782 0.000164267
7.59066e-10 0.000187723 0.000174393
7.59167e-10 0.00018769 0.000184889
7.59269e-10 0.000187683 0.000195727
7.5937e-10 0.000187701 0.000206875
7.59471e-10 0.000187744 0.000218301
7.59573e-10 0.00018781 0.000229974
7.59674e-10 0.000187899 0.00024186
7.59775e-10 0.00018801 0.000253925
7.59876e-10 0.000188142 0.000266136
7.59978e-10 0.000188293 0.000278457
7.60079e-10 0.000188463 0.000290855
7.6018e-10 0.00018865 0.000303295
7.60281e-10 0.000188854 0.00031574
7.60383e-10 0.000189072 0.000328156
7.60484e-10 0.000189303 0.000340508
7.60585e-10 0.000189547 0.000352761
7.60687e-10 0.000189801 0.000364881
7.60788e-10 0.000190065 0.000376833
7.60889e-10 0.000190336 0.000388583
7.6099e-10 0.000190613 0.000400099
7.61092e-10 0.000190896 0.000411347
7.61193e-10 0.000191181 0.000422297
7.61294e-10 0.000191468 0.000432917
7.61395e-10 0.000191756 0.000443177
7.61497e-10 0.000192042 0.000453048
7.61598e-10 0.000192325 0.000462502
7.61699e-10 0.000192604 0.000471513
7.618e-10 0.000192878 0.000480054
7.61902e-10 0.000193144 0.000488102
7.62003e-10 0.000193402 0.000495634
7.62104e-10 0.00019365 0.000502629
7.62206e-10 0.000193887 0.000509065
7.62307e-10 0.000194112 0.000514926
7.62408e-10 0.000194323 0.000520194
7.62509e-10 0.000194519 0.000524855
7.62611e-10 0.0001947 0.000528894
7.62712e-10 0.000194864 0.000532301
7.62813e-10 0.00019501 0.000535065
7.62914e-10 0.000195137 0.000537178
7.63016e-10 0.000195245 0.000538634
7.63117e-10 0.000195333 0.000539429
7.63218e-10 0.0001954 0.000539561
7.6332e-10 0.000195446 0.000539027
7.63421e-10 0.000195469 0.000537831
7.63522e-10 0.000195471 0.000535974
7.63623e-10 0.000195449 0.000533462
7.63725e-10 0.000195405 0.000530301
7.63826e-10 0.000195338 0.000526501
7.63927e-10 0.000195248 0.000522071
7.64028e-10 0.000195135 0.000517025
7.6413e-10 0.000194999 0.000511375
7.64231e-10 0.000194841 0.000505138
7.64332e-10 0.00019466 0.000498331
7.64434e-10 0.000194457 0.000490974
7.64535e-10 0.000194233 0.000483086
7.64636e-10 0.000193988 0.000474691
7.64737e-10 0.000193722 0.000465811
7.64839e-10 0.000193437 0.000456473
7.6494e-10 0.000193134 0.000446701
7.65041e-10 0.000192812 0.000436525
7.65142e-10 0.000192474 0.000425972
7.65244e-10 0.00019212 0.000415074
7.65345e-10 0.000191751 0.000403861
7.65446e-10 0.000191368 0.000392365
7.65547e-10 0.000190973 0.000380618
7.65649e-10 0.000190567 0.000368656
7.6575e-10 0.000190151 0.000356512
7.65851e-10 0.000189727 0.00034422
7.65953e-10 0.000189295 0.000331818
7.66054e-10 0.000188858 0.000319339
7.66155e-10 0.000188417 0.000306822
7.66256e-10 0.000187973 0.000294301
7.66358e-10 0.000187528 0.000281814
7.66459e-10 0.000187083 0.000269397
7.6656e-10 0.000186641 0.000257086
7.66661e-10 0.000186201 0.000244918
7.66763e-10 0.000185767 0.000232929
7.66864e-10 0.000185339 0.000221154
7.66965e-10 0.000184919 0.000209628
7.67067e-10 0.000184509 0.000198385
7.67168e-10 0.00018411 0.00018746
7.67269e-10 0.000183723 0.000176885
7.6737e-10 0.00018335 0.000166692
7.67472e-10 0.000182992 0.000156912
7.67573e-10 0.000182651 0.000147576
7.67674e-10 0.000182328 0.000138712
7.67775e-10 0.000182024 0.000130348
7.67877e-10 0.00018174 0.000122511
7.67978e-10 0.000181478 0.000115224
7.68079e-10 0.000181239 0.000108513
7.68181e-10 0.000181022 0.000102398
7.68282e-10 0.000180831 9.69001e-05
7.68383e-10 0.000180664 9.20381e-05
7.68484e-10 0.000180524 8.78289e-05
7.68586e-10 0.00018041 8.42878e-05
7.68687e-10 0.000180324 8.14282e-05
7.68788e-10 0.000180265 7.92617e-05
7.68889e-10 0.000180235 7.77979e-05
7.68991e-10 0.000180234 7.70447e-05
7.69092e-10 0.000180261 7.70079e-05
7.69193e-10 0.000180317 7.76912e-05
7.69294e-10 0.000180402 7.90966e-05
7.69396e-10 0.000180516 8.12239e-05
7.69497e-10 0.000180659 8.4071e-05
7.69598e-10 0.00018083 8.76336e-05
7.697e-10 0.00018103 9.19056e-05
7.69801e-10 0.000181258 9.68789e-05
7.69902e-10 0.000181513 0.000102543
7.70003e-10 0.000181795 0.000108887
7.70105e-10 0.000182102 0.000115895
7.70206e-10 0.000182435 0.000123552
7.70307e-10 0.000182793 0.000131841
7.70408e-10 0.000183173 0.000140741
7.7051e-10 0.000183577 0.000150232
7.70611e-10 0.000184001 0.000160289
7.70712e-10 0.000184446 0.000170889
7.70814e-10 0.000184909 0.000182006
7.70915e-10 0.00018539 0.00019361
7.71016e-10 0.000185888 0.000205673
7.71117e-10 0.0001864 0.000218165
7.71219e-10 0.000186925 0.000231053
7.7132e-10 0.000187463 0.000244304
7.71421e-10 0.00018801 0.000257883
7.71522e-10 0.000188566 0.000271756
7.71624e-10 0.00018913 0.000285885
7.71725e-10 0.000189698 0.000300234
7.71826e-10 0.000190271 0.000314765
7.71928e-10 0.000190845 0.00032944
7.72029e-10 0.00019142 0.000344218
7.7213e-10 0.000191993 0.000359061
7.72231e-10 0.000192563 0.000373929
7.72333e-10 0.000193129 0.000388781
7.72434e-10 0.000193688 0.000403578
7.72535e-10 0.00019424 0.000418279
7.72636e-10 0.000194781 0.000432844
7.72738e-10 0.000195312 0.000447233
7.72839e-10 0.00019583 0.000461407
7.7294e-10 0.000196333 0.000475328
7.73041e-10 0.000196821 0.000488955
7.73143e-10 0.000197292 0.000502252
7.73244e-10 0.000197745 0.000515181
7.73345e-10 0.000198178 0.000527707
7.73447e-10 0.00019859 0.000539794
7.73548e-10 0.00019898 0.000551408
7.73649e-10 0.000199348 0.000562517
7.7375e-10 0.000199691 0.000573088
7.73852e-10 0.00020001 0.000583092
7.73953e-10 0.000200303 0.0005925
7.74054e-10 0.000200571 0.000601284
7.74155e-10 0.000200811 0.000609419
7.74257e-10 0.000201024 0.000616882
7.74358e-10 0.00020121 0.000623651
7.74459e-10 0.000201367 0.000629704
7.74561e-10 0.000201497 0.000635025
7.74662e-10 0.000201598 0.000639597
7.74763e-10 0.000201672 0.000643406
7.74864e-10 0.000201717 0.00064644
7.74966e-10 0.000201735 0.000648688
7.75067e-10 0.000201725 0.000650144
7.75168e-10 0.000201689 0.000650802
7.75269e-10 0.000201626 0.000650658
7.75371e-10 0.000201538 0.000649712
7.75472e-10 0.000201425 0.000647964
7.75573e-10 0.000201288 0.000645419
7.75674e-10 0.000201128 0.000642082
7.75776e-10 0.000200946 0.000637962
7.75877e-10 0.000200744 0.000633068
7.75978e-10 0.000200522 0.000627414
7.7608e-10 0.000200282 0.000621014
7.76181e-10 0.000200026 0.000613886
7.76282e-10 0.000199754 0.000606049
7.76383e-10 0.000199469 0.000597524
7.76485e-10 0.000199171 0.000588335
7.76586e-10 0.000198864 0.000578507
7.76687e-10 0.000198548 0.000568068
7.76788e-10 0.000198226 0.000557047
7.7689e-10 0.000197898 0.000545476
7.76991e-10 0.000197568 0.000533387
7.77092e-10 0.000197237 0.000520815
7.77194e-10 0.000196906 0.000507796
7.77295e-10 0.000196579 0.000494368
7.77396e-10 0.000196256 0.00048057
7.77497e-10 0.000195941 0.000466443
7.77599e-10 0.000195634 0.000452029
7.777e-10 0.000195338 0.000437369
7.77801e-10 0.000195055 0.000422508
7.77902e-10 0.000194787 0.00040749
7.78004e-10 0.000194535 0.00039236
7.78105e-10 0.000194301 0.000377165
7.78206e-10 0.000194088 0.000361951
7.78308e-10 0.000193897 0.000346764
7.78409e-10 0.00019373 0.000331652
7.7851e-10 0.000193589 0.000316661
7.78611e-10 0.000193474 0.000301839
7.78713e-10 0.000193388 0.000287233
7.78814e-10 0.000193332 0.000272889
7.78915e-10 0.000193307 0.000258854
7.79016e-10 0.000193315 0.000245174
7.79118e-10 0.000193357 0.000231892
7.79219e-10 0.000193433 0.000219055
7.7932e-10 0.000193546 0.000206704
7.79421e-10 0.000193694 0.000194882
7.79523e-10 0.00019388 0.000183631
7.79624e-10 0.000194105 0.00017299
7.79725e-10 0.000194367 0.000162997
7.79827e-10 0.000194668 0.000153689
7.79928e-10 0.000195009 0.000145101
7.80029e-10 0.000195388 0.000137267
7.8013e-10 0.000195807 0.000130217
7.80232e-10 0.000196264 0.000123983
7.80333e-10 0.000196761 0.00011859
7.80434e-10 0.000197295 0.000114065
7.80535e-10 0.000197867 0.00011043
7.80637e-10 0.000198477 0.000107707
7.80738e-10 0.000199123 0.000105913
7.80839e-10 0.000199804 0.000105065
7.80941e-10 0.000200519 0.000105175
7.81042e-10 0.000201268 0.000106255
7.81143e-10 0.000202048 0.000108313
7.81244e-10 0.000202859 0.000111355
7.81346e-10 0.000203699 0.000115382
7.81447e-10 0.000204567 0.000120396
7.81548e-10 0.00020546 0.000126394
7.81649e-10 0.000206377 0.00013337
7.81751e-10 0.000207316 0.000141316
7.81852e-10 0.000208274 0.000150221
7.81953e-10 0.000209251 0.000160071
7.82055e-10 0.000210244 0.000170851
7.82156e-10 0.00021125 0.000182541
7.82257e-10 0.000212267 0.000195119
7.82358e-10 0.000213293 0.00020856
7.8246e-10 0.000214326 0.000222839
7.82561e-10 0.000215363 0.000237925
7.82662e-10 0.000216402 0.000253786
7.82763e-10 0.00021744 0.000270387
7.82865e-10 0.000218475 0.000287693
7.82966e-10 0.000219504 0.000305665
7.83067e-10 0.000220525 0.00032426
7.83168e-10 0.000221536 0.000343437
7.8327e-10 0.000222534 0.00036315
7.83371e-10 0.000223516 0.000383352
7.83472e-10 0.000224481 0.000403995
7.83574e-10 0.000225426 0.000425028
7.83675e-10 0.000226349 0.0004464
7.83776e-10 0.000227248 0.000468059
7.83877e-10 0.00022812 0.000489949
7.83979e-10 0.000228963 0.000512016
7.8408e-10 0.000229777 0.000534204
7.84181e-10 0.000230558 0.000556456
7.84282e-10 0.000231305 0.000578715
7.84384e-10 0.000232016 0.000600922
7.84485e-10 0.000232691 0.000623021
7.84586e-10 0.000233327 0.000644951
7.84688e-10 0.000233924 0.000666656
7.84789e-10 0.000234479 0.000688078
7.8489e-10 0.000234994 0.000709158
7.84991e-10 0.000235465 0.00072984
7.85093e-10 0.000235894 0.000750067
7.85194e-10 0.000236279 0.000769785
7.85295e-10 0.00023662 0.000788937
7.85396e-10 0.000236916 0.000807472
7.85498e-10 0.000237169 0.000825337
7.85599e-10 0.000237378 0.000842482
7.857e-10 0.000237543 0.000858858
7.85802e-10 0.000237665 0.000874418
7.85903e-10 0.000237744 0.000889116
7.86004e-10 0.000237781 0.000902912
7.86105e-10 0.000237778 0.000915762
7.86207e-10 0.000237735 0.00092763
7.86308e-10 0.000237654 0.000938479
7.86409e-10 0.000237536 0.000948276
7.8651e-10 0.000237384 0.000956992
7.86612e-10 0.000237197 0.000964597
7.86713e-10 0.00023698 0.000971068
7.86814e-10 0.000236733 0.000976384
7.86915e-10 0.000236459 0.000980525
7.87017e-10 0.00023616 0.000983476
7.87118e-10 0.000235839 0.000985226
7.87219e-10 0.000235498 0.000985766
7.87321e-10 0.00023514 0.000985091
7.87422e-10 0.000234768 0.000983199
7.87523e-10 0.000234385 0.000980092
7.87624e-10 0.000233994 0.000975775
7.87726e-10 0.000233597 0.000970258
7.87827e-10 0.000233198 0.000963552
7.87928e-10 0.0002328 0.000955673
7.88029e-10 0.000232407 0.000946642
7.88131e-10 0.000232021 0.00093648
7.88232e-10 0.000231646 0.000925215
7.88333e-10 0.000231285 0.000912877
7.88435e-10 0.000230941 0.000899498
7.88536e-10 0.000230619 0.000885116
7.88637e-10 0.00023032 0.00086977
7.88738e-10 0.000230048 0.000853504
7.8884e-10 0.000229807 0.000836364
7.88941e-10 0.000229599 0.000818398
7.89042e-10 0.000229427 0.00079966
7.89143e-10 0.000229295 0.000780203
7.89245e-10 0.000229206 0.000760085
7.89346e-10 0.000229162 0.000739368
7.89447e-10 0.000229165 0.000718111
7.89548e-10 0.000229219 0.000696381
7.8965e-10 0.000229326 0.000674245
7.89751e-10 0.000229488 0.000651769
7.89852e-10 0.000229706 0.000629026
7.89954e-10 0.000229984 0.000606086
7.90055e-10 0.000230323 0.000583022
7.90156e-10 0.000230724 0.00055991
7.90257e-10 0.000231189 0.000536824
7.90359e-10 0.000231719 0.00051384
7.9046e-10 0.000232316 0.000491036
7.90561e-10 0.000232979 0.000468487
7.90662e-10 0.000233709 0.000446271
7.90764e-10 0.000234507 0.000424465
7.90865e-10 0.000235373 0.000403146
7.90966e-10 0.000236307 0.00038239
7.91068e-10 0.000237309 0.000362273
7.91169e-10 0.000238377 0.000342868
7.9127e-10 0.000239512 0.00032425
7.91371e-10 0.000240712 0.00030649
7.91473e-10 0.000241976 0.000289659
7.91574e-10 0.000243302 0.000273826
7.91675e-10 0.000244689 0.000259056
7.91776e-10 0.000246135 0.000245415
7.91878e-10 0.000247637 0.000232964
7.91979e-10 0.000249194 0.000221763
7.9208e-10 0.000250803 0.000211868
7.92182e-10 0.000252461 0.000203332
7.92283e-10 0.000254164 0.000196207
7.92384e-10 0.000255911 0.000190537
7.92485e-10 0.000257697 0.000186368
7.92587e-10 0.000259519 0.000183739
7.92688e-10 0.000261373 0.000182685
7.92789e-10 0.000263255 0.000183238
7.9289e-10 0.000265162 0.000185426
7.92992e-10 0.000267089 0.000189272
7.93093e-10 0.000269033 0.000194796
7.93194e-10 0.000270988 0.000202012
7.93295e-10 0.00027295 0.00021093
7.93397e-10 0.000274916 0.000221556
7.93498e-10 0.000276879 0.00023389
7.93599e-10 0.000278837 0.000247929
7.93701e-10 0.000280783 0.000263663
7.93802e-10 0.000282714 0.000281078
7.93903e-10 0.000284624 0.000300158
7.94004e-10 0.00028651 0.000320878
7.94106e-10 0.000288366 0.000343209
7.94207e-10 0.000290188 0.00036712
7.94308e-10 0.000291972 0.000392573
7.94409e-10 0.000293713 0.000419525
7.94511e-10 0.000295406 0.000447929
7.94612e-10 0.000297049 0.000477734
7.94713e-10 0.000298635 0.000508883
7.94815e-10 0.000300163 0.000541317
7.94916e-10 0.000301628 0.00057497
7.95017e-10 0.000303026 0.000609774
7.95118e-10 0.000304354 0.000645656
7.9522e-10 0.000305609 0.000682539
7.95321e-10 0.000306788 0.000720344
7.95422e-10 0.000307888 0.000758987
7.95523e-10 0.000308907 0.00079838
7.95625e-10 0.000309843 0.000838435
7.95726e-10 0.000310694 0.000879058
7.95827e-10 0.000311458 0.000920154
7.95929e-10 0.000312134 0.000961626
7.9603e-10 0.000312721 0.00100337
7.96131e-10 0.000313218 0.00104529
7.96232e-10 0.000313626 0.00108728
7.96334e-10 0.000313942 0.00112924
7.96435e-10 0.000314169 0.00117106
7.96536e-10 0.000314307 0.00121263
7.96637e-10 0.000314356 0.00125385
7.96739e-10 0.000314319 0.00129461
7.9684e-10 0.000314196 0.0013348
7.96941e-10 0.000313989 0.00137433
7.97042e-10 0.000313701 0.00141307
7.97144e-10 0.000313335 0.00145093
7.97245e-10 0.000312894 0.0014878
7.97346e-10 0.00031238 0.00152358
7.97448e-10 0.000311798 0.00155818
7.97549e-10 0.000311151 0.0015915
7.9765e-10 0.000310443 0.00162343
7.97751e-10 0.00030968 0.0016539
7.97853e-10 0.000308867 0.0016828
7.97954e-10 0.000308007 0.00171006
7.98055e-10 0.000307106 0.0017356
7.98156e-10 0.000306171 0.00175933
7.98258e-10 0.000305207 0.00178119
7.98359e-10 0.000304219 0.0018011
7.9846e-10 0.000303215 0.00181901
7.98562e-10 0.0003022 0.00183485
7.98663e-10 0.000301182 0.00184857
7.98764e-10 0.000300166 0.00186013
7.98865e-10 0.00029916 0.00186948
7.98967e-10 0.000298171 0.00187659
7.99068e-10 0.000297205 0.00188143
7.99169e-10 0.00029627 0.00188397
7.9927e-10 0.000295372 0.0018842
7.99372e-10 0.000294518 0.0018821
7.99473e-10 0.000293717 0.00187768
7.99574e-10 0.000292974 0.00187094
7.99676e-10 0.000292296 0.00186189
7.99777e-10 0.000291691 0.00185054
7.99878e-10 0.000291164 0.00183692
7.99979e-10 0.000290723 0.00182105
8.00081e-10 0.000290374 0.00180299
8.00182e-10 0.000290123 0.00178277
8.00283e-10 0.000289975 0.00176045
8.00384e-10 0.000289936 0.00173609
8.00486e-10 0.000290013 0.00170974
8.00587e-10 0.000290209 0.00168149
8.00688e-10 0.00029053 0.00165141
8.00789e-10 0.00029098 0.0016196
8.00891e-10 0.000291562 0.00158613
8.00992e-10 0.000292282 0.00155112
8.01093e-10 0.000293141 0.00151467
8.01195e-10 0.000294143 0.00147688
8.01296e-10 0.00029529 0.00143788
8.01397e-10 0.000296584 0.00139778
8.01498e-10 0.000298027 0.00135671
8.016e-10 0.000299619 0.0013148
8.01701e-10 0.000301362 0.0012722
8.01802e-10 0.000303254 0.00122903
8.01903e-10 0.000305295 0.00118545
8.02005e-10 0.000307485 0.0011416
8.02106e-10 0.000309822 0.00109763
8.02207e-10 0.000312303 0.00105369
8.02309e-10 0.000314926 0.00100994
8.0241e-10 0.000317688 0.000966546
8.02511e-10 0.000320585 0.000923655
8.02612e-10 0.000323613 0.000881431
8.02714e-10 0.000326767 0.000840035
8.02815e-10 0.000330041 0.000799628
8.02916e-10 0.000333431 0.000760371
8.03017e-10 0.000336929 0.000722425
8.03119e-10 0.000340529 0.000685948
8.0322e-10 0.000344223 0.000651098
8.03321e-10 0.000348005 0.00061803
8.03422e-10 0.000351865 0.000586896
8.03524e-10 0.000355795 0.000557848
8.03625e-10 0.000359787 0.00053103
8.03726e-10 0.000363831 0.000506586
8.03828e-10 0.000367917 0.000484652
8.03929e-10 0.000372035 0.000465363
8.0403e-10 0.000376176 0.000448846
8.04131e-10 0.000380328 0.000435223
8.04233e-10 0.000384481 0.000424609
8.04334e-10 0.000388624 0.000417114
8.04435e-10 0.000392746 0.00041284
8.04536e-10 0.000396836 0.000411882
8.04638e-10 0.000400882 0.000414327
8.04739e-10 0.000404873 0.000420253
8.0484e-10 0.000408798 0.00042973
8.04942e-10 0.000412646 0.000442822
8.05043e-10 0.000416405 0.000459579
8.05144e-10 0.000420065 0.000480045
8.05245e-10 0.000423613 0.000504253
8.05347e-10 0.00042704 0.000532226
8.05448e-10 0.000430335 0.000563979
8.05549e-10 0.000433488 0.000599513
8.0565e-10 0.000436489 0.000638821
8.05752e-10 0.000439327 0.000681886
8.05853e-10 0.000441995 0.000728679
8.05954e-10 0.000444483 0.000779158
8.06056e-10 0.000446783 0.000833276
8.06157e-10 0.000448887 0.000890969
8.06258e-10 0.000450788 0.000952165
8.06359e-10 0.00045248 0.00101678
8.06461e-10 0.000453955 0.00108473
8.06562e-10 0.00045521 0.00115589
8.06663e-10 0.000456239 0.00123017
8.06764e-10 0.000457039 0.00130742
8.06866e-10 0.000457605 0.00138752
8.06967e-10 0.000457936 0.00147032
8.07068e-10 0.00045803 0.00155567
8.07169e-10 0.000457886 0.0016434
8.07271e-10 0.000457503 0.00173333
8.07372e-10 0.000456884 0.00182529
8.07473e-10 0.000456029 0.00191909
8.07575e-10 0.000454941 0.00201452
8.07676e-10 0.000453623 0.00211138
8.07777e-10 0.000452079 0.00220946
8.07878e-10 0.000450316 0.00230853
8.0798e-10 0.000448338 0.00240838
8.08081e-10 0.000446152 0.00250877
8.08182e-10 0.000443767 0.00260946
8.08283e-10 0.000441191 0.00271022
8.08385e-10 0.000438433 0.0028108
8.08486e-10 0.000435504 0.00291096
8.08587e-10 0.000432415 0.00301045
8.08689e-10 0.000429178 0.00310901
8.0879e-10 0.000425806 0.0032064
8.08891e-10 0.000422311 0.00330236
8.08992e-10 0.000418708 0.00339665
8.09094e-10 0.000415012 0.00348901
8.09195e-10 0.000411238 0.0035792
8.09296e-10 0.000407402 0.00366697
8.09397e-10 0.000403522 0.00375208
8.09499e-10 0.000399612 0.0038343
8.096e-10 0.000395692 0.00391338
8.09701e-10 0.00039178 0.00398911
8.09803e-10 0.000387892 0.00406126
8.09904e-10 0.000384049 0.00412963
8.10005e-10 0.000380268 0.00419401
8.10106e-10 0.000376569 0.00425419
8.10208e-10 0.00037297 0.00431001
8.10309e-10 0.000369491 0.00436127
8.1041e-10 0.00036615 0.00440782
8.10511e-10 0.000362967 0.00444949
8.10613e-10 0.000359961 0.00448616
8.10714e-10 0.000357149 0.00451769
8.10815e-10 0.000354551 0.00454397
8.10916e-10 0.000352184 0.00456489
8.11018e-10 0.000350066 0.00458037
8.11119e-10 0.000348213 0.00459033
8.1122e-10 0.000346643 0.00459472
8.11322e-10 0.00034537 0.00459351
8.11423e-10 0.00034441 0.00458666
8.11524e-10 0.000343778 0.00457417
8.11625e-10 0.000343486 0.00455605
8.11727e-10 0.000343547 0.00453232
8.11828e-10 0.000343974 0.00450304
8.11929e-10 0.000344775 0.00446826
8.1203e-10 0.000345962 0.00442807
8.12132e-10 0.000347542 0.00438256
8.12233e-10 0.000349522 0.00433185
8.12334e-10 0.000351909 0.00427607
8.12436e-10 0.000354707 0.00421539
8.12537e-10 0.00035792 0.00414996
8.12638e-10 0.000361549 0.00407998
8.12739e-10 0.000365595 0.00400565
8.12841e-10 0.000370057 0.0039272
8.12942e-10 0.000374933 0.00384487
8.13043e-10 0.000380219 0.00375891
8.13144e-10 0.00038591 0.00366959
8.13246e-10 0.000391998 0.00357721
8.13347e-10 0.000398477 0.00348207
8.13448e-10 0.000405336 0.00338449
8.1355e-10 0.000412563 0.00328479
8.13651e-10 0.000420146 0.00318333
8.13752e-10 0.000428071 0.00308047
8.13853e-10 0.000436321 0.00297656
8.13955e-10 0.00044488 0.00287199
8.14056e-10 0.000453728 0.00276716
8.14157e-10 0.000462847 0.00266246
8.14258e-10 0.000472213 0.00255829
8.1436e-10 0.000481805 0.00245508
8.14461e-10 0.000491599 0.00235324
8.14562e-10 0.00050157 0.0022532
8.14663e-10 0.00051169 0.00215538
8.14765e-10 0.000521933 0.00206022
8.14866e-10 0.000532271 0.00196815
8.14967e-10 0.000542674 0.0018796
8.15069e-10 0.000553112 0.00179501
8.1517e-10 0.000563554 0.0017148
8.15271e-10 0.000573969 0.0016394
8.15372e-10 0.000584325 0.00156923
8.15474e-10 0.000594588 0.0015047
8.15575e-10 0.000604726 0.00144623
8.15676e-10 0.000614707 0.0013942
8.15777e-10 0.000624495 0.00134902
8.15879e-10 0.000634059 0.00131104
8.1598e-10 0.000643364 0.00128065
8.16081e-10 0.000652377 0.00125819
8.16183e-10 0.000661066 0.00124399
8.16284e-10 0.000669398 0.00123837
8.16385e-10 0.000677341 0.00124163
8.16486e-10 0.000684863 0.00125406
8.16588e-10 0.000691935 0.00127591
8.16689e-10 0.000698526 0.00130742
8.1679e-10 0.000704607 0.00134882
8.16891e-10 0.000710152 0.00140029
8.16993e-10 0.000715134 0.00146201
8.17094e-10 0.000719528 0.00153411
8.17195e-10 0.00072331 0.00161673
8.17296e-10 0.000726459 0.00170994
8.17398e-10 0.000728954 0.00181381
8.17499e-10 0.000730777 0.00192838
8.176e-10 0.00073191 0.00205365
8.17702e-10 0.000732341 0.0021896
8.17803e-10 0.000732055 0.00233616
8.17904e-10 0.000731042 0.00249326
8.18005e-10 0.000729295 0.00266078
8.18107e-10 0.000726807 0.00283857
8.18208e-10 0.000723574 0.00302645
8.18309e-10 0.000719596 0.00322421
8.1841e-10 0.000714874 0.0034316
8.18512e-10 0.000709411 0.00364835
8.18613e-10 0.000703214 0.00387416
8.18714e-10 0.000696291 0.00410869
8.18816e-10 0.000688655 0.00435157
8.18917e-10 0.000680319 0.00460241
8.19018e-10 0.0006713 0.00486078
8.19119e-10 0.000661618 0.00512621
8.19221e-10 0.000651294 0.00539824
8.19322e-10 0.000640352 0.00567635
8.19423e-10 0.00062882 0.00595999
8.19524e-10 0.000616728 0.00624862
8.19626e-10 0.000604106 0.00654164
8.19727e-10 0.000590991 0.00683845
8.19828e-10 0.000577417 0.00713841
8.1993e-10 0.000563424 0.00744088
8.20031e-10 0.000549054 0.00774519
8.20132e-10 0.00053435 0.00805065
8.20233e-10 0.000519355 0.00835656
8.20335e-10 0.000504119 0.00866222
8.20436e-10 0.000488688 0.00896689
8.20537e-10 0.000473114 0.00926984
8.20638e-10 0.000457449 0.00957034
8.2074e-10 0.000441745 0.00986763
8.20841e-10 0.000426058 0.010161
8.20942e-10 0.000410441 0.0104496
8.21043e-10 0.000394953 0.0107328
8.21145e-10 0.000379649 0.0110098
8.21246e-10 0.000364588 0.0112798
8.21347e-10 0.000349828 0.0115422
8.21449e-10 0.000335426 0.0117962
8.2155e-10 0.000321441 0.0120411
8.21651e-10 0.000307931 0.0122762
8.21752e-10 0.000294955 0.0125008
8.21854e-10 0.000282568 0.0127143
8.21955e-10 0.000270828 0.012916
8.22056e-10 0.00025979 0.0131054
8.22157e-10 0.00024951 0.0132818
8.22259e-10 0.00024004 0.0134448
8.2236e-10 0.000231433 0.0135937
8.22461e-10 0.000223739 0.0137281
8.22563e-10 0.000217006 0.0138476
8.22664e-10 0.000211281 0.0139517
8.22765e-10 0.000206609 0.0140401
8.22866e-10 0.000203032 0.0141124
8.22968e-10 0.00020059 0.0141684
8.23069e-10 0.00019932 0.0142079
8.2317e-10 0.000199256 0.0142305
8.23271e-10 0.000200431 0.0142363
8.23373e-10 0.000202873 0.014225
8.23474e-10 0.000206608 0.0141968
8.23575e-10 0.000211658 0.0141515
8.23677e-10 0.000218042 0.0140893
8.23778e-10 0.000225776 0.0140103
8.23879e-10 0.000234873 0.0139147
8.2398e-10 0.000245341 0.0138027
8.24082e-10 0.000257185 0.0136746
8.24183e-10 0.000270407 0.0135308
8.24284e-10 0.000285006 0.0133717
8.24385e-10 0.000300974 0.0131977
8.24487e-10 0.000318303 0.0130095
8.24588e-10 0.00033698 0.0128076
8.24689e-10 0.000356988 0.0125926
8.2479e-10 0.000378307 0.0123652
8.24892e-10 0.000400912 0.0121263
8.24993e-10 0.000424777 0.0118766
8.25094e-10 0.00044987 0.011617
8.25196e-10 0.000476156 0.0113485
8.25297e-10 0.000503599 0.0110719
8.25398e-10 0.000532157 0.0107883
8.25499e-10 0.000561786 0.0104988
8.25601e-10 0.000592439 0.0102045
8.25702e-10 0.000624066 0.00990652
8.25803e-10 0.000656615 0.00960608
8.25904e-10 0.000690031 0.00930441
8.26006e-10 0.000724255 0.00900277
8.26107e-10 0.000759227 0.00870244
8.26208e-10 0.000794886 0.00840475
8.2631e-10 0.000831168 0.00811104
8.26411e-10 0.000868006 0.00782269
8.26512e-10 0.000905333 0.00754106
8.26613e-10 0.000943079 0.00726756
8.26715e-10 0.000981176 0.00700359
8.26816e-10 0.00101955 0.00675055
8.26917e-10 0.00105813 0.00650986
8.27018e-10 0.00109684 0.00628292
8.2712e-10 0.00113562 0.00607113
8.27221e-10 0.00117438 0.00587587
8.27322e-10 0.00121304 0.00569852
8.27424e-10 0.00125155 0.00554041
8.27525e-10 0.00128982 0.00540288
8.27626e-10 0.00132778 0.00528722
8.27727e-10 0.00136535 0.00519467
8.27829e-10 0.00140247 0.00512646
8.2793e-10 0.00143906 0.00508376
8.28031e-10 0.00147504 0.00506769
8.28132e-10 0.00151036 0.00507933
8.28234e-10 0.00154494 0.00511968
8.28335e-10 0.0015787 0.0051897
8.28436e-10 0.0016116 0.00529028
8.28537e-10 0.00164355 0.00542222
8.28639e-10 0.00167449 0.00558627
8.2874e-10 0.00170437 0.0057831
8.28841e-10 0.00173313 0.00601328
8.28943e-10 0.00176069 0.00627732
8.29044e-10 0.00178701 0.00657561
8.29145e-10 0.00181203 0.00690848
8.29246e-10 0.00183569 0.00727615
8.29348e-10 0.00185794 0.00767874
8.29449e-10 0.00187873 0.00811628
8.2955e-10 0.00189802 0.0085887
8.29651e-10 0.00191574 0.00909581
8.29753e-10 0.00193187 0.00963733
8.29854e-10 0.00194634 0.0102129
8.29955e-10 0.00195913 0.0108219
8.30057e-10 0.00197019 0.0114639
8.30158e-10 0.00197947 0.0121381
8.30259e-10 0.00198696 0.0128437
8.3036e-10 0.00199259 0.0135797
8.30462e-10 0.00199635 0.0143452
8.30563e-10 0.00199821 0.0151389
8.30664e-10 0.00199812 0.0159597
8.30765e-10 0.00199607 0.0168062
8.30867e-10 0.00199202 0.0176769
8.30968e-10 0.00198595 0.0185703
8.31069e-10 0.00197783 0.0194847
8.31171e-10 0.00196766 0.0204185
8.31272e-10 0.0019554 0.0213698
8.31373e-10 0.00194105 0.0223367
8.31474e-10 0.00192459 0.0233172
8.31576e-10 0.001906 0.0243093
8.31677e-10 0.00188529 0.0253109
8.31778e-10 0.00186246 0.0263197
8.31879e-10 0.00183749 0.0273335
8.31981e-10 0.00181039 0.02835
8.32082e-10 0.00178119 0.029367
8.32183e-10 0.00174988 0.0303819
8.32284e-10 0.00171648 0.0313924
8.32386e-10 0.00168103 0.032396
8.32487e-10 0.00164356 0.0333904
8.32588e-10 0.0016041 0.034373
8.3269e-10 0.00156271 0.0353413
8.32791e-10 0.00151942 0.036293
8.32892e-10 0.00147432 0.0372256
8.32993e-10 0.00142747 0.0381366
8.33095e-10 0.00137896 0.0390236
8.33196e-10 0.00132888 0.0398844
8.33297e-10 0.00127734 0.0407166
8.33398e-10 0.00122446 0.041518
8.335e-10 0.00117037 0.0422864
8.33601e-10 0.00111522 0.0430196
8.33702e-10 0.00105917 0.0437158
8.33804e-10 0.0010024 0.0443729
8.33905e-10 0.000945107 0.0449891
8.34006e-10 0.000887504 0.0455627
8.34107e-10 0.000829822 0.046092
8.34209e-10 0.000772313 0.0465756
8.3431e-10 0.000715248 0.0470122
8.34411e-10 0.00065892 0.0474004
8.34512e-10 0.000603643 0.0477392
8.34614e-10 0.000549753 0.0480277
8.34715e-10 0.000497609 0.048265
8.34816e-10 0.000447592 0.0484506
8.34917e-10 0.00040011 0.0485839
8.35019e-10 0.000355592 0.0486647
8.3512e-10 0.000314492 0.0486928
8.35221e-10 0.00027729 0.0486683
8.35323e-10 0.000244488 0.0485914
8.35424e-10 0.000216616 0.0484625
8.35525e-10 0.000194223 0.0482822
8.35626e-10 0.000177888 0.0480513
8.35728e-10 0.000168207 0.0477706
8.35829e-10 0.000165804 0.0474413
8.3593e-10 0.000171322 0.0470647
8.36031e-10 0.000185424 0.0466423
8.36133e-10 0.000208795 0.0461757
8.36234e-10 0.000242135 0.0456668
8.36335e-10 0.000286164 0.0451176
8.36437e-10 0.000341613 0.0445301
8.36538e-10 0.000409229 0.0439067
8.36639e-10 0.000489767 0.0432499
8.3674e-10 0.000583991 0.0425623
8.36842e-10 0.000692669 0.0418466
8.36943e-10 0.000816575 0.0411056
8.37044e-10 0.000956478 0.0403424
8.37145e-10 0.00111315 0.0395601
8.37247e-10 0.00128734 0.0387619
8.37348e-10 0.0014798 0.0379509
8.37449e-10 0.00169128 0.0371307
8.37551e-10 0.00192247 0.0363046
8.37652e-10 0.00217408 0.0354762
8.37753e-10 0.00244677 0.0346489
8.37854e-10 0.00274117 0.0338263
8.37956e-10 0.00305788 0.0330121
8.38057e-10 0.00339744 0.0322097
8.38158e-10 0.00376038 0.0314227
8.38259e-10 0.00414714 0.0306548
8.38361e-10 0.00455814 0.0299093
8.38462e-10 0.0049937 0.0291898
8.38563e-10 0.00545411 0.0284997
8.38664e-10 0.00593957 0.0278422
8.38766e-10 0.00645022 0.0272207
8.38867e-10 0.00698609 0.0266381
8.38968e-10 0.00754716 0.0260975
8.3907e-10 0.0081333 0.0256018
8.39171e-10 0.00874431 0.0251536
8.39272e-10 0.00937986 0.0247556
8.39373e-10 0.0100395 0.0244102
8.39475e-10 0.0107229 0.0241195
8.39576e-10 0.0114292 0.0238855
8.39677e-10 0.0121578 0.0237102
8.39778e-10 0.0129078 0.023595
8.3988e-10 0.0136783 0.0235415
