6.9e-10 0.00593017 0.0271445
6.90101e-10 0.0057463 0.0273931
6.90203e-10 0.00556007 0.0276405
6.90304e-10 0.00537198 0.0278842
6.90405e-10 0.00518246 0.0281221
6.90506e-10 0.00499197 0.0283517
6.90608e-10 0.00480094 0.0285709
6.90709e-10 0.00460981 0.0287777
6.9081e-10 0.00441898 0.02897
6.90911e-10 0.00422885 0.0291459
6.91013e-10 0.00403982 0.0293036
6.91114e-10 0.00385225 0.0294414
6.91215e-10 0.00366653 0.0295579
6.91317e-10 0.00348298 0.0296514
6.91418e-10 0.00330197 0.0297208
6.91519e-10 0.00312381 0.0297649
6.9162e-10 0.00294881 0.0297826
6.91722e-10 0.00277729 0.0297731
6.91823e-10 0.00260952 0.0297357
6.91924e-10 0.00244577 0.0296697
6.92025e-10 0.00228632 0.0295747
6.92127e-10 0.00213139 0.0294505
6.92228e-10 0.00198124 0.0292969
6.92329e-10 0.00183606 0.0291138
6.9243e-10 0.00169606 0.0289015
6.92532e-10 0.00156143 0.0286601
6.92633e-10 0.00143233 0.0283902
6.92734e-10 0.00130892 0.0280922
6.92836e-10 0.00119134 0.0277668
6.92937e-10 0.00107971 0.0274148
6.93038e-10 0.000974126 0.027037
6.93139e-10 0.000874686 0.0266346
6.93241e-10 0.000781457 0.0262085
6.93342e-10 0.000694492 0.0257601
6.93443e-10 0.000613827 0.0252905
6.93544e-10 0.000539481 0.0248012
6.93646e-10 0.000471456 0.0242936
6.93747e-10 0.000409735 0.0237691
6.93848e-10 0.000354287 0.0232294
6.9395e-10 0.00030506 0.0226761
6.94051e-10 0.000261989 0.0221108
6.94152e-10 0.00022499 0.0215351
6.94253e-10 0.000193964 0.0209509
6.94355e-10 0.000168795 0.0203598
6.94456e-10 0.000149354 0.0197634
6.94557e-10 0.000135494 0.0191637
6.94658e-10 0.000127057 0.0185622
6.9476e-10 0.000123869 0.0179607
6.94861e-10 0.000125744 0.0173609
6.94962e-10 0.000132484 0.0167644
6.95064e-10 0.000143878 0.0161728
6.95165e-10 0.000159705 0.0155877
6.95266e-10 0.000179736 0.0150106
6.95367e-10 0.000203732 0.0144431
6.95469e-10 0.000231443 0.0138864
6.9557e-10 0.000262617 0.013342
6.95671e-10 0.000296993 0.0128111
6.95772e-10 0.000334305 0.0122949
6.95874e-10 0.000374283 0.0117946
6.95975e-10 0.000416656 0.0113112
6.96076e-10 0.000461149 0.0108456
6.96177e-10 0.000507485 0.0103989
6.96279e-10 0.000555392 0.0099716
6.9638e-10 0.000604593 0.0095646
6.96481e-10 0.000654817 0.00917845
6.96583e-10 0.000705795 0.00881368
6.96684e-10 0.000757263 0.00847072
6.96785e-10 0.000808962 0.0081499
6.96886e-10 0.000860636 0.00785148
6.96988e-10 0.000912041 0.0075756
6.97089e-10 0.000962936 0.00732235
6.9719e-10 0.00101309 0.00709169
6.97291e-10 0.00106229 0.00688354
6.97393e-10 0.00111031 0.00669769
6.97494e-10 0.00115696 0.00653389
6.97595e-10 0.00120204 0.00639178
6.97697e-10 0.00124539 0.00627095
6.97798e-10 0.00128682 0.0061709
6.97899e-10 0.0013262 0.00609107
6.98e-10 0.00136338 0.00603084
6.98102e-10 0.00139823 0.00598953
6.98203e-10 0.00143065 0.00596638
6.98304e-10 0.00146052 0.0059606
6.98405e-10 0.00148777 0.00597136
6.98507e-10 0.00151231 0.00599777
6.98608e-10 0.00153411 0.0060389
6.98709e-10 0.0015531 0.0060938
6.9881e-10 0.00156925 0.00616147
6.98912e-10 0.00158256 0.00624091
6.99013e-10 0.00159301 0.00633108
6.99114e-10 0.00160062 0.00643094
6.99216e-10 0.00160539 0.00653941
6.99317e-10 0.00160738 0.00665543
6.99418e-10 0.00160661 0.00677795
6.99519e-10 0.00160315 0.00690588
6.99621e-10 0.00159706 0.00703816
6.99722e-10 0.00158842 0.00717376
6.99823e-10 0.00157731 0.00731162
6.99924e-10 0.00156383 0.00745074
7.00026e-10 0.00154807 0.00759011
7.00127e-10 0.00153016 0.00772877
7.00228e-10 0.00151021 0.00786578
7.0033e-10 0.00148833 0.00800023
7.00431e-10 0.00146467 0.00813124
7.00532e-10 0.00143934 0.00825798
7.00633e-10 0.0014125 0.00837964
7.00735e-10 0.00138428 0.00849548
7.00836e-10 0.00135482 0.00860479
7.00937e-10 0.00132426 0.00870689
7.01038e-10 0.00129277 0.00880118
7.0114e-10 0.00126047 0.00888709
7.01241e-10 0.00122752 0.0089641
7.01342e-10 0.00119407 0.00903174
7.01444e-10 0.00116025 0.00908961
7.01545e-10 0.00112621 0.00913734
7.01646e-10 0.00109209 0.00917463
7.01747e-10 0.00105803 0.00920121
7.01849e-10 0.00102415 0.00921689
7.0195e-10 0.000990587 0.00922152
7.02051e-10 0.00095746 0.00921499
7.02152e-10 0.000924888 0.00919726
7.02254e-10 0.000892984 0.00916833
7.02355e-10 0.000861854 0.00912825
7.02456e-10 0.000831596 0.00907711
7.02557e-10 0.000802306 0.00901507
7.02659e-10 0.000774068 0.0089423
7.0276e-10 0.000746963 0.00885905
7.02861e-10 0.000721062 0.00876557
7.02963e-10 0.000696431 0.00866219
7.03064e-10 0.000673126 0.00854923
7.03165e-10 0.000651198 0.0084271
7.03266e-10 0.000630688 0.00829619
7.03368e-10 0.000611632 0.00815696
7.03469e-10 0.000594055 0.00800986
7.0357e-10 0.000577978 0.0078554
7.03671e-10 0.000563414 0.00769409
7.03773e-10 0.000550367 0.00752646
7.03874e-10 0.000538835 0.00735308
7.03975e-10 0.00052881 0.0071745
7.04077e-10 0.000520276 0.00699131
7.04178e-10 0.000513213 0.0068041
7.04279e-10 0.000507591 0.00661345
7.0438e-10 0.000503378 0.00641998
7.04482e-10 0.000500534 0.00622428
7.04583e-10 0.000499016 0.00602696
7.04684e-10 0.000498774 0.0058286
7.04785e-10 0.000499755 0.00562981
7.04887e-10 0.000501902 0.00543116
7.04988e-10 0.000505153 0.00523324
7.05089e-10 0.000509444 0.00503661
7.05191e-10 0.000514707 0.0048418
7.05292e-10 0.000520872 0.00464937
7.05393e-10 0.000527867 0.00445982
7.05494e-10 0.000535618 0.00427364
7.05596e-10 0.00054405 0.00409132
7.05697e-10 0.000553085 0.00391331
7.05798e-10 0.000562649 0.00374003
7.05899e-10 0.000572662 0.00357189
7.06001e-10 0.000583048 0.00340927
7.06102e-10 0.00059373 0.00325252
7.06203e-10 0.000604633 0.00310197
7.06304e-10 0.000615681 0.0029579
7.06406e-10 0.000626801 0.00282059
7.06507e-10 0.000637923 0.00269027
7.06608e-10 0.000648976 0.00256714
7.0671e-10 0.000659892 0.00245139
7.06811e-10 0.000670609 0.00234316
7.06912e-10 0.000681063 0.00224256
7.07013e-10 0.000691195 0.00214969
7.07115e-10 0.000700951 0.00206459
7.07216e-10 0.000710277 0.00198729
7.07317e-10 0.000719125 0.0019178
7.07418e-10 0.00072745 0.00185607
7.0752e-10 0.000735209 0.00180205
7.07621e-10 0.000742366 0.00175566
7.07722e-10 0.000748886 0.00171678
7.07824e-10 0.00075474 0.00168528
7.07925e-10 0.000759902 0.00166099
7.08026e-10 0.00076435 0.00164372
7.08127e-10 0.000768066 0.00163328
7.08229e-10 0.000771036 0.00162944
7.0833e-10 0.000773251 0.00163194
7.08431e-10 0.000774704 0.00164053
7.08532e-10 0.000775393 0.00165492
7.08634e-10 0.000775319 0.00167481
7.08735e-10 0.000774487 0.00169989
7.08836e-10 0.000772906 0.00172984
7.08938e-10 0.000770588 0.00176433
7.09039e-10 0.000767547 0.00180301
7.0914e-10 0.000763802 0.00184552
7.09241e-10 0.000759373 0.00189151
7.09343e-10 0.000754285 0.00194061
7.09444e-10 0.000748562 0.00199246
7.09545e-10 0.000742235 0.00204669
7.09646e-10 0.000735333 0.00210292
7.09748e-10 0.000727889 0.00216078
7.09849e-10 0.000719937 0.00221991
7.0995e-10 0.000711513 0.00227995
7.10051e-10 0.000702654 0.00234053
7.10153e-10 0.000693399 0.00240129
7.10254e-10 0.000683787 0.00246191
7.10355e-10 0.000673857 0.00252202
7.10457e-10 0.000663651 0.00258131
7.10558e-10 0.000653208 0.00263947
7.10659e-10 0.00064257 0.00269617
7.1076e-10 0.000631778 0.00275114
7.10862e-10 0.000620871 0.00280408
7.10963e-10 0.000609891 0.00285474
7.11064e-10 0.000598876 0.00290287
7.11165e-10 0.000587864 0.00294821
7.11267e-10 0.000576895 0.00299057
7.11368e-10 0.000566004 0.00302974
7.11469e-10 0.000555226 0.00306552
7.11571e-10 0.000544596 0.00309776
7.11672e-10 0.000534145 0.0031263
7.11773e-10 0.000523906 0.00315102
7.11874e-10 0.000513906 0.00317179
7.11976e-10 0.000504174 0.00318853
7.12077e-10 0.000494735 0.00320115
7.12178e-10 0.000485611 0.0032096
7.12279e-10 0.000476826 0.00321384
7.12381e-10 0.000468398 0.00321385
7.12482e-10 0.000460344 0.00320961
7.12583e-10 0.00045268 0.00320115
7.12684e-10 0.000445418 0.0031885
7.12786e-10 0.000438571 0.00317169
7.12887e-10 0.000432146 0.00315079
7.12988e-10 0.00042615 0.00312589
7.1309e-10 0.000420588 0.00309707
7.13191e-10 0.000415462 0.00306443
7.13292e-10 0.000410773 0.00302811
7.13393e-10 0.000406519 0.00298823
7.13495e-10 0.000402696 0.00294494
7.13596e-10 0.0003993 0.0028984
7.13697e-10 0.000396322 0.00284878
7.13798e-10 0.000393755 0.00279624
7.139e-10 0.000391588 0.00274099
7.14001e-10 0.000389809 0.00268321
7.14102e-10 0.000388403 0.00262311
7.14204e-10 0.000387358 0.00256089
7.14305e-10 0.000386655 0.00249676
7.14406e-10 0.000386279 0.00243095
7.14507e-10 0.00038621 0.00236368
7.14609e-10 0.00038643 0.00229516
7.1471e-10 0.000386919 0.00222563
7.14811e-10 0.000387655 0.00215531
7.14912e-10 0.000388618 0.00208442
7.15014e-10 0.000389786 0.00201319
7.15115e-10 0.000391137 0.00194185
7.15216e-10 0.000392648 0.00187061
7.15318e-10 0.000394297 0.0017997
7.15419e-10 0.000396061 0.00172932
7.1552e-10 0.000397917 0.00165968
7.15621e-10 0.000399844 0.00159098
7.15723e-10 0.000401819 0.00152342
7.15824e-10 0.000403821 0.0014572
7.15925e-10 0.000405828 0.00139248
7.16026e-10 0.00040782 0.00132945
7.16128e-10 0.000409777 0.00126826
7.16229e-10 0.000411678 0.00120908
7.1633e-10 0.000413507 0.00115204
7.16431e-10 0.000415244 0.00109729
7.16533e-10 0.000416874 0.00104495
7.16634e-10 0.00041838 0.000995128
7.16735e-10 0.000419747 0.000947935
7.16837e-10 0.000420962 0.000903462
7.16938e-10 0.000422013 0.000861788
7.17039e-10 0.000422886 0.000822984
7.1714e-10 0.000423573 0.000787108
7.17242e-10 0.000424064 0.000754205
7.17343e-10 0.000424351 0.000724311
7.17444e-10 0.000424427 0.000697448
7.17545e-10 0.000424287 0.000673629
7.17647e-10 0.000423926 0.000652854
7.17748e-10 0.000423341 0.000635111
7.17849e-10 0.00042253 0.000620381
7.17951e-10 0.000421492 0.000608629
7.18052e-10 0.000420228 0.000599814
7.18153e-10 0.000418739 0.000593882
7.18254e-10 0.000417027 0.000590771
7.18356e-10 0.000415097 0.000590409
7.18457e-10 0.000412952 0.000592715
7.18558e-10 0.000410598 0.0005976
7.18659e-10 0.000408042 0.000604967
7.18761e-10 0.000405292 0.00061471
7.18862e-10 0.000402354 0.000626717
7.18963e-10 0.000399239 0.000640871
7.19065e-10 0.000395955 0.000657047
7.19166e-10 0.000392513 0.000675114
7.19267e-10 0.000388924 0.000694939
7.19368e-10 0.000385199 0.000716382
7.1947e-10 0.00038135 0.000739301
7.19571e-10 0.000377389 0.00076355
7.19672e-10 0.000373328 0.00078898
7.19773e-10 0.000369181 0.000815442
7.19875e-10 0.000364959 0.000842784
7.19976e-10 0.000360677 0.000870855
7.20077e-10 0.000356347 0.0008995
7.20178e-10 0.000351983 0.00092857
7.2028e-10 0.000347597 0.000957912
7.20381e-10 0.000343202 0.000987378
7.20482e-10 0.000338811 0.00101682
7.20584e-10 0.000334437 0.00104609
7.20685e-10 0.000330092 0.00107505
7.20786e-10 0.000325787 0.00110357
7.20887e-10 0.000321535 0.0011315
7.20989e-10 0.000317346 0.00115872
7.2109e-10 0.00031323 0.0011851
7.21191e-10 0.000309199 0.00121052
7.21292e-10 0.000305261 0.00123488
7.21394e-10 0.000301425 0.00125805
7.21495e-10 0.0002977 0.00127995
7.21596e-10 0.000294094 0.00130047
7.21698e-10 0.000290612 0.00131953
7.21799e-10 0.000287263 0.00133705
7.219e-10 0.000284051 0.00135294
7.22001e-10 0.000280981 0.00136716
7.22103e-10 0.000278058 0.00137964
7.22204e-10 0.000275285 0.00139032
7.22305e-10 0.000272664 0.00139917
7.22406e-10 0.000270199 0.00140614
7.22508e-10 0.00026789 0.00141122
7.22609e-10 0.000265737 0.00141438
7.2271e-10 0.000263742 0.00141561
7.22812e-10 0.000261902 0.00141491
7.22913e-10 0.000260217 0.00141228
7.23014e-10 0.000258685 0.00140773
7.23115e-10 0.000257302 0.00140128
7.23217e-10 0.000256066 0.00139296
7.23318e-10 0.000254973 0.0013828
7.23419e-10 0.000254017 0.00137084
7.2352e-10 0.000253195 0.00135712
7.23622e-10 0.000252501 0.0013417
7.23723e-10 0.000251929 0.00132463
7.23824e-10 0.000251473 0.00130599
7.23925e-10 0.000251126 0.00128584
7.24027e-10 0.000250881 0.00126425
7.24128e-10 0.000250731 0.0012413
7.24229e-10 0.000250668 0.00121709
7.24331e-10 0.000250685 0.00119169
7.24432e-10 0.000250773 0.00116519
7.24533e-10 0.000250924 0.00113769
7.24634e-10 0.000251131 0.0011093
7.24736e-10 0.000251385 0.0010801
7.24837e-10 0.000251678 0.0010502
7.24938e-10 0.000252002 0.0010197
7.25039e-10 0.000252347 0.000988706
7.25141e-10 0.000252707 0.000957325
7.25242e-10 0.000253073 0.00092566
7.25343e-10 0.000253438 0.000893817
7.25445e-10 0.000253793 0.0008619
7.25546e-10 0.000254132 0.000830015
7.25647e-10 0.000254447 0.000798262
7.25748e-10 0.000254731 0.000766744
7.2585e-10 0.000254978 0.00073556
7.25951e-10 0.000255182 0.000704807
7.26052e-10 0.000255336 0.000674578
7.26153e-10 0.000255435 0.000644966
7.26255e-10 0.000255475 0.000616058
7.26356e-10 0.00025545 0.000587939
7.26457e-10 0.000255357 0.000560689
7.26559e-10 0.00025519 0.000534385
7.2666e-10 0.000254948 0.000509099
7.26761e-10 0.000254626 0.000484899
7.26862e-10 0.000254224 0.000461848
7.26964e-10 0.000253737 0.000440003
7.27065e-10 0.000253166 0.000419418
7.27166e-10 0.000252509 0.00040014
7.27267e-10 0.000251765 0.000382211
7.27369e-10 0.000250934 0.000365669
7.2747e-10 0.000250016 0.000350544
7.27571e-10 0.000249013 0.000336862
7.27672e-10 0.000247925 0.000324644
7.27774e-10 0.000246753 0.000313904
7.27875e-10 0.000245501 0.000304651
7.27976e-10 0.000244169 0.000296888
7.28078e-10 0.000242761 0.000290613
7.28179e-10 0.00024128 0.000285818
7.2828e-10 0.000239729 0.000282491
7.28381e-10 0.000238112 0.000280612
7.28483e-10 0.000236432 0.000280159
7.28584e-10 0.000234695 0.000281103
7.28685e-10 0.000232904 0.000283411
7.28786e-10 0.000231063 0.000287045
7.28888e-10 0.000229179 0.000291962
7.28989e-10 0.000227255 0.000298116
7.2909e-10 0.000225298 0.000305456
7.29192e-10 0.000223311 0.000313928
7.29293e-10 0.000221301 0.000323474
7.29394e-10 0.000219273 0.000334032
7.29495e-10 0.000217232 0.000345539
7.29597e-10 0.000215184 0.000357926
7.29698e-10 0.000213134 0.000371125
7.29799e-10 0.000211087 0.000385063
7.299e-10 0.000209048 0.000399667
7.30002e-10 0.000207024 0.000414862
7.30103e-10 0.000205018 0.000430571
7.30204e-10 0.000203036 0.000446716
7.30305e-10 0.000201082 0.000463219
7.30407e-10 0.000199161 0.000480001
7.30508e-10 0.000197278 0.000496984
7.30609e-10 0.000195436 0.000514088
7.30711e-10 0.00019364 0.000531235
7.30812e-10 0.000191893 0.000548348
7.30913e-10 0.000190198 0.000565351
7.31014e-10 0.000188559 0.000582168
7.31116e-10 0.000186979 0.000598725
7.31217e-10 0.00018546 0.000614951
7.31318e-10 0.000184005 0.000630777
7.31419e-10 0.000182615 0.000646134
7.31521e-10 0.000181292 0.000660958
7.31622e-10 0.000180038 0.000675188
7.31723e-10 0.000178853 0.000688763
7.31825e-10 0.000177739 0.000701629
7.31926e-10 0.000176695 0.000713731
7.32027e-10 0.000175723 0.000725023
7.32128e-10 0.000174821 0.000735457
7.3223e-10 0.000173989 0.000744992
7.32331e-10 0.000173226 0.000753591
7.32432e-10 0.000172532 0.000761219
7.32533e-10 0.000171905 0.000767847
7.32635e-10 0.000171343 0.00077345
7.32736e-10 0.000170845 0.000778005
7.32837e-10 0.000170408 0.000781497
7.32939e-10 0.00017003 0.000783911
7.3304e-10 0.000169709 0.00078524
7.33141e-10 0.000169441 0.000785479
7.33242e-10 0.000169224 0.000784627
7.33344e-10 0.000169054 0.00078269
7.33445e-10 0.000168929 0.000779676
7.33546e-10 0.000168844 0.000775596
7.33647e-10 0.000168798 0.000770467
7.33749e-10 0.000168784 0.00076431
7.3385e-10 0.000168801 0.000757147
7.33951e-10 0.000168844 0.000749008
7.34052e-10 0.000168909 0.000739922
7.34154e-10 0.000168993 0.000729925
7.34255e-10 0.000169092 0.000719055
7.34356e-10 0.000169201 0.000707351
7.34458e-10 0.000169317 0.000694858
7.34559e-10 0.000169436 0.000681622
7.3466e-10 0.000169555 0.000667691
7.34761e-10 0.000169669 0.000653117
7.34863e-10 0.000169776 0.000637953
7.34964e-10 0.000169871 0.000622253
7.35065e-10 0.000169952 0.000606074
7.35166e-10 0.000170014 0.000589474
7.35268e-10 0.000170056 0.000572513
7.35369e-10 0.000170073 0.000555249
7.3547e-10 0.000170064 0.000537744
7.35572e-10 0.000170026 0.000520059
7.35673e-10 0.000169957 0.000502255
7.35774e-10 0.000169853 0.000484393
7.35875e-10 0.000169714 0.000466536
7.35977e-10 0.000169537 0.000448742
7.36078e-10 0.000169321 0.000431073
7.36179e-10 0.000169065 0.000413588
7.3628e-10 0.000168768 0.000396344
7.36382e-10 0.000168428 0.000379399
7.36483e-10 0.000168045 0.000362807
7.36584e-10 0.000167619 0.000346621
7.36686e-10 0.000167149 0.000330894
7.36787e-10 0.000166636 0.000315675
7.36888e-10 0.000166079 0.00030101
7.36989e-10 0.00016548 0.000286946
7.37091e-10 0.000164839 0.000273524
7.37192e-10 0.000164156 0.000260783
7.37293e-10 0.000163433 0.00024876
7.37394e-10 0.000162671 0.00023749
7.37496e-10 0.000161872 0.000227002
7.37597e-10 0.000161037 0.000217325
7.37698e-10 0.000160168 0.000208483
7.37799e-10 0.000159267 0.000200498
7.37901e-10 0.000158337 0.000193386
7.38002e-10 0.000157378 0.000187162
7.38103e-10 0.000156394 0.000181838
7.38205e-10 0.000155388 0.000177421
7.38306e-10 0.000154361 0.000173915
7.38407e-10 0.000153316 0.000171321
7.38508e-10 0.000152257 0.000169636
7.3861e-10 0.000151185 0.000168855
7.38711e-10 0.000150104 0.000168969
7.38812e-10 0.000149017 0.000169964
7.38913e-10 0.000147925 0.000171825
7.39015e-10 0.000146833 0.000174533
7.39116e-10 0.000145743 0.000178066
7.39217e-10 0.000144658 0.000182401
7.39319e-10 0.00014358 0.000187508
7.3942e-10 0.000142513 0.000193359
7.39521e-10 0.000141459 0.00019992
7.39622e-10 0.00014042 0.000207156
7.39724e-10 0.000139399 0.000215031
7.39825e-10 0.000138399 0.000223503
7.39926e-10 0.000137422 0.000232533
7.40027e-10 0.00013647 0.000242076
7.40129e-10 0.000135544 0.000252089
7.4023e-10 0.000134648 0.000262525
7.40331e-10 0.000133783 0.000273336
7.40433e-10 0.00013295 0.000284474
7.40534e-10 0.000132151 0.000295889
7.40635e-10 0.000131387 0.000307533
7.40736e-10 0.000130659 0.000319353
7.40838e-10 0.00012997 0.0003313
7.40939e-10 0.000129318 0.000343322
7.4104e-10 0.000128705 0.000355369
7.41141e-10 0.000128132 0.000367389
7.41243e-10 0.000127599 0.000379334
7.41344e-10 0.000127105 0.000391153
7.41445e-10 0.000126652 0.000402798
7.41546e-10 0.000126238 0.000414221
7.41648e-10 0.000125863 0.000425376
7.41749e-10 0.000125528 0.000436217
7.4185e-10 0.00012523 0.000446702
7.41952e-10 0.000124969 0.000456787
7.42053e-10 0.000124745 0.000466434
7.42154e-10 0.000124556 0.000475603
7.42255e-10 0.0001244 0.000484258
7.42357e-10 0.000124277 0.000492366
7.42458e-10 0.000124185 0.000499895
7.42559e-10 0.000124122 0.000506815
7.4266e-10 0.000124086 0.000513099
7.42762e-10 0.000124076 0.000518724
7.42863e-10 0.000124089 0.000523668
7.42964e-10 0.000124124 0.000527912
7.43066e-10 0.000124179 0.00053144
7.43167e-10 0.00012425 0.000534239
7.43268e-10 0.000124337 0.000536298
7.43369e-10 0.000124436 0.00053761
7.43471e-10 0.000124546 0.000538171
7.43572e-10 0.000124664 0.000537978
7.43673e-10 0.000124789 0.000537033
7.43774e-10 0.000124916 0.000535339
7.43876e-10 0.000125046 0.000532904
7.43977e-10 0.000125174 0.000529737
7.44078e-10 0.000125299 0.000525851
7.44179e-10 0.000125419 0.000521261
7.44281e-10 0.000125532 0.000515984
7.44382e-10 0.000125635 0.000510041
7.44483e-10 0.000125726 0.000503454
7.44585e-10 0.000125805 0.000496247
7.44686e-10 0.000125868 0.00048845
7.44787e-10 0.000125914 0.000480089
7.44888e-10 0.000125942 0.000471198
7.4499e-10 0.00012595 0.000461809
7.45091e-10 0.000125936 0.000451957
7.45192e-10 0.0001259 0.000441679
7.45293e-10 0.00012584 0.000431012
7.45395e-10 0.000125755 0.000419996
7.45496e-10 0.000125645 0.000408672
7.45597e-10 0.000125508 0.00039708
7.45699e-10 0.000125344 0.000385263
7.458e-10 0.000125153 0.000373265
7.45901e-10 0.000124934 0.000361128
7.46002e-10 0.000124687 0.000348896
7.46104e-10 0.000124412 0.000336614
7.46205e-10 0.000124109 0.000324326
7.46306e-10 0.000123778 0.000312074
7.46407e-10 0.00012342 0.000299904
7.46509e-10 0.000123036 0.000287858
7.4661e-10 0.000122625 0.000275978
7.46711e-10 0.000122189 0.000264307
7.46813e-10 0.000121728 0.000252885
7.46914e-10 0.000121244 0.000241751
7.47015e-10 0.000120738 0.000230945
7.47116e-10 0.000120211 0.000220503
7.47218e-10 0.000119664 0.000210461
7.47319e-10 0.000119098 0.000200852
7.4742e-10 0.000118516 0.00019171
7.47521e-10 0.000117918 0.000183064
7.47623e-10 0.000117307 0.000174943
7.47724e-10 0.000116684 0.000167373
7.47825e-10 0.000116051 0.000160378
7.47926e-10 0.000115409 0.000153981
7.48028e-10 0.000114761 0.0001482
7.48129e-10 0.000114108 0.000143054
7.4823e-10 0.000113453 0.000138556
7.48332e-10 0.000112797 0.00013472
7.48433e-10 0.000112142 0.000131556
7.48534e-10 0.00011149 0.000129069
7.48635e-10 0.000110843 0.000127266
7.48737e-10 0.000110202 0.000126149
7.48838e-10 0.00010957 0.000125717
7.48939e-10 0.000108949 0.000125967
7.4904e-10 0.000108339 0.000126893
7.49142e-10 0.000107743 0.000128489
7.49243e-10 0.000107163 0.000130743
7.49344e-10 0.000106599 0.000133643
7.49446e-10 0.000106054 0.000137173
7.49547e-10 0.000105528 0.000141316
7.49648e-10 0.000105023 0.000146052
7.49749e-10 0.000104541 0.000151359
7.49851e-10 0.000104081 0.000157214
7.49952e-10 0.000103646 0.00016359
7.50053e-10 0.000103236 0.00017046
7.50154e-10 0.000102852 0.000177795
7.50256e-10 0.000102494 0.000185562
7.50357e-10 0.000102163 0.00019373
7.50458e-10 0.00010186 0.000202265
7.5056e-10 0.000101584 0.000211131
7.50661e-10 0.000101336 0.000220292
7.50762e-10 0.000101116 0.000229711
7.50863e-10 0.000100924 0.000239349
7.50965e-10 0.000100759 0.000249167
7.51066e-10 0.000100622 0.000259127
7.51167e-10 0.000100512 0.000269188
7.51268e-10 0.000100427 0.00027931
7.5137e-10 0.000100369 0.000289453
7.51471e-10 0.000100335 0.000299576
7.51572e-10 0.000100325 0.000309641
7.51673e-10 0.000100338 0.000319607
7.51775e-10 0.000100373 0.000329435
7.51876e-10 0.000100429 0.000339087
7.51977e-10 0.000100505 0.000348526
7.52079e-10 0.000100598 0.000357713
7.5218e-10 0.000100709 0.000366615
7.52281e-10 0.000100835 0.000375195
7.52382e-10 0.000100975 0.000383422
7.52484e-10 0.000101127 0.000391263
7.52585e-10 0.000101289 0.000398688
7.52686e-10 0.000101461 0.000405669
7.52787e-10 0.00010164 0.000412179
7.52889e-10 0.000101825 0.000418192
7.5299e-10 0.000102014 0.000423686
7.53091e-10 0.000102205 0.00042864
7.53193e-10 0.000102397 0.000433035
7.53294e-10 0.000102588 0.000436855
7.53395e-10 0.000102776 0.000440084
7.53496e-10 0.00010296 0.00044271
7.53598e-10 0.000103137 0.000444725
7.53699e-10 0.000103307 0.000446119
7.538e-10 0.000103468 0.000446889
7.53901e-10 0.000103619 0.000447031
7.54003e-10 0.000103757 0.000446544
7.54104e-10 0.000103883 0.000445431
7.54205e-10 0.000103993 0.000443696
7.54307e-10 0.000104088 0.000441346
7.54408e-10 0.000104166 0.000438389
7.54509e-10 0.000104227 0.000434838
7.5461e-10 0.000104268 0.000430705
7.54712e-10 0.00010429 0.000426006
7.54813e-10 0.000104292 0.00042076
7.54914e-10 0.000104272 0.000414985
7.55015e-10 0.000104231 0.000408705
7.55117e-10 0.000104169 0.000401943
7.55218e-10 0.000104084 0.000394723
7.55319e-10 0.000103977 0.000387075
7.5542e-10 0.000103847 0.000379026
7.55522e-10 0.000103695 0.000370606
7.55623e-10 0.00010352 0.000361849
7.55724e-10 0.000103324 0.000352786
7.55826e-10 0.000103106 0.000343451
7.55927e-10 0.000102867 0.000333881
7.56028e-10 0.000102607 0.00032411
7.56129e-10 0.000102328 0.000314176
7.56231e-10 0.000102029 0.000304116
7.56332e-10 0.000101711 0.000293967
7.56433e-10 0.000101377 0.000283769
7.56534e-10 0.000101026 0.000273558
7.56636e-10 0.00010066 0.000263373
7.56737e-10 0.000100279 0.000253253
7.56838e-10 9.98863e-05 0.000243235
7.5694e-10 9.94818e-05 0.000233357
7.57041e-10 9.90671e-05 0.000223656
7.57142e-10 9.86438e-05 0.000214168
7.57243e-10 9.82132e-05 0.000204928
7.57345e-10 9.77769e-05 0.000195971
7.57446e-10 9.73363e-05 0.000187331
7.57547e-10 9.68932e-05 0.00017904
7.57648e-10 9.64489e-05 0.000171128
7.5775e-10 9.60051e-05 0.000163626
7.57851e-10 9.55635e-05 0.000156561
7.57952e-10 9.51254e-05 0.00014996
7.58053e-10 9.46926e-05 0.000143846
7.58155e-10 9.42664e-05 0.000138244
7.58256e-10 9.38486e-05 0.000133173
7.58357e-10 9.34404e-05 0.000128653
7.58459e-10 9.30434e-05 0.0001247
7.5856e-10 9.26589e-05 0.000121329
7.58661e-10 9.22883e-05 0.000118553
7.58762e-10 9.19328e-05 0.000116382
7.58864e-10 9.15936e-05 0.000114823
7.58965e-10 9.12719e-05 0.000113883
7.59066e-10 9.09688e-05 0.000113565
7.59167e-10 9.06851e-05 0.00011387
7.59269e-10 9.04218e-05 0.000114797
7.5937e-10 9.01796e-05 0.000116341
7.59471e-10 8.99594e-05 0.000118498
7.59573e-10 8.97617e-05 0.000121259
7.59674e-10 8.9587e-05 0.000124613
7.59775e-10 8.94356e-05 0.000128549
7.59876e-10 8.93081e-05 0.00013305
7.59978e-10 8.92044e-05 0.0001381
7.60079e-10 8.91248e-05 0.000143681
7.6018e-10 8.90691e-05 0.000149771
7.60281e-10 8.90374e-05 0.000156347
7.60383e-10 8.90294e-05 0.000163384
7.60484e-10 8.90447e-05 0.000170857
7.60585e-10 8.90829e-05 0.000178736
7.60687e-10 8.91436e-05 0.000186993
7.60788e-10 8.9226e-05 0.000195596
7.60889e-10 8.93295e-05 0.000204514
7.6099e-10 8.94533e-05 0.000213711
7.61092e-10 8.95964e-05 0.000223155
7.61193e-10 8.97579e-05 0.00023281
7.61294e-10 8.99367e-05 0.000242638
7.61395e-10 9.01316e-05 0.000252604
7.61497e-10 9.03416e-05 0.000262669
7.61598e-10 9.05652e-05 0.000272797
7.61699e-10 9.08013e-05 0.000282948
7.618e-10 9.10483e-05 0.000293085
7.61902e-10 9.13049e-05 0.00030317
7.62003e-10 9.15696e-05 0.000313164
7.62104e-10 9.1841e-05 0.00032303
7.62206e-10 9.21174e-05 0.00033273
7.62307e-10 9.23974e-05 0.000342229
7.62408e-10 9.26794e-05 0.00035149
7.62509e-10 9.29618e-05 0.000360479
7.62611e-10 9.32431e-05 0.000369161
7.62712e-10 9.35218e-05 0.000377504
7.62813e-10 9.37963e-05 0.000385476
7.62914e-10 9.40651e-05 0.000393047
7.63016e-10 9.43268e-05 0.000400188
7.63117e-10 9.45799e-05 0.000406873
7.63218e-10 9.4823e-05 0.000413075
7.6332e-10 9.50547e-05 0.000418773
7.63421e-10 9.52739e-05 0.000423943
7.63522e-10 9.54792e-05 0.000428566
7.63623e-10 9.56696e-05 0.000432624
7.63725e-10 9.58439e-05 0.000436103
7.63826e-10 9.60011e-05 0.000438988
7.63927e-10 9.61403e-05 0.000441269
7.64028e-10 9.62607e-05 0.000442937
7.6413e-10 9.63616e-05 0.000443986
7.64231e-10 9.64422e-05 0.00044441
7.64332e-10 9.65021e-05 0.00044421
7.64434e-10 9.65407e-05 0.000443384
7.64535e-10 9.65578e-05 0.000441937
7.64636e-10 9.65531e-05 0.000439873
7.64737e-10 9.65265e-05 0.0004372
7.64839e-10 9.64778e-05 0.000433929
7.6494e-10 9.64073e-05 0.000430071
7.65041e-10 9.63151e-05 0.000425641
7.65142e-10 9.62015e-05 0.000420657
7.65244e-10 9.60668e-05 0.000415136
7.65345e-10 9.59115e-05 0.000409101
7.65446e-10 9.57363e-05 0.000402573
7.65547e-10 9.55419e-05 0.000395578
7.65649e-10 9.5329e-05 0.000388144
7.6575e-10 9.50985e-05 0.000380297
7.65851e-10 9.48513e-05 0.000372068
7.65953e-10 9.45886e-05 0.00036349
7.66054e-10 9.43114e-05 0.000354595
7.66155e-10 9.4021e-05 0.000345417
7.66256e-10 9.37187e-05 0.000335992
7.66358e-10 9.34056e-05 0.000326356
7.66459e-10 9.30834e-05 0.000316547
7.6656e-10 9.27533e-05 0.000306604
7.66661e-10 9.24169e-05 0.000296564
7.66763e-10 9.20757e-05 0.000286468
7.66864e-10 9.17312e-05 0.000276354
7.66965e-10 9.13851e-05 0.000266264
7.67067e-10 9.10389e-05 0.000256235
7.67168e-10 9.06942e-05 0.000246309
7.67269e-10 9.03527e-05 0.000236525
7.6737e-10 9.00159e-05 0.000226921
7.67472e-10 8.96854e-05 0.000217536
7.67573e-10 8.93628e-05 0.000208408
7.67674e-10 8.90496e-05 0.000199574
7.67775e-10 8.87473e-05 0.00019107
7.67877e-10 8.84573e-05 0.000182931
7.67978e-10 8.81812e-05 0.000175189
7.68079e-10 8.79203e-05 0.000167878
7.68181e-10 8.76757e-05 0.000161028
7.68282e-10 8.74489e-05 0.000154667
7.68383e-10 8.72409e-05 0.000148824
7.68484e-10 8.70528e-05 0.000143524
7.68586e-10 8.68856e-05 0.000138789
7.68687e-10 8.67403e-05 0.000134642
7.68788e-10 8.66176e-05 0.000131102
7.68889e-10 8.65182e-05 0.000128186
7.68991e-10 8.64428e-05 0.000125908
7.69092e-10 8.63918e-05 0.000124281
7.69193e-10 8.63657e-05 0.000123315
7.69294e-10 8.63648e-05 0.000123018
7.69396e-10 8.63893e-05 0.000123395
7.69497e-10 8.64392e-05 0.000124448
7.69598e-10 8.65144e-05 0.000126178
7.697e-10 8.6615e-05 0.000128581
7.69801e-10 8.67405e-05 0.000131654
7.69902e-10 8.68906e-05 0.000135389
7.70003e-10 8.70648e-05 0.000139775
7.70105e-10 8.72626e-05 0.0001448
7.70206e-10 8.74832e-05 0.000150449
7.70307e-10 8.77258e-05 0.000156705
7.70408e-10 8.79896e-05 0.000163549
7.7051e-10 8.82735e-05 0.000170957
7.70611e-10 8.85764e-05 0.000178907
7.70712e-10 8.88972e-05 0.000187373
7.70814e-10 8.92345e-05 0.000196325
7.70915e-10 8.95872e-05 0.000205733
7.71016e-10 8.99537e-05 0.000215567
7.71117e-10 9.03326e-05 0.000225792
7.71219e-10 9.07223e-05 0.000236372
7.7132e-10 9.11213e-05 0.000247272
7.71421e-10 9.15279e-05 0.000258453
7.71522e-10 9.19405e-05 0.000269876
7.71624e-10 9.23574e-05 0.000281501
7.71725e-10 9.27768e-05 0.000293286
7.71826e-10 9.3197e-05 0.00030519
7.71928e-10 9.36163e-05 0.00031717
7.72029e-10 9.4033e-05 0.000329183
7.7213e-10 9.44452e-05 0.000341187
7.72231e-10 9.48514e-05 0.000353137
7.72333e-10 9.52497e-05 0.00036499
7.72434e-10 9.56386e-05 0.000376705
7.72535e-10 9.60165e-05 0.000388236
7.72636e-10 9.63817e-05 0.000399544
7.72738e-10 9.67327e-05 0.000410586
7.72839e-10 9.70682e-05 0.000421321
7.7294e-10 9.73867e-05 0.00043171
7.73041e-10 9.76868e-05 0.000441714
7.73143e-10 9.79675e-05 0.000451297
7.73244e-10 9.82276e-05 0.000460423
7.73345e-10 9.84659e-05 0.000469057
7.73447e-10 9.86817e-05 0.000477168
7.73548e-10 9.8874e-05 0.000484724
7.73649e-10 9.90421e-05 0.000491698
7.7375e-10 9.91854e-05 0.000498062
7.73852e-10 9.93035e-05 0.000503793
7.73953e-10 9.93958e-05 0.000508869
7.74054e-10 9.94622e-05 0.000513271
7.74155e-10 9.95026e-05 0.00051698
7.74257e-10 9.95169e-05 0.000519984
7.74358e-10 9.95052e-05 0.000522269
7.74459e-10 9.94678e-05 0.000523828
7.74561e-10 9.9405e-05 0.000524654
7.74662e-10 9.93174e-05 0.000524742
7.74763e-10 9.92055e-05 0.000524093
7.74864e-10 9.907e-05 0.000522708
7.74966e-10 9.89119e-05 0.000520592
7.75067e-10 9.87321e-05 0.000517752
7.75168e-10 9.85316e-05 0.000514201
7.75269e-10 9.83117e-05 0.000509949
7.75371e-10 9.80736e-05 0.000505014
7.75472e-10 9.78187e-05 0.000499414
7.75573e-10 9.75484e-05 0.000493171
7.75674e-10 9.72644e-05 0.000486308
7.75776e-10 9.69683e-05 0.000478852
7.75877e-10 9.66617e-05 0.000470832
7.75978e-10 9.63464e-05 0.000462278
7.7608e-10 9.60243e-05 0.000453225
7.76181e-10 9.56973e-05 0.000443707
7.76282e-10 9.53672e-05 0.000433762
7.76383e-10 9.5036e-05 0.00042343
7.76485e-10 9.47056e-05 0.000412752
7.76586e-10 9.43781e-05 0.000401769
7.76687e-10 9.40554e-05 0.000390527
7.76788e-10 9.37396e-05 0.00037907
7.7689e-10 9.34325e-05 0.000367444
7.76991e-10 9.31362e-05 0.000355698
7.77092e-10 9.28525e-05 0.000343879
7.77194e-10 9.25834e-05 0.000332036
7.77295e-10 9.23306e-05 0.000320217
7.77396e-10 9.20959e-05 0.000308473
7.77497e-10 9.18811e-05 0.000296852
7.77599e-10 9.16878e-05 0.000285404
7.777e-10 9.15175e-05 0.000274178
7.77801e-10 9.13716e-05 0.000263221
7.77902e-10 9.12516e-05 0.000252582
7.78004e-10 9.11587e-05 0.000242307
7.78105e-10 9.10941e-05 0.000232442
7.78206e-10 9.10587e-05 0.000223032
7.78308e-10 9.10535e-05 0.000214119
7.78409e-10 9.10793e-05 0.000205744
7.7851e-10 9.11367e-05 0.000197949
7.78611e-10 9.12262e-05 0.00019077
7.78713e-10 9.13482e-05 0.000184243
7.78814e-10 9.1503e-05 0.000178401
7.78915e-10 9.16906e-05 0.000173276
7.79016e-10 9.19109e-05 0.000168897
7.79118e-10 9.21639e-05 0.000165289
7.79219e-10 9.2449e-05 0.000162476
7.7932e-10 9.27659e-05 0.000160479
7.79421e-10 9.31138e-05 0.000159314
7.79523e-10 9.34921e-05 0.000158997
7.79624e-10 9.38997e-05 0.000159539
7.79725e-10 9.43357e-05 0.000160949
7.79827e-10 9.47988e-05 0.000163231
7.79928e-10 9.52877e-05 0.000166388
7.80029e-10 9.58009e-05 0.000170418
7.8013e-10 9.63369e-05 0.000175317
7.80232e-10 9.6894e-05 0.000181076
7.80333e-10 9.74705e-05 0.000187685
7.80434e-10 9.80644e-05 0.00019513
7.80535e-10 9.86737e-05 0.000203392
7.80637e-10 9.92964e-05 0.000212451
7.80738e-10 9.99305e-05 0.000222282
7.80839e-10 0.000100574 0.00023286
7.80941e-10 0.000101223 0.000244153
7.81042e-10 0.000101878 0.000256129
7.81143e-10 0.000102535 0.000268753
7.81244e-10 0.000103191 0.000281986
7.81346e-10 0.000103845 0.000295787
7.81447e-10 0.000104494 0.000310113
7.81548e-10 0.000105136 0.000324918
7.81649e-10 0.000105768 0.000340156
7.81751e-10 0.000106388 0.000355776
7.81852e-10 0.000106994 0.000371727
7.81953e-10 0.000107584 0.000387956
7.82055e-10 0.000108155 0.000404409
7.82156e-10 0.000108705 0.000421031
7.82257e-10 0.000109233 0.000437765
7.82358e-10 0.000109735 0.000454554
7.8246e-10 0.000110212 0.000471339
7.82561e-10 0.00011066 0.000488064
7.82662e-10 0.000111079 0.000504669
7.82763e-10 0.000111466 0.000521096
7.82865e-10 0.00011182 0.000537288
7.82966e-10 0.000112141 0.000553185
7.83067e-10 0.000112428 0.000568733
7.83168e-10 0.000112678 0.000583875
7.8327e-10 0.000112892 0.000598556
7.83371e-10 0.000113069 0.000612724
7.83472e-10 0.000113209 0.000626326
7.83574e-10 0.000113312 0.000639312
7.83675e-10 0.000113377 0.000651635
7.83776e-10 0.000113404 0.000663249
7.83877e-10 0.000113395 0.000674111
7.83979e-10 0.000113349 0.000684179
7.8408e-10 0.000113267 0.000693417
7.84181e-10 0.00011315 0.000701789
7.84282e-10 0.000113 0.000709262
7.84384e-10 0.000112816 0.000715809
7.84485e-10 0.000112601 0.000721404
7.84586e-10 0.000112357 0.000726024
7.84688e-10 0.000112084 0.000729652
7.84789e-10 0.000111785 0.000732273
7.8489e-10 0.000111462 0.000733875
7.84991e-10 0.000111117 0.000734453
7.85093e-10 0.000110753 0.000734002
7.85194e-10 0.000110371 0.000732523
7.85295e-10 0.000109974 0.000730022
7.85396e-10 0.000109564 0.000726506
7.85498e-10 0.000109146 0.000721989
7.85599e-10 0.00010872 0.000716488
7.857e-10 0.00010829 0.000710022
7.85802e-10 0.00010786 0.000702617
7.85903e-10 0.000107431 0.000694301
7.86004e-10 0.000107008 0.000685107
7.86105e-10 0.000106592 0.00067507
7.86207e-10 0.000106187 0.000664229
7.86308e-10 0.000105796 0.000652628
7.86409e-10 0.000105421 0.000640313
7.8651e-10 0.000105067 0.000627334
7.86612e-10 0.000104735 0.000613742
7.86713e-10 0.000104428 0.000599593
7.86814e-10 0.00010415 0.000584946
7.86915e-10 0.000103902 0.000569861
7.87017e-10 0.000103687 0.000554401
7.87118e-10 0.000103508 0.00053863
7.87219e-10 0.000103367 0.000522615
7.87321e-10 0.000103266 0.000506426
7.87422e-10 0.000103207 0.00049013
7.87523e-10 0.000103192 0.0004738
7.87624e-10 0.000103223 0.000457506
7.87726e-10 0.0001033 0.000441322
7.87827e-10 0.000103425 0.000425319
7.87928e-10 0.0001036 0.000409571
7.88029e-10 0.000103824 0.000394149
7.88131e-10 0.0001041 0.000379125
7.88232e-10 0.000104426 0.000364572
7.88333e-10 0.000104804 0.000350558
7.88435e-10 0.000105233 0.000337153
7.88536e-10 0.000105714 0.000324423
7.88637e-10 0.000106244 0.000312435
7.88738e-10 0.000106825 0.000301251
7.8884e-10 0.000107454 0.000290932
7.88941e-10 0.000108131 0.000281536
7.89042e-10 0.000108854 0.00027312
7.89143e-10 0.000109622 0.000265734
7.89245e-10 0.000110433 0.000259427
7.89346e-10 0.000111284 0.000254246
7.89447e-10 0.000112174 0.000250231
7.89548e-10 0.000113099 0.000247421
7.8965e-10 0.000114058 0.000245848
7.89751e-10 0.000115047 0.000245542
7.89852e-10 0.000116063 0.000246528
7.89954e-10 0.000117104 0.000248825
7.90055e-10 0.000118166 0.00025245
7.90156e-10 0.000119245 0.000257412
7.90257e-10 0.000120338 0.000263717
7.90359e-10 0.000121441 0.000271367
7.9046e-10 0.000122551 0.000280356
7.90561e-10 0.000123664 0.000290676
7.90662e-10 0.000124775 0.000302311
7.90764e-10 0.000125881 0.000315243
7.90865e-10 0.000126978 0.000329448
7.90966e-10 0.000128062 0.000344894
7.91068e-10 0.000129129 0.000361549
7.91169e-10 0.000130176 0.000379372
7.9127e-10 0.000131198 0.000398319
7.91371e-10 0.000132191 0.000418342
7.91473e-10 0.000133153 0.000439388
7.91574e-10 0.000134078 0.000461398
7.91675e-10 0.000134965 0.000484312
7.91776e-10 0.000135809 0.000508062
7.91878e-10 0.000136608 0.000532581
7.91979e-10 0.000137359 0.000557794
7.9208e-10 0.000138058 0.000583625
7.92182e-10 0.000138703 0.000609994
7.92283e-10 0.000139292 0.00063682
7.92384e-10 0.000139823 0.000664018
7.92485e-10 0.000140294 0.0006915
7.92587e-10 0.000140703 0.000719179
7.92688e-10 0.000141049 0.000746962
7.92789e-10 0.000141331 0.000774759
7.9289e-10 0.000141547 0.000802476
7.92992e-10 0.000141699 0.000830022
7.93093e-10 0.000141784 0.000857301
7.93194e-10 0.000141805 0.000884221
7.93295e-10 0.00014176 0.00091069
7.93397e-10 0.000141651 0.000936614
7.93498e-10 0.000141479 0.000961903
7.93599e-10 0.000141245 0.000986467
7.93701e-10 0.00014095 0.00101022
7.93802e-10 0.000140598 0.00103308
7.93903e-10 0.00014019 0.00105495
7.94004e-10 0.000139729 0.00107577
7.94106e-10 0.000139217 0.00109545
7.94207e-10 0.000138658 0.00111393
7.94308e-10 0.000138055 0.00113113
7.94409e-10 0.000137413 0.00114699
7.94511e-10 0.000136734 0.00116144
7.94612e-10 0.000136023 0.00117444
7.94713e-10 0.000135285 0.00118594
7.94815e-10 0.000134524 0.00119588
7.94916e-10 0.000133745 0.00120424
7.95017e-10 0.000132952 0.00121097
7.95118e-10 0.000132152 0.00121605
7.9522e-10 0.000131348 0.00121946
7.95321e-10 0.000130547 0.00122119
7.95422e-10 0.000129753 0.00122121
7.95523e-10 0.000128973 0.00121955
7.95625e-10 0.000128211 0.00121619
7.95726e-10 0.000127473 0.00121115
7.95827e-10 0.000126765 0.00120445
7.95929e-10 0.000126091 0.00119611
7.9603e-10 0.000125458 0.00118617
7.96131e-10 0.000124869 0.00117465
7.96232e-10 0.000124332 0.00116162
7.96334e-10 0.000123849 0.00114712
7.96435e-10 0.000123427 0.0011312
7.96536e-10 0.00012307 0.00111394
7.96637e-10 0.000122781 0.0010954
7.96739e-10 0.000122566 0.00107566
7.9684e-10 0.000122428 0.0010548
7.96941e-10 0.000122371 0.00103291
7.97042e-10 0.000122397 0.00101008
7.97144e-10 0.00012251 0.000986407
7.97245e-10 0.000122713 0.000961997
7.97346e-10 0.000123007 0.000936956
7.97448e-10 0.000123395 0.000911394
7.97549e-10 0.000123878 0.000885425
7.9765e-10 0.000124457 0.000859166
7.97751e-10 0.000125132 0.000832737
7.97853e-10 0.000125904 0.000806262
7.97954e-10 0.000126773 0.000779863
7.98055e-10 0.000127737 0.000753668
7.98156e-10 0.000128797 0.000727803
7.98258e-10 0.000129949 0.000702395
7.98359e-10 0.000131193 0.000677573
7.9846e-10 0.000132526 0.000653463
7.98562e-10 0.000133945 0.000630191
7.98663e-10 0.000135446 0.000607882
7.98764e-10 0.000137026 0.00058666
7.98865e-10 0.000138681 0.000566644
7.98967e-10 0.000140406 0.000547953
7.99068e-10 0.000142196 0.000530701
7.99169e-10 0.000144046 0.000514999
7.9927e-10 0.00014595 0.000500952
7.99372e-10 0.000147903 0.000488663
7.99473e-10 0.000149897 0.000478228
7.99574e-10 0.000151927 0.000469738
7.99676e-10 0.000153985 0.000463277
7.99777e-10 0.000156064 0.000458924
7.99878e-10 0.000158157 0.00045675
7.99979e-10 0.000160257 0.000456819
8.00081e-10 0.000162355 0.000459189
8.00182e-10 0.000164445 0.000463908
8.00283e-10 0.000166518 0.000471017
8.00384e-10 0.000168566 0.000480548
8.00486e-10 0.000170582 0.000492526
8.00587e-10 0.000172557 0.000506965
8.00688e-10 0.000174484 0.000523871
8.00789e-10 0.000176356 0.000543242
8.00891e-10 0.000178163 0.000565064
8.00992e-10 0.0001799 0.000589317
8.01093e-10 0.000181558 0.000615968
8.01195e-10 0.000183132 0.000644978
8.01296e-10 0.000184614 0.000676297
8.01397e-10 0.000185997 0.000709866
8.01498e-10 0.000187276 0.000745616
8.016e-10 0.000188446 0.00078347
8.01701e-10 0.0001895 0.000823342
8.01802e-10 0.000190435 0.000865137
8.01903e-10 0.000191245 0.000908752
8.02005e-10 0.000191928 0.000954076
8.02106e-10 0.000192479 0.00100099
8.02207e-10 0.000192896 0.00104936
8.02309e-10 0.000193177 0.00109907
8.0241e-10 0.000193321 0.00114996
8.02511e-10 0.000193325 0.0012019
8.02612e-10 0.000193191 0.00125472
8.02714e-10 0.000192918 0.00130827
8.02815e-10 0.000192507 0.0013624
8.02916e-10 0.00019196 0.00141692
8.03017e-10 0.00019128 0.00147168
8.03119e-10 0.000190468 0.0015265
8.0322e-10 0.000189529 0.0015812
8.03321e-10 0.000188467 0.00163561
8.03422e-10 0.000187287 0.00168955
8.03524e-10 0.000185995 0.00174283
8.03625e-10 0.000184595 0.00179529
8.03726e-10 0.000183096 0.00184674
8.03828e-10 0.000181505 0.00189701
8.03929e-10 0.000179829 0.00194592
8.0403e-10 0.000178077 0.00199331
8.04131e-10 0.000176259 0.002039
8.04233e-10 0.000174382 0.00208285
8.04334e-10 0.000172458 0.00212468
8.04435e-10 0.000170496 0.00216435
8.04536e-10 0.000168507 0.00220171
8.04638e-10 0.000166503 0.00223663
8.04739e-10 0.000164494 0.00226898
8.0484e-10 0.000162492 0.00229864
8.04942e-10 0.000160509 0.00232549
8.05043e-10 0.000158556 0.00234943
8.05144e-10 0.000156645 0.00237037
8.05245e-10 0.000154789 0.00238824
8.05347e-10 0.000152999 0.00240295
8.05448e-10 0.000151287 0.00241445
8.05549e-10 0.000149664 0.0024227
8.0565e-10 0.000148144 0.00242765
8.05752e-10 0.000146735 0.0024293
8.05853e-10 0.000145451 0.00242762
8.05954e-10 0.000144301 0.00242262
8.06056e-10 0.000143296 0.00241433
8.06157e-10 0.000142445 0.00240277
8.06258e-10 0.000141758 0.00238799
8.06359e-10 0.000141243 0.00237004
8.06461e-10 0.000140909 0.00234901
8.06562e-10 0.000140763 0.00232497
8.06663e-10 0.000140812 0.00229803
8.06764e-10 0.000141062 0.00226829
8.06866e-10 0.000141517 0.00223589
8.06967e-10 0.000142183 0.00220096
8.07068e-10 0.000143064 0.00216366
8.07169e-10 0.00014416 0.00212415
8.07271e-10 0.000145475 0.0020826
8.07372e-10 0.000147009 0.0020392
8.07473e-10 0.000148762 0.00199415
8.07575e-10 0.000150732 0.00194766
8.07676e-10 0.000152917 0.00189993
8.07777e-10 0.000155315 0.00185121
8.07878e-10 0.00015792 0.00180172
8.0798e-10 0.000160728 0.0017517
8.08081e-10 0.000163731 0.00170141
8.08182e-10 0.000166924 0.00165108
8.08283e-10 0.000170297 0.001601
8.08385e-10 0.000173841 0.0015514
8.08486e-10 0.000177547 0.00150257
8.08587e-10 0.000181402 0.00145476
8.08689e-10 0.000185395 0.00140826
8.0879e-10 0.000189512 0.00136331
8.08891e-10 0.000193741 0.0013202
8.08992e-10 0.000198067 0.00127918
8.09094e-10 0.000202473 0.00124052
8.09195e-10 0.000206946 0.00120448
8.09296e-10 0.000211467 0.0011713
8.09397e-10 0.000216021 0.00114124
8.09499e-10 0.000220588 0.00111454
8.096e-10 0.000225153 0.00109142
8.09701e-10 0.000229696 0.0010721
8.09803e-10 0.000234198 0.00105681
8.09904e-10 0.000238642 0.00104573
8.10005e-10 0.000243008 0.00103905
8.10106e-10 0.000247278 0.00103696
8.10208e-10 0.000251433 0.0010396
8.10309e-10 0.000255453 0.00104713
8.1041e-10 0.000259322 0.00105967
8.10511e-10 0.00026302 0.00107733
8.10613e-10 0.000266531 0.00110022
8.10714e-10 0.000269836 0.0011284
8.10815e-10 0.00027292 0.00116195
8.10916e-10 0.000275767 0.00120089
8.11018e-10 0.000278361 0.00124525
8.11119e-10 0.000280688 0.00129503
8.1122e-10 0.000282735 0.00135022
8.11322e-10 0.00028449 0.00141076
8.11423e-10 0.00028594 0.00147661
8.11524e-10 0.000287077 0.00154767
8.11625e-10 0.000287891 0.00162386
8.11727e-10 0.000288374 0.00170503
8.11828e-10 0.00028852 0.00179106
8.11929e-10 0.000288324 0.00188178
8.1203e-10 0.000287783 0.001977
8.12132e-10 0.000286895 0.00207652
8.12233e-10 0.000285658 0.00218012
8.12334e-10 0.000284075 0.00228756
8.12436e-10 0.000282147 0.00239856
8.12537e-10 0.000279879 0.00251287
8.12638e-10 0.000277278 0.00263018
8.12739e-10 0.000274349 0.00275019
8.12841e-10 0.000271104 0.00287256
8.12942e-10 0.000267551 0.00299697
8.13043e-10 0.000263704 0.00312305
8.13144e-10 0.000259576 0.00325045
8.13246e-10 0.000255183 0.0033788
8.13347e-10 0.000250542 0.0035077
8.13448e-10 0.000245671 0.00363678
8.1355e-10 0.00024059 0.00376563
8.13651e-10 0.000235321 0.00389385
8.13752e-10 0.000229885 0.00402104
8.13853e-10 0.000224306 0.00414679
8.13955e-10 0.00021861 0.00427069
8.14056e-10 0.000212822 0.00439234
8.14157e-10 0.000206969 0.00451133
8.14258e-10 0.000201079 0.00462726
8.1436e-10 0.000195179 0.00473975
8.14461e-10 0.0001893 0.0048484
8.14562e-10 0.00018347 0.00495285
8.14663e-10 0.00017772 0.00505272
8.14765e-10 0.00017208 0.00514766
8.14866e-10 0.000166581 0.00523734
8.14967e-10 0.000161252 0.00532144
8.15069e-10 0.000156125 0.00539965
8.1517e-10 0.000151229 0.00547168
8.15271e-10 0.000146594 0.00553728
8.15372e-10 0.000142249 0.0055962
8.15474e-10 0.000138224 0.00564823
8.15575e-10 0.000134545 0.00569316
8.15676e-10 0.00013124 0.00573082
8.15777e-10 0.000128334 0.00576109
8.15879e-10 0.000125852 0.00578384
8.1598e-10 0.000123817 0.00579899
8.16081e-10 0.000122251 0.00580648
8.16183e-10 0.000121174 0.0058063
8.16284e-10 0.000120605 0.00579845
8.16385e-10 0.00012056 0.00578297
8.16486e-10 0.000121055 0.00575993
8.16588e-10 0.000122101 0.00572944
8.16689e-10 0.000123711 0.00569164
8.1679e-10 0.000125891 0.0056467
8.16891e-10 0.000128649 0.00559482
8.16993e-10 0.000131989 0.00553625
8.17094e-10 0.000135911 0.00547124
8.17195e-10 0.000140414 0.00540012
8.17296e-10 0.000145496 0.00532321
8.17398e-10 0.00015115 0.00524088
8.17499e-10 0.000157367 0.00515352
8.176e-10 0.000164137 0.00506156
8.17702e-10 0.000171446 0.00496546
8.17803e-10 0.000179276 0.0048657
8.17904e-10 0.00018761 0.00476278
8.18005e-10 0.000196426 0.00465723
8.18107e-10 0.000205701 0.00454961
8.18208e-10 0.000215407 0.0044405
8.18309e-10 0.000225518 0.00433048
8.1841e-10 0.000236 0.00422017
8.18512e-10 0.000246823 0.0041102
8.18613e-10 0.000257951 0.0040012
8.18714e-10 0.000269347 0.00389383
8.18816e-10 0.000280971 0.00378873
8.18917e-10 0.000292785 0.00368659
8.19018e-10 0.000304745 0.00358805
8.19119e-10 0.000316808 0.00349381
8.19221e-10 0.000328929 0.00340451
8.19322e-10 0.000341064 0.00332082
8.19423e-10 0.000353164 0.00324341
8.19524e-10 0.000365183 0.00317291
8.19626e-10 0.000377074 0.00310997
8.19727e-10 0.000388786 0.00305519
8.19828e-10 0.000400273 0.00300919
8.1993e-10 0.000411485 0.00297254
8.20031e-10 0.000422376 0.0029458
8.20132e-10 0.000432896 0.00292951
8.20233e-10 0.000443 0.00292416
8.20335e-10 0.000452641 0.00293024
8.20436e-10 0.000461774 0.00294818
8.20537e-10 0.000470355 0.00297838
8.20638e-10 0.000478343 0.00302122
8.2074e-10 0.000485697 0.00307702
8.20841e-10 0.000492379 0.00314606
8.20942e-10 0.000498352 0.00322858
8.21043e-10 0.000503581 0.00332479
8.21145e-10 0.000508036 0.00343481
8.21246e-10 0.000511687 0.00355877
8.21347e-10 0.000514508 0.00369669
8.21449e-10 0.000516475 0.00384858
8.2155e-10 0.00051757 0.00401438
8.21651e-10 0.000517773 0.00419398
8.21752e-10 0.000517073 0.00438722
8.21854e-10 0.000515458 0.00459388
8.21955e-10 0.000512923 0.00481368
8.22056e-10 0.000509465 0.00504631
8.22157e-10 0.000505084 0.00529137
8.22259e-10 0.000499785 0.00554844
8.2236e-10 0.000493577 0.00581704
8.22461e-10 0.000486472 0.0060966
8.22563e-10 0.000478486 0.00638656
8.22664e-10 0.00046964 0.00668627
8.22765e-10 0.000459957 0.00699504
8.22866e-10 0.000449466 0.00731214
8.22968e-10 0.000438198 0.00763678
8.23069e-10 0.000426189 0.00796816
8.2317e-10 0.000413478 0.00830541
8.23271e-10 0.000400108 0.00864764
8.23373e-10 0.000386124 0.00899391
8.23474e-10 0.000371577 0.00934327
8.23575e-10 0.00035652 0.00969473
8.23677e-10 0.000341008 0.0100473
8.23778e-10 0.000325101 0.0103999
8.23879e-10 0.00030886 0.0107515
8.2398e-10 0.000292349 0.0111011
8.24082e-10 0.000275635 0.0114475
8.24183e-10 0.000258788 0.0117898
8.24284e-10 0.000241878 0.0121268
8.24385e-10 0.000224979 0.0124575
8.24487e-10 0.000208164 0.0127808
8.24588e-10 0.00019151 0.0130956
8.24689e-10 0.000175093 0.013401
8.2479e-10 0.000158992 0.0136959
8.24892e-10 0.000143285 0.0139794
8.24993e-10 0.000128051 0.0142505
8.25094e-10 0.000113369 0.0145082
8.25196e-10 9.93195e-05 0.0147518
8.25297e-10 8.59801e-05 0.0149804
8.25398e-10 7.34297e-05 0.0151933
8.25499e-10 6.17459e-05 0.0153896
8.25601e-10 5.10053e-05 0.0155688
8.25702e-10 4.12834e-05 0.0157302
8.25803e-10 3.26542e-05 0.0158733
8.25904e-10 2.519e-05 0.0159976
8.26006e-10 1.89612e-05 0.0161028
8.26107e-10 1.40362e-05 0.0161885
8.26208e-10 1.04812e-05 0.0162545
8.2631e-10 8.35965e-06 0.0163005
8.26411e-10 7.73256e-06 0.0163267
8.26512e-10 8.65802e-06 0.0163328
8.26613e-10 1.11911e-05 0.0163191
8.26715e-10 1.53838e-05 0.0162858
8.26816e-10 2.12846e-05 0.016233
8.26917e-10 2.89388e-05 0.0161612
8.27018e-10 3.83879e-05 0.0160708
8.2712e-10 4.96698e-05 0.0159623
8.27221e-10 6.28183e-05 0.0158365
8.27322e-10 7.78637e-05 0.015694
8.27424e-10 9.4832e-05 0.0155356
8.27525e-10 0.000113745 0.0153623
8.27626e-10 0.00013462 0.0151749
8.27727e-10 0.000157472 0.0149747
8.27829e-10 0.000182308 0.0147628
8.2793e-10 0.000209133 0.0145403
8.28031e-10 0.000237948 0.0143086
8.28132e-10 0.000268748 0.014069
8.28234e-10 0.000301523 0.013823
8.28335e-10 0.000336261 0.0135722
8.28436e-10 0.000372942 0.0133179
8.28537e-10 0.000411543 0.0130619
8.28639e-10 0.000452037 0.0128058
8.2874e-10 0.000494389 0.0125513
8.28841e-10 0.000538562 0.0123001
8.28943e-10 0.000584514 0.012054
8.29044e-10 0.000632196 0.0118147
8.29145e-10 0.000681555 0.011584
8.29246e-10 0.000732534 0.0113638
8.29348e-10 0.000785069 0.0111557
8.29449e-10 0.000839092 0.0109616
8.2955e-10 0.000894528 0.0107833
8.29651e-10 0.0009513 0.0106224
8.29753e-10 0.00100932 0.0104807
8.29854e-10 0.0010685 0.0103599
8.29955e-10 0.00112875 0.0102615
8.30057e-10 0.00118997 0.0101872
8.30158e-10 0.00125204 0.0101385
8.30259e-10 0.00131486 0.0101167
8.3036e-10 0.0013783 0.0101232
8.30462e-10 0.00144226 0.0101594
8.30563e-10 0.00150659 0.0102264
8.30664e-10 0.00157116 0.0103252
8.30765e-10 0.00163584 0.0104569
8.30867e-10 0.00170048 0.0106223
8.30968e-10 0.00176492 0.0108222
8.31069e-10 0.00182902 0.0110571
8.31171e-10 0.0018926 0.0113277
8.31272e-10 0.00195551 0.0116343
8.31373e-10 0.00201758 0.011977
8.31474e-10 0.00207862 0.0123561
8.31576e-10 0.00213846 0.0127715
8.31677e-10 0.00219691 0.0132229
8.31778e-10 0.00225379 0.0137101
8.31879e-10 0.00230891 0.0142325
8.31981e-10 0.00236206 0.0147896
8.32082e-10 0.00241307 0.0153806
8.32183e-10 0.00246172 0.0160045
8.32284e-10 0.00250783 0.0166603
8.32386e-10 0.00255118 0.0173468
8.32487e-10 0.0025916 0.0180626
8.32588e-10 0.00262887 0.0188063
8.3269e-10 0.00266281 0.0195762
8.32791e-10 0.00269322 0.0203706
8.32892e-10 0.00271992 0.0211876
8.32993e-10 0.00274274 0.0220253
8.33095e-10 0.00276148 0.0228815
8.33196e-10 0.002776 0.023754
8.33297e-10 0.00278614 0.0246406
8.33398e-10 0.00279175 0.0255389
8.335e-10 0.0027927 0.0264464
8.33601e-10 0.00278887 0.0273606
8.33702e-10 0.00278017 0.0282789
8.33804e-10 0.0027665 0.0291988
8.33905e-10 0.00274781 0.0301174
8.34006e-10 0.00272405 0.0310322
8.34107e-10 0.0026952 0.0319405
8.34209e-10 0.00266126 0.0328395
8.3431e-10 0.00262227 0.0337265
8.34411e-10 0.00257828 0.0345989
8.34512e-10 0.00252939 0.0354541
8.34614e-10 0.00247571 0.0362894
8.34715e-10 0.00241741 0.0371024
8.34816e-10 0.00235466 0.0378906
8.34917e-10 0.0022877 0.0386515
8.35019e-10 0.0022168 0.039383
8.3512e-10 0.00214226 0.0400828
8.35221e-10 0.00206444 0.0407489
8.35323e-10 0.00198372 0.0413794
8.35424e-10 0.00190053 0.0419725
8.35525e-10 0.00181536 0.0425265
8.35626e-10 0.00172874 0.04304
8.35728e-10 0.00164123 0.0435116
8.35829e-10 0.00155346 0.0439403
8.3593e-10 0.00146608 0.0443251
8.36031e-10 0.0013798 0.0446651
8.36133e-10 0.00129539 0.0449599
8.36234e-10 0.00121364 0.045209
8.36335e-10 0.00113539 0.0454123
8.36437e-10 0.00106154 0.0455698
8.36538e-10 0.000992998 0.0456818
8.36639e-10 0.000930738 0.0457487
8.3674e-10 0.000875758 0.0457711
8.36842e-10 0.00082909 0.04575
8.36943e-10 0.000791796 0.0456864
8.37044e-10 0.000764964 0.0455816
8.37145e-10 0.000749702 0.045437
8.37247e-10 0.000747139 0.0452543
8.37348e-10 0.000758414 0.0450353
8.37449e-10 0.000784673 0.044782
8.37551e-10 0.000827066 0.0444967
8.37652e-10 0.000886737 0.0441817
8.37753e-10 0.000964822 0.0438394
8.37854e-10 0.00106244 0.0434725
8.37956e-10 0.00118068 0.0430837
8.38057e-10 0.00132061 0.0426758
8.38158e-10 0.00148326 0.0422519
8.38259e-10 0.00166961 0.041815
8.38361e-10 0.00188058 0.0413681
8.38462e-10 0.00211704 0.0409144
8.38563e-10 0.0023798 0.040457
8.38664e-10 0.00266957 0.0399993
8.38766e-10 0.00298699 0.0395442
8.38867e-10 0.0033326 0.0390952
8.38968e-10 0.00370686 0.0386552
8.3907e-10 0.0041101 0.0382274
8.39171e-10 0.00454254 0.0378148
8.39272e-10 0.0050043 0.0374204
8.39373e-10 0.00549534 0.037047
8.39475e-10 0.0060155 0.0366973
8.39576e-10 0.0065645 0.0363739
8.39677e-10 0.0071419 0.0360792
8.39778e-10 0.00774709 0.0358156
8.3988e-10 0.00837935 0.0355851
