6.9e-10 0.00834114 0.036292
6.90101e-10 0.00807351 0.036677
6.90203e-10 0.00780619 0.0370322
6.90304e-10 0.00753959 0.0373562
6.90405e-10 0.00727411 0.0376472
6.90506e-10 0.00701014 0.0379041
6.90608e-10 0.00674808 0.0381254
6.90709e-10 0.00648829 0.0383103
6.9081e-10 0.00623115 0.0384577
6.90911e-10 0.00597702 0.0385668
6.91013e-10 0.00572625 0.0386369
6.91114e-10 0.00547919 0.0386677
6.91215e-10 0.00523617 0.0386587
6.91317e-10 0.00499751 0.0386097
6.91418e-10 0.00476353 0.0385206
6.91519e-10 0.00453453 0.0383915
6.9162e-10 0.0043108 0.0382227
6.91722e-10 0.00409261 0.0380144
6.91823e-10 0.00388023 0.0377671
6.91924e-10 0.00367391 0.0374815
6.92025e-10 0.00347389 0.0371582
6.92127e-10 0.00328039 0.0367981
6.92228e-10 0.00309362 0.0364022
6.92329e-10 0.00291377 0.0359714
6.9243e-10 0.00274102 0.035507
6.92532e-10 0.00257553 0.0350103
6.92633e-10 0.00241744 0.0344824
6.92734e-10 0.00226688 0.033925
6.92836e-10 0.00212397 0.0333394
6.92937e-10 0.00198878 0.0327273
6.93038e-10 0.0018614 0.0320903
6.93139e-10 0.00174187 0.0314301
6.93241e-10 0.00163025 0.0307483
6.93342e-10 0.00152654 0.0300469
6.93443e-10 0.00143074 0.0293276
6.93544e-10 0.00134285 0.0285923
6.93646e-10 0.00126282 0.0278428
6.93747e-10 0.0011906 0.027081
6.93848e-10 0.00112612 0.0263089
6.9395e-10 0.00106928 0.0255282
6.94051e-10 0.00101999 0.024741
6.94152e-10 0.000978119 0.023949
6.94253e-10 0.000943526 0.0231542
6.94355e-10 0.000916058 0.0223584
6.94456e-10 0.000895543 0.0215635
6.94557e-10 0.000881797 0.0207711
6.94658e-10 0.00087462 0.0199831
6.9476e-10 0.0008738 0.0192011
6.94861e-10 0.000879111 0.0184268
6.94962e-10 0.000890317 0.0176618
6.95064e-10 0.000907171 0.0169077
6.95165e-10 0.000929414 0.016166
6.95266e-10 0.000956779 0.015438
6.95367e-10 0.000988992 0.0147252
6.95469e-10 0.00102577 0.0140288
6.9557e-10 0.00106682 0.01335
6.95671e-10 0.00111186 0.01269
6.95772e-10 0.00116057 0.0120499
6.95874e-10 0.00121267 0.0114306
6.95975e-10 0.00126784 0.0108331
6.96076e-10 0.00132578 0.0102581
6.96177e-10 0.00138618 0.00970654
6.96279e-10 0.00144874 0.00917893
6.9638e-10 0.00151315 0.0086759
6.96481e-10 0.0015791 0.00819796
6.96583e-10 0.0016463 0.00774551
6.96684e-10 0.00171445 0.00731891
6.96785e-10 0.00178326 0.0069184
6.96886e-10 0.00185245 0.00654415
6.96988e-10 0.00192172 0.00619628
6.97089e-10 0.00199083 0.00587479
6.9719e-10 0.00205949 0.00557963
6.97291e-10 0.00212746 0.00531068
6.97393e-10 0.00219448 0.00506772
6.97494e-10 0.00226033 0.00485049
6.97595e-10 0.00232477 0.00465866
6.97697e-10 0.00238759 0.00449181
6.97798e-10 0.00244859 0.00434948
6.97899e-10 0.00250758 0.00423115
6.98e-10 0.00256437 0.00413624
6.98102e-10 0.0026188 0.0040641
6.98203e-10 0.00267071 0.00401407
6.98304e-10 0.00271997 0.00398541
6.98405e-10 0.00276643 0.00397734
6.98507e-10 0.00280999 0.00398905
6.98608e-10 0.00285054 0.00401968
6.98709e-10 0.002888 0.00406835
6.9881e-10 0.00292228 0.00413415
6.98912e-10 0.00295332 0.00421613
6.99013e-10 0.00298108 0.00431333
6.99114e-10 0.0030055 0.00442475
6.99216e-10 0.00302658 0.00454941
6.99317e-10 0.00304429 0.00468628
6.99418e-10 0.00305863 0.00483433
6.99519e-10 0.00306962 0.00499255
6.99621e-10 0.00307727 0.00515988
6.99722e-10 0.00308163 0.0053353
6.99823e-10 0.00308272 0.00551778
6.99924e-10 0.00308062 0.00570629
7.00026e-10 0.00307537 0.00589981
7.00127e-10 0.00306706 0.00609734
7.00228e-10 0.00305576 0.00629788
7.0033e-10 0.00304156 0.00650047
7.00431e-10 0.00302456 0.00670415
7.00532e-10 0.00300487 0.00690798
7.00633e-10 0.00298259 0.00711107
7.00735e-10 0.00295785 0.00731252
7.00836e-10 0.00293076 0.00751148
7.00937e-10 0.00290145 0.00770714
7.01038e-10 0.00287006 0.00789869
7.0114e-10 0.00283671 0.00808538
7.01241e-10 0.00280155 0.00826649
7.01342e-10 0.00276471 0.00844132
7.01444e-10 0.00272634 0.00860924
7.01545e-10 0.00268659 0.00876963
7.01646e-10 0.00264559 0.00892191
7.01747e-10 0.0026035 0.00906556
7.01849e-10 0.00256045 0.00920009
7.0195e-10 0.0025166 0.00932503
7.02051e-10 0.00247207 0.00944
7.02152e-10 0.00242703 0.00954461
7.02254e-10 0.0023816 0.00963855
7.02355e-10 0.00233592 0.00972153
7.02456e-10 0.00229013 0.00979332
7.02557e-10 0.00224435 0.0098537
7.02659e-10 0.00219872 0.00990254
7.0276e-10 0.00215335 0.0099397
7.02861e-10 0.00210836 0.0099651
7.02963e-10 0.00206388 0.00997872
7.03064e-10 0.00202 0.00998055
7.03165e-10 0.00197682 0.00997063
7.03266e-10 0.00193446 0.00994904
7.03368e-10 0.00189299 0.00991587
7.03469e-10 0.00185251 0.00987129
7.0357e-10 0.0018131 0.00981546
7.03671e-10 0.00177483 0.00974859
7.03773e-10 0.00173777 0.00967093
7.03874e-10 0.00170199 0.00958274
7.03975e-10 0.00166753 0.00948432
7.04077e-10 0.00163446 0.00937599
7.04178e-10 0.0016028 0.0092581
7.04279e-10 0.00157261 0.00913103
7.0438e-10 0.00154391 0.00899515
7.04482e-10 0.00151672 0.00885089
7.04583e-10 0.00149108 0.00869868
7.04684e-10 0.00146698 0.00853895
7.04785e-10 0.00144443 0.00837217
7.04887e-10 0.00142345 0.00819882
7.04988e-10 0.00140402 0.00801937
7.05089e-10 0.00138614 0.00783433
7.05191e-10 0.00136978 0.00764419
7.05292e-10 0.00135494 0.00744947
7.05393e-10 0.00134159 0.00725067
7.05494e-10 0.00132969 0.00704832
7.05596e-10 0.00131923 0.00684293
7.05697e-10 0.00131015 0.00663503
7.05798e-10 0.00130242 0.00642512
7.05899e-10 0.00129599 0.00621372
7.06001e-10 0.00129082 0.00600134
7.06102e-10 0.00128686 0.00578849
7.06203e-10 0.00128405 0.00557565
7.06304e-10 0.00128233 0.00536332
7.06406e-10 0.00128166 0.00515196
7.06507e-10 0.00128196 0.00494206
7.06608e-10 0.00128318 0.00473406
7.0671e-10 0.00128526 0.0045284
7.06811e-10 0.00128812 0.0043255
7.06912e-10 0.00129171 0.00412579
7.07013e-10 0.00129595 0.00392965
7.07115e-10 0.00130079 0.00373747
7.07216e-10 0.00130615 0.00354959
7.07317e-10 0.00131198 0.00336637
7.07418e-10 0.0013182 0.00318813
7.0752e-10 0.00132474 0.00301518
7.07621e-10 0.00133155 0.00284778
7.07722e-10 0.00133856 0.00268622
7.07824e-10 0.00134571 0.00253072
7.07925e-10 0.00135293 0.00238152
7.08026e-10 0.00136018 0.00223881
7.08127e-10 0.00136738 0.00210277
7.08229e-10 0.00137449 0.00197356
7.0833e-10 0.00138145 0.00185131
7.08431e-10 0.00138821 0.00173614
7.08532e-10 0.00139471 0.00162813
7.08634e-10 0.00140093 0.00152737
7.08735e-10 0.0014068 0.00143389
7.08836e-10 0.00141229 0.00134774
7.08938e-10 0.00141735 0.00126891
7.09039e-10 0.00142196 0.0011974
7.0914e-10 0.00142608 0.00113318
7.09241e-10 0.00142968 0.00107619
7.09343e-10 0.00143272 0.00102637
7.09444e-10 0.0014352 0.000983632
7.09545e-10 0.00143707 0.000947868
7.09646e-10 0.00143834 0.000918957
7.09748e-10 0.00143897 0.000896762
7.09849e-10 0.00143895 0.00088113
7.0995e-10 0.00143829 0.000871892
7.10051e-10 0.00143695 0.000868867
7.10153e-10 0.00143496 0.000871858
7.10254e-10 0.00143229 0.000880658
7.10355e-10 0.00142895 0.000895047
7.10457e-10 0.00142495 0.000914794
7.10558e-10 0.00142029 0.00093966
7.10659e-10 0.00141498 0.000969394
7.1076e-10 0.00140902 0.00100374
7.10862e-10 0.00140244 0.00104243
7.10963e-10 0.00139524 0.00108519
7.11064e-10 0.00138744 0.00113175
7.11165e-10 0.00137906 0.00118183
7.11267e-10 0.00137012 0.00123513
7.11368e-10 0.00136065 0.00129137
7.11469e-10 0.00135066 0.00135027
7.11571e-10 0.00134018 0.00141151
7.11672e-10 0.00132923 0.00147483
7.11773e-10 0.00131785 0.00153991
7.11874e-10 0.00130606 0.00160648
7.11976e-10 0.00129389 0.00167424
7.12077e-10 0.00128137 0.0017429
7.12178e-10 0.00126853 0.00181219
7.12279e-10 0.00125541 0.00188183
7.12381e-10 0.00124202 0.00195153
7.12482e-10 0.00122841 0.00202104
7.12583e-10 0.00121461 0.00209009
7.12684e-10 0.00120064 0.00215843
7.12786e-10 0.00118655 0.00222581
7.12887e-10 0.00117235 0.00229199
7.12988e-10 0.00115809 0.00235674
7.1309e-10 0.00114379 0.00241984
7.13191e-10 0.00112949 0.00248108
7.13292e-10 0.00111521 0.00254025
7.13393e-10 0.00110098 0.00259716
7.13495e-10 0.00108683 0.00265163
7.13596e-10 0.00107278 0.00270349
7.13697e-10 0.00105888 0.00275258
7.13798e-10 0.00104513 0.00279875
7.139e-10 0.00103156 0.00284186
7.14001e-10 0.0010182 0.00288179
7.14102e-10 0.00100507 0.00291844
7.14204e-10 0.000992191 0.00295168
7.14305e-10 0.000979579 0.00298145
7.14406e-10 0.000967254 0.00300765
7.14507e-10 0.000955233 0.00303023
7.14609e-10 0.000943531 0.00304914
7.1471e-10 0.000932161 0.00306433
7.14811e-10 0.000921137 0.00307577
7.14912e-10 0.00091047 0.00308345
7.15014e-10 0.00090017 0.00308736
7.15115e-10 0.000890244 0.00308751
7.15216e-10 0.0008807 0.00308391
7.15318e-10 0.000871542 0.00307659
7.15419e-10 0.000862776 0.0030656
7.1552e-10 0.000854404 0.00305098
7.15621e-10 0.000846426 0.00303279
7.15723e-10 0.000838844 0.00301109
7.15824e-10 0.000831655 0.00298597
7.15925e-10 0.000824857 0.00295751
7.16026e-10 0.000818446 0.00292582
7.16128e-10 0.000812418 0.00289098
7.16229e-10 0.000806765 0.00285311
7.1633e-10 0.000801482 0.00281234
7.16431e-10 0.000796559 0.00276878
7.16533e-10 0.000791988 0.00272257
7.16634e-10 0.000787758 0.00267385
7.16735e-10 0.000783859 0.00262275
7.16837e-10 0.000780278 0.00256942
7.16938e-10 0.000777002 0.00251402
7.17039e-10 0.00077402 0.00245671
7.1714e-10 0.000771316 0.00239763
7.17242e-10 0.000768876 0.00233695
7.17343e-10 0.000766686 0.00227485
7.17444e-10 0.000764729 0.00221147
7.17545e-10 0.000762991 0.00214699
7.17647e-10 0.000761456 0.00208157
7.17748e-10 0.000760106 0.0020154
7.17849e-10 0.000758925 0.00194862
7.17951e-10 0.000757898 0.00188141
7.18052e-10 0.000757006 0.00181394
7.18153e-10 0.000756235 0.00174637
7.18254e-10 0.000755566 0.00167887
7.18356e-10 0.000754984 0.00161159
7.18457e-10 0.000754473 0.00154469
7.18558e-10 0.000754016 0.00147833
7.18659e-10 0.000753598 0.00141266
7.18761e-10 0.000753202 0.00134782
7.18862e-10 0.000752815 0.00128395
7.18963e-10 0.000752422 0.0012212
7.19065e-10 0.000752008 0.0011597
7.19166e-10 0.00075156 0.00109958
7.19267e-10 0.000751064 0.00104095
7.19368e-10 0.000750509 0.000983933
7.1947e-10 0.000749881 0.000928642
7.19571e-10 0.000749171 0.000875179
7.19672e-10 0.000748366 0.000823642
7.19773e-10 0.000747458 0.000774121
7.19875e-10 0.000746437 0.000726701
7.19976e-10 0.000745294 0.000681459
7.20077e-10 0.000744022 0.000638465
7.20178e-10 0.000742613 0.000597783
7.2028e-10 0.000741061 0.000559467
7.20381e-10 0.000739361 0.000523568
7.20482e-10 0.000737508 0.000490125
7.20584e-10 0.000735497 0.000459174
7.20685e-10 0.000733326 0.000430741
7.20786e-10 0.000730991 0.000404845
7.20887e-10 0.000728492 0.0003815
7.20989e-10 0.000725827 0.00036071
7.2109e-10 0.000722995 0.000342473
7.21191e-10 0.000719997 0.000326782
7.21292e-10 0.000716834 0.000313619
7.21394e-10 0.000713508 0.000302964
7.21495e-10 0.000710021 0.000294787
7.21596e-10 0.000706375 0.000289053
7.21698e-10 0.000702576 0.000285721
7.21799e-10 0.000698626 0.000284745
7.219e-10 0.000694531 0.00028607
7.22001e-10 0.000690295 0.00028964
7.22103e-10 0.000685925 0.000295389
7.22204e-10 0.000681426 0.00030325
7.22305e-10 0.000676806 0.000313148
7.22406e-10 0.00067207 0.000325007
7.22508e-10 0.000667228 0.000338743
7.22609e-10 0.000662285 0.000354271
7.2271e-10 0.000657251 0.0003715
7.22812e-10 0.000652133 0.000390339
7.22913e-10 0.00064694 0.00041069
7.23014e-10 0.00064168 0.000432455
7.23115e-10 0.000636363 0.000455532
7.23217e-10 0.000630996 0.000479818
7.23318e-10 0.00062559 0.000505209
7.23419e-10 0.000620154 0.000531596
7.2352e-10 0.000614695 0.000558873
7.23622e-10 0.000609224 0.00058693
7.23723e-10 0.000603749 0.000615659
7.23824e-10 0.000598279 0.00064495
7.23925e-10 0.000592823 0.000674693
7.24027e-10 0.000587389 0.000704779
7.24128e-10 0.000581987 0.0007351
7.24229e-10 0.000576624 0.000765549
7.24331e-10 0.000571308 0.00079602
7.24432e-10 0.000566047 0.000826406
7.24533e-10 0.00056085 0.000856607
7.24634e-10 0.000555722 0.000886521
7.24736e-10 0.00055067 0.000916048
7.24837e-10 0.000545703 0.000945095
7.24938e-10 0.000540824 0.000973566
7.25039e-10 0.000536042 0.00100137
7.25141e-10 0.00053136 0.00102842
7.25242e-10 0.000526785 0.00105464
7.25343e-10 0.00052232 0.00107994
7.25445e-10 0.00051797 0.00110425
7.25546e-10 0.000513739 0.00112749
7.25647e-10 0.000509631 0.0011496
7.25748e-10 0.000505648 0.00117052
7.2585e-10 0.000501792 0.00119017
7.25951e-10 0.000498067 0.00120851
7.26052e-10 0.000494473 0.00122549
7.26153e-10 0.000491012 0.00124106
7.26255e-10 0.000487685 0.00125517
7.26356e-10 0.000484492 0.0012678
7.26457e-10 0.000481433 0.0012789
7.26559e-10 0.000478508 0.00128846
7.2666e-10 0.000475715 0.00129645
7.26761e-10 0.000473054 0.00130285
7.26862e-10 0.000470522 0.00130765
7.26964e-10 0.000468119 0.00131084
7.27065e-10 0.00046584 0.00131241
7.27166e-10 0.000463685 0.00131238
7.27267e-10 0.000461649 0.00131074
7.27369e-10 0.000459729 0.0013075
7.2747e-10 0.000457922 0.00130269
7.27571e-10 0.000456224 0.00129631
7.27672e-10 0.00045463 0.0012884
7.27774e-10 0.000453136 0.00127899
7.27875e-10 0.000451738 0.00126809
7.27976e-10 0.00045043 0.00125575
7.28078e-10 0.000449208 0.00124202
7.28179e-10 0.000448066 0.00122692
7.2828e-10 0.000446998 0.00121051
7.28381e-10 0.000446001 0.00119285
7.28483e-10 0.000445067 0.00117397
7.28584e-10 0.000444191 0.00115394
7.28685e-10 0.000443368 0.00113281
7.28786e-10 0.000442592 0.00111066
7.28888e-10 0.000441857 0.00108753
7.28989e-10 0.000441157 0.00106349
7.2909e-10 0.000440486 0.00103862
7.29192e-10 0.00043984 0.00101299
7.29293e-10 0.000439212 0.000986649
7.29394e-10 0.000438597 0.000959687
7.29495e-10 0.000437989 0.000932172
7.29597e-10 0.000437383 0.000904178
7.29698e-10 0.000436774 0.000875779
7.29799e-10 0.000436157 0.00084705
7.299e-10 0.000435526 0.000818067
7.30002e-10 0.000434878 0.000788903
7.30103e-10 0.000434208 0.000759634
7.30204e-10 0.000433511 0.000730335
7.30305e-10 0.000432783 0.000701078
7.30407e-10 0.000432021 0.000671938
7.30508e-10 0.000431221 0.000642985
7.30609e-10 0.000430379 0.000614291
7.30711e-10 0.000429492 0.000585926
7.30812e-10 0.000428558 0.000557956
7.30913e-10 0.000427574 0.000530448
7.31014e-10 0.000426538 0.000503466
7.31116e-10 0.000425447 0.000477072
7.31217e-10 0.000424299 0.000451327
7.31318e-10 0.000423094 0.000426287
7.31419e-10 0.00042183 0.000402009
7.31521e-10 0.000420505 0.000378543
7.31622e-10 0.00041912 0.000355941
7.31723e-10 0.000417674 0.000334249
7.31825e-10 0.000416166 0.00031351
7.31926e-10 0.000414598 0.000293766
7.32027e-10 0.000412968 0.000275055
7.32128e-10 0.000411279 0.000257412
7.3223e-10 0.00040953 0.000240867
7.32331e-10 0.000407723 0.000225448
7.32432e-10 0.000405859 0.000211181
7.32533e-10 0.000403941 0.000198086
7.32635e-10 0.000401969 0.000186182
7.32736e-10 0.000399946 0.000175483
7.32837e-10 0.000397874 0.000166
7.32939e-10 0.000395755 0.00015774
7.3304e-10 0.000393592 0.000150708
7.33141e-10 0.000391388 0.000144904
7.33242e-10 0.000389145 0.000140326
7.33344e-10 0.000386867 0.000136968
7.33445e-10 0.000384556 0.00013482
7.33546e-10 0.000382217 0.000133869
7.33647e-10 0.000379852 0.000134101
7.33749e-10 0.000377465 0.000135497
7.3385e-10 0.000375059 0.000138034
7.33951e-10 0.000372638 0.000141687
7.34052e-10 0.000370206 0.00014643
7.34154e-10 0.000367766 0.000152232
7.34255e-10 0.000365321 0.00015906
7.34356e-10 0.000362876 0.000166879
7.34458e-10 0.000360434 0.00017565
7.34559e-10 0.000357999 0.000185334
7.3466e-10 0.000355574 0.000195888
7.34761e-10 0.000353163 0.000207269
7.34863e-10 0.00035077 0.000219429
7.34964e-10 0.000348397 0.000232322
7.35065e-10 0.000346048 0.000245898
7.35166e-10 0.000343727 0.000260105
7.35268e-10 0.000341436 0.000274893
7.35369e-10 0.000339178 0.000290207
7.3547e-10 0.000336957 0.000305994
7.35572e-10 0.000334775 0.000322199
7.35673e-10 0.000332634 0.000338766
7.35774e-10 0.000330538 0.000355639
7.35875e-10 0.000328488 0.000372761
7.35977e-10 0.000326487 0.000390077
7.36078e-10 0.000324536 0.000407528
7.36179e-10 0.000322638 0.00042506
7.3628e-10 0.000320794 0.000442616
7.36382e-10 0.000319005 0.00046014
7.36483e-10 0.000317272 0.000477576
7.36584e-10 0.000315598 0.000494872
7.36686e-10 0.000313982 0.000511972
7.36787e-10 0.000312426 0.000528825
7.36888e-10 0.000310929 0.00054538
7.36989e-10 0.000309493 0.000561586
7.37091e-10 0.000308117 0.000577396
7.37192e-10 0.000306801 0.000592761
7.37293e-10 0.000305545 0.000607636
7.37394e-10 0.000304349 0.000621979
7.37496e-10 0.000303212 0.000635747
7.37597e-10 0.000302133 0.0006489
7.37698e-10 0.000301111 0.000661401
7.37799e-10 0.000300145 0.000673215
7.37901e-10 0.000299235 0.000684308
7.38002e-10 0.000298378 0.000694649
7.38103e-10 0.000297572 0.00070421
7.38205e-10 0.000296817 0.000712964
7.38306e-10 0.000296111 0.000720888
7.38407e-10 0.000295451 0.000727961
7.38508e-10 0.000294835 0.000734165
7.3861e-10 0.000294262 0.000739482
7.38711e-10 0.000293728 0.000743902
7.38812e-10 0.000293232 0.000747411
7.38913e-10 0.000292771 0.000750003
7.39015e-10 0.000292343 0.000751673
7.39116e-10 0.000291945 0.000752418
7.39217e-10 0.000291574 0.000752237
7.39319e-10 0.000291228 0.000751133
7.3942e-10 0.000290904 0.000749113
7.39521e-10 0.0002906 0.000746182
7.39622e-10 0.000290312 0.000742353
7.39724e-10 0.000290037 0.000737637
7.39825e-10 0.000289774 0.00073205
7.39926e-10 0.000289519 0.00072561
7.40027e-10 0.00028927 0.000718336
7.40129e-10 0.000289024 0.000710251
7.4023e-10 0.000288779 0.000701378
7.40331e-10 0.000288531 0.000691745
7.40433e-10 0.000288279 0.000681379
7.40534e-10 0.000288019 0.000670311
7.40635e-10 0.00028775 0.000658573
7.40736e-10 0.000287469 0.000646198
7.40838e-10 0.000287175 0.000633223
7.40939e-10 0.000286864 0.000619683
7.4104e-10 0.000286535 0.000605617
7.41141e-10 0.000286186 0.000591064
7.41243e-10 0.000285816 0.000576066
7.41344e-10 0.000285422 0.000560663
7.41445e-10 0.000285003 0.000544898
7.41546e-10 0.000284558 0.000528814
7.41648e-10 0.000284086 0.000512456
7.41749e-10 0.000283585 0.000495868
7.4185e-10 0.000283054 0.000479094
7.41952e-10 0.000282492 0.000462179
7.42053e-10 0.000281899 0.00044517
7.42154e-10 0.000281274 0.000428112
7.42255e-10 0.000280617 0.000411048
7.42357e-10 0.000279927 0.000394026
7.42458e-10 0.000279204 0.000377088
7.42559e-10 0.000278449 0.000360279
7.4266e-10 0.00027766 0.000343644
7.42762e-10 0.000276839 0.000327224
7.42863e-10 0.000275987 0.000311062
7.42964e-10 0.000275102 0.000295198
7.43066e-10 0.000274186 0.000279674
7.43167e-10 0.000273241 0.000264527
7.43268e-10 0.000272266 0.000249796
7.43369e-10 0.000271263 0.000235516
7.43471e-10 0.000270232 0.000221723
7.43572e-10 0.000269176 0.00020845
7.43673e-10 0.000268095 0.000195728
7.43774e-10 0.000266991 0.000183589
7.43876e-10 0.000265865 0.000172059
7.43977e-10 0.000264719 0.000161166
7.44078e-10 0.000263555 0.000150934
7.44179e-10 0.000262374 0.000141386
7.44281e-10 0.000261178 0.000132542
7.44382e-10 0.00025997 0.000124421
7.44483e-10 0.00025875 0.000117039
7.44585e-10 0.000257521 0.000110411
7.44686e-10 0.000256285 0.000104549
7.44787e-10 0.000255044 9.94632e-05
7.44888e-10 0.000253799 9.51611e-05
7.4499e-10 0.000252554 9.16485e-05
7.45091e-10 0.00025131 8.89287e-05
7.45192e-10 0.000250069 8.7003e-05
7.45293e-10 0.000248833 8.58704e-05
7.45395e-10 0.000247604 8.55278e-05
7.45496e-10 0.000246385 8.59698e-05
7.45597e-10 0.000245176 8.71889e-05
7.45699e-10 0.000243981 8.91756e-05
7.458e-10 0.000242801 9.19182e-05
7.45901e-10 0.000241637 9.5403e-05
7.46002e-10 0.000240492 9.96143e-05
7.46104e-10 0.000239368 0.000104535
7.46205e-10 0.000238265 0.000110144
7.46306e-10 0.000237186 0.000116422
7.46407e-10 0.000236132 0.000123345
7.46509e-10 0.000235105 0.000130889
7.4661e-10 0.000234105 0.000139026
7.46711e-10 0.000233134 0.00014773
7.46813e-10 0.000232194 0.000156971
7.46914e-10 0.000231285 0.000166718
7.47015e-10 0.000230408 0.000176939
7.47116e-10 0.000229564 0.000187602
7.47218e-10 0.000228753 0.000198672
7.47319e-10 0.000227977 0.000210115
7.4742e-10 0.000227236 0.000221894
7.47521e-10 0.000226531 0.000233972
7.47623e-10 0.00022586 0.000246312
7.47724e-10 0.000225226 0.000258877
7.47825e-10 0.000224627 0.000271627
7.47926e-10 0.000224064 0.000284525
7.48028e-10 0.000223537 0.00029753
7.48129e-10 0.000223045 0.000310604
7.4823e-10 0.000222587 0.000323709
7.48332e-10 0.000222165 0.000336804
7.48433e-10 0.000221776 0.000349851
7.48534e-10 0.00022142 0.000362811
7.48635e-10 0.000221096 0.000375646
7.48737e-10 0.000220804 0.00038832
7.48838e-10 0.000220543 0.000400793
7.48939e-10 0.00022031 0.000413032
7.4904e-10 0.000220106 0.000424998
7.49142e-10 0.000219929 0.000436659
7.49243e-10 0.000219778 0.000447981
7.49344e-10 0.000219651 0.000458931
7.49446e-10 0.000219547 0.000469478
7.49547e-10 0.000219464 0.000479591
7.49648e-10 0.000219402 0.000489242
7.49749e-10 0.000219357 0.000498404
7.49851e-10 0.000219329 0.000507051
7.49952e-10 0.000219316 0.000515158
7.50053e-10 0.000219316 0.000522702
7.50154e-10 0.000219328 0.000529664
7.50256e-10 0.000219349 0.000536022
7.50357e-10 0.000219378 0.00054176
7.50458e-10 0.000219414 0.000546863
7.5056e-10 0.000219454 0.000551315
7.50661e-10 0.000219497 0.000555105
7.50762e-10 0.000219541 0.000558223
7.50863e-10 0.000219584 0.00056066
7.50965e-10 0.000219624 0.000562411
7.51066e-10 0.00021966 0.000563471
7.51167e-10 0.000219691 0.000563838
7.51268e-10 0.000219714 0.00056351
7.5137e-10 0.000219728 0.000562491
7.51471e-10 0.000219732 0.000560783
7.51572e-10 0.000219724 0.000558391
7.51673e-10 0.000219703 0.000555323
7.51775e-10 0.000219667 0.000551589
7.51876e-10 0.000219615 0.000547199
7.51977e-10 0.000219547 0.000542167
7.52079e-10 0.00021946 0.000536506
7.5218e-10 0.000219355 0.000530234
7.52281e-10 0.000219229 0.000523369
7.52382e-10 0.000219083 0.00051593
7.52484e-10 0.000218915 0.000507938
7.52585e-10 0.000218725 0.000499417
7.52686e-10 0.000218512 0.00049039
7.52787e-10 0.000218276 0.000480884
7.52889e-10 0.000218017 0.000470925
7.5299e-10 0.000217733 0.000460541
7.53091e-10 0.000217426 0.000449763
7.53193e-10 0.000217094 0.000438619
7.53294e-10 0.000216739 0.000427142
7.53395e-10 0.000216359 0.000415363
7.53496e-10 0.000215956 0.000403316
7.53598e-10 0.000215529 0.000391035
7.53699e-10 0.000215079 0.000378553
7.538e-10 0.000214607 0.000365906
7.53901e-10 0.000214112 0.000353128
7.54003e-10 0.000213597 0.000340256
7.54104e-10 0.000213061 0.000327325
7.54205e-10 0.000212505 0.000314371
7.54307e-10 0.00021193 0.000301429
7.54408e-10 0.000211338 0.000288537
7.54509e-10 0.000210728 0.000275728
7.5461e-10 0.000210104 0.00026304
7.54712e-10 0.000209464 0.000250506
7.54813e-10 0.000208812 0.000238161
7.54914e-10 0.000208148 0.000226039
7.55015e-10 0.000207473 0.000214173
7.55117e-10 0.000206789 0.000202597
7.55218e-10 0.000206097 0.000191341
7.55319e-10 0.000205399 0.000180436
7.5542e-10 0.000204696 0.000169912
7.55522e-10 0.00020399 0.000159799
7.55623e-10 0.000203283 0.000150122
7.55724e-10 0.000202575 0.000140909
7.55826e-10 0.000201868 0.000132184
7.55927e-10 0.000201165 0.000123972
7.56028e-10 0.000200466 0.000116293
7.56129e-10 0.000199773 0.000109169
7.56231e-10 0.000199087 0.000102619
7.56332e-10 0.000198411 9.66605e-05
7.56433e-10 0.000197745 9.13087e-05
7.56534e-10 0.000197091 8.65781e-05
7.56636e-10 0.00019645 8.24809e-05
7.56737e-10 0.000195825 7.90277e-05
7.56838e-10 0.000195215 7.62274e-05
7.5694e-10 0.000194623 7.40869e-05
7.57041e-10 0.000194049 7.26113e-05
7.57142e-10 0.000193495 7.1804e-05
7.57243e-10 0.000192962 7.16663e-05
7.57345e-10 0.00019245 7.21979e-05
7.57446e-10 0.000191962 7.33964e-05
7.57547e-10 0.000191497 7.52577e-05
7.57648e-10 0.000191057 7.7776e-05
7.5775e-10 0.000190642 8.09433e-05
7.57851e-10 0.000190253 8.47501e-05
7.57952e-10 0.00018989 8.9185e-05
7.58053e-10 0.000189554 9.4235e-05
7.58155e-10 0.000189246 9.98853e-05
7.58256e-10 0.000188965 0.000106119
7.58357e-10 0.000188712 0.000112919
7.58459e-10 0.000188488 0.000120265
7.5856e-10 0.000188291 0.000128137
7.58661e-10 0.000188122 0.00013651
7.58762e-10 0.000187981 0.000145362
7.58864e-10 0.000187868 0.000154668
7.58965e-10 0.000187782 0.0001644
7.59066e-10 0.000187723 0.000174531
7.59167e-10 0.000187691 0.000185033
7.59269e-10 0.000187684 0.000195875
7.5937e-10 0.000187703 0.000207027
7.59471e-10 0.000187745 0.000218456
7.59573e-10 0.000187812 0.000230132
7.59674e-10 0.000187901 0.00024202
7.59775e-10 0.000188012 0.000254088
7.59876e-10 0.000188144 0.0002663
7.59978e-10 0.000188296 0.000278623
7.60079e-10 0.000188466 0.000291022
7.6018e-10 0.000188653 0.000303461
7.60281e-10 0.000188857 0.000315906
7.60383e-10 0.000189075 0.000328321
7.60484e-10 0.000189307 0.000340672
7.60585e-10 0.00018955 0.000352924
7.60687e-10 0.000189805 0.000365041
7.60788e-10 0.000190068 0.00037699
7.60889e-10 0.00019034 0.000388738
7.6099e-10 0.000190617 0.00040025
7.61092e-10 0.000190899 0.000411495
7.61193e-10 0.000191185 0.00042244
7.61294e-10 0.000191472 0.000433055
7.61395e-10 0.000191759 0.00044331
7.61497e-10 0.000192045 0.000453175
7.61598e-10 0.000192329 0.000462623
7.61699e-10 0.000192608 0.000471628
7.618e-10 0.000192881 0.000480163
7.61902e-10 0.000193147 0.000488204
7.62003e-10 0.000193405 0.000495728
7.62104e-10 0.000193653 0.000502715
7.62206e-10 0.00019389 0.000509144
7.62307e-10 0.000194114 0.000514997
7.62408e-10 0.000194325 0.000520257
7.62509e-10 0.000194522 0.000524909
7.62611e-10 0.000194702 0.000528939
7.62712e-10 0.000194866 0.000532337
7.62813e-10 0.000195011 0.000535092
7.62914e-10 0.000195138 0.000537197
7.63016e-10 0.000195246 0.000538644
7.63117e-10 0.000195334 0.00053943
7.63218e-10 0.0001954 0.000539552
7.6332e-10 0.000195446 0.00053901
7.63421e-10 0.000195469 0.000537804
7.63522e-10 0.00019547 0.000535938
7.63623e-10 0.000195449 0.000533417
7.63725e-10 0.000195404 0.000530248
7.63826e-10 0.000195337 0.000526439
7.63927e-10 0.000195246 0.000522001
7.64028e-10 0.000195133 0.000516946
7.6413e-10 0.000194997 0.000511288
7.64231e-10 0.000194838 0.000505044
7.64332e-10 0.000194657 0.000498229
7.64434e-10 0.000194454 0.000490864
7.64535e-10 0.000194229 0.00048297
7.64636e-10 0.000193984 0.000474568
7.64737e-10 0.000193718 0.000465682
7.64839e-10 0.000193433 0.000456337
7.6494e-10 0.000193129 0.00044656
7.65041e-10 0.000192807 0.000436378
7.65142e-10 0.000192469 0.000425821
7.65244e-10 0.000192114 0.000414918
7.65345e-10 0.000191745 0.000403701
7.65446e-10 0.000191362 0.000392201
7.65547e-10 0.000190967 0.000380452
7.65649e-10 0.000190561 0.000368487
7.6575e-10 0.000190145 0.00035634
7.65851e-10 0.000189721 0.000344048
7.65953e-10 0.000189289 0.000331644
7.66054e-10 0.000188852 0.000319165
7.66155e-10 0.000188411 0.000306647
7.66256e-10 0.000187967 0.000294127
7.66358e-10 0.000187522 0.000281641
7.66459e-10 0.000187077 0.000269225
7.6656e-10 0.000186634 0.000256916
7.66661e-10 0.000186195 0.00024475
7.66763e-10 0.000185761 0.000232764
7.66864e-10 0.000185333 0.000220992
7.66965e-10 0.000184913 0.00020947
7.67067e-10 0.000184503 0.000198231
7.67168e-10 0.000184104 0.000187311
7.67269e-10 0.000183717 0.000176741
7.6737e-10 0.000183344 0.000166553
7.67472e-10 0.000182987 0.00015678
7.67573e-10 0.000182646 0.00014745
7.67674e-10 0.000182323 0.000138593
7.67775e-10 0.000182019 0.000130236
7.67877e-10 0.000181736 0.000122406
7.67978e-10 0.000181474 0.000115128
7.68079e-10 0.000181234 0.000108424
7.68181e-10 0.000181018 0.000102317
7.68282e-10 0.000180827 9.68282e-05
7.68383e-10 0.000180661 9.1975e-05
7.68484e-10 0.000180521 8.77749e-05
7.68586e-10 0.000180408 8.4243e-05
7.68687e-10 0.000180321 8.13928e-05
7.68788e-10 0.000180263 7.92358e-05
7.68889e-10 0.000180233 7.77816e-05
7.68991e-10 0.000180232 7.70381e-05
7.69092e-10 0.00018026 7.70111e-05
7.69193e-10 0.000180316 7.77042e-05
7.69294e-10 0.000180401 7.91194e-05
7.69396e-10 0.000180516 8.12564e-05
7.69497e-10 0.000180659 8.41132e-05
7.69598e-10 0.000180831 8.76854e-05
7.697e-10 0.000181031 9.19669e-05
7.69801e-10 0.000181259 9.69495e-05
7.69902e-10 0.000181514 0.000102623
7.70003e-10 0.000181796 0.000108975
7.70105e-10 0.000182104 0.000115992
7.70206e-10 0.000182437 0.000123658
7.70307e-10 0.000182795 0.000131955
7.70408e-10 0.000183176 0.000140863
7.7051e-10 0.00018358 0.000150361
7.70611e-10 0.000184004 0.000160426
7.70712e-10 0.000184449 0.000171033
7.70814e-10 0.000184913 0.000182156
7.70915e-10 0.000185394 0.000193767
7.71016e-10 0.000185892 0.000205836
7.71117e-10 0.000186404 0.000218332
7.71219e-10 0.00018693 0.000231225
7.7132e-10 0.000187467 0.00024448
7.71421e-10 0.000188015 0.000258063
7.71522e-10 0.000188571 0.000271939
7.71624e-10 0.000189134 0.000286071
7.71725e-10 0.000189703 0.000300423
7.71826e-10 0.000190275 0.000314956
7.71928e-10 0.000190849 0.000329631
7.72029e-10 0.000191424 0.00034441
7.7213e-10 0.000191997 0.000359253
7.72231e-10 0.000192567 0.00037412
7.72333e-10 0.000193133 0.000388972
7.72434e-10 0.000193692 0.000403767
7.72535e-10 0.000194243 0.000418466
7.72636e-10 0.000194785 0.000433028
7.72738e-10 0.000195315 0.000447414
7.72839e-10 0.000195833 0.000461585
7.7294e-10 0.000196336 0.000475501
7.73041e-10 0.000196824 0.000489123
7.73143e-10 0.000197295 0.000502415
7.73244e-10 0.000197747 0.000515339
7.73345e-10 0.00019818 0.000527858
7.73447e-10 0.000198592 0.000539938
7.73548e-10 0.000198982 0.000551545
7.73649e-10 0.000199349 0.000562646
7.7375e-10 0.000199692 0.000573209
7.73852e-10 0.00020001 0.000583205
7.73953e-10 0.000200303 0.000592604
7.74054e-10 0.00020057 0.000601379
7.74155e-10 0.00020081 0.000609505
7.74257e-10 0.000201023 0.000616958
7.74358e-10 0.000201208 0.000623716
7.74459e-10 0.000201365 0.00062976
7.74561e-10 0.000201495 0.00063507
7.74662e-10 0.000201596 0.000639631
7.74763e-10 0.000201669 0.000643429
7.74864e-10 0.000201714 0.000646452
7.74966e-10 0.000201731 0.00064869
7.75067e-10 0.000201721 0.000650134
7.75168e-10 0.000201684 0.000650781
7.75269e-10 0.000201621 0.000650626
7.75371e-10 0.000201533 0.000649668
7.75472e-10 0.000201419 0.00064791
7.75573e-10 0.000201282 0.000645354
7.75674e-10 0.000201122 0.000642006
7.75776e-10 0.00020094 0.000637875
7.75877e-10 0.000200737 0.000632971
7.75978e-10 0.000200515 0.000627307
7.7608e-10 0.000200275 0.000620897
7.76181e-10 0.000200018 0.000613759
7.76282e-10 0.000199746 0.000605913
7.76383e-10 0.000199461 0.000597379
7.76485e-10 0.000199164 0.000588181
7.76586e-10 0.000198856 0.000578345
7.76687e-10 0.00019854 0.000567898
7.76788e-10 0.000198218 0.000556869
7.7689e-10 0.00019789 0.000545291
7.76991e-10 0.00019756 0.000533195
7.77092e-10 0.000197229 0.000520617
7.77194e-10 0.000196898 0.000507593
7.77295e-10 0.000196571 0.00049416
7.77396e-10 0.000196249 0.000480358
7.77497e-10 0.000195933 0.000466227
7.77599e-10 0.000195626 0.000451809
7.777e-10 0.000195331 0.000437147
7.77801e-10 0.000195048 0.000422284
7.77902e-10 0.000194779 0.000407265
7.78004e-10 0.000194528 0.000392135
7.78105e-10 0.000194295 0.000376939
7.78206e-10 0.000194082 0.000361726
7.78308e-10 0.000193891 0.00034654
7.78409e-10 0.000193724 0.00033143
7.7851e-10 0.000193583 0.000316442
7.78611e-10 0.000193469 0.000301623
7.78713e-10 0.000193383 0.000287021
7.78814e-10 0.000193327 0.000272682
7.78915e-10 0.000193303 0.000258652
7.79016e-10 0.000193311 0.000244977
7.79118e-10 0.000193353 0.000231702
7.79219e-10 0.00019343 0.000218871
7.7932e-10 0.000193543 0.000206528
7.79421e-10 0.000193692 0.000194715
7.79523e-10 0.000193879 0.000183472
7.79624e-10 0.000194103 0.00017284
7.79725e-10 0.000194366 0.000162856
7.79827e-10 0.000194668 0.000153558
7.79928e-10 0.000195009 0.000144981
7.80029e-10 0.000195389 0.000137158
7.8013e-10 0.000195808 0.00013012
7.80232e-10 0.000196266 0.000123897
7.80333e-10 0.000196762 0.000118517
7.80434e-10 0.000197297 0.000114004
7.80535e-10 0.00019787 0.000110382
7.80637e-10 0.00019848 0.000107671
7.80738e-10 0.000199126 0.00010589
7.80839e-10 0.000199808 0.000105055
7.80941e-10 0.000200523 0.000105179
7.81042e-10 0.000201272 0.000106272
7.81143e-10 0.000202053 0.000108344
7.81244e-10 0.000202865 0.000111398
7.81346e-10 0.000203705 0.000115439
7.81447e-10 0.000204572 0.000120467
7.81548e-10 0.000205466 0.000126478
7.81649e-10 0.000206383 0.000133467
7.81751e-10 0.000207322 0.000141425
7.81852e-10 0.000208281 0.000150343
7.81953e-10 0.000209258 0.000160206
7.82055e-10 0.00021025 0.000170998
7.82156e-10 0.000211256 0.0001827
7.82257e-10 0.000212274 0.000195289
7.82358e-10 0.0002133 0.000208742
7.8246e-10 0.000214333 0.000223031
7.82561e-10 0.00021537 0.000238126
7.82662e-10 0.000216408 0.000253997
7.82763e-10 0.000217446 0.000270608
7.82865e-10 0.000218481 0.000287922
7.82966e-10 0.00021951 0.000305902
7.83067e-10 0.000220531 0.000324504
7.83168e-10 0.000221542 0.000343688
7.8327e-10 0.000222539 0.000363406
7.83371e-10 0.000223522 0.000383614
7.83472e-10 0.000224486 0.000404261
7.83574e-10 0.000225431 0.000425298
7.83675e-10 0.000226354 0.000446674
7.83776e-10 0.000227252 0.000468334
7.83877e-10 0.000228123 0.000490226
7.83979e-10 0.000228966 0.000512294
7.8408e-10 0.000229779 0.000534482
7.84181e-10 0.00023056 0.000556733
7.84282e-10 0.000231306 0.00057899
7.84384e-10 0.000232018 0.000601195
7.84485e-10 0.000232692 0.00062329
7.84586e-10 0.000233327 0.000645216
7.84688e-10 0.000233923 0.000666916
7.84789e-10 0.000234478 0.000688332
7.8489e-10 0.000234992 0.000709406
7.84991e-10 0.000235463 0.00073008
7.85093e-10 0.000235891 0.0007503
7.85194e-10 0.000236275 0.000770008
7.85295e-10 0.000236616 0.000789151
7.85396e-10 0.000236912 0.000807676
7.85498e-10 0.000237164 0.00082553
7.85599e-10 0.000237372 0.000842663
7.857e-10 0.000237537 0.000859027
7.85802e-10 0.000237658 0.000874574
7.85903e-10 0.000237736 0.000889259
7.86004e-10 0.000237773 0.00090304
7.86105e-10 0.00023777 0.000915876
7.86207e-10 0.000237726 0.000927729
7.86308e-10 0.000237645 0.000938563
7.86409e-10 0.000237527 0.000948345
7.8651e-10 0.000237373 0.000957044
7.86612e-10 0.000237187 0.000964633
7.86713e-10 0.000236969 0.000971088
7.86814e-10 0.000236721 0.000976387
7.86915e-10 0.000236447 0.000980511
7.87017e-10 0.000236148 0.000983445
7.87118e-10 0.000235827 0.000985178
7.87219e-10 0.000235486 0.000985701
7.87321e-10 0.000235128 0.000985008
7.87422e-10 0.000234756 0.000983099
7.87523e-10 0.000234372 0.000979975
7.87624e-10 0.000233981 0.000975642
7.87726e-10 0.000233584 0.000970108
7.87827e-10 0.000233185 0.000963386
7.87928e-10 0.000232788 0.000955491
7.88029e-10 0.000232394 0.000946444
7.88131e-10 0.000232008 0.000936268
7.88232e-10 0.000231634 0.000924988
7.88333e-10 0.000231273 0.000912636
7.88435e-10 0.00023093 0.000899243
7.88536e-10 0.000230607 0.000884848
7.88637e-10 0.000230308 0.00086949
7.88738e-10 0.000230037 0.000853212
7.8884e-10 0.000229796 0.000836061
7.88941e-10 0.000229589 0.000818085
7.89042e-10 0.000229418 0.000799337
7.89143e-10 0.000229287 0.000779872
7.89245e-10 0.000229198 0.000759747
7.89346e-10 0.000229154 0.000739023
7.89447e-10 0.000229158 0.000717761
7.89548e-10 0.000229213 0.000696026
7.8965e-10 0.00022932 0.000673885
7.89751e-10 0.000229482 0.000651407
7.89852e-10 0.000229702 0.000628662
7.89954e-10 0.000229981 0.000605721
7.90055e-10 0.00023032 0.000582658
7.90156e-10 0.000230722 0.000559547
7.90257e-10 0.000231188 0.000536464
7.90359e-10 0.000231719 0.000513483
7.9046e-10 0.000232316 0.000490683
7.90561e-10 0.00023298 0.00046814
7.90662e-10 0.000233711 0.000445931
7.90764e-10 0.00023451 0.000424133
7.90865e-10 0.000235377 0.000402823
7.90966e-10 0.000236312 0.000382076
7.91068e-10 0.000237314 0.00036197
7.91169e-10 0.000238383 0.000342577
7.9127e-10 0.000239518 0.000323971
7.91371e-10 0.000240719 0.000306225
7.91473e-10 0.000241984 0.000289409
7.91574e-10 0.00024331 0.000273591
7.91675e-10 0.000244698 0.000258838
7.91776e-10 0.000246145 0.000245214
7.91878e-10 0.000247648 0.000232781
7.91979e-10 0.000249205 0.000221599
7.9208e-10 0.000250814 0.000211723
7.92182e-10 0.000252473 0.000203208
7.92283e-10 0.000254177 0.000196102
7.92384e-10 0.000255923 0.000190454
7.92485e-10 0.00025771 0.000186307
7.92587e-10 0.000259532 0.000183699
7.92688e-10 0.000261386 0.000182667
7.92789e-10 0.000263269 0.000183243
7.9289e-10 0.000265176 0.000185454
7.92992e-10 0.000267103 0.000189324
7.93093e-10 0.000269047 0.000194871
7.93194e-10 0.000271002 0.00020211
7.93295e-10 0.000272964 0.000211051
7.93397e-10 0.000274929 0.0002217
7.93498e-10 0.000276893 0.000234057
7.93599e-10 0.00027885 0.000248118
7.93701e-10 0.000280796 0.000263874
7.93802e-10 0.000282726 0.000281312
7.93903e-10 0.000284636 0.000300413
7.94004e-10 0.000286521 0.000321154
7.94106e-10 0.000288377 0.000343506
7.94207e-10 0.000290198 0.000367437
7.94308e-10 0.000291981 0.000392909
7.94409e-10 0.000293721 0.00041988
7.94511e-10 0.000295414 0.000448301
7.94612e-10 0.000297056 0.000478123
7.94713e-10 0.000298642 0.000509288
7.94815e-10 0.000300168 0.000541736
7.94916e-10 0.000301632 0.000575403
7.95017e-10 0.000303029 0.000610219
7.95118e-10 0.000304356 0.000646113
7.9522e-10 0.00030561 0.000683007
7.95321e-10 0.000306788 0.000720821
7.95422e-10 0.000307887 0.000759471
7.95523e-10 0.000308905 0.000798871
7.95625e-10 0.00030984 0.000838931
7.95726e-10 0.00031069 0.000879558
7.95827e-10 0.000311453 0.000920656
7.95929e-10 0.000312128 0.000962128
7.9603e-10 0.000312714 0.00100387
7.96131e-10 0.00031321 0.00104579
7.96232e-10 0.000313615 0.00108778
7.96334e-10 0.000313931 0.00112973
7.96435e-10 0.000314157 0.00117154
7.96536e-10 0.000314294 0.00121311
7.96637e-10 0.000314342 0.00125432
7.96739e-10 0.000314303 0.00129507
7.9684e-10 0.000314179 0.00133525
7.96941e-10 0.000313971 0.00137475
7.97042e-10 0.000313683 0.00141348
7.97144e-10 0.000313316 0.00145132
7.97245e-10 0.000312873 0.00148818
7.97346e-10 0.000312359 0.00152394
7.97448e-10 0.000311776 0.00155852
7.97549e-10 0.000311128 0.00159181
7.9765e-10 0.00031042 0.00162372
7.97751e-10 0.000309656 0.00165416
7.97853e-10 0.000308842 0.00168304
7.97954e-10 0.000307982 0.00171028
7.98055e-10 0.000307081 0.00173578
7.98156e-10 0.000306146 0.00175949
7.98258e-10 0.000305181 0.00178132
7.98359e-10 0.000304193 0.0018012
7.9846e-10 0.000303189 0.00181908
7.98562e-10 0.000302175 0.00183489
7.98663e-10 0.000301156 0.00184858
7.98764e-10 0.000300141 0.0018601
7.98865e-10 0.000299135 0.00186942
7.98967e-10 0.000298146 0.0018765
7.99068e-10 0.000297181 0.0018813
7.99169e-10 0.000296246 0.00188381
7.9927e-10 0.000295349 0.001884
7.99372e-10 0.000294496 0.00188188
7.99473e-10 0.000293695 0.00187742
7.99574e-10 0.000292953 0.00187065
7.99676e-10 0.000292277 0.00186156
7.99777e-10 0.000291673 0.00185018
7.99878e-10 0.000291147 0.00183653
7.99979e-10 0.000290707 0.00182064
8.00081e-10 0.000290359 0.00180255
8.00182e-10 0.000290109 0.0017823
8.00283e-10 0.000289963 0.00175995
8.00384e-10 0.000289926 0.00173556
8.00486e-10 0.000290004 0.00170919
8.00587e-10 0.000290202 0.00168091
8.00688e-10 0.000290524 0.00165081
8.00789e-10 0.000290976 0.00161898
8.00891e-10 0.00029156 0.00158549
8.00992e-10 0.000292281 0.00155046
8.01093e-10 0.000293142 0.00151399
8.01195e-10 0.000294146 0.00147619
8.01296e-10 0.000295295 0.00143717
8.01397e-10 0.000296591 0.00139706
8.01498e-10 0.000298036 0.00135598
8.016e-10 0.00029963 0.00131407
8.01701e-10 0.000301374 0.00127146
8.01802e-10 0.000303268 0.00122829
8.01903e-10 0.000305311 0.00118471
8.02005e-10 0.000307503 0.00114086
8.02106e-10 0.000309841 0.00109689
8.02207e-10 0.000312324 0.00105296
8.02309e-10 0.000314948 0.00100922
8.0241e-10 0.000317712 0.000965834
8.02511e-10 0.00032061 0.000922955
8.02612e-10 0.00032364 0.000880746
8.02714e-10 0.000326795 0.000839367
8.02815e-10 0.00033007 0.000798979
8.02916e-10 0.000333461 0.000759744
8.03017e-10 0.00033696 0.000721821
8.03119e-10 0.000340561 0.000685369
8.0322e-10 0.000344256 0.000650547
8.03321e-10 0.000348038 0.000617508
8.03422e-10 0.000351899 0.000586407
8.03524e-10 0.00035583 0.000557392
8.03625e-10 0.000359822 0.000530609
8.03726e-10 0.000363866 0.000506202
8.03828e-10 0.000367952 0.000484308
8.03929e-10 0.00037207 0.000465059
8.0403e-10 0.000376211 0.000448584
8.04131e-10 0.000380362 0.000435003
8.04233e-10 0.000384515 0.000424434
8.04334e-10 0.000388657 0.000416985
8.04435e-10 0.000392779 0.000412758
8.04536e-10 0.000396867 0.000411847
8.04638e-10 0.000400913 0.000414341
8.04739e-10 0.000404903 0.000420316
8.0484e-10 0.000408827 0.000429843
8.04942e-10 0.000412673 0.000442985
8.05043e-10 0.00041643 0.000459793
8.05144e-10 0.000420088 0.000480309
8.05245e-10 0.000423635 0.000504568
8.05347e-10 0.00042706 0.000532592
8.05448e-10 0.000430353 0.000564394
8.05549e-10 0.000433503 0.000599978
8.0565e-10 0.000436501 0.000639336
8.05752e-10 0.000439338 0.000682449
8.05853e-10 0.000442003 0.000729289
8.05954e-10 0.000444488 0.000779815
8.06056e-10 0.000446786 0.000833977
8.06157e-10 0.000448887 0.000891714
8.06258e-10 0.000450785 0.000952953
8.06359e-10 0.000452474 0.00101761
8.06461e-10 0.000453947 0.00108559
8.06562e-10 0.000455198 0.0011568
8.06663e-10 0.000456224 0.0012311
8.06764e-10 0.000457021 0.00130839
8.06866e-10 0.000457584 0.00138852
8.06967e-10 0.000457912 0.00147135
8.07068e-10 0.000458003 0.00155672
8.07169e-10 0.000457856 0.00164447
8.07271e-10 0.000457471 0.00173443
8.07372e-10 0.000456848 0.00182641
8.07473e-10 0.00045599 0.00192021
8.07575e-10 0.000454899 0.00201565
8.07676e-10 0.000453579 0.00211252
8.07777e-10 0.000452033 0.0022106
8.07878e-10 0.000450267 0.00230968
8.0798e-10 0.000448286 0.00240952
8.08081e-10 0.000446098 0.0025099
8.08182e-10 0.000443711 0.00261059
8.08283e-10 0.000441133 0.00271134
8.08385e-10 0.000438374 0.0028119
8.08486e-10 0.000435443 0.00291204
8.08587e-10 0.000432353 0.0030115
8.08689e-10 0.000429114 0.00311004
8.0879e-10 0.00042574 0.0032074
8.08891e-10 0.000422245 0.00330333
8.08992e-10 0.000418641 0.00339758
8.09094e-10 0.000414945 0.0034899
8.09195e-10 0.000411171 0.00358004
8.09296e-10 0.000407335 0.00366776
8.09397e-10 0.000403454 0.00375282
8.09499e-10 0.000399545 0.00383498
8.096e-10 0.000395626 0.00391401
8.09701e-10 0.000391714 0.00398968
8.09803e-10 0.000387828 0.00406177
8.09904e-10 0.000383986 0.00413007
8.10005e-10 0.000380207 0.00419438
8.10106e-10 0.000376509 0.0042545
8.10208e-10 0.000372912 0.00431024
8.10309e-10 0.000369436 0.00436143
8.1041e-10 0.000366098 0.0044079
8.10511e-10 0.000362918 0.0044495
8.10613e-10 0.000359914 0.00448609
8.10714e-10 0.000357106 0.00451754
8.10815e-10 0.000354511 0.00454373
8.10916e-10 0.000352148 0.00456457
8.11018e-10 0.000350034 0.00457997
8.11119e-10 0.000348185 0.00458985
8.1122e-10 0.000346619 0.00459416
8.11322e-10 0.00034535 0.00459287
8.11423e-10 0.000344395 0.00458594
8.11524e-10 0.000343767 0.00457337
8.11625e-10 0.00034348 0.00455516
8.11727e-10 0.000343547 0.00453136
8.11828e-10 0.000343978 0.004502
8.11929e-10 0.000344785 0.00446715
8.1203e-10 0.000345977 0.00442688
8.12132e-10 0.000347562 0.0043813
8.12233e-10 0.000349548 0.00433052
8.12334e-10 0.00035194 0.00427468
8.12436e-10 0.000354743 0.00421393
8.12537e-10 0.000357961 0.00414845
8.12638e-10 0.000361595 0.00407841
8.12739e-10 0.000365646 0.00400403
8.12841e-10 0.000370113 0.00392553
8.12942e-10 0.000374994 0.00384315
8.13043e-10 0.000380285 0.00375715
8.13144e-10 0.000385981 0.0036678
8.13246e-10 0.000392074 0.00357539
8.13347e-10 0.000398557 0.00348022
8.13448e-10 0.00040542 0.00338262
8.1355e-10 0.000412651 0.00328291
8.13651e-10 0.000420238 0.00318144
8.13752e-10 0.000428166 0.00307856
8.13853e-10 0.00043642 0.00297466
8.13955e-10 0.000444981 0.0028701
8.14056e-10 0.000453833 0.00276528
8.14157e-10 0.000462953 0.00266059
8.14258e-10 0.000472322 0.00255645
8.1436e-10 0.000481915 0.00245327
8.14461e-10 0.000491711 0.00235146
8.14562e-10 0.000501682 0.00225146
8.14663e-10 0.000511803 0.00215369
8.14765e-10 0.000522046 0.00205859
8.14866e-10 0.000532384 0.00196657
8.14967e-10 0.000542786 0.00187809
8.15069e-10 0.000553223 0.00179357
8.1517e-10 0.000563664 0.00171344
8.15271e-10 0.000574077 0.00163812
8.15372e-10 0.00058443 0.00156803
8.15474e-10 0.00059469 0.0015036
8.15575e-10 0.000604825 0.00144522
8.15676e-10 0.000614802 0.0013933
8.15777e-10 0.000624586 0.00134822
8.15879e-10 0.000634145 0.00131036
8.1598e-10 0.000643445 0.00128008
8.16081e-10 0.000652453 0.00125774
8.16183e-10 0.000661136 0.00124366
8.16284e-10 0.000669462 0.00123817
8.16385e-10 0.000677399 0.00124156
8.16486e-10 0.000684914 0.00125412
8.16588e-10 0.000691979 0.0012761
8.16689e-10 0.000698562 0.00130775
8.1679e-10 0.000704636 0.00134929
8.16891e-10 0.000710173 0.0014009
8.16993e-10 0.000715146 0.00146275
8.17094e-10 0.000719531 0.001535
8.17195e-10 0.000723305 0.00161775
8.17296e-10 0.000726444 0.0017111
8.17398e-10 0.00072893 0.00181512
8.17499e-10 0.000730743 0.00192982
8.176e-10 0.000731867 0.00205523
8.17702e-10 0.000732288 0.00219131
8.17803e-10 0.000731992 0.00233801
8.17904e-10 0.00073097 0.00249523
8.18005e-10 0.000729213 0.00266288
8.18107e-10 0.000726715 0.00284079
8.18208e-10 0.000723473 0.00302878
8.18309e-10 0.000719486 0.00322665
8.1841e-10 0.000714754 0.00343415
8.18512e-10 0.000709282 0.00365101
8.18613e-10 0.000703076 0.00387691
8.18714e-10 0.000696145 0.00411153
8.18816e-10 0.0006885 0.0043545
8.18917e-10 0.000680156 0.00460541
8.19018e-10 0.00067113 0.00486384
8.19119e-10 0.00066144 0.00512934
8.19221e-10 0.000651109 0.00540142
8.19322e-10 0.000640161 0.00567956
8.19423e-10 0.000628623 0.00596325
8.19524e-10 0.000616525 0.0062519
8.19626e-10 0.000603898 0.00654493
8.19727e-10 0.000590778 0.00684175
8.19828e-10 0.0005772 0.0071417
8.1993e-10 0.000563205 0.00744416
8.20031e-10 0.000548832 0.00774844
8.20132e-10 0.000534125 0.00805387
8.20233e-10 0.00051913 0.00835973
8.20335e-10 0.000503892 0.00866533
8.20436e-10 0.000488462 0.00896994
8.20537e-10 0.000472889 0.00927282
8.20638e-10 0.000457225 0.00957323
8.2074e-10 0.000441524 0.00987042
8.20841e-10 0.000425839 0.0101637
8.20942e-10 0.000410227 0.0104522
8.21043e-10 0.000394743 0.0107352
8.21145e-10 0.000379445 0.0110121
8.21246e-10 0.000364391 0.011282
8.21347e-10 0.000349637 0.0115442
8.21449e-10 0.000335243 0.011798
8.2155e-10 0.000321267 0.0120427
8.21651e-10 0.000307766 0.0122776
8.21752e-10 0.000294799 0.0125021
8.21854e-10 0.000282423 0.0127154
8.21955e-10 0.000270695 0.0129169
8.22056e-10 0.00025967 0.0131061
8.22157e-10 0.000249402 0.0132823
8.22259e-10 0.000239946 0.013445
8.2236e-10 0.000231352 0.0135937
8.22461e-10 0.000223673 0.0137279
8.22563e-10 0.000216955 0.0138471
8.22664e-10 0.000211246 0.013951
8.22765e-10 0.00020659 0.0140391
8.22866e-10 0.000203029 0.0141112
8.22968e-10 0.000200604 0.0141669
8.23069e-10 0.000199351 0.0142061
8.2317e-10 0.000199305 0.0142285
8.23271e-10 0.000200498 0.014234
8.23373e-10 0.000202958 0.0142225
8.23474e-10 0.000206711 0.014194
8.23575e-10 0.000211779 0.0141485
8.23677e-10 0.000218181 0.0140861
8.23778e-10 0.000225934 0.0140068
8.23879e-10 0.000235049 0.013911
8.2398e-10 0.000245535 0.0137987
8.24082e-10 0.000257397 0.0136704
8.24183e-10 0.000270637 0.0135264
8.24284e-10 0.000285253 0.0133671
8.24385e-10 0.000301238 0.013193
8.24487e-10 0.000318584 0.0130046
8.24588e-10 0.000337278 0.0128025
8.24689e-10 0.000357301 0.0125873
8.2479e-10 0.000378635 0.0123599
8.24892e-10 0.000401255 0.0121208
8.24993e-10 0.000425134 0.011871
8.25094e-10 0.00045024 0.0116113
8.25196e-10 0.000476539 0.0113426
8.25297e-10 0.000503993 0.011066
8.25398e-10 0.000532562 0.0107824
8.25499e-10 0.000562201 0.0104928
8.25601e-10 0.000592863 0.0101985
8.25702e-10 0.000624498 0.00990052
8.25803e-10 0.000657054 0.0096001
8.25904e-10 0.000690475 0.00929847
8.26006e-10 0.000724704 0.00899687
8.26107e-10 0.00075968 0.00869662
8.26208e-10 0.000795342 0.00839902
8.2631e-10 0.000831625 0.00810542
8.26411e-10 0.000868463 0.0078172
8.26512e-10 0.000905788 0.00753572
8.26613e-10 0.000943532 0.00726238
8.26715e-10 0.000981625 0.0069986
8.26816e-10 0.00101999 0.00674576
8.26917e-10 0.00105857 0.0065053
8.27018e-10 0.00109727 0.0062786
8.2712e-10 0.00113604 0.00606707
8.27221e-10 0.00117479 0.00587209
8.27322e-10 0.00121344 0.00569503
8.27424e-10 0.00125194 0.00553724
8.27525e-10 0.00129019 0.00540004
8.27626e-10 0.00132813 0.00528472
8.27727e-10 0.00136569 0.00519253
8.27829e-10 0.00140279 0.00512469
8.2793e-10 0.00143936 0.00508238
8.28031e-10 0.00147532 0.0050667
8.28132e-10 0.00151061 0.00507875
8.28234e-10 0.00154517 0.00511952
8.28335e-10 0.00157891 0.00518997
8.28436e-10 0.00161178 0.00529098
8.28537e-10 0.0016437 0.00542336
8.28639e-10 0.00167462 0.00558786
8.2874e-10 0.00170447 0.00578514
8.28841e-10 0.00173319 0.00601578
8.28943e-10 0.00176072 0.00628027
8.29044e-10 0.00178701 0.00657902
8.29145e-10 0.00181199 0.00691235
8.29246e-10 0.00183562 0.00728047
8.29348e-10 0.00185783 0.00768351
8.29449e-10 0.00187859 0.0081215
8.2955e-10 0.00189784 0.00859435
8.29651e-10 0.00191553 0.00910189
8.29753e-10 0.00193161 0.00964383
8.29854e-10 0.00194605 0.0102198
8.29955e-10 0.0019588 0.0108292
8.30057e-10 0.00196981 0.0114716
8.30158e-10 0.00197906 0.0121462
8.30259e-10 0.0019865 0.0128521
8.3036e-10 0.0019921 0.0135885
8.30462e-10 0.00199582 0.0143542
8.30563e-10 0.00199763 0.0151482
8.30664e-10 0.0019975 0.0159693
8.30765e-10 0.0019954 0.016816
8.30867e-10 0.00199131 0.0176869
8.30968e-10 0.0019852 0.0185805
8.31069e-10 0.00197705 0.0194951
8.31171e-10 0.00196683 0.0204291
8.31272e-10 0.00195453 0.0213805
8.31373e-10 0.00194014 0.0223474
8.31474e-10 0.00192364 0.023328
8.31576e-10 0.00190501 0.0243201
8.31677e-10 0.00188427 0.0253216
8.31778e-10 0.00186139 0.0263304
8.31879e-10 0.00183639 0.0273441
8.31981e-10 0.00180926 0.0283606
8.32082e-10 0.00178001 0.0293773
8.32183e-10 0.00174867 0.0303921
8.32284e-10 0.00171525 0.0314024
8.32386e-10 0.00167977 0.0324058
8.32487e-10 0.00164227 0.0333998
8.32588e-10 0.00160278 0.0343821
8.3269e-10 0.00156136 0.0353501
8.32791e-10 0.00151806 0.0363014
8.32892e-10 0.00147294 0.0372335
8.32993e-10 0.00142607 0.038144
8.33095e-10 0.00137755 0.0390306
8.33196e-10 0.00132746 0.0398909
8.33297e-10 0.00127591 0.0407226
8.33398e-10 0.00122302 0.0415234
8.335e-10 0.00116893 0.0422911
8.33601e-10 0.00111378 0.0430238
8.33702e-10 0.00105773 0.0437193
8.33804e-10 0.00100097 0.0443757
8.33905e-10 0.000943695 0.0449913
8.34006e-10 0.00088611 0.0455641
8.34107e-10 0.00082845 0.0460928
8.34209e-10 0.000770969 0.0465757
8.3431e-10 0.000713936 0.0470115
8.34411e-10 0.000657646 0.0473989
8.34512e-10 0.000602412 0.047737
8.34614e-10 0.00054857 0.0480247
8.34715e-10 0.000496479 0.0482612
8.34816e-10 0.000446523 0.048446
8.34917e-10 0.000399106 0.0485785
8.35019e-10 0.00035466 0.0486586
8.3512e-10 0.000313639 0.0486859
8.35221e-10 0.000276522 0.0486607
8.35323e-10 0.000243812 0.048583
8.35424e-10 0.000216037 0.0484534
8.35525e-10 0.000193751 0.0482724
8.35626e-10 0.000177527 0.0480407
8.35728e-10 0.000167966 0.0477593
8.35829e-10 0.000165689 0.0474294
8.3593e-10 0.00017134 0.0470521
8.36031e-10 0.000185583 0.0466291
8.36133e-10 0.000209101 0.046162
8.36234e-10 0.000242596 0.0456525
8.36335e-10 0.000286786 0.0451028
8.36437e-10 0.000342403 0.0445148
8.36538e-10 0.000410194 0.043891
8.36639e-10 0.000490913 0.0432338
8.3674e-10 0.000585324 0.0425459
8.36842e-10 0.000694196 0.0418298
8.36943e-10 0.0008183 0.0410886
8.37044e-10 0.000958407 0.0403252
8.37145e-10 0.00111528 0.0395427
8.37247e-10 0.00128969 0.0387443
8.37348e-10 0.00148237 0.0379333
8.37449e-10 0.00169407 0.0371131
8.37551e-10 0.00192549 0.036287
8.37652e-10 0.00217732 0.0354587
8.37753e-10 0.00245024 0.0346315
8.37854e-10 0.00274486 0.0338091
8.37956e-10 0.0030618 0.0329951
8.38057e-10 0.00340159 0.032193
8.38158e-10 0.00376476 0.0314064
8.38259e-10 0.00415174 0.0306388
8.38361e-10 0.00456296 0.0298938
8.38462e-10 0.00499874 0.0291748
8.38563e-10 0.00545936 0.0284852
8.38664e-10 0.00594502 0.0278283
8.38766e-10 0.00645586 0.0272073
8.38867e-10 0.00699193 0.0266254
8.38968e-10 0.00755317 0.0260855
8.3907e-10 0.00813949 0.0255905
8.39171e-10 0.00875065 0.0251432
8.39272e-10 0.00938634 0.024746
8.39373e-10 0.0100462 0.0244014
8.39475e-10 0.0107296 0.0241115
8.39576e-10 0.011436 0.0238785
8.39677e-10 0.0121646 0.0237041
8.39778e-10 0.0129147 0.0235899
8.3988e-10 0.0136853 0.0235374
