6.9e-10 0.00593347 0.0117674
6.90101e-10 0.00613982 0.0109227
6.90203e-10 0.00634663 0.0101194
6.90304e-10 0.00655365 0.00935737
6.90405e-10 0.00676063 0.00863629
6.90506e-10 0.00696733 0.00795585
6.90608e-10 0.00717351 0.00731567
6.90709e-10 0.00737893 0.00671533
6.9081e-10 0.00758334 0.00615437
6.90911e-10 0.00778651 0.0056323
6.91013e-10 0.00798821 0.00514855
6.91114e-10 0.00818819 0.00470256
6.91215e-10 0.00838624 0.00429371
6.91317e-10 0.00858212 0.00392133
6.91418e-10 0.00877562 0.00358476
6.91519e-10 0.00896652 0.00328327
6.9162e-10 0.00915461 0.00301612
6.91722e-10 0.00933968 0.00278254
6.91823e-10 0.00952153 0.00258174
6.91924e-10 0.00969997 0.0024129
6.92025e-10 0.00987481 0.00227519
6.92127e-10 0.0100459 0.00216775
6.92228e-10 0.010213 0.0020897
6.92329e-10 0.010376 0.00204016
6.9243e-10 0.0105347 0.00201823
6.92532e-10 0.010689 0.00202299
6.92633e-10 0.0108387 0.00205352
6.92734e-10 0.0109837 0.00210889
6.92836e-10 0.0111239 0.00218815
6.92937e-10 0.0112591 0.00229036
6.93038e-10 0.0113893 0.00241458
6.93139e-10 0.0115143 0.00255985
6.93241e-10 0.0116341 0.00272522
6.93342e-10 0.0117485 0.00290973
6.93443e-10 0.0118575 0.00311244
6.93544e-10 0.0119611 0.00333241
6.93646e-10 0.0120591 0.00356867
6.93747e-10 0.0121516 0.00382031
6.93848e-10 0.0122384 0.00408638
6.9395e-10 0.0123196 0.00436596
6.94051e-10 0.0123952 0.00465814
6.94152e-10 0.012465 0.00496202
6.94253e-10 0.0125292 0.00527669
6.94355e-10 0.0125877 0.00560127
6.94456e-10 0.0126405 0.00593489
6.94557e-10 0.0126876 0.0062767
6.94658e-10 0.0127291 0.00662585
6.9476e-10 0.0127651 0.00698151
6.94861e-10 0.0127954 0.00734286
6.94962e-10 0.0128203 0.00770911
6.95064e-10 0.0128397 0.00807948
6.95165e-10 0.0128537 0.0084532
6.95266e-10 0.0128624 0.00882953
6.95367e-10 0.0128659 0.00920773
6.95469e-10 0.0128642 0.0095871
6.9557e-10 0.0128574 0.00996694
6.95671e-10 0.0128456 0.0103466
6.95772e-10 0.0128289 0.0107254
6.95874e-10 0.0128073 0.0111027
6.95975e-10 0.0127811 0.0114779
6.96076e-10 0.0127503 0.0118504
6.96177e-10 0.0127151 0.0122197
6.96279e-10 0.0126754 0.0125851
6.9638e-10 0.0126315 0.0129462
6.96481e-10 0.0125835 0.0133025
6.96583e-10 0.0125315 0.0136534
6.96684e-10 0.0124757 0.0139985
6.96785e-10 0.0124161 0.0143373
6.96886e-10 0.0123529 0.0146695
6.96988e-10 0.0122862 0.0149945
6.97089e-10 0.0122162 0.0153121
6.9719e-10 0.012143 0.0156219
6.97291e-10 0.0120667 0.0159234
6.97393e-10 0.0119875 0.0162164
6.97494e-10 0.0119055 0.0165006
6.97595e-10 0.0118209 0.0167757
6.97697e-10 0.0117338 0.0170415
6.97798e-10 0.0116443 0.0172976
6.97899e-10 0.0115525 0.0175438
6.98e-10 0.0114587 0.01778
6.98102e-10 0.0113629 0.018006
6.98203e-10 0.0112654 0.0182216
6.98304e-10 0.0111661 0.0184266
6.98405e-10 0.0110653 0.0186208
6.98507e-10 0.010963 0.0188043
6.98608e-10 0.0108595 0.0189768
6.98709e-10 0.0107549 0.0191383
6.9881e-10 0.0106492 0.0192888
6.98912e-10 0.0105426 0.0194281
6.99013e-10 0.0104352 0.0195562
6.99114e-10 0.0103272 0.0196731
6.99216e-10 0.0102186 0.0197788
6.99317e-10 0.0101096 0.0198733
6.99418e-10 0.0100003 0.0199567
6.99519e-10 0.00989074 0.0200289
6.99621e-10 0.00978112 0.02009
6.99722e-10 0.00967152 0.02014
6.99823e-10 0.00956202 0.0201791
6.99924e-10 0.00945273 0.0202073
7.00026e-10 0.00934374 0.0202247
7.00127e-10 0.00923515 0.0202314
7.00228e-10 0.00912704 0.0202275
7.0033e-10 0.0090195 0.0202132
7.00431e-10 0.00891261 0.0201885
7.00532e-10 0.00880645 0.0201537
7.00633e-10 0.0087011 0.0201089
7.00735e-10 0.00859662 0.0200542
7.00836e-10 0.00849309 0.0199898
7.00937e-10 0.00839057 0.0199159
7.01038e-10 0.00828912 0.0198327
7.0114e-10 0.00818881 0.0197404
7.01241e-10 0.00808968 0.0196391
7.01342e-10 0.0079918 0.0195291
7.01444e-10 0.0078952 0.0194105
7.01545e-10 0.00779994 0.0192837
7.01646e-10 0.00770605 0.0191487
7.01747e-10 0.00761358 0.0190059
7.01849e-10 0.00752256 0.0188555
7.0195e-10 0.00743303 0.0186976
7.02051e-10 0.00734502 0.0185326
7.02152e-10 0.00725854 0.0183606
7.02254e-10 0.00717364 0.018182
7.02355e-10 0.00709032 0.0179969
7.02456e-10 0.0070086 0.0178056
7.02557e-10 0.00692851 0.0176083
7.02659e-10 0.00685005 0.0174053
7.0276e-10 0.00677324 0.0171969
7.02861e-10 0.00669808 0.0169832
7.02963e-10 0.00662458 0.0167646
7.03064e-10 0.00655273 0.0165412
7.03165e-10 0.00648255 0.0163135
7.03266e-10 0.00641403 0.0160815
7.03368e-10 0.00634716 0.0158455
7.03469e-10 0.00628194 0.0156058
7.0357e-10 0.00621836 0.0153627
7.03671e-10 0.00615641 0.0151164
7.03773e-10 0.00609607 0.0148671
7.03874e-10 0.00603734 0.0146151
7.03975e-10 0.0059802 0.0143606
7.04077e-10 0.00592463 0.0141038
7.04178e-10 0.00587061 0.013845
7.04279e-10 0.00581812 0.0135845
7.0438e-10 0.00576714 0.0133224
7.04482e-10 0.00571765 0.0130591
7.04583e-10 0.00566962 0.0127946
7.04684e-10 0.00562302 0.0125293
7.04785e-10 0.00557783 0.0122633
7.04887e-10 0.00553403 0.0119969
7.04988e-10 0.00549158 0.0117303
7.05089e-10 0.00545044 0.0114636
7.05191e-10 0.00541061 0.0111972
7.05292e-10 0.00537203 0.0109312
7.05393e-10 0.00533468 0.0106657
7.05494e-10 0.00529853 0.0104011
7.05596e-10 0.00526354 0.0101374
7.05697e-10 0.00522968 0.00987483
7.05798e-10 0.00519691 0.00961363
7.05899e-10 0.00516521 0.00935393
7.06001e-10 0.00513453 0.00909591
7.06102e-10 0.00510485 0.00883972
7.06203e-10 0.00507612 0.00858553
7.06304e-10 0.00504831 0.0083335
7.06406e-10 0.00502139 0.00808377
7.06507e-10 0.00499532 0.00783649
7.06608e-10 0.00497006 0.00759179
7.0671e-10 0.00494559 0.00734982
7.06811e-10 0.00492186 0.00711069
7.06912e-10 0.00489884 0.00687455
7.07013e-10 0.0048765 0.0066415
7.07115e-10 0.0048548 0.00641166
7.07216e-10 0.00483371 0.00618515
7.07317e-10 0.0048132 0.00596206
7.07418e-10 0.00479322 0.00574249
7.0752e-10 0.00477376 0.00552654
7.07621e-10 0.00475477 0.00531431
7.07722e-10 0.00473623 0.00510587
7.07824e-10 0.00471811 0.0049013
7.07925e-10 0.00470036 0.00470068
7.08026e-10 0.00468297 0.00450408
7.08127e-10 0.00466591 0.00431156
7.08229e-10 0.00464914 0.00412319
7.0833e-10 0.00463264 0.00393901
7.08431e-10 0.00461638 0.00375909
7.08532e-10 0.00460033 0.00358346
7.08634e-10 0.00458447 0.00341216
7.08735e-10 0.00456877 0.00324524
7.08836e-10 0.00455321 0.00308273
7.08938e-10 0.00453777 0.00292465
7.09039e-10 0.00452241 0.00277103
7.0914e-10 0.00450713 0.00262189
7.09241e-10 0.00449189 0.00247723
7.09343e-10 0.00447668 0.00233708
7.09444e-10 0.00446148 0.00220145
7.09545e-10 0.00444627 0.00207032
7.09646e-10 0.00443103 0.0019437
7.09748e-10 0.00441574 0.00182159
7.09849e-10 0.00440039 0.00170398
7.0995e-10 0.00438496 0.00159086
7.10051e-10 0.00436944 0.0014822
7.10153e-10 0.00435381 0.00137799
7.10254e-10 0.00433806 0.00127821
7.10355e-10 0.00432218 0.00118283
7.10457e-10 0.00430615 0.00109183
7.10558e-10 0.00428997 0.00100516
7.10659e-10 0.00427362 0.000922793
7.1076e-10 0.0042571 0.000844691
7.10862e-10 0.0042404 0.000770812
7.10963e-10 0.0042235 0.000701112
7.11064e-10 0.00420641 0.000635544
7.11165e-10 0.00418911 0.000574058
7.11267e-10 0.00417161 0.000516602
7.11368e-10 0.00415389 0.000463122
7.11469e-10 0.00413595 0.000413561
7.11571e-10 0.00411779 0.00036786
7.11672e-10 0.00409941 0.000325958
7.11773e-10 0.00408079 0.000287792
7.11874e-10 0.00406196 0.000253297
7.11976e-10 0.00404289 0.000222407
7.12077e-10 0.00402359 0.000195052
7.12178e-10 0.00400406 0.000171163
7.12279e-10 0.0039843 0.000150667
7.12381e-10 0.00396432 0.000133492
7.12482e-10 0.00394411 0.000119564
7.12583e-10 0.00392368 0.000108806
7.12684e-10 0.00390303 0.000101141
7.12786e-10 0.00388216 9.64911e-05
7.12887e-10 0.00386108 9.47776e-05
7.12988e-10 0.00383979 9.59204e-05
7.1309e-10 0.0038183 9.98385e-05
7.13191e-10 0.00379661 0.00010645
7.13292e-10 0.00377472 0.000115674
7.13393e-10 0.00375265 0.000127426
7.13495e-10 0.00373039 0.000141623
7.13596e-10 0.00370796 0.000158183
7.13697e-10 0.00368537 0.000177019
7.13798e-10 0.00366261 0.00019805
7.139e-10 0.0036397 0.000221189
7.14001e-10 0.00361664 0.000246352
7.14102e-10 0.00359344 0.000273455
7.14204e-10 0.00357011 0.000302412
7.14305e-10 0.00354666 0.000333141
7.14406e-10 0.0035231 0.000365555
7.14507e-10 0.00349943 0.000399572
7.14609e-10 0.00347566 0.000435107
7.1471e-10 0.00345181 0.000472078
7.14811e-10 0.00342787 0.000510401
7.14912e-10 0.00340387 0.000549993
7.15014e-10 0.00337981 0.000590774
7.15115e-10 0.00335569 0.000632662
7.15216e-10 0.00333153 0.000675576
7.15318e-10 0.00330734 0.000719438
7.15419e-10 0.00328312 0.000764167
7.1552e-10 0.00325889 0.000809685
7.15621e-10 0.00323465 0.000855916
7.15723e-10 0.00321041 0.000902784
7.15824e-10 0.00318619 0.000950212
7.15925e-10 0.00316198 0.000998128
7.16026e-10 0.00313781 0.00104646
7.16128e-10 0.00311368 0.00109513
7.16229e-10 0.00308959 0.00114407
7.1633e-10 0.00306556 0.00119321
7.16431e-10 0.0030416 0.00124249
7.16533e-10 0.00301771 0.00129183
7.16634e-10 0.0029939 0.00134117
7.16735e-10 0.00297019 0.00139045
7.16837e-10 0.00294657 0.0014396
7.16938e-10 0.00292305 0.00148856
7.17039e-10 0.00289966 0.00153727
7.1714e-10 0.00287638 0.00158567
7.17242e-10 0.00285323 0.00163371
7.17343e-10 0.00283022 0.00168132
7.17444e-10 0.00280735 0.00172846
7.17545e-10 0.00278464 0.00177507
7.17647e-10 0.00276208 0.0018211
7.17748e-10 0.00273968 0.0018665
7.17849e-10 0.00271745 0.00191123
7.17951e-10 0.0026954 0.00195523
7.18052e-10 0.00267352 0.00199846
7.18153e-10 0.00265184 0.00204087
7.18254e-10 0.00263035 0.00208244
7.18356e-10 0.00260905 0.00212311
7.18457e-10 0.00258796 0.00216285
7.18558e-10 0.00256707 0.00220162
7.18659e-10 0.00254639 0.00223938
7.18761e-10 0.00252593 0.00227611
7.18862e-10 0.00250568 0.00231177
7.18963e-10 0.00248566 0.00234633
7.19065e-10 0.00246586 0.00237976
7.19166e-10 0.0024463 0.00241204
7.19267e-10 0.00242696 0.00244314
7.19368e-10 0.00240786 0.00247303
7.1947e-10 0.00238899 0.0025017
7.19571e-10 0.00237037 0.00252912
7.19672e-10 0.00235198 0.00255527
7.19773e-10 0.00233384 0.00258014
7.19875e-10 0.00231594 0.00260372
7.19976e-10 0.00229829 0.00262598
7.20077e-10 0.00228088 0.00264692
7.20178e-10 0.00226372 0.00266652
7.2028e-10 0.00224681 0.00268478
7.20381e-10 0.00223015 0.00270168
7.20482e-10 0.00221373 0.00271722
7.20584e-10 0.00219756 0.0027314
7.20685e-10 0.00218164 0.0027442
7.20786e-10 0.00216597 0.00275564
7.20887e-10 0.00215054 0.0027657
7.20989e-10 0.00213536 0.00277439
7.2109e-10 0.00212043 0.00278171
7.21191e-10 0.00210573 0.00278766
7.21292e-10 0.00209128 0.00279225
7.21394e-10 0.00207707 0.00279549
7.21495e-10 0.0020631 0.00279737
7.21596e-10 0.00204936 0.00279791
7.21698e-10 0.00203586 0.00279712
7.21799e-10 0.00202259 0.002795
7.219e-10 0.00200955 0.00279157
7.22001e-10 0.00199674 0.00278685
7.22103e-10 0.00198415 0.00278084
7.22204e-10 0.00197178 0.00277356
7.22305e-10 0.00195963 0.00276503
7.22406e-10 0.0019477 0.00275526
7.22508e-10 0.00193598 0.00274427
7.22609e-10 0.00192447 0.00273208
7.2271e-10 0.00191316 0.00271871
7.22812e-10 0.00190206 0.00270418
7.22913e-10 0.00189116 0.00268851
7.23014e-10 0.00188045 0.00267172
7.23115e-10 0.00186993 0.00265384
7.23217e-10 0.00185959 0.00263488
7.23318e-10 0.00184945 0.00261489
7.23419e-10 0.00183948 0.00259387
7.2352e-10 0.00182968 0.00257185
7.23622e-10 0.00182006 0.00254887
7.23723e-10 0.00181061 0.00252494
7.23824e-10 0.00180131 0.0025001
7.23925e-10 0.00179218 0.00247437
7.24027e-10 0.0017832 0.00244778
7.24128e-10 0.00177437 0.00242036
7.24229e-10 0.00176569 0.00239214
7.24331e-10 0.00175715 0.00236314
7.24432e-10 0.00174875 0.00233341
7.24533e-10 0.00174048 0.00230296
7.24634e-10 0.00173234 0.00227184
7.24736e-10 0.00172432 0.00224006
7.24837e-10 0.00171643 0.00220767
7.24938e-10 0.00170865 0.00217469
7.25039e-10 0.00170098 0.00214115
7.25141e-10 0.00169342 0.00210709
7.25242e-10 0.00168597 0.00207254
7.25343e-10 0.00167861 0.00203752
7.25445e-10 0.00167135 0.00200208
7.25546e-10 0.00166418 0.00196623
7.25647e-10 0.0016571 0.00193003
7.25748e-10 0.0016501 0.00189349
7.2585e-10 0.00164318 0.00185664
7.25951e-10 0.00163634 0.00181953
7.26052e-10 0.00162957 0.00178218
7.26153e-10 0.00162286 0.00174462
7.26255e-10 0.00161623 0.00170688
7.26356e-10 0.00160965 0.001669
7.26457e-10 0.00160313 0.00163101
7.26559e-10 0.00159666 0.00159293
7.2666e-10 0.00159025 0.0015548
7.26761e-10 0.00158388 0.00151665
7.26862e-10 0.00157756 0.0014785
7.26964e-10 0.00157127 0.00144039
7.27065e-10 0.00156503 0.00140235
7.27166e-10 0.00155882 0.0013644
7.27267e-10 0.00155264 0.00132657
7.27369e-10 0.00154649 0.00128889
7.2747e-10 0.00154037 0.00125139
7.27571e-10 0.00153428 0.00121409
7.27672e-10 0.0015282 0.00117703
7.27774e-10 0.00152215 0.00114022
7.27875e-10 0.00151611 0.0011037
7.27976e-10 0.00151008 0.00106748
7.28078e-10 0.00150407 0.0010316
7.28179e-10 0.00149807 0.000996073
7.2828e-10 0.00149208 0.000960927
7.28381e-10 0.0014861 0.000926185
7.28483e-10 0.00148012 0.000891868
7.28584e-10 0.00147414 0.000857998
7.28685e-10 0.00146817 0.000824597
7.28786e-10 0.0014622 0.000791685
7.28888e-10 0.00145623 0.000759281
7.28989e-10 0.00145025 0.000727406
7.2909e-10 0.00144427 0.000696077
7.29192e-10 0.00143829 0.000665312
7.29293e-10 0.00143231 0.000635129
7.29394e-10 0.00142631 0.000605545
7.29495e-10 0.00142031 0.000576574
7.29597e-10 0.00141431 0.000548233
7.29698e-10 0.00140829 0.000520536
7.29799e-10 0.00140227 0.000493497
7.299e-10 0.00139624 0.000467129
7.30002e-10 0.0013902 0.000441444
7.30103e-10 0.00138415 0.000416455
7.30204e-10 0.00137809 0.000392171
7.30305e-10 0.00137203 0.000368605
7.30407e-10 0.00136595 0.000345764
7.30508e-10 0.00135986 0.000323658
7.30609e-10 0.00135377 0.000302296
7.30711e-10 0.00134766 0.000281685
7.30812e-10 0.00134155 0.000261831
7.30913e-10 0.00133543 0.000242741
7.31014e-10 0.0013293 0.00022442
7.31116e-10 0.00132316 0.000206873
7.31217e-10 0.00131701 0.000190104
7.31318e-10 0.00131086 0.000174116
7.31419e-10 0.00130471 0.000158911
7.31521e-10 0.00129855 0.000144492
7.31622e-10 0.00129238 0.00013086
7.31723e-10 0.00128622 0.000118015
7.31825e-10 0.00128005 0.000105958
7.31926e-10 0.00127387 9.46873e-05
7.32027e-10 0.0012677 8.42019e-05
7.32128e-10 0.00126153 7.44997e-05
7.3223e-10 0.00125536 6.5578e-05
7.32331e-10 0.0012492 5.74336e-05
7.32432e-10 0.00124303 5.00625e-05
7.32533e-10 0.00123688 4.34602e-05
7.32635e-10 0.00123073 3.76215e-05
7.32736e-10 0.00122458 3.25408e-05
7.32837e-10 0.00121845 2.82118e-05
7.32939e-10 0.00121232 2.46276e-05
7.3304e-10 0.00120621 2.17808e-05
7.33141e-10 0.00120011 1.96635e-05
7.33242e-10 0.00119402 1.82671e-05
7.33344e-10 0.00118795 1.75827e-05
7.33445e-10 0.0011819 1.76008e-05
7.33546e-10 0.00117586 1.83113e-05
7.33647e-10 0.00116985 1.97037e-05
7.33749e-10 0.00116385 2.17672e-05
7.3385e-10 0.00115788 2.44902e-05
7.33951e-10 0.00115193 2.7861e-05
7.34052e-10 0.001146 3.18672e-05
7.34154e-10 0.0011401 3.64962e-05
7.34255e-10 0.00113423 4.17348e-05
7.34356e-10 0.00112839 4.75696e-05
7.34458e-10 0.00112257 5.39868e-05
7.34559e-10 0.00111679 6.09721e-05
7.3466e-10 0.00111105 6.8511e-05
7.34761e-10 0.00110533 7.65886e-05
7.34863e-10 0.00109965 8.51898e-05
7.34964e-10 0.00109401 9.42991e-05
7.35065e-10 0.00108841 0.000103901
7.35166e-10 0.00108284 0.000113979
7.35268e-10 0.00107732 0.000124517
7.35369e-10 0.00107183 0.000135498
7.3547e-10 0.00106639 0.000146907
7.35572e-10 0.001061 0.000158725
7.35673e-10 0.00105564 0.000170937
7.35774e-10 0.00105034 0.000183524
7.35875e-10 0.00104508 0.000196469
7.35977e-10 0.00103986 0.000209755
7.36078e-10 0.0010347 0.000223363
7.36179e-10 0.00102959 0.000237278
7.3628e-10 0.00102452 0.000251479
7.36382e-10 0.00101951 0.00026595
7.36483e-10 0.00101455 0.000280672
7.36584e-10 0.00100964 0.000295627
7.36686e-10 0.00100479 0.000310798
7.36787e-10 0.000999986 0.000326166
7.36888e-10 0.00099524 0.000341713
7.36989e-10 0.000990549 0.000357421
7.37091e-10 0.000985914 0.000373273
7.37192e-10 0.000981335 0.000389249
7.37293e-10 0.000976813 0.000405332
7.37394e-10 0.000972348 0.000421504
7.37496e-10 0.000967941 0.000437748
7.37597e-10 0.000963591 0.000454045
7.37698e-10 0.000959299 0.000470378
7.37799e-10 0.000955066 0.000486731
7.37901e-10 0.000950891 0.000503084
7.38002e-10 0.000946774 0.000519422
7.38103e-10 0.000942716 0.000535728
7.38205e-10 0.000938717 0.000551984
7.38306e-10 0.000934776 0.000568173
7.38407e-10 0.000930895 0.000584281
7.38508e-10 0.000927071 0.00060029
7.3861e-10 0.000923306 0.000616184
7.38711e-10 0.0009196 0.000631949
7.38812e-10 0.000915951 0.000647567
7.38913e-10 0.00091236 0.000663025
7.39015e-10 0.000908826 0.000678307
7.39116e-10 0.00090535 0.000693399
7.39217e-10 0.000901931 0.000708286
7.39319e-10 0.000898568 0.000722954
7.3942e-10 0.00089526 0.00073739
7.39521e-10 0.000892008 0.00075158
7.39622e-10 0.000888812 0.000765511
7.39724e-10 0.000885669 0.000779171
7.39825e-10 0.00088258 0.000792546
7.39926e-10 0.000879544 0.000805626
7.40027e-10 0.000876561 0.000818397
7.40129e-10 0.000873629 0.00083085
7.4023e-10 0.000870749 0.000842973
7.40331e-10 0.000867918 0.000854756
7.40433e-10 0.000865137 0.000866187
7.40534e-10 0.000862405 0.000877259
7.40635e-10 0.000859721 0.00088796
7.40736e-10 0.000857083 0.000898283
7.40838e-10 0.000854492 0.000908219
7.40939e-10 0.000851946 0.000917759
7.4104e-10 0.000849444 0.000926896
7.41141e-10 0.000846985 0.000935622
7.41243e-10 0.000844569 0.000943931
7.41344e-10 0.000842194 0.000951816
7.41445e-10 0.000839859 0.000959272
7.41546e-10 0.000837564 0.000966291
7.41648e-10 0.000835307 0.00097287
7.41749e-10 0.000833087 0.000979004
7.4185e-10 0.000830903 0.000984688
7.41952e-10 0.000828755 0.000989918
7.42053e-10 0.00082664 0.000994691
7.42154e-10 0.000824559 0.000999004
7.42255e-10 0.000822509 0.00100285
7.42357e-10 0.00082049 0.00100624
7.42458e-10 0.0008185 0.00100916
7.42559e-10 0.000816539 0.00101161
7.4266e-10 0.000814606 0.00101359
7.42762e-10 0.000812699 0.0010151
7.42863e-10 0.000810817 0.00101615
7.42964e-10 0.000808959 0.00101672
7.43066e-10 0.000807125 0.00101683
7.43167e-10 0.000805312 0.00101647
7.43268e-10 0.00080352 0.00101565
7.43369e-10 0.000801748 0.00101436
7.43471e-10 0.000799994 0.00101261
7.43572e-10 0.000798258 0.00101041
7.43673e-10 0.000796539 0.00100775
7.43774e-10 0.000794835 0.00100464
7.43876e-10 0.000793146 0.00100108
7.43977e-10 0.000791471 0.00099708
7.44078e-10 0.000789808 0.000992644
7.44179e-10 0.000788156 0.000987775
7.44281e-10 0.000786515 0.000982479
7.44382e-10 0.000784884 0.000976763
7.44483e-10 0.000783261 0.000970632
7.44585e-10 0.000781646 0.000964093
7.44686e-10 0.000780038 0.000957152
7.44787e-10 0.000778436 0.000949818
7.44888e-10 0.000776839 0.000942097
7.4499e-10 0.000775247 0.000933998
7.45091e-10 0.000773658 0.000925528
7.45192e-10 0.000772072 0.000916696
7.45293e-10 0.000770488 0.000907511
7.45395e-10 0.000768905 0.000897981
7.45496e-10 0.000767323 0.000888116
7.45597e-10 0.000765741 0.000877926
7.45699e-10 0.000764158 0.00086742
7.458e-10 0.000762573 0.000856608
7.45901e-10 0.000760987 0.0008455
7.46002e-10 0.000759398 0.000834107
7.46104e-10 0.000757807 0.00082244
7.46205e-10 0.000756211 0.000810509
7.46306e-10 0.000754612 0.000798325
7.46407e-10 0.000753008 0.0007859
7.46509e-10 0.0007514 0.000773244
7.4661e-10 0.000749786 0.000760371
7.46711e-10 0.000748167 0.00074729
7.46813e-10 0.000746541 0.000734014
7.46914e-10 0.000744909 0.000720555
7.47015e-10 0.000743271 0.000706926
7.47116e-10 0.000741626 0.000693137
7.47218e-10 0.000739974 0.000679202
7.47319e-10 0.000738315 0.000665132
7.4742e-10 0.000736649 0.000650941
7.47521e-10 0.000734975 0.00063664
7.47623e-10 0.000733294 0.000622243
7.47724e-10 0.000731605 0.000607761
7.47825e-10 0.000729909 0.000593208
7.47926e-10 0.000728205 0.000578596
7.48028e-10 0.000726494 0.000563938
7.48129e-10 0.000724775 0.000549245
7.4823e-10 0.000723048 0.000534532
7.48332e-10 0.000721315 0.00051981
7.48433e-10 0.000719574 0.000505092
7.48534e-10 0.000717826 0.000490391
7.48635e-10 0.000716071 0.000475719
7.48737e-10 0.00071431 0.000461089
7.48838e-10 0.000712543 0.000446512
7.48939e-10 0.000710769 0.000432001
7.4904e-10 0.00070899 0.000417568
7.49142e-10 0.000707205 0.000403226
7.49243e-10 0.000705415 0.000388986
7.49344e-10 0.00070362 0.000374859
7.49446e-10 0.000701821 0.000360859
7.49547e-10 0.000700017 0.000346995
7.49648e-10 0.000698211 0.000333281
7.49749e-10 0.000696401 0.000319725
7.49851e-10 0.000694588 0.000306341
7.49952e-10 0.000692773 0.000293139
7.50053e-10 0.000690956 0.000280129
7.50154e-10 0.000689139 0.000267321
7.50256e-10 0.00068732 0.000254727
7.50357e-10 0.000685501 0.000242357
7.50458e-10 0.000683683 0.000230219
7.5056e-10 0.000681866 0.000218324
7.50661e-10 0.00068005 0.000206682
7.50762e-10 0.000678236 0.0001953
7.50863e-10 0.000676425 0.000184189
7.50965e-10 0.000674617 0.000173357
7.51066e-10 0.000672813 0.000162812
7.51167e-10 0.000671014 0.000152563
7.51268e-10 0.00066922 0.000142617
7.5137e-10 0.000667431 0.000132982
7.51471e-10 0.000665649 0.000123665
7.51572e-10 0.000663874 0.000114673
7.51673e-10 0.000662107 0.000106013
7.51775e-10 0.000660348 9.76916e-05
7.51876e-10 0.000658598 8.97146e-05
7.51977e-10 0.000656858 8.20877e-05
7.52079e-10 0.000655127 7.48167e-05
7.5218e-10 0.000653408 6.79065e-05
7.52281e-10 0.000651701 6.1362e-05
7.52382e-10 0.000650005 5.51879e-05
7.52484e-10 0.000648322 4.93883e-05
7.52585e-10 0.000646653 4.3967e-05
7.52686e-10 0.000644998 3.89276e-05
7.52787e-10 0.000643357 3.42734e-05
7.52889e-10 0.000641732 3.00072e-05
7.5299e-10 0.000640122 2.61315e-05
7.53091e-10 0.000638529 2.26486e-05
7.53193e-10 0.000636953 1.95602e-05
7.53294e-10 0.000635394 1.6868e-05
7.53395e-10 0.000633854 1.45731e-05
7.53496e-10 0.000632332 1.26763e-05
7.53598e-10 0.000630829 1.11782e-05
7.53699e-10 0.000629346 1.00789e-05
7.538e-10 0.000627884 9.37816e-06
7.53901e-10 0.000626442 9.07554e-06
7.54003e-10 0.000625021 9.17015e-06
7.54104e-10 0.000623621 9.66079e-06
7.54205e-10 0.000622244 1.05459e-05
7.54307e-10 0.000620889 1.18237e-05
7.54408e-10 0.000619557 1.34919e-05
7.54509e-10 0.000618249 1.5548e-05
7.5461e-10 0.000616963 1.79892e-05
7.54712e-10 0.000615702 2.08122e-05
7.54813e-10 0.000614465 2.40136e-05
7.54914e-10 0.000613253 2.75895e-05
7.55015e-10 0.000612066 3.15359e-05
7.55117e-10 0.000610903 3.58483e-05
7.55218e-10 0.000609766 4.05219e-05
7.55319e-10 0.000608655 4.55518e-05
7.5542e-10 0.000607569 5.09325e-05
7.55522e-10 0.000606509 5.66584e-05
7.55623e-10 0.000605476 6.27236e-05
7.55724e-10 0.000604469 6.9122e-05
7.55826e-10 0.000603488 7.5847e-05
7.55927e-10 0.000602533 8.2892e-05
7.56028e-10 0.000601605 9.02498e-05
7.56129e-10 0.000600704 9.79132e-05
7.56231e-10 0.000599829 0.000105875
7.56332e-10 0.00059898 0.000114127
7.56433e-10 0.000598159 0.000122661
7.56534e-10 0.000597363 0.000131469
7.56636e-10 0.000596594 0.000140543
7.56737e-10 0.000595852 0.000149875
7.56838e-10 0.000595136 0.000159454
7.5694e-10 0.000594445 0.000169272
7.57041e-10 0.000593781 0.00017932
7.57142e-10 0.000593142 0.000189589
7.57243e-10 0.000592529 0.000200068
7.57345e-10 0.000591941 0.000210748
7.57446e-10 0.000591379 0.000221618
7.57547e-10 0.000590841 0.00023267
7.57648e-10 0.000590327 0.000243892
7.5775e-10 0.000589838 0.000255274
7.57851e-10 0.000589373 0.000266806
7.57952e-10 0.000588931 0.000278477
7.58053e-10 0.000588512 0.000290276
7.58155e-10 0.000588116 0.000302192
7.58256e-10 0.000587743 0.000314215
7.58357e-10 0.000587391 0.000326333
7.58459e-10 0.000587061 0.000338536
7.5856e-10 0.000586752 0.000350811
7.58661e-10 0.000586463 0.000363148
7.58762e-10 0.000586195 0.000375536
7.58864e-10 0.000585946 0.000387964
7.58965e-10 0.000585717 0.000400419
7.59066e-10 0.000585506 0.000412891
7.59167e-10 0.000585313 0.000425368
7.59269e-10 0.000585137 0.00043784
7.5937e-10 0.000584978 0.000450293
7.59471e-10 0.000584836 0.000462719
7.59573e-10 0.00058471 0.000475104
7.59674e-10 0.000584598 0.000487438
7.59775e-10 0.000584502 0.00049971
7.59876e-10 0.000584419 0.000511909
7.59978e-10 0.00058435 0.000524022
7.60079e-10 0.000584293 0.000536041
7.6018e-10 0.000584249 0.000547953
7.60281e-10 0.000584216 0.000559748
7.60383e-10 0.000584194 0.000571415
7.60484e-10 0.000584182 0.000582943
7.60585e-10 0.000584179 0.000594323
7.60687e-10 0.000584186 0.000605543
7.60788e-10 0.000584201 0.000616594
7.60889e-10 0.000584224 0.000627466
7.6099e-10 0.000584253 0.000638148
7.61092e-10 0.000584289 0.000648631
7.61193e-10 0.000584331 0.000658906
7.61294e-10 0.000584378 0.000668963
7.61395e-10 0.000584429 0.000678793
7.61497e-10 0.000584484 0.000688388
7.61598e-10 0.000584542 0.000697737
7.61699e-10 0.000584603 0.000706833
7.618e-10 0.000584666 0.000715668
7.61902e-10 0.00058473 0.000724233
7.62003e-10 0.000584795 0.000732521
7.62104e-10 0.000584861 0.000740523
7.62206e-10 0.000584926 0.000748233
7.62307e-10 0.00058499 0.000755644
7.62408e-10 0.000585052 0.000762748
7.62509e-10 0.000585113 0.000769539
7.62611e-10 0.000585171 0.000776011
7.62712e-10 0.000585226 0.000782158
7.62813e-10 0.000585277 0.000787974
7.62914e-10 0.000585324 0.000793453
7.63016e-10 0.000585367 0.000798591
7.63117e-10 0.000585405 0.000803383
7.63218e-10 0.000585437 0.000807823
7.6332e-10 0.000585464 0.000811908
7.63421e-10 0.000585484 0.000815634
7.63522e-10 0.000585497 0.000818997
7.63623e-10 0.000585504 0.000821994
7.63725e-10 0.000585503 0.000824622
7.63826e-10 0.000585495 0.000826879
7.63927e-10 0.000585478 0.000828761
7.64028e-10 0.000585454 0.000830267
7.6413e-10 0.00058542 0.000831396
7.64231e-10 0.000585378 0.000832146
7.64332e-10 0.000585327 0.000832515
7.64434e-10 0.000585266 0.000832505
7.64535e-10 0.000585196 0.000832113
7.64636e-10 0.000585117 0.00083134
7.64737e-10 0.000585027 0.000830187
7.64839e-10 0.000584928 0.000828654
7.6494e-10 0.000584819 0.000826742
7.65041e-10 0.000584699 0.000824453
7.65142e-10 0.00058457 0.000821788
7.65244e-10 0.00058443 0.00081875
7.65345e-10 0.00058428 0.000815341
7.65446e-10 0.00058412 0.000811563
7.65547e-10 0.00058395 0.000807419
7.65649e-10 0.00058377 0.000802914
7.6575e-10 0.00058358 0.000798051
7.65851e-10 0.00058338 0.000792834
7.65953e-10 0.00058317 0.000787267
7.66054e-10 0.00058295 0.000781355
7.66155e-10 0.000582722 0.000775103
7.66256e-10 0.000582483 0.000768517
7.66358e-10 0.000582236 0.000761602
7.66459e-10 0.00058198 0.000754364
7.6656e-10 0.000581716 0.000746809
7.66661e-10 0.000581443 0.000738944
7.66763e-10 0.000581162 0.000730777
7.66864e-10 0.000580874 0.000722313
7.66965e-10 0.000580578 0.000713561
7.67067e-10 0.000580276 0.000704528
7.67168e-10 0.000579966 0.000695222
7.67269e-10 0.000579651 0.000685652
7.6737e-10 0.00057933 0.000675826
7.67472e-10 0.000579003 0.000665753
7.67573e-10 0.000578672 0.000655442
7.67674e-10 0.000578337 0.000644902
7.67775e-10 0.000577997 0.000634143
7.67877e-10 0.000577654 0.000623174
7.67978e-10 0.000577308 0.000612006
7.68079e-10 0.00057696 0.000600648
7.68181e-10 0.00057661 0.000589111
7.68282e-10 0.000576259 0.000577406
7.68383e-10 0.000575907 0.000565544
7.68484e-10 0.000575554 0.000553534
7.68586e-10 0.000575203 0.000541389
7.68687e-10 0.000574852 0.00052912
7.68788e-10 0.000574503 0.000516738
7.68889e-10 0.000574157 0.000504254
7.68991e-10 0.000573813 0.000491681
7.69092e-10 0.000573473 0.00047903
7.69193e-10 0.000573138 0.000466313
7.69294e-10 0.000572807 0.000453543
7.69396e-10 0.000572482 0.00044073
7.69497e-10 0.000572163 0.000427889
7.69598e-10 0.00057185 0.00041503
7.697e-10 0.000571546 0.000402166
7.69801e-10 0.000571249 0.00038931
7.69902e-10 0.000570962 0.000376475
7.70003e-10 0.000570683 0.000363672
7.70105e-10 0.000570416 0.000350914
7.70206e-10 0.000570159 0.000338213
7.70307e-10 0.000569913 0.000325584
7.70408e-10 0.00056968 0.000313036
7.7051e-10 0.00056946 0.000300585
7.70611e-10 0.000569253 0.000288241
7.70712e-10 0.00056906 0.000276017
7.70814e-10 0.000568882 0.000263926
7.70915e-10 0.00056872 0.00025198
7.71016e-10 0.000568573 0.000240191
7.71117e-10 0.000568444 0.000228571
7.71219e-10 0.000568331 0.000217134
7.7132e-10 0.000568236 0.000205889
7.71421e-10 0.00056816 0.000194851
7.71522e-10 0.000568103 0.000184029
7.71624e-10 0.000568066 0.000173436
7.71725e-10 0.000568048 0.000163084
7.71826e-10 0.000568051 0.000152983
7.71928e-10 0.000568076 0.000143145
7.72029e-10 0.000568122 0.00013358
7.7213e-10 0.00056819 0.0001243
7.72231e-10 0.000568281 0.000115315
7.72333e-10 0.000568395 0.000106636
7.72434e-10 0.000568532 9.82726e-05
7.72535e-10 0.000568693 9.02347e-05
7.72636e-10 0.000568879 8.25322e-05
7.72738e-10 0.000569089 7.51745e-05
7.72839e-10 0.000569324 6.81708e-05
7.7294e-10 0.000569585 6.15302e-05
7.73041e-10 0.000569871 5.52613e-05
7.73143e-10 0.000570183 4.93726e-05
7.73244e-10 0.000570521 4.38721e-05
7.73345e-10 0.000570886 3.87677e-05
7.73447e-10 0.000571277 3.40669e-05
7.73548e-10 0.000571695 2.97769e-05
7.73649e-10 0.00057214 2.59047e-05
7.7375e-10 0.000572612 2.24567e-05
7.73852e-10 0.000573111 1.94394e-05
7.73953e-10 0.000573637 1.68584e-05
7.74054e-10 0.000574191 1.47195e-05
7.74155e-10 0.000574773 1.30277e-05
7.74257e-10 0.000575381 1.1788e-05
7.74358e-10 0.000576017 1.10047e-05
7.74459e-10 0.00057668 1.06821e-05
7.74561e-10 0.000577371 1.08238e-05
7.74662e-10 0.000578089 1.14332e-05
7.74763e-10 0.000578833 1.25132e-05
7.74864e-10 0.000579605 1.40664e-05
7.74966e-10 0.000580403 1.6095e-05
7.75067e-10 0.000581228 1.86008e-05
7.75168e-10 0.000582079 2.15851e-05
7.75269e-10 0.000582956 2.50489e-05
7.75371e-10 0.000583859 2.89927e-05
7.75472e-10 0.000584787 3.34168e-05
7.75573e-10 0.000585741 3.83208e-05
7.75674e-10 0.000586719 4.37041e-05
7.75776e-10 0.000587721 4.95655e-05
7.75877e-10 0.000588747 5.59036e-05
7.75978e-10 0.000589797 6.27165e-05
7.7608e-10 0.00059087 7.00016e-05
7.76181e-10 0.000591965 7.77564e-05
7.76282e-10 0.000593083 8.59776e-05
7.76383e-10 0.000594222 9.46615e-05
7.76485e-10 0.000595382 0.000103804
7.76586e-10 0.000596562 0.000113401
7.76687e-10 0.000597762 0.000123448
7.76788e-10 0.000598982 0.000133938
7.7689e-10 0.00060022 0.000144867
7.76991e-10 0.000601476 0.000156228
7.77092e-10 0.000602749 0.000168016
7.77194e-10 0.000604039 0.000180222
7.77295e-10 0.000605345 0.000192839
7.77396e-10 0.000606666 0.000205861
7.77497e-10 0.000608001 0.000219278
7.77599e-10 0.00060935 0.000233082
7.777e-10 0.000610712 0.000247265
7.77801e-10 0.000612086 0.000261817
7.77902e-10 0.000613472 0.000276729
7.78004e-10 0.000614868 0.000291989
7.78105e-10 0.000616274 0.000307589
7.78206e-10 0.000617689 0.000323518
7.78308e-10 0.000619112 0.000339764
7.78409e-10 0.000620543 0.000356315
7.7851e-10 0.00062198 0.000373161
7.78611e-10 0.000623422 0.000390289
7.78713e-10 0.00062487 0.000407687
7.78814e-10 0.000626321 0.000425342
7.78915e-10 0.000627776 0.000443241
7.79016e-10 0.000629233 0.000461371
7.79118e-10 0.000630691 0.000479718
7.79219e-10 0.00063215 0.000498269
7.7932e-10 0.000633609 0.000517009
7.79421e-10 0.000635067 0.000535924
7.79523e-10 0.000636523 0.000555
7.79624e-10 0.000637976 0.000574222
7.79725e-10 0.000639426 0.000593574
7.79827e-10 0.000640871 0.000613042
7.79928e-10 0.000642311 0.00063261
7.80029e-10 0.000643746 0.000652263
7.8013e-10 0.000645173 0.000671984
7.80232e-10 0.000646594 0.000691759
7.80333e-10 0.000648006 0.00071157
7.80434e-10 0.000649409 0.000731402
7.80535e-10 0.000650802 0.000751239
7.80637e-10 0.000652186 0.000771063
7.80738e-10 0.000653558 0.000790859
7.80839e-10 0.000654918 0.00081061
7.80941e-10 0.000656266 0.000830299
7.81042e-10 0.000657602 0.000849909
7.81143e-10 0.000658923 0.000869425
7.81244e-10 0.000660231 0.000888828
7.81346e-10 0.000661524 0.000908103
7.81447e-10 0.000662802 0.000927233
7.81548e-10 0.000664064 0.000946201
7.81649e-10 0.00066531 0.000964989
7.81751e-10 0.000666539 0.000983582
7.81852e-10 0.000667752 0.00100196
7.81953e-10 0.000668947 0.00102012
7.82055e-10 0.000670124 0.00103802
7.82156e-10 0.000671283 0.00105567
7.82257e-10 0.000672424 0.00107304
7.82358e-10 0.000673546 0.00109012
7.8246e-10 0.00067465 0.00110688
7.82561e-10 0.000675734 0.00112333
7.82662e-10 0.0006768 0.00113943
7.82763e-10 0.000677846 0.00115517
7.82865e-10 0.000678873 0.00117055
7.82966e-10 0.00067988 0.00118554
7.83067e-10 0.000680868 0.00120013
7.83168e-10 0.000681836 0.0012143
7.8327e-10 0.000682786 0.00122805
7.83371e-10 0.000683716 0.00124135
7.83472e-10 0.000684627 0.0012542
7.83574e-10 0.000685519 0.00126657
7.83675e-10 0.000686392 0.00127847
7.83776e-10 0.000687247 0.00128987
7.83877e-10 0.000688084 0.00130077
7.83979e-10 0.000688903 0.00131114
7.8408e-10 0.000689704 0.00132099
7.84181e-10 0.000690489 0.00133029
7.84282e-10 0.000691257 0.00133905
7.84384e-10 0.000692009 0.00134724
7.84485e-10 0.000692745 0.00135486
7.84586e-10 0.000693467 0.00136191
7.84688e-10 0.000694174 0.00136836
7.84789e-10 0.000694867 0.00137421
7.8489e-10 0.000695547 0.00137946
7.84991e-10 0.000696215 0.0013841
7.85093e-10 0.000696871 0.00138812
7.85194e-10 0.000697517 0.00139151
7.85295e-10 0.000698153 0.00139427
7.85396e-10 0.000698779 0.00139639
7.85498e-10 0.000699397 0.00139788
7.85599e-10 0.000700008 0.00139871
7.857e-10 0.000700613 0.0013989
7.85802e-10 0.000701212 0.00139844
7.85903e-10 0.000701807 0.00139732
7.86004e-10 0.000702398 0.00139554
7.86105e-10 0.000702987 0.00139311
7.86207e-10 0.000703576 0.00139002
7.86308e-10 0.000704164 0.00138627
7.86409e-10 0.000704753 0.00138187
7.8651e-10 0.000705345 0.0013768
7.86612e-10 0.00070594 0.00137109
7.86713e-10 0.00070654 0.00136472
7.86814e-10 0.000707146 0.0013577
7.86915e-10 0.00070776 0.00135004
7.87017e-10 0.000708382 0.00134173
7.87118e-10 0.000709014 0.0013328
7.87219e-10 0.000709657 0.00132323
7.87321e-10 0.000710312 0.00131304
7.87422e-10 0.000710982 0.00130223
7.87523e-10 0.000711666 0.00129081
7.87624e-10 0.000712368 0.00127879
7.87726e-10 0.000713087 0.00126618
7.87827e-10 0.000713826 0.00125299
7.87928e-10 0.000714585 0.00123923
7.88029e-10 0.000715367 0.00122491
7.88131e-10 0.000716172 0.00121003
7.88232e-10 0.000717001 0.00119462
7.88333e-10 0.000717858 0.00117869
7.88435e-10 0.000718741 0.00116224
7.88536e-10 0.000719654 0.0011453
7.88637e-10 0.000720597 0.00112788
7.88738e-10 0.000721572 0.00110998
7.8884e-10 0.000722581 0.00109164
7.88941e-10 0.000723623 0.00107286
7.89042e-10 0.000724701 0.00105367
7.89143e-10 0.000725817 0.00103407
7.89245e-10 0.00072697 0.00101409
7.89346e-10 0.000728164 0.000993751
7.89447e-10 0.000729398 0.000973067
7.89548e-10 0.000730674 0.000952058
7.8965e-10 0.000731993 0.000930746
7.89751e-10 0.000733357 0.000909151
7.89852e-10 0.000734766 0.000887295
7.89954e-10 0.000736222 0.0008652
7.90055e-10 0.000737726 0.000842888
7.90156e-10 0.000739279 0.000820381
7.90257e-10 0.000740881 0.000797704
7.90359e-10 0.000742534 0.00077488
7.9046e-10 0.000744239 0.000751932
7.90561e-10 0.000745996 0.000728886
7.90662e-10 0.000747806 0.000705767
7.90764e-10 0.000749671 0.000682599
7.90865e-10 0.00075159 0.000659409
7.90966e-10 0.000753565 0.000636222
7.91068e-10 0.000755597 0.000613064
7.91169e-10 0.000757685 0.000589963
7.9127e-10 0.000759831 0.000566945
7.91371e-10 0.000762034 0.000544037
7.91473e-10 0.000764296 0.000521266
7.91574e-10 0.000766616 0.000498661
7.91675e-10 0.000768996 0.000476248
7.91776e-10 0.000771435 0.000454056
7.91878e-10 0.000773933 0.000432113
7.91979e-10 0.000776491 0.000410446
7.9208e-10 0.000779109 0.000389085
7.92182e-10 0.000781786 0.000368058
7.92283e-10 0.000784523 0.000347392
7.92384e-10 0.00078732 0.000327117
7.92485e-10 0.000790177 0.00030726
7.92587e-10 0.000793092 0.000287851
7.92688e-10 0.000796066 0.000268918
7.92789e-10 0.000799099 0.000250488
7.9289e-10 0.00080219 0.000232591
7.92992e-10 0.000805339 0.000215254
7.93093e-10 0.000808545 0.000198505
7.93194e-10 0.000811807 0.000182373
7.93295e-10 0.000815125 0.000166884
7.93397e-10 0.000818497 0.000152066
7.93498e-10 0.000821924 0.000137947
7.93599e-10 0.000825404 0.000124552
7.93701e-10 0.000828936 0.000111909
7.93802e-10 0.000832519 0.000100044
7.93903e-10 0.000836153 8.89828e-05
7.94004e-10 0.000839835 7.87507e-05
7.94106e-10 0.000843565 6.93729e-05
7.94207e-10 0.000847341 6.0874e-05
7.94308e-10 0.000851162 5.32783e-05
7.94409e-10 0.000855027 4.66094e-05
7.94511e-10 0.000858934 4.08905e-05
7.94612e-10 0.000862881 3.61444e-05
7.94713e-10 0.000866867 3.2393e-05
7.94815e-10 0.00087089 2.9658e-05
7.94916e-10 0.000874948 2.79601e-05
7.95017e-10 0.000879041 2.73197e-05
7.95118e-10 0.000883165 2.77562e-05
7.9522e-10 0.000887318 2.92887e-05
7.95321e-10 0.0008915 3.19352e-05
7.95422e-10 0.000895708 3.57132e-05
7.95523e-10 0.000899939 4.06393e-05
7.95625e-10 0.000904193 4.67295e-05
7.95726e-10 0.000908466 5.39987e-05
7.95827e-10 0.000912756 6.24612e-05
7.95929e-10 0.000917062 7.21303e-05
7.9603e-10 0.00092138 8.30187e-05
7.96131e-10 0.000925709 9.51377e-05
7.96232e-10 0.000930047 0.000108498
7.96334e-10 0.00093439 0.00012311
7.96435e-10 0.000938737 0.000138981
7.96536e-10 0.000943085 0.00015612
7.96637e-10 0.000947432 0.000174534
7.96739e-10 0.000951775 0.000194227
7.9684e-10 0.000956112 0.000215206
7.96941e-10 0.00096044 0.000237472
7.97042e-10 0.000964757 0.00026103
7.97144e-10 0.000969061 0.000285881
7.97245e-10 0.000973348 0.000312024
7.97346e-10 0.000977616 0.00033946
7.97448e-10 0.000981863 0.000368186
7.97549e-10 0.000986086 0.0003982
7.9765e-10 0.000990283 0.000429496
7.97751e-10 0.000994451 0.000462071
7.97853e-10 0.000998588 0.000495917
7.97954e-10 0.00100269 0.000531026
7.98055e-10 0.00100676 0.00056739
7.98156e-10 0.00101079 0.000604999
7.98258e-10 0.00101478 0.000643842
7.98359e-10 0.00101872 0.000683905
7.9846e-10 0.00102262 0.000725176
7.98562e-10 0.00102647 0.000767638
7.98663e-10 0.00103027 0.000811277
7.98764e-10 0.00103402 0.000856074
7.98865e-10 0.00103772 0.000902012
7.98967e-10 0.00104135 0.000949069
7.99068e-10 0.00104494 0.000997226
7.99169e-10 0.00104845 0.00104646
7.9927e-10 0.00105191 0.00109675
7.99372e-10 0.00105531 0.00114806
7.99473e-10 0.00105863 0.00120038
7.99574e-10 0.00106189 0.00125367
7.99676e-10 0.00106509 0.00130791
7.99777e-10 0.00106821 0.00136307
7.99878e-10 0.00107125 0.00141911
7.99979e-10 0.00107423 0.00147601
8.00081e-10 0.00107713 0.00153374
8.00182e-10 0.00107996 0.00159224
8.00283e-10 0.0010827 0.00165151
8.00384e-10 0.00108538 0.00171148
8.00486e-10 0.00108797 0.00177214
8.00587e-10 0.00109048 0.00183344
8.00688e-10 0.00109291 0.00189534
8.00789e-10 0.00109527 0.00195779
8.00891e-10 0.00109754 0.00202077
8.00992e-10 0.00109973 0.00208422
8.01093e-10 0.00110184 0.0021481
8.01195e-10 0.00110387 0.00221238
8.01296e-10 0.00110582 0.00227699
8.01397e-10 0.00110768 0.0023419
8.01498e-10 0.00110947 0.00240706
8.016e-10 0.00111118 0.00247242
8.01701e-10 0.00111281 0.00253793
8.01802e-10 0.00111435 0.00260355
8.01903e-10 0.00111582 0.00266921
8.02005e-10 0.00111722 0.00273489
8.02106e-10 0.00111854 0.00280051
8.02207e-10 0.00111978 0.00286603
8.02309e-10 0.00112095 0.00293139
8.0241e-10 0.00112206 0.00299655
8.02511e-10 0.00112309 0.00306145
8.02612e-10 0.00112405 0.00312603
8.02714e-10 0.00112495 0.00319024
8.02815e-10 0.00112578 0.00325403
8.02916e-10 0.00112656 0.00331734
8.03017e-10 0.00112727 0.00338011
8.03119e-10 0.00112793 0.00344229
8.0322e-10 0.00112854 0.00350383
8.03321e-10 0.0011291 0.00356466
8.03422e-10 0.0011296 0.00362474
8.03524e-10 0.00113007 0.003684
8.03625e-10 0.00113049 0.00374239
8.03726e-10 0.00113088 0.00379986
8.03828e-10 0.00113123 0.00385634
8.03929e-10 0.00113155 0.00391178
8.0403e-10 0.00113184 0.00396614
8.04131e-10 0.00113212 0.00401934
8.04233e-10 0.00113237 0.00407134
8.04334e-10 0.00113261 0.00412209
8.04435e-10 0.00113284 0.00417153
8.04536e-10 0.00113306 0.0042196
8.04638e-10 0.00113328 0.00426625
8.04739e-10 0.00113351 0.00431144
8.0484e-10 0.00113374 0.00435511
8.04942e-10 0.00113399 0.00439721
8.05043e-10 0.00113425 0.00443768
8.05144e-10 0.00113453 0.00447649
8.05245e-10 0.00113485 0.00451359
8.05347e-10 0.00113519 0.00454892
8.05448e-10 0.00113558 0.00458244
8.05549e-10 0.001136 0.00461411
8.0565e-10 0.00113648 0.00464388
8.05752e-10 0.00113701 0.00467172
8.05853e-10 0.0011376 0.00469757
8.05954e-10 0.00113825 0.0047214
8.06056e-10 0.00113898 0.00474318
8.06157e-10 0.00113977 0.00476286
8.06258e-10 0.00114066 0.00478042
8.06359e-10 0.00114162 0.00479581
8.06461e-10 0.00114268 0.00480901
8.06562e-10 0.00114384 0.00481998
8.06663e-10 0.0011451 0.0048287
8.06764e-10 0.00114647 0.00483515
8.06866e-10 0.00114796 0.00483929
8.06967e-10 0.00114956 0.00484111
8.07068e-10 0.00115129 0.00484058
8.07169e-10 0.00115315 0.00483768
8.07271e-10 0.00115515 0.00483241
8.07372e-10 0.00115729 0.00482474
8.07473e-10 0.00115957 0.00481467
8.07575e-10 0.00116201 0.00480219
8.07676e-10 0.0011646 0.00478728
8.07777e-10 0.00116736 0.00476994
8.07878e-10 0.00117028 0.00475017
8.0798e-10 0.00117337 0.00472798
8.08081e-10 0.00117664 0.00470336
8.08182e-10 0.00118009 0.00467631
8.08283e-10 0.00118372 0.00464686
8.08385e-10 0.00118754 0.004615
8.08486e-10 0.00119156 0.00458075
8.08587e-10 0.00119577 0.00454413
8.08689e-10 0.00120018 0.00450516
8.0879e-10 0.00120479 0.00446385
8.08891e-10 0.00120961 0.00442023
8.08992e-10 0.00121464 0.00437433
8.09094e-10 0.00121989 0.00432619
8.09195e-10 0.00122535 0.00427582
8.09296e-10 0.00123102 0.00422327
8.09397e-10 0.00123692 0.00416858
8.09499e-10 0.00124304 0.00411179
8.096e-10 0.00124938 0.00405295
8.09701e-10 0.00125595 0.00399209
8.09803e-10 0.00126274 0.00392929
8.09904e-10 0.00126976 0.00386458
8.10005e-10 0.00127701 0.00379802
8.10106e-10 0.00128448 0.00372968
8.10208e-10 0.00129219 0.00365962
8.10309e-10 0.00130012 0.00358791
8.1041e-10 0.00130827 0.00351461
8.10511e-10 0.00131666 0.0034398
8.10613e-10 0.00132527 0.00336355
8.10714e-10 0.0013341 0.00328595
8.10815e-10 0.00134315 0.00320706
8.10916e-10 0.00135242 0.00312699
8.11018e-10 0.00136191 0.00304582
8.11119e-10 0.00137161 0.00296363
8.1122e-10 0.00138152 0.00288052
8.11322e-10 0.00139164 0.00279659
8.11423e-10 0.00140196 0.00271194
8.11524e-10 0.00141248 0.00262667
8.11625e-10 0.00142319 0.00254088
8.11727e-10 0.00143409 0.00245469
8.11828e-10 0.00144517 0.00236819
8.11929e-10 0.00145643 0.00228152
8.1203e-10 0.00146787 0.00219478
8.12132e-10 0.00147946 0.00210809
8.12233e-10 0.00149122 0.00202157
8.12334e-10 0.00150312 0.00193535
8.12436e-10 0.00151517 0.00184955
8.12537e-10 0.00152735 0.0017643
8.12638e-10 0.00153966 0.00167973
8.12739e-10 0.00155209 0.00159597
8.12841e-10 0.00156462 0.00151316
8.12942e-10 0.00157725 0.00143144
8.13043e-10 0.00158998 0.00135094
8.13144e-10 0.00160278 0.0012718
8.13246e-10 0.00161565 0.00119417
8.13347e-10 0.00162859 0.00111819
8.13448e-10 0.00164157 0.00104401
8.1355e-10 0.00165458 0.000971767
8.13651e-10 0.00166762 0.000901618
8.13752e-10 0.00168067 0.000833709
8.13853e-10 0.00169372 0.000768192
8.13955e-10 0.00170676 0.000705218
8.14056e-10 0.00171978 0.000644939
8.14157e-10 0.00173276 0.000587509
8.14258e-10 0.00174568 0.000533083
8.1436e-10 0.00175854 0.000481813
8.14461e-10 0.00177133 0.000433856
8.14562e-10 0.00178402 0.000389367
8.14663e-10 0.0017966 0.0003485
8.14765e-10 0.00180906 0.000311411
8.14866e-10 0.00182139 0.000278254
8.14967e-10 0.00183357 0.000249185
8.15069e-10 0.00184558 0.000224358
8.1517e-10 0.00185742 0.000203926
8.15271e-10 0.00186906 0.000188042
8.15372e-10 0.00188049 0.000176858
8.15474e-10 0.00189169 0.000170525
8.15575e-10 0.00190266 0.000169193
8.15676e-10 0.00191337 0.000173008
8.15777e-10 0.00192381 0.000182119
8.15879e-10 0.00193397 0.000196669
8.1598e-10 0.00194382 0.000216802
8.16081e-10 0.00195336 0.000242659
8.16183e-10 0.00196257 0.000274377
8.16284e-10 0.00197144 0.000312094
8.16385e-10 0.00197994 0.000355942
8.16486e-10 0.00198807 0.000406052
8.16588e-10 0.00199581 0.000462552
8.16689e-10 0.00200315 0.000525566
8.1679e-10 0.00201007 0.000595216
8.16891e-10 0.00201656 0.000671619
8.16993e-10 0.0020226 0.00075489
8.17094e-10 0.00202819 0.000845138
8.17195e-10 0.0020333 0.00094247
8.17296e-10 0.00203793 0.00104699
8.17398e-10 0.00204206 0.00115879
8.17499e-10 0.00204568 0.00127796
8.176e-10 0.00204879 0.00140461
8.17702e-10 0.00205136 0.00153879
8.17803e-10 0.00205338 0.00168061
8.17904e-10 0.00205486 0.00183012
8.18005e-10 0.00205577 0.00198739
8.18107e-10 0.00205611 0.00215249
8.18208e-10 0.00205587 0.00232548
8.18309e-10 0.00205504 0.00250639
8.1841e-10 0.00205361 0.00269529
8.18512e-10 0.00205158 0.00289219
8.18613e-10 0.00204893 0.00309714
8.18714e-10 0.00204567 0.00331015
8.18816e-10 0.00204179 0.00353125
8.18917e-10 0.00203728 0.00376044
8.19018e-10 0.00203214 0.00399773
8.19119e-10 0.00202637 0.00424311
8.19221e-10 0.00201996 0.00449658
8.19322e-10 0.00201291 0.0047581
8.19423e-10 0.00200522 0.00502766
8.19524e-10 0.00199689 0.00530522
8.19626e-10 0.00198792 0.00559073
8.19727e-10 0.00197832 0.00588415
8.19828e-10 0.00196808 0.00618541
8.1993e-10 0.00195721 0.00649445
8.20031e-10 0.00194571 0.0068112
8.20132e-10 0.00193358 0.00713556
8.20233e-10 0.00192084 0.00746744
8.20335e-10 0.00190748 0.00780675
8.20436e-10 0.00189352 0.00815336
8.20537e-10 0.00187896 0.00850717
8.20638e-10 0.00186382 0.00886804
8.2074e-10 0.00184809 0.00923583
8.20841e-10 0.0018318 0.0096104
8.20942e-10 0.00181495 0.00999158
8.21043e-10 0.00179756 0.0103792
8.21145e-10 0.00177964 0.0107732
8.21246e-10 0.00176121 0.0111732
8.21347e-10 0.00174227 0.0115791
8.21449e-10 0.00172285 0.0119907
8.2155e-10 0.00170296 0.0124078
8.21651e-10 0.00168263 0.0128302
8.21752e-10 0.00166186 0.0132577
8.21854e-10 0.00164067 0.0136899
8.21955e-10 0.0016191 0.0141267
8.22056e-10 0.00159716 0.0145678
8.22157e-10 0.00157486 0.0150129
8.22259e-10 0.00155224 0.0154617
8.2236e-10 0.00152932 0.0159141
8.22461e-10 0.00150611 0.0163696
8.22563e-10 0.00148265 0.016828
8.22664e-10 0.00145896 0.017289
8.22765e-10 0.00143507 0.0177522
8.22866e-10 0.001411 0.0182174
8.22968e-10 0.00138678 0.0186841
8.23069e-10 0.00136244 0.0191521
8.2317e-10 0.001338 0.019621
8.23271e-10 0.0013135 0.0200904
8.23373e-10 0.00128896 0.02056
8.23474e-10 0.00126441 0.0210295
8.23575e-10 0.00123989 0.0214983
8.23677e-10 0.00121542 0.0219663
8.23778e-10 0.00119103 0.0224328
8.23879e-10 0.00116676 0.0228977
8.2398e-10 0.00114264 0.0233604
8.24082e-10 0.00111869 0.0238205
8.24183e-10 0.00109496 0.0242777
8.24284e-10 0.00107146 0.0247315
8.24385e-10 0.00104824 0.0251815
8.24487e-10 0.00102532 0.0256273
8.24588e-10 0.00100273 0.0260685
8.24689e-10 0.000980518 0.0265045
8.2479e-10 0.0009587 0.0269351
8.24892e-10 0.000937313 0.0273597
8.24993e-10 0.000916388 0.0277778
8.25094e-10 0.000895955 0.0281892
8.25196e-10 0.000876044 0.0285933
8.25297e-10 0.000856688 0.0289896
8.25398e-10 0.000837915 0.0293778
8.25499e-10 0.000819754 0.0297574
8.25601e-10 0.000802236 0.030128
8.25702e-10 0.000785388 0.030489
8.25803e-10 0.00076924 0.0308402
8.25904e-10 0.000753817 0.0311809
8.26006e-10 0.000739148 0.0315109
8.26107e-10 0.000725258 0.0318297
8.26208e-10 0.000712173 0.0321368
8.2631e-10 0.000699919 0.0324319
8.26411e-10 0.000688519 0.0327144
8.26512e-10 0.000677996 0.0329841
8.26613e-10 0.000668375 0.0332405
8.26715e-10 0.000659676 0.0334832
8.26816e-10 0.000651921 0.0337118
8.26917e-10 0.00064513 0.033926
8.27018e-10 0.000639323 0.0341253
8.2712e-10 0.000634518 0.0343095
8.27221e-10 0.000630735 0.0344782
8.27322e-10 0.000627989 0.0346309
8.27424e-10 0.000626297 0.0347675
8.27525e-10 0.000625674 0.0348876
8.27626e-10 0.000626137 0.0349908
8.27727e-10 0.000627697 0.035077
8.27829e-10 0.00063037 0.0351458
8.2793e-10 0.000634168 0.0351969
8.28031e-10 0.000639102 0.0352302
8.28132e-10 0.000645184 0.0352454
8.28234e-10 0.000652426 0.0352423
8.28335e-10 0.000660837 0.0352207
8.28436e-10 0.000670427 0.0351804
8.28537e-10 0.000681207 0.0351213
8.28639e-10 0.000693185 0.0350433
8.2874e-10 0.000706371 0.0349462
8.28841e-10 0.000720774 0.0348299
8.28943e-10 0.000736403 0.0346944
8.29044e-10 0.000753267 0.0345397
8.29145e-10 0.000771376 0.0343657
8.29246e-10 0.00079074 0.0341723
8.29348e-10 0.000811367 0.0339597
8.29449e-10 0.000833271 0.0337279
8.2955e-10 0.000856461 0.033477
8.29651e-10 0.00088095 0.033207
8.29753e-10 0.000906752 0.0329181
8.29854e-10 0.000933882 0.0326105
8.29955e-10 0.000962355 0.0322843
8.30057e-10 0.000992189 0.0319397
8.30158e-10 0.0010234 0.031577
8.30259e-10 0.00105602 0.0311964
8.3036e-10 0.00109006 0.0307983
8.30462e-10 0.00112555 0.030383
8.30563e-10 0.00116252 0.0299507
8.30664e-10 0.001201 0.029502
8.30765e-10 0.00124102 0.0290373
8.30867e-10 0.00128262 0.0285569
8.30968e-10 0.00132584 0.0280613
8.31069e-10 0.00137073 0.0275512
8.31171e-10 0.00141732 0.0270269
8.31272e-10 0.00146569 0.0264891
8.31373e-10 0.00151587 0.0259385
8.31474e-10 0.00156793 0.0253755
8.31576e-10 0.00162194 0.024801
8.31677e-10 0.00167797 0.0242155
8.31778e-10 0.00173609 0.0236199
8.31879e-10 0.00179639 0.0230149
8.31981e-10 0.00185895 0.0224013
8.32082e-10 0.00192387 0.0217798
8.32183e-10 0.00199125 0.0211515
8.32284e-10 0.00206118 0.020517
8.32386e-10 0.0021338 0.0198775
8.32487e-10 0.00220921 0.0192337
8.32588e-10 0.00228755 0.0185868
8.3269e-10 0.00236895 0.0179376
8.32791e-10 0.00245354 0.0172872
8.32892e-10 0.0025415 0.0166366
8.32993e-10 0.00263296 0.015987
8.33095e-10 0.0027281 0.0153394
8.33196e-10 0.00282709 0.014695
8.33297e-10 0.00293011 0.0140549
8.33398e-10 0.00303736 0.0134203
8.335e-10 0.00314904 0.0127924
8.33601e-10 0.00326536 0.0121723
8.33702e-10 0.00338653 0.0115614
8.33804e-10 0.00351278 0.0109609
8.33905e-10 0.00364435 0.010372
8.34006e-10 0.00378148 0.00979596
8.34107e-10 0.00392443 0.00923419
8.34209e-10 0.00407345 0.00868792
8.3431e-10 0.00422882 0.00815849
8.34411e-10 0.00439081 0.0076472
8.34512e-10 0.00455972 0.00715539
8.34614e-10 0.00473583 0.00668439
8.34715e-10 0.00491946 0.00623553
8.34816e-10 0.0051109 0.00581016
8.34917e-10 0.00531049 0.0054096
8.35019e-10 0.00551854 0.00503519
8.3512e-10 0.00573539 0.00468825
8.35221e-10 0.00596137 0.00437011
8.35323e-10 0.00619682 0.00408207
8.35424e-10 0.0064421 0.00382544
8.35525e-10 0.00669755 0.00360148
8.35626e-10 0.00696354 0.00341148
8.35728e-10 0.00724041 0.00325668
8.35829e-10 0.00752854 0.00313831
8.3593e-10 0.00782828 0.00305756
8.36031e-10 0.00814 0.00301562
8.36133e-10 0.00846406 0.00301363
8.36234e-10 0.00880082 0.0030527
8.36335e-10 0.00915065 0.00313393
8.36437e-10 0.0095139 0.00325836
8.36538e-10 0.00989093 0.00342699
8.36639e-10 0.0102821 0.00364078
8.3674e-10 0.0106877 0.00390067
8.36842e-10 0.0111081 0.00420752
8.36943e-10 0.0115436 0.00456215
8.37044e-10 0.0119946 0.00496534
8.37145e-10 0.0124613 0.00541781
8.37247e-10 0.012944 0.00592021
8.37348e-10 0.013443 0.00647314
8.37449e-10 0.0139586 0.00707715
8.37551e-10 0.014491 0.0077327
8.37652e-10 0.0150404 0.00844021
8.37753e-10 0.015607 0.0092
8.37854e-10 0.016191 0.0100123
8.37956e-10 0.0167926 0.0108774
8.38057e-10 0.0174118 0.0117954
8.38158e-10 0.0180489 0.0127662
8.38259e-10 0.0187037 0.0137899
8.38361e-10 0.0193765 0.0148664
8.38462e-10 0.0200671 0.0159953
8.38563e-10 0.0207757 0.0171765
8.38664e-10 0.021502 0.0184095
8.38766e-10 0.022246 0.0196939
8.38867e-10 0.0230076 0.0210291
8.38968e-10 0.0237866 0.0224146
8.3907e-10 0.0245827 0.0238494
8.39171e-10 0.0253958 0.0253329
8.39272e-10 0.0262254 0.026864
8.39373e-10 0.0270712 0.0284418
8.39475e-10 0.0279329 0.0300651
8.39576e-10 0.0288099 0.0317329
8.39677e-10 0.0297018 0.0334436
8.39778e-10 0.0306079 0.0351961
8.3988e-10 0.0315278 0.0369887
