6.9e-10 0.0225705 0.00919886
6.90101e-10 0.0225683 0.00940019
6.90203e-10 0.0225675 0.00960002
6.90304e-10 0.0225678 0.00979824
6.90405e-10 0.0225689 0.00999475
6.90506e-10 0.0225706 0.0101895
6.90608e-10 0.0225726 0.0103823
6.90709e-10 0.0225747 0.0105731
6.9081e-10 0.0225767 0.0107618
6.90911e-10 0.0225785 0.0109484
6.91013e-10 0.0225797 0.0111327
6.91114e-10 0.0225803 0.0113147
6.91215e-10 0.02258 0.0114943
6.91317e-10 0.0225787 0.0116715
6.91418e-10 0.0225763 0.0118461
6.91519e-10 0.0225726 0.0120182
6.9162e-10 0.0225676 0.0121877
6.91722e-10 0.0225609 0.0123544
6.91823e-10 0.0225527 0.0125184
6.91924e-10 0.0225427 0.0126797
6.92025e-10 0.0225309 0.0128381
6.92127e-10 0.0225172 0.0129936
6.92228e-10 0.0225015 0.0131462
6.92329e-10 0.0224838 0.0132959
6.9243e-10 0.0224639 0.0134427
6.92532e-10 0.0224419 0.0135864
6.92633e-10 0.0224177 0.0137271
6.92734e-10 0.0223912 0.0138648
6.92836e-10 0.0223624 0.0139994
6.92937e-10 0.0223313 0.0141309
6.93038e-10 0.0222978 0.0142594
6.93139e-10 0.022262 0.0143847
6.93241e-10 0.0222238 0.0145069
6.93342e-10 0.0221833 0.014626
6.93443e-10 0.0221403 0.014742
6.93544e-10 0.0220949 0.0148548
6.93646e-10 0.0220472 0.0149645
6.93747e-10 0.0219971 0.015071
6.93848e-10 0.0219446 0.0151745
6.9395e-10 0.0218898 0.0152748
6.94051e-10 0.0218326 0.0153719
6.94152e-10 0.0217731 0.015466
6.94253e-10 0.0217114 0.015557
6.94355e-10 0.0216473 0.0156449
6.94456e-10 0.0215811 0.0157297
6.94557e-10 0.0215127 0.0158114
6.94658e-10 0.021442 0.0158901
6.9476e-10 0.0213693 0.0159657
6.94861e-10 0.0212945 0.0160384
6.94962e-10 0.0212176 0.016108
6.95064e-10 0.0211387 0.0161747
6.95165e-10 0.0210579 0.0162384
6.95266e-10 0.0209751 0.0162992
6.95367e-10 0.0208904 0.0163571
6.95469e-10 0.0208039 0.0164121
6.9557e-10 0.0207157 0.0164643
6.95671e-10 0.0206256 0.0165136
6.95772e-10 0.0205339 0.0165602
6.95874e-10 0.0204406 0.0166039
6.95975e-10 0.0203457 0.0166449
6.96076e-10 0.0202492 0.0166832
6.96177e-10 0.0201512 0.0167189
6.96279e-10 0.0200518 0.0167518
6.9638e-10 0.019951 0.0167822
6.96481e-10 0.0198489 0.0168099
6.96583e-10 0.0197454 0.0168351
6.96684e-10 0.0196408 0.0168578
6.96785e-10 0.0195349 0.016878
6.96886e-10 0.0194279 0.0168957
6.96988e-10 0.0193199 0.016911
6.97089e-10 0.0192107 0.0169239
6.9719e-10 0.0191006 0.0169344
6.97291e-10 0.0189896 0.0169426
6.97393e-10 0.0188777 0.0169486
6.97494e-10 0.0187649 0.0169522
6.97595e-10 0.0186513 0.0169537
6.97697e-10 0.018537 0.0169529
6.97798e-10 0.0184219 0.01695
6.97899e-10 0.0183063 0.016945
6.98e-10 0.01819 0.016938
6.98102e-10 0.0180731 0.0169288
6.98203e-10 0.0179557 0.0169177
6.98304e-10 0.0178379 0.0169046
6.98405e-10 0.0177196 0.0168895
6.98507e-10 0.0176009 0.0168725
6.98608e-10 0.0174819 0.0168537
6.98709e-10 0.0173625 0.016833
6.9881e-10 0.0172429 0.0168106
6.98912e-10 0.017123 0.0167863
6.99013e-10 0.0170029 0.0167603
6.99114e-10 0.0168827 0.0167327
6.99216e-10 0.0167624 0.0167033
6.99317e-10 0.0166419 0.0166724
6.99418e-10 0.0165215 0.0166398
6.99519e-10 0.016401 0.0166057
6.99621e-10 0.0162805 0.01657
6.99722e-10 0.01616 0.0165328
6.99823e-10 0.0160396 0.0164942
6.99924e-10 0.0159194 0.0164541
7.00026e-10 0.0157992 0.0164127
7.00127e-10 0.0156793 0.0163698
7.00228e-10 0.0155595 0.0163257
7.0033e-10 0.01544 0.0162802
7.00431e-10 0.0153207 0.0162334
7.00532e-10 0.0152016 0.0161854
7.00633e-10 0.0150829 0.0161362
7.00735e-10 0.0149645 0.0160858
7.00836e-10 0.0148465 0.0160343
7.00937e-10 0.0147288 0.0159816
7.01038e-10 0.0146115 0.0159278
7.0114e-10 0.0144946 0.015873
7.01241e-10 0.0143781 0.0158171
7.01342e-10 0.0142621 0.0157602
7.01444e-10 0.0141466 0.0157023
7.01545e-10 0.0140315 0.0156435
7.01646e-10 0.013917 0.0155837
7.01747e-10 0.013803 0.0155231
7.01849e-10 0.0136895 0.0154615
7.0195e-10 0.0135766 0.0153992
7.02051e-10 0.0134642 0.0153359
7.02152e-10 0.0133524 0.0152719
7.02254e-10 0.0132413 0.0152071
7.02355e-10 0.0131307 0.0151416
7.02456e-10 0.0130208 0.0150753
7.02557e-10 0.0129115 0.0150084
7.02659e-10 0.0128028 0.0149407
7.0276e-10 0.0126948 0.0148725
7.02861e-10 0.0125875 0.0148035
7.02963e-10 0.0124808 0.014734
7.03064e-10 0.0123748 0.0146639
7.03165e-10 0.0122696 0.0145932
7.03266e-10 0.012165 0.014522
7.03368e-10 0.0120611 0.0144502
7.03469e-10 0.011958 0.014378
7.0357e-10 0.0118555 0.0143052
7.03671e-10 0.0117539 0.014232
7.03773e-10 0.0116529 0.0141584
7.03874e-10 0.0115527 0.0140843
7.03975e-10 0.0114532 0.0140099
7.04077e-10 0.0113545 0.013935
7.04178e-10 0.0112565 0.0138598
7.04279e-10 0.0111593 0.0137843
7.0438e-10 0.0110629 0.0137084
7.04482e-10 0.0109672 0.0136322
7.04583e-10 0.0108722 0.0135557
7.04684e-10 0.0107781 0.0134789
7.04785e-10 0.0106847 0.0134019
7.04887e-10 0.0105921 0.0133246
7.04988e-10 0.0105003 0.0132471
7.05089e-10 0.0104092 0.0131694
7.05191e-10 0.0103189 0.0130915
7.05292e-10 0.0102294 0.0130134
7.05393e-10 0.0101407 0.0129351
7.05494e-10 0.0100527 0.0128567
7.05596e-10 0.00996556 0.0127781
7.05697e-10 0.00987915 0.0126995
7.05798e-10 0.00979352 0.0126207
7.05899e-10 0.00970865 0.0125418
7.06001e-10 0.00962456 0.0124628
7.06102e-10 0.00954124 0.0123837
7.06203e-10 0.00945868 0.0123046
7.06304e-10 0.00937689 0.0122255
7.06406e-10 0.00929586 0.0121463
7.06507e-10 0.00921559 0.012067
7.06608e-10 0.00913608 0.0119878
7.0671e-10 0.00905732 0.0119086
7.06811e-10 0.00897932 0.0118293
7.06912e-10 0.00890206 0.0117501
7.07013e-10 0.00882555 0.011671
7.07115e-10 0.00874978 0.0115918
7.07216e-10 0.00867475 0.0115128
7.07317e-10 0.00860046 0.0114337
7.07418e-10 0.00852689 0.0113548
7.0752e-10 0.00845405 0.0112759
7.07621e-10 0.00838194 0.0111972
7.07722e-10 0.00831054 0.0111185
7.07824e-10 0.00823986 0.0110399
7.07925e-10 0.00816989 0.0109615
7.08026e-10 0.00810063 0.0108831
7.08127e-10 0.00803206 0.0108049
7.08229e-10 0.00796419 0.0107269
7.0833e-10 0.00789701 0.010649
7.08431e-10 0.00783052 0.0105712
7.08532e-10 0.00776472 0.0104936
7.08634e-10 0.00769958 0.0104162
7.08735e-10 0.00763512 0.010339
7.08836e-10 0.00757133 0.0102619
7.08938e-10 0.0075082 0.0101851
7.09039e-10 0.00744573 0.0101084
7.0914e-10 0.0073839 0.0100319
7.09241e-10 0.00732273 0.00995567
7.09343e-10 0.00726219 0.00987963
7.09444e-10 0.00720229 0.00980382
7.09545e-10 0.00714302 0.00972822
7.09646e-10 0.00708437 0.00965286
7.09748e-10 0.00702634 0.00957774
7.09849e-10 0.00696893 0.00950286
7.0995e-10 0.00691212 0.00942823
7.10051e-10 0.00685592 0.00935386
7.10153e-10 0.00680032 0.00927973
7.10254e-10 0.0067453 0.00920588
7.10355e-10 0.00669088 0.00913228
7.10457e-10 0.00663703 0.00905896
7.10558e-10 0.00658376 0.00898591
7.10659e-10 0.00653106 0.00891315
7.1076e-10 0.00647892 0.00884066
7.10862e-10 0.00642734 0.00876846
7.10963e-10 0.00637631 0.00869655
7.11064e-10 0.00632584 0.00862494
7.11165e-10 0.0062759 0.00855362
7.11267e-10 0.0062265 0.0084826
7.11368e-10 0.00617763 0.00841189
7.11469e-10 0.00612929 0.00834148
7.11571e-10 0.00608146 0.00827138
7.11672e-10 0.00603416 0.00820159
7.11773e-10 0.00598736 0.00813212
7.11874e-10 0.00594106 0.00806297
7.11976e-10 0.00589526 0.00799413
7.12077e-10 0.00584996 0.00792562
7.12178e-10 0.00580514 0.00785743
7.12279e-10 0.00576081 0.00778957
7.12381e-10 0.00571695 0.00772204
7.12482e-10 0.00567356 0.00765484
7.12583e-10 0.00563064 0.00758798
7.12684e-10 0.00558818 0.00752145
7.12786e-10 0.00554618 0.00745525
7.12887e-10 0.00550463 0.00738939
7.12988e-10 0.00546352 0.00732388
7.1309e-10 0.00542286 0.0072587
7.13191e-10 0.00538263 0.00719387
7.13292e-10 0.00534283 0.00712938
7.13393e-10 0.00530346 0.00706524
7.13495e-10 0.00526451 0.00700144
7.13596e-10 0.00522597 0.00693799
7.13697e-10 0.00518785 0.00687489
7.13798e-10 0.00515013 0.00681214
7.139e-10 0.00511281 0.00674974
7.14001e-10 0.00507589 0.0066877
7.14102e-10 0.00503936 0.006626
7.14204e-10 0.00500322 0.00656466
7.14305e-10 0.00496746 0.00650367
7.14406e-10 0.00493208 0.00644303
7.14507e-10 0.00489707 0.00638275
7.14609e-10 0.00486243 0.00632283
7.1471e-10 0.00482816 0.00626326
7.14811e-10 0.00479424 0.00620405
7.14912e-10 0.00476069 0.00614519
7.15014e-10 0.00472748 0.00608669
7.15115e-10 0.00469462 0.00602855
7.15216e-10 0.0046621 0.00597076
7.15318e-10 0.00462992 0.00591333
7.15419e-10 0.00459807 0.00585626
7.1552e-10 0.00456656 0.00579954
7.15621e-10 0.00453537 0.00574318
7.15723e-10 0.0045045 0.00568718
7.15824e-10 0.00447395 0.00563153
7.15925e-10 0.00444371 0.00557624
7.16026e-10 0.00441379 0.00552131
7.16128e-10 0.00438417 0.00546673
7.16229e-10 0.00435485 0.00541251
7.1633e-10 0.00432583 0.00535864
7.16431e-10 0.0042971 0.00530513
7.16533e-10 0.00426867 0.00525197
7.16634e-10 0.00424052 0.00519917
7.16735e-10 0.00421266 0.00514672
7.16837e-10 0.00418507 0.00509462
7.16938e-10 0.00415777 0.00504287
7.17039e-10 0.00413073 0.00499148
7.1714e-10 0.00410397 0.00494044
7.17242e-10 0.00407747 0.00488975
7.17343e-10 0.00405123 0.0048394
7.17444e-10 0.00402525 0.00478941
7.17545e-10 0.00399953 0.00473977
7.17647e-10 0.00397406 0.00469047
7.17748e-10 0.00394884 0.00464152
7.17849e-10 0.00392387 0.00459291
7.17951e-10 0.00389914 0.00454465
7.18052e-10 0.00387465 0.00449674
7.18153e-10 0.00385039 0.00444917
7.18254e-10 0.00382637 0.00440194
7.18356e-10 0.00380258 0.00435505
7.18457e-10 0.00377902 0.0043085
7.18558e-10 0.00375568 0.00426229
7.18659e-10 0.00373257 0.00421642
7.18761e-10 0.00370967 0.00417089
7.18862e-10 0.00368699 0.00412569
7.18963e-10 0.00366453 0.00408083
7.19065e-10 0.00364227 0.0040363
7.19166e-10 0.00362022 0.00399211
7.19267e-10 0.00359838 0.00394824
7.19368e-10 0.00357674 0.00390471
7.1947e-10 0.0035553 0.00386151
7.19571e-10 0.00353406 0.00381864
7.19672e-10 0.00351301 0.00377609
7.19773e-10 0.00349216 0.00373387
7.19875e-10 0.00347149 0.00369198
7.19976e-10 0.00345101 0.00365041
7.20077e-10 0.00343072 0.00360916
7.20178e-10 0.00341061 0.00356823
7.2028e-10 0.00339068 0.00352762
7.20381e-10 0.00337093 0.00348733
7.20482e-10 0.00335136 0.00344736
7.20584e-10 0.00333195 0.00340771
7.20685e-10 0.00331272 0.00336837
7.20786e-10 0.00329366 0.00332934
7.20887e-10 0.00327477 0.00329062
7.20989e-10 0.00325604 0.00325222
7.2109e-10 0.00323748 0.00321412
7.21191e-10 0.00321907 0.00317634
7.21292e-10 0.00320082 0.00313886
7.21394e-10 0.00318274 0.00310168
7.21495e-10 0.0031648 0.00306481
7.21596e-10 0.00314702 0.00302825
7.21698e-10 0.00312939 0.00299198
7.21799e-10 0.00311191 0.00295602
7.219e-10 0.00309457 0.00292035
7.22001e-10 0.00307738 0.00288498
7.22103e-10 0.00306034 0.0028499
7.22204e-10 0.00304343 0.00281512
7.22305e-10 0.00302667 0.00278064
7.22406e-10 0.00301005 0.00274644
7.22508e-10 0.00299356 0.00271254
7.22609e-10 0.0029772 0.00267892
7.2271e-10 0.00296098 0.00264559
7.22812e-10 0.00294489 0.00261255
7.22913e-10 0.00292894 0.00257979
7.23014e-10 0.00291311 0.00254732
7.23115e-10 0.0028974 0.00251512
7.23217e-10 0.00288182 0.00248321
7.23318e-10 0.00286637 0.00245157
7.23419e-10 0.00285104 0.00242022
7.2352e-10 0.00283583 0.00238914
7.23622e-10 0.00282074 0.00235833
7.23723e-10 0.00280576 0.00232779
7.23824e-10 0.00279091 0.00229753
7.23925e-10 0.00277617 0.00226754
7.24027e-10 0.00276154 0.00223782
7.24128e-10 0.00274703 0.00220836
7.24229e-10 0.00273262 0.00217917
7.24331e-10 0.00271833 0.00215025
7.24432e-10 0.00270414 0.00212158
7.24533e-10 0.00269007 0.00209318
7.24634e-10 0.0026761 0.00206504
7.24736e-10 0.00266223 0.00203716
7.24837e-10 0.00264847 0.00200953
7.24938e-10 0.00263481 0.00198216
7.25039e-10 0.00262125 0.00195505
7.25141e-10 0.00260779 0.00192819
7.25242e-10 0.00259444 0.00190158
7.25343e-10 0.00258118 0.00187522
7.25445e-10 0.00256801 0.00184911
7.25546e-10 0.00255495 0.00182324
7.25647e-10 0.00254197 0.00179762
7.25748e-10 0.00252909 0.00177225
7.2585e-10 0.00251631 0.00174712
7.25951e-10 0.00250361 0.00172223
7.26052e-10 0.00249101 0.00169758
7.26153e-10 0.0024785 0.00167317
7.26255e-10 0.00246607 0.001649
7.26356e-10 0.00245374 0.00162507
7.26457e-10 0.00244149 0.00160136
7.26559e-10 0.00242932 0.0015779
7.2666e-10 0.00241725 0.00155466
7.26761e-10 0.00240525 0.00153165
7.26862e-10 0.00239334 0.00150888
7.26964e-10 0.00238151 0.00148633
7.27065e-10 0.00236977 0.00146401
7.27166e-10 0.0023581 0.00144191
7.27267e-10 0.00234652 0.00142004
7.27369e-10 0.00233501 0.00139839
7.2747e-10 0.00232358 0.00137696
7.27571e-10 0.00231223 0.00135575
7.27672e-10 0.00230096 0.00133475
7.27774e-10 0.00228977 0.00131398
7.27875e-10 0.00227864 0.00129342
7.27976e-10 0.0022676 0.00127307
7.28078e-10 0.00225663 0.00125294
7.28179e-10 0.00224573 0.00123302
7.2828e-10 0.0022349 0.00121331
7.28381e-10 0.00222415 0.00119381
7.28483e-10 0.00221346 0.00117452
7.28584e-10 0.00220285 0.00115543
7.28685e-10 0.00219231 0.00113655
7.28786e-10 0.00218183 0.00111787
7.28888e-10 0.00217143 0.0010994
7.28989e-10 0.00216109 0.00108112
7.2909e-10 0.00215082 0.00106305
7.29192e-10 0.00214062 0.00104517
7.29293e-10 0.00213048 0.0010275
7.29394e-10 0.00212041 0.00101002
7.29495e-10 0.00211041 0.000992729
7.29597e-10 0.00210046 0.000975636
7.29698e-10 0.00209059 0.000958736
7.29799e-10 0.00208077 0.000942027
7.299e-10 0.00207102 0.000925508
7.30002e-10 0.00206133 0.000909178
7.30103e-10 0.00205171 0.000893035
7.30204e-10 0.00204214 0.000877078
7.30305e-10 0.00203263 0.000861307
7.30407e-10 0.00202319 0.00084572
7.30508e-10 0.0020138 0.000830315
7.30609e-10 0.00200448 0.000815092
7.30711e-10 0.00199521 0.000800049
7.30812e-10 0.001986 0.000785186
7.30913e-10 0.00197685 0.0007705
7.31014e-10 0.00196776 0.000755991
7.31116e-10 0.00195872 0.000741657
7.31217e-10 0.00194975 0.000727499
7.31318e-10 0.00194082 0.000713513
7.31419e-10 0.00193195 0.0006997
7.31521e-10 0.00192314 0.000686057
7.31622e-10 0.00191439 0.000672584
7.31723e-10 0.00190568 0.000659281
7.31825e-10 0.00189703 0.000646144
7.31926e-10 0.00188844 0.000633174
7.32027e-10 0.0018799 0.00062037
7.32128e-10 0.00187141 0.00060773
7.3223e-10 0.00186297 0.000595252
7.32331e-10 0.00185459 0.000582937
7.32432e-10 0.00184626 0.000570783
7.32533e-10 0.00183798 0.000558789
7.32635e-10 0.00182975 0.000546953
7.32736e-10 0.00182157 0.000535275
7.32837e-10 0.00181344 0.000523754
7.32939e-10 0.00180536 0.000512388
7.3304e-10 0.00179734 0.000501177
7.33141e-10 0.00178936 0.000490119
7.33242e-10 0.00178143 0.000479213
7.33344e-10 0.00177355 0.000468459
7.33445e-10 0.00176572 0.000457854
7.33546e-10 0.00175793 0.0004474
7.33647e-10 0.0017502 0.000437093
7.33749e-10 0.00174251 0.000426933
7.3385e-10 0.00173487 0.00041692
7.33951e-10 0.00172727 0.000407052
7.34052e-10 0.00171972 0.000397328
7.34154e-10 0.00171222 0.000387747
7.34255e-10 0.00170477 0.000378308
7.34356e-10 0.00169736 0.00036901
7.34458e-10 0.00169 0.000359853
7.34559e-10 0.00168268 0.000350834
7.3466e-10 0.00167541 0.000341954
7.34761e-10 0.00166818 0.000333211
7.34863e-10 0.001661 0.000324604
7.34964e-10 0.00165386 0.000316133
7.35065e-10 0.00164676 0.000307796
7.35166e-10 0.00163971 0.000299592
7.35268e-10 0.00163271 0.000291521
7.35369e-10 0.00162574 0.000283581
7.3547e-10 0.00161882 0.000275772
7.35572e-10 0.00161194 0.000268092
7.35673e-10 0.00160511 0.000260541
7.35774e-10 0.00159832 0.000253118
7.35875e-10 0.00159157 0.000245822
7.35977e-10 0.00158486 0.000238652
7.36078e-10 0.00157819 0.000231606
7.36179e-10 0.00157157 0.000224685
7.3628e-10 0.00156499 0.000217887
7.36382e-10 0.00155844 0.000211212
7.36483e-10 0.00155194 0.000204658
7.36584e-10 0.00154548 0.000198225
7.36686e-10 0.00153906 0.000191911
7.36787e-10 0.00153268 0.000185717
7.36888e-10 0.00152634 0.00017964
7.36989e-10 0.00152005 0.00017368
7.37091e-10 0.00151379 0.000167837
7.37192e-10 0.00150757 0.000162109
7.37293e-10 0.00150139 0.000156496
7.37394e-10 0.00149524 0.000150997
7.37496e-10 0.00148914 0.00014561
7.37597e-10 0.00148308 0.000140336
7.37698e-10 0.00147706 0.000135173
7.37799e-10 0.00147107 0.00013012
7.37901e-10 0.00146512 0.000125177
7.38002e-10 0.00145921 0.000120342
7.38103e-10 0.00145334 0.000115616
7.38205e-10 0.00144751 0.000110997
7.38306e-10 0.00144171 0.000106485
7.38407e-10 0.00143595 0.000102077
7.38508e-10 0.00143023 9.77753e-05
7.3861e-10 0.00142455 9.35771e-05
7.38711e-10 0.0014189 8.94822e-05
7.38812e-10 0.00141329 8.54897e-05
7.38913e-10 0.00140772 8.1599e-05
7.39015e-10 0.00140218 7.78092e-05
7.39116e-10 0.00139668 7.41196e-05
7.39217e-10 0.00139122 7.05294e-05
7.39319e-10 0.00138579 6.70379e-05
7.3942e-10 0.0013804 6.36443e-05
7.39521e-10 0.00137504 6.03478e-05
7.39622e-10 0.00136972 5.71478e-05
7.39724e-10 0.00136443 5.40435e-05
7.39825e-10 0.00135918 5.10341e-05
7.39926e-10 0.00135397 4.8119e-05
7.40027e-10 0.00134879 4.52974e-05
7.40129e-10 0.00134364 4.25685e-05
7.4023e-10 0.00133853 3.99318e-05
7.40331e-10 0.00133346 3.73863e-05
7.40433e-10 0.00132842 3.49316e-05
7.40534e-10 0.00132341 3.25667e-05
7.40635e-10 0.00131844 3.02911e-05
7.40736e-10 0.0013135 2.81041e-05
7.40838e-10 0.0013086 2.60048e-05
7.40939e-10 0.00130373 2.39928e-05
7.4104e-10 0.00129889 2.20672e-05
7.41141e-10 0.00129409 2.02274e-05
7.41243e-10 0.00128932 1.84728e-05
7.41344e-10 0.00128458 1.68025e-05
7.41445e-10 0.00127988 1.52161e-05
7.41546e-10 0.00127521 1.37127e-05
7.41648e-10 0.00127057 1.22918e-05
7.41749e-10 0.00126596 1.09527e-05
7.4185e-10 0.00126139 9.69469e-06
7.41952e-10 0.00125685 8.51717e-06
7.42053e-10 0.00125234 7.41948e-06
7.42154e-10 0.00124787 6.40097e-06
7.42255e-10 0.00124343 5.461e-06
7.42357e-10 0.00123902 4.59894e-06
7.42458e-10 0.00123464 3.81415e-06
7.42559e-10 0.00123029 3.106e-06
7.4266e-10 0.00122597 2.47387e-06
7.42762e-10 0.00122169 1.91712e-06
7.42863e-10 0.00121744 1.43514e-06
7.42964e-10 0.00121322 1.02732e-06
7.43066e-10 0.00120903 6.93039e-07
7.43167e-10 0.00120487 4.31685e-07
7.43268e-10 0.00120074 2.42653e-07
7.43369e-10 0.00119664 1.2534e-07
7.43471e-10 0.00119257 7.91453e-08
7.43572e-10 0.00118854 1.03472e-07
7.43673e-10 0.00118453 1.97725e-07
7.43774e-10 0.00118056 3.61315e-07
7.43876e-10 0.00117661 5.93654e-07
7.43977e-10 0.0011727 8.94157e-07
7.44078e-10 0.00116881 1.26224e-06
7.44179e-10 0.00116496 1.69733e-06
7.44281e-10 0.00116113 2.19885e-06
7.44382e-10 0.00115734 2.76623e-06
7.44483e-10 0.00115357 3.39889e-06
7.44585e-10 0.00114983 4.09627e-06
7.44686e-10 0.00114613 4.85782e-06
7.44787e-10 0.00114245 5.68295e-06
7.44888e-10 0.0011388 6.57113e-06
7.4499e-10 0.00113518 7.5218e-06
7.45091e-10 0.00113159 8.53439e-06
7.45192e-10 0.00112803 9.60838e-06
7.45293e-10 0.00112449 1.07432e-05
7.45395e-10 0.00112099 1.19383e-05
7.45496e-10 0.00111751 1.31932e-05
7.45597e-10 0.00111406 1.45073e-05
7.45699e-10 0.00111064 1.588e-05
7.458e-10 0.00110725 1.73109e-05
7.45901e-10 0.00110389 1.87995e-05
7.46002e-10 0.00110055 2.03451e-05
7.46104e-10 0.00109724 2.19473e-05
7.46205e-10 0.00109396 2.36055e-05
7.46306e-10 0.00109071 2.53193e-05
7.46407e-10 0.00108748 2.70881e-05
7.46509e-10 0.00108428 2.89113e-05
7.4661e-10 0.00108111 3.07886e-05
7.46711e-10 0.00107797 3.27193e-05
7.46813e-10 0.00107485 3.4703e-05
7.46914e-10 0.00107176 3.67391e-05
7.47015e-10 0.00106869 3.88273e-05
7.47116e-10 0.00106566 4.09668e-05
7.47218e-10 0.00106265 4.31574e-05
7.47319e-10 0.00105966 4.53984e-05
7.4742e-10 0.00105671 4.76894e-05
7.47521e-10 0.00105377 5.00298e-05
7.47623e-10 0.00105087 5.24193e-05
7.47724e-10 0.00104799 5.48573e-05
7.47825e-10 0.00104514 5.73433e-05
7.47926e-10 0.00104231 5.98768e-05
7.48028e-10 0.00103951 6.24575e-05
7.48129e-10 0.00103673 6.50847e-05
7.4823e-10 0.00103398 6.7758e-05
7.48332e-10 0.00103125 7.0477e-05
7.48433e-10 0.00102855 7.32412e-05
7.48534e-10 0.00102588 7.605e-05
7.48635e-10 0.00102323 7.89031e-05
7.48737e-10 0.0010206 8.18e-05
7.48838e-10 0.001018 8.47402e-05
7.48939e-10 0.00101543 8.77233e-05
7.4904e-10 0.00101288 9.07487e-05
7.49142e-10 0.00101035 9.38161e-05
7.49243e-10 0.00100785 9.6925e-05
7.49344e-10 0.00100537 0.000100075
7.49446e-10 0.00100292 0.000103265
7.49547e-10 0.00100049 0.000106496
7.49648e-10 0.000998085 0.000109766
7.49749e-10 0.000995704 0.000113076
7.49851e-10 0.000993346 0.000116424
7.49952e-10 0.000991012 0.000119811
7.50053e-10 0.000988702 0.000123236
7.50154e-10 0.000986415 0.000126698
7.50256e-10 0.000984152 0.000130197
7.50357e-10 0.000981912 0.000133733
7.50458e-10 0.000979694 0.000137305
7.5056e-10 0.0009775 0.000140913
7.50661e-10 0.000975329 0.000144556
7.50762e-10 0.000973181 0.000148234
7.50863e-10 0.000971055 0.000151946
7.50965e-10 0.000968952 0.000155692
7.51066e-10 0.000966872 0.000159473
7.51167e-10 0.000964814 0.000163286
7.51268e-10 0.000962778 0.000167132
7.5137e-10 0.000960764 0.00017101
7.51471e-10 0.000958772 0.000174921
7.51572e-10 0.000956803 0.000178863
7.51673e-10 0.000954855 0.000182836
7.51775e-10 0.000952929 0.00018684
7.51876e-10 0.000951025 0.000190874
7.51977e-10 0.000949142 0.000194938
7.52079e-10 0.00094728 0.000199031
7.5218e-10 0.00094544 0.000203154
7.52281e-10 0.000943621 0.000207305
7.52382e-10 0.000941824 0.000211485
7.52484e-10 0.000940047 0.000215692
7.52585e-10 0.000938291 0.000219927
7.52686e-10 0.000936556 0.000224189
7.52787e-10 0.000934842 0.000228478
7.52889e-10 0.000933148 0.000232793
7.5299e-10 0.000931475 0.000237133
7.53091e-10 0.000929822 0.0002415
7.53193e-10 0.000928189 0.000245891
7.53294e-10 0.000926577 0.000250307
7.53395e-10 0.000924985 0.000254748
7.53496e-10 0.000923412 0.000259212
7.53598e-10 0.00092186 0.0002637
7.53699e-10 0.000920327 0.000268211
7.538e-10 0.000918814 0.000272745
7.53901e-10 0.00091732 0.000277301
7.54003e-10 0.000915846 0.00028188
7.54104e-10 0.000914391 0.00028648
7.54205e-10 0.000912955 0.000291101
7.54307e-10 0.000911539 0.000295743
7.54408e-10 0.000910141 0.000300405
7.54509e-10 0.000908762 0.000305088
7.5461e-10 0.000907403 0.000309791
7.54712e-10 0.000906061 0.000314512
7.54813e-10 0.000904739 0.000319253
7.54914e-10 0.000903435 0.000324012
7.55015e-10 0.000902149 0.00032879
7.55117e-10 0.000900881 0.000333586
7.55218e-10 0.000899632 0.000338399
7.55319e-10 0.000898401 0.000343229
7.5542e-10 0.000897188 0.000348076
7.55522e-10 0.000895992 0.000352939
7.55623e-10 0.000894815 0.000357818
7.55724e-10 0.000893655 0.000362713
7.55826e-10 0.000892512 0.000367624
7.55927e-10 0.000891387 0.000372549
7.56028e-10 0.000890279 0.000377489
7.56129e-10 0.000889189 0.000382443
7.56231e-10 0.000888116 0.000387411
7.56332e-10 0.000887059 0.000392392
7.56433e-10 0.00088602 0.000397387
7.56534e-10 0.000884997 0.000402394
7.56636e-10 0.000883992 0.000407414
7.56737e-10 0.000883002 0.000412446
7.56838e-10 0.00088203 0.000417489
7.5694e-10 0.000881073 0.000422544
7.57041e-10 0.000880133 0.00042761
7.57142e-10 0.00087921 0.000432686
7.57243e-10 0.000878302 0.000437773
7.57345e-10 0.00087741 0.00044287
7.57446e-10 0.000876535 0.000447976
7.57547e-10 0.000875675 0.000453092
7.57648e-10 0.00087483 0.000458216
7.5775e-10 0.000874002 0.000463349
7.57851e-10 0.000873188 0.00046849
7.57952e-10 0.000872391 0.000473639
7.58053e-10 0.000871608 0.000478796
7.58155e-10 0.000870841 0.000483959
7.58256e-10 0.000870089 0.000489129
7.58357e-10 0.000869351 0.000494306
7.58459e-10 0.000868629 0.000499489
7.5856e-10 0.000867922 0.000504678
7.58661e-10 0.000867229 0.000509872
7.58762e-10 0.000866551 0.000515071
7.58864e-10 0.000865887 0.000520275
7.58965e-10 0.000865237 0.000525483
7.59066e-10 0.000864602 0.000530695
7.59167e-10 0.000863982 0.000535911
7.59269e-10 0.000863375 0.000541131
7.5937e-10 0.000862782 0.000546353
7.59471e-10 0.000862203 0.000551578
7.59573e-10 0.000861638 0.000556805
7.59674e-10 0.000861087 0.000562034
7.59775e-10 0.000860549 0.000567265
7.59876e-10 0.000860025 0.000572498
7.59978e-10 0.000859515 0.000577731
7.60079e-10 0.000859017 0.000582965
7.6018e-10 0.000858533 0.000588199
7.60281e-10 0.000858062 0.000593433
7.60383e-10 0.000857604 0.000598667
7.60484e-10 0.000857159 0.0006039
7.60585e-10 0.000856727 0.000609132
7.60687e-10 0.000856308 0.000614362
7.60788e-10 0.000855901 0.000619591
7.60889e-10 0.000855507 0.000624818
7.6099e-10 0.000855125 0.000630042
7.61092e-10 0.000854756 0.000635264
7.61193e-10 0.000854399 0.000640483
7.61294e-10 0.000854054 0.000645698
7.61395e-10 0.000853722 0.00065091
7.61497e-10 0.000853401 0.000656117
7.61598e-10 0.000853093 0.00066132
7.61699e-10 0.000852796 0.000666518
7.618e-10 0.000852511 0.000671712
7.61902e-10 0.000852237 0.0006769
7.62003e-10 0.000851976 0.000682082
7.62104e-10 0.000851725 0.000687258
7.62206e-10 0.000851486 0.000692428
7.62307e-10 0.000851259 0.000697591
7.62408e-10 0.000851043 0.000702747
7.62509e-10 0.000850837 0.000707895
7.62611e-10 0.000850643 0.000713036
7.62712e-10 0.00085046 0.000718169
7.62813e-10 0.000850288 0.000723294
7.62914e-10 0.000850126 0.000728409
7.63016e-10 0.000849975 0.000733516
7.63117e-10 0.000849835 0.000738614
7.63218e-10 0.000849705 0.000743701
7.6332e-10 0.000849586 0.000748779
7.63421e-10 0.000849477 0.000753847
7.63522e-10 0.000849379 0.000758903
7.63623e-10 0.000849291 0.000763949
7.63725e-10 0.000849213 0.000768984
7.63826e-10 0.000849144 0.000774006
7.63927e-10 0.000849086 0.000779017
7.64028e-10 0.000849038 0.000784016
7.6413e-10 0.000849 0.000789002
7.64231e-10 0.000848971 0.000793975
7.64332e-10 0.000848952 0.000798934
7.64434e-10 0.000848942 0.00080388
7.64535e-10 0.000848942 0.000808813
7.64636e-10 0.000848952 0.00081373
7.64737e-10 0.00084897 0.000818634
7.64839e-10 0.000848999 0.000823522
7.6494e-10 0.000849036 0.000828395
7.65041e-10 0.000849082 0.000833253
7.65142e-10 0.000849138 0.000838095
7.65244e-10 0.000849202 0.00084292
7.65345e-10 0.000849275 0.000847729
7.65446e-10 0.000849357 0.000852521
7.65547e-10 0.000849448 0.000857296
7.65649e-10 0.000849548 0.000862053
7.6575e-10 0.000849656 0.000866793
7.65851e-10 0.000849773 0.000871514
7.65953e-10 0.000849898 0.000876217
7.66054e-10 0.000850032 0.000880901
7.66155e-10 0.000850174 0.000885566
7.66256e-10 0.000850324 0.000890211
7.66358e-10 0.000850482 0.000894837
7.66459e-10 0.000850649 0.000899442
7.6656e-10 0.000850824 0.000904027
7.66661e-10 0.000851006 0.000908592
7.66763e-10 0.000851197 0.000913135
7.66864e-10 0.000851396 0.000917657
7.66965e-10 0.000851602 0.000922157
7.67067e-10 0.000851816 0.000926635
7.67168e-10 0.000852038 0.000931091
7.67269e-10 0.000852268 0.000935524
7.6737e-10 0.000852505 0.000939934
7.67472e-10 0.00085275 0.00094432
7.67573e-10 0.000853002 0.000948683
7.67674e-10 0.000853261 0.000953022
7.67775e-10 0.000853528 0.000957337
7.67877e-10 0.000853803 0.000961627
7.67978e-10 0.000854084 0.000965892
7.68079e-10 0.000854373 0.000970132
7.68181e-10 0.000854669 0.000974346
7.68282e-10 0.000854972 0.000978535
7.68383e-10 0.000855282 0.000982697
7.68484e-10 0.000855599 0.000986832
7.68586e-10 0.000855923 0.000990941
7.68687e-10 0.000856253 0.000995022
7.68788e-10 0.000856591 0.000999076
7.68889e-10 0.000856936 0.0010031
7.68991e-10 0.000857287 0.0010071
7.69092e-10 0.000857645 0.00101107
7.69193e-10 0.00085801 0.00101501
7.69294e-10 0.000858381 0.00101892
7.69396e-10 0.000858759 0.0010228
7.69497e-10 0.000859143 0.00102666
7.69598e-10 0.000859534 0.00103048
7.697e-10 0.000859932 0.00103427
7.69801e-10 0.000860336 0.00103803
7.69902e-10 0.000860746 0.00104176
7.70003e-10 0.000861162 0.00104546
7.70105e-10 0.000861585 0.00104913
7.70206e-10 0.000862014 0.00105276
7.70307e-10 0.00086245 0.00105636
7.70408e-10 0.000862892 0.00105993
7.7051e-10 0.000863339 0.00106347
7.70611e-10 0.000863794 0.00106698
7.70712e-10 0.000864254 0.00107045
7.70814e-10 0.00086472 0.00107388
7.70915e-10 0.000865192 0.00107728
7.71016e-10 0.000865671 0.00108065
7.71117e-10 0.000866155 0.00108398
7.71219e-10 0.000866645 0.00108728
7.7132e-10 0.000867142 0.00109054
7.71421e-10 0.000867644 0.00109377
7.71522e-10 0.000868152 0.00109696
7.71624e-10 0.000868666 0.00110012
7.71725e-10 0.000869186 0.00110323
7.71826e-10 0.000869712 0.00110631
7.71928e-10 0.000870244 0.00110936
7.72029e-10 0.000870782 0.00111236
7.7213e-10 0.000871325 0.00111533
7.72231e-10 0.000871874 0.00111826
7.72333e-10 0.000872429 0.00112115
7.72434e-10 0.00087299 0.001124
7.72535e-10 0.000873557 0.00112681
7.72636e-10 0.000874129 0.00112958
7.72738e-10 0.000874707 0.00113232
7.72839e-10 0.000875291 0.00113501
7.7294e-10 0.000875881 0.00113766
7.73041e-10 0.000876476 0.00114027
7.73143e-10 0.000877077 0.00114284
7.73244e-10 0.000877684 0.00114537
7.73345e-10 0.000878297 0.00114786
7.73447e-10 0.000878915 0.00115031
7.73548e-10 0.000879539 0.00115271
7.73649e-10 0.000880169 0.00115507
7.7375e-10 0.000880805 0.00115739
7.73852e-10 0.000881446 0.00115966
7.73953e-10 0.000882093 0.0011619
7.74054e-10 0.000882746 0.00116408
7.74155e-10 0.000883405 0.00116623
7.74257e-10 0.00088407 0.00116833
7.74358e-10 0.00088474 0.00117038
7.74459e-10 0.000885416 0.00117239
7.74561e-10 0.000886098 0.00117436
7.74662e-10 0.000886786 0.00117627
7.74763e-10 0.000887479 0.00117815
7.74864e-10 0.000888179 0.00117997
7.74966e-10 0.000888884 0.00118176
7.75067e-10 0.000889596 0.00118349
7.75168e-10 0.000890313 0.00118518
7.75269e-10 0.000891036 0.00118682
7.75371e-10 0.000891766 0.00118841
7.75472e-10 0.000892501 0.00118995
7.75573e-10 0.000893243 0.00119145
7.75674e-10 0.00089399 0.0011929
7.75776e-10 0.000894744 0.0011943
7.75877e-10 0.000895503 0.00119565
7.75978e-10 0.000896269 0.00119695
7.7608e-10 0.000897042 0.0011982
7.76181e-10 0.00089782 0.0011994
7.76282e-10 0.000898605 0.00120055
7.76383e-10 0.000899396 0.00120165
7.76485e-10 0.000900193 0.0012027
7.76586e-10 0.000900997 0.0012037
7.76687e-10 0.000901808 0.00120465
7.76788e-10 0.000902624 0.00120555
7.7689e-10 0.000903448 0.00120639
7.76991e-10 0.000904278 0.00120719
7.77092e-10 0.000905115 0.00120793
7.77194e-10 0.000905958 0.00120862
7.77295e-10 0.000906808 0.00120925
7.77396e-10 0.000907665 0.00120984
7.77497e-10 0.000908529 0.00121037
7.77599e-10 0.0009094 0.00121084
7.777e-10 0.000910277 0.00121126
7.77801e-10 0.000911162 0.00121163
7.77902e-10 0.000912054 0.00121195
7.78004e-10 0.000912953 0.00121221
7.78105e-10 0.00091386 0.00121241
7.78206e-10 0.000914773 0.00121256
7.78308e-10 0.000915694 0.00121266
7.78409e-10 0.000916623 0.0012127
7.7851e-10 0.000917559 0.00121268
7.78611e-10 0.000918502 0.00121261
7.78713e-10 0.000919454 0.00121248
7.78814e-10 0.000920413 0.00121229
7.78915e-10 0.00092138 0.00121205
7.79016e-10 0.000922354 0.00121175
7.79118e-10 0.000923337 0.0012114
7.79219e-10 0.000924328 0.00121098
7.7932e-10 0.000925327 0.00121051
7.79421e-10 0.000926334 0.00120999
7.79523e-10 0.00092735 0.0012094
7.79624e-10 0.000928374 0.00120876
7.79725e-10 0.000929406 0.00120805
7.79827e-10 0.000930447 0.00120729
7.79928e-10 0.000931497 0.00120647
7.80029e-10 0.000932555 0.00120559
7.8013e-10 0.000933623 0.00120466
7.80232e-10 0.000934699 0.00120366
7.80333e-10 0.000935785 0.0012026
7.80434e-10 0.00093688 0.00120149
7.80535e-10 0.000937984 0.00120031
7.80637e-10 0.000939097 0.00119907
7.80738e-10 0.00094022 0.00119778
7.80839e-10 0.000941353 0.00119642
7.80941e-10 0.000942495 0.001195
7.81042e-10 0.000943647 0.00119352
7.81143e-10 0.000944809 0.00119198
7.81244e-10 0.000945982 0.00119038
7.81346e-10 0.000947164 0.00118872
7.81447e-10 0.000948357 0.001187
7.81548e-10 0.00094956 0.00118522
7.81649e-10 0.000950774 0.00118337
7.81751e-10 0.000951998 0.00118146
7.81852e-10 0.000953233 0.00117949
7.81953e-10 0.00095448 0.00117746
7.82055e-10 0.000955737 0.00117537
7.82156e-10 0.000957005 0.00117321
7.82257e-10 0.000958285 0.00117099
7.82358e-10 0.000959576 0.00116871
7.8246e-10 0.000960879 0.00116637
7.82561e-10 0.000962194 0.00116396
7.82662e-10 0.00096352 0.00116149
7.82763e-10 0.000964859 0.00115896
7.82865e-10 0.00096621 0.00115636
7.82966e-10 0.000967573 0.00115371
7.83067e-10 0.000968948 0.00115098
7.83168e-10 0.000970336 0.0011482
7.8327e-10 0.000971737 0.00114535
7.83371e-10 0.000973151 0.00114244
7.83472e-10 0.000974578 0.00113947
7.83574e-10 0.000976018 0.00113643
7.83675e-10 0.000977472 0.00113333
7.83776e-10 0.000978939 0.00113016
7.83877e-10 0.00098042 0.00112693
7.83979e-10 0.000981914 0.00112364
7.8408e-10 0.000983423 0.00112028
7.84181e-10 0.000984946 0.00111686
7.84282e-10 0.000986483 0.00111338
7.84384e-10 0.000988035 0.00110983
7.84485e-10 0.000989601 0.00110622
7.84586e-10 0.000991183 0.00110255
7.84688e-10 0.000992779 0.00109881
7.84789e-10 0.000994391 0.00109501
7.8489e-10 0.000996018 0.00109114
7.84991e-10 0.00099766 0.00108721
7.85093e-10 0.000999319 0.00108322
7.85194e-10 0.00100099 0.00107917
7.85295e-10 0.00100268 0.00107505
7.85396e-10 0.00100439 0.00107086
7.85498e-10 0.00100611 0.00106662
7.85599e-10 0.00100785 0.00106231
7.857e-10 0.00100961 0.00105794
7.85802e-10 0.00101138 0.0010535
7.85903e-10 0.00101318 0.00104901
7.86004e-10 0.00101498 0.00104445
7.86105e-10 0.00101681 0.00103982
7.86207e-10 0.00101865 0.00103514
7.86308e-10 0.00102052 0.00103039
7.86409e-10 0.0010224 0.00102558
7.8651e-10 0.0010243 0.00102071
7.86612e-10 0.00102621 0.00101577
7.86713e-10 0.00102815 0.00101078
7.86814e-10 0.0010301 0.00100572
7.86915e-10 0.00103208 0.0010006
7.87017e-10 0.00103407 0.000995422
7.87118e-10 0.00103609 0.000990182
7.87219e-10 0.00103812 0.000984881
7.87321e-10 0.00104018 0.000979519
7.87422e-10 0.00104225 0.000974098
7.87523e-10 0.00104434 0.000968616
7.87624e-10 0.00104646 0.000963075
7.87726e-10 0.0010486 0.000957474
7.87827e-10 0.00105075 0.000951814
7.87928e-10 0.00105293 0.000946096
7.88029e-10 0.00105513 0.000940318
7.88131e-10 0.00105736 0.000934483
7.88232e-10 0.0010596 0.00092859
7.88333e-10 0.00106187 0.00092264
7.88435e-10 0.00106416 0.000916632
7.88536e-10 0.00106647 0.000910567
7.88637e-10 0.0010688 0.000904446
7.88738e-10 0.00107116 0.00089827
7.8884e-10 0.00107355 0.000892037
7.88941e-10 0.00107595 0.00088575
7.89042e-10 0.00107838 0.000879407
7.89143e-10 0.00108083 0.000873011
7.89245e-10 0.00108331 0.00086656
7.89346e-10 0.00108582 0.000860056
7.89447e-10 0.00108834 0.0008535
7.89548e-10 0.0010909 0.000846891
7.8965e-10 0.00109347 0.00084023
7.89751e-10 0.00109608 0.000833518
7.89852e-10 0.00109871 0.000826755
7.89954e-10 0.00110136 0.000819942
7.90055e-10 0.00110404 0.000813079
7.90156e-10 0.00110675 0.000806167
7.90257e-10 0.00110949 0.000799207
7.90359e-10 0.00111225 0.000792199
7.9046e-10 0.00111504 0.000785143
7.90561e-10 0.00111785 0.000778042
7.90662e-10 0.0011207 0.000770894
7.90764e-10 0.00112357 0.000763701
7.90865e-10 0.00112647 0.000756464
7.90966e-10 0.0011294 0.000749183
7.91068e-10 0.00113236 0.000741859
7.91169e-10 0.00113535 0.000734492
7.9127e-10 0.00113836 0.000727085
7.91371e-10 0.00114141 0.000719636
7.91473e-10 0.00114448 0.000712148
7.91574e-10 0.00114759 0.000704621
7.91675e-10 0.00115072 0.000697055
7.91776e-10 0.00115389 0.000689453
7.91878e-10 0.00115709 0.000681813
7.91979e-10 0.00116031 0.000674139
7.9208e-10 0.00116357 0.000666429
7.92182e-10 0.00116686 0.000658687
7.92283e-10 0.00117018 0.000650911
7.92384e-10 0.00117354 0.000643104
7.92485e-10 0.00117692 0.000635266
7.92587e-10 0.00118034 0.000627399
7.92688e-10 0.00118379 0.000619503
7.92789e-10 0.00118728 0.000611579
7.9289e-10 0.00119079 0.000603629
7.92992e-10 0.00119434 0.000595654
7.93093e-10 0.00119793 0.000587655
7.93194e-10 0.00120154 0.000579633
7.93295e-10 0.0012052 0.000571589
7.93397e-10 0.00120888 0.000563525
7.93498e-10 0.0012126 0.000555441
7.93599e-10 0.00121636 0.000547339
7.93701e-10 0.00122015 0.000539221
7.93802e-10 0.00122397 0.000531088
7.93903e-10 0.00122784 0.00052294
7.94004e-10 0.00123173 0.00051478
7.94106e-10 0.00123567 0.000506608
7.94207e-10 0.00123963 0.000498427
7.94308e-10 0.00124364 0.000490237
7.94409e-10 0.00124768 0.00048204
7.94511e-10 0.00125176 0.000473839
7.94612e-10 0.00125588 0.000465633
7.94713e-10 0.00126003 0.000457425
7.94815e-10 0.00126422 0.000449216
7.94916e-10 0.00126845 0.000441008
7.95017e-10 0.00127272 0.000432803
7.95118e-10 0.00127702 0.000424603
7.9522e-10 0.00128136 0.000416408
7.95321e-10 0.00128575 0.000408221
7.95422e-10 0.00129017 0.000400044
7.95523e-10 0.00129463 0.000391878
7.95625e-10 0.00129912 0.000383726
7.95726e-10 0.00130366 0.000375588
7.95827e-10 0.00130824 0.000367468
7.95929e-10 0.00131286 0.000359367
7.9603e-10 0.00131751 0.000351286
7.96131e-10 0.00132221 0.000343229
7.96232e-10 0.00132695 0.000335197
7.96334e-10 0.00133173 0.000327192
7.96435e-10 0.00133655 0.000319216
7.96536e-10 0.00134141 0.000311272
7.96637e-10 0.00134631 0.000303361
7.96739e-10 0.00135125 0.000295487
7.9684e-10 0.00135623 0.00028765
7.96941e-10 0.00136126 0.000279854
7.97042e-10 0.00136632 0.000272101
7.97144e-10 0.00137143 0.000264394
7.97245e-10 0.00137658 0.000256734
7.97346e-10 0.00138177 0.000249124
7.97448e-10 0.00138701 0.000241567
7.97549e-10 0.00139228 0.000234065
7.9765e-10 0.0013976 0.000226621
7.97751e-10 0.00140296 0.000219238
7.97853e-10 0.00140837 0.000211918
7.97954e-10 0.00141381 0.000204664
7.98055e-10 0.0014193 0.000197479
7.98156e-10 0.00142484 0.000190366
7.98258e-10 0.00143041 0.000183327
7.98359e-10 0.00143603 0.000176365
7.9846e-10 0.00144169 0.000169484
7.98562e-10 0.0014474 0.000162686
7.98663e-10 0.00145315 0.000155975
7.98764e-10 0.00145894 0.000149354
7.98865e-10 0.00146478 0.000142825
7.98967e-10 0.00147066 0.000136392
7.99068e-10 0.00147658 0.000130059
7.99169e-10 0.00148255 0.000123828
7.9927e-10 0.00148856 0.000117703
7.99372e-10 0.00149461 0.000111688
7.99473e-10 0.00150071 0.000105786
7.99574e-10 0.00150685 9.99998e-05
7.99676e-10 0.00151304 9.43339e-05
7.99777e-10 0.00151927 8.87918e-05
7.99878e-10 0.00152554 8.33771e-05
7.99979e-10 0.00153186 7.80935e-05
8.00081e-10 0.00153822 7.2945e-05
8.00182e-10 0.00154462 6.79354e-05
8.00283e-10 0.00155107 6.30687e-05
8.00384e-10 0.00155756 5.83488e-05
8.00486e-10 0.00156409 5.37798e-05
8.00587e-10 0.00157067 4.93659e-05
8.00688e-10 0.00157729 4.51113e-05
8.00789e-10 0.00158396 4.10201e-05
8.00891e-10 0.00159067 3.70968e-05
8.00992e-10 0.00159742 3.33457e-05
8.01093e-10 0.00160421 2.97713e-05
8.01195e-10 0.00161105 2.63781e-05
8.01296e-10 0.00161792 2.31707e-05
8.01397e-10 0.00162485 2.01537e-05
8.01498e-10 0.00163181 1.73318e-05
8.016e-10 0.00163881 1.471e-05
8.01701e-10 0.00164586 1.2293e-05
8.01802e-10 0.00165295 1.00857e-05
8.01903e-10 0.00166008 8.09329e-06
8.02005e-10 0.00166725 6.32074e-06
8.02106e-10 0.00167447 4.77324e-06
8.02207e-10 0.00168172 3.45604e-06
8.02309e-10 0.00168902 2.37444e-06
8.0241e-10 0.00169635 1.53385e-06
8.02511e-10 0.00170373 9.39747e-07
8.02612e-10 0.00171114 5.97676e-07
8.02714e-10 0.0017186 5.13277e-07
8.02815e-10 0.00172609 6.92268e-07
8.02916e-10 0.00173362 1.14045e-06
8.03017e-10 0.00174119 1.8637e-06
8.03119e-10 0.0017488 2.86799e-06
8.0322e-10 0.00175645 4.15938e-06
8.03321e-10 0.00176413 5.74401e-06
8.03422e-10 0.00177185 7.6281e-06
8.03524e-10 0.00177961 9.81798e-06
8.03625e-10 0.0017874 1.232e-05
8.03726e-10 0.00179523 1.51408e-05
8.03828e-10 0.00180309 1.82869e-05
8.03929e-10 0.00181099 2.17649e-05
8.0403e-10 0.00181893 2.55816e-05
8.04131e-10 0.00182689 2.9744e-05
8.04233e-10 0.00183489 3.4259e-05
8.04334e-10 0.00184292 3.91337e-05
8.04435e-10 0.00185099 4.43752e-05
8.04536e-10 0.00185908 4.99908e-05
8.04638e-10 0.00186721 5.59878e-05
8.04739e-10 0.00187537 6.23739e-05
8.0484e-10 0.00188356 6.91564e-05
8.04942e-10 0.00189177 7.63431e-05
8.05043e-10 0.00190002 8.39419e-05
8.05144e-10 0.00190829 9.19605e-05
8.05245e-10 0.00191659 0.000100407
8.05347e-10 0.00192491 0.00010929
8.05448e-10 0.00193326 0.000118616
8.05549e-10 0.00194164 0.000128396
8.0565e-10 0.00195004 0.000138636
8.05752e-10 0.00195846 0.000149346
8.05853e-10 0.0019669 0.000160534
8.05954e-10 0.00197537 0.000172209
8.06056e-10 0.00198386 0.000184381
8.06157e-10 0.00199236 0.000197057
8.06258e-10 0.00200089 0.000210247
8.06359e-10 0.00200943 0.000223961
8.06461e-10 0.00201799 0.000238208
8.06562e-10 0.00202657 0.000252998
8.06663e-10 0.00203516 0.000268339
8.06764e-10 0.00204377 0.000284242
8.06866e-10 0.00205239 0.000300717
8.06967e-10 0.00206102 0.000317774
8.07068e-10 0.00206966 0.000335423
8.07169e-10 0.00207831 0.000353674
8.07271e-10 0.00208697 0.000372538
8.07372e-10 0.00209564 0.000392026
8.07473e-10 0.00210431 0.000412148
8.07575e-10 0.00211299 0.000432914
8.07676e-10 0.00212167 0.000454337
8.07777e-10 0.00213036 0.000476427
8.07878e-10 0.00213905 0.000499195
8.0798e-10 0.00214774 0.000522654
8.08081e-10 0.00215642 0.000546813
8.08182e-10 0.00216511 0.000571687
8.08283e-10 0.00217379 0.000597285
8.08385e-10 0.00218246 0.000623621
8.08486e-10 0.00219113 0.000650706
8.08587e-10 0.00219979 0.000678553
8.08689e-10 0.00220844 0.000707174
8.0879e-10 0.00221708 0.000736582
8.08891e-10 0.00222571 0.00076679
8.08992e-10 0.00223432 0.000797811
8.09094e-10 0.00224292 0.000829658
8.09195e-10 0.0022515 0.000862345
8.09296e-10 0.00226006 0.000895884
8.09397e-10 0.0022686 0.00093029
8.09499e-10 0.00227712 0.000965576
8.096e-10 0.00228561 0.00100176
8.09701e-10 0.00229408 0.00103885
8.09803e-10 0.00230252 0.00107686
8.09904e-10 0.00231093 0.00111581
8.10005e-10 0.00231932 0.00115571
8.10106e-10 0.00232766 0.00119658
8.10208e-10 0.00233598 0.00123843
8.10309e-10 0.00234425 0.00128128
8.1041e-10 0.00235249 0.00132514
8.10511e-10 0.00236069 0.00137003
8.10613e-10 0.00236884 0.00141597
8.10714e-10 0.00237695 0.00146296
8.10815e-10 0.00238501 0.00151103
8.10916e-10 0.00239303 0.0015602
8.11018e-10 0.00240099 0.00161047
8.11119e-10 0.0024089 0.00166187
8.1122e-10 0.00241676 0.00171442
8.11322e-10 0.00242455 0.00176812
8.11423e-10 0.00243229 0.00182301
8.11524e-10 0.00243997 0.00187909
8.11625e-10 0.00244758 0.00193638
8.11727e-10 0.00245513 0.00199491
8.11828e-10 0.0024626 0.00205468
8.11929e-10 0.00247001 0.00211572
8.1203e-10 0.00247734 0.00217805
8.12132e-10 0.0024846 0.00224169
8.12233e-10 0.00249177 0.00230665
8.12334e-10 0.00249887 0.00237296
8.12436e-10 0.00250588 0.00244063
8.12537e-10 0.00251281 0.00250968
8.12638e-10 0.00251965 0.00258014
8.12739e-10 0.00252639 0.00265202
8.12841e-10 0.00253305 0.00272535
8.12942e-10 0.0025396 0.00280014
8.13043e-10 0.00254606 0.00287641
8.13144e-10 0.00255242 0.0029542
8.13246e-10 0.00255867 0.00303351
8.13347e-10 0.00256481 0.00311438
8.13448e-10 0.00257084 0.00319681
8.1355e-10 0.00257676 0.00328084
8.13651e-10 0.00258257 0.00336649
8.13752e-10 0.00258825 0.00345377
8.13853e-10 0.00259382 0.00354272
8.13955e-10 0.00259926 0.00363336
8.14056e-10 0.00260457 0.0037257
8.14157e-10 0.00260975 0.00381977
8.14258e-10 0.0026148 0.0039156
8.1436e-10 0.00261971 0.00401321
8.14461e-10 0.00262448 0.00411262
8.14562e-10 0.00262911 0.00421387
8.14663e-10 0.0026336 0.00431696
8.14765e-10 0.00263793 0.00442194
8.14866e-10 0.00264212 0.00452882
8.14967e-10 0.00264615 0.00463763
8.15069e-10 0.00265002 0.0047484
8.1517e-10 0.00265373 0.00486115
8.15271e-10 0.00265727 0.0049759
8.15372e-10 0.00266065 0.00509269
8.15474e-10 0.00266386 0.00521155
8.15575e-10 0.00266689 0.00533249
8.15676e-10 0.00266975 0.00545555
8.15777e-10 0.00267242 0.00558075
8.15879e-10 0.00267492 0.00570813
8.1598e-10 0.00267722 0.00583771
8.16081e-10 0.00267934 0.00596952
8.16183e-10 0.00268126 0.00610358
8.16284e-10 0.00268298 0.00623993
8.16385e-10 0.0026845 0.0063786
8.16486e-10 0.00268582 0.00651962
8.16588e-10 0.00268694 0.00666301
8.16689e-10 0.00268784 0.00680881
8.1679e-10 0.00268853 0.00695705
8.16891e-10 0.00268901 0.00710775
8.16993e-10 0.00268926 0.00726095
8.17094e-10 0.00268929 0.00741669
8.17195e-10 0.00268909 0.00757498
8.17296e-10 0.00268867 0.00773587
8.17398e-10 0.00268801 0.00789938
8.17499e-10 0.00268711 0.00806556
8.176e-10 0.00268598 0.00823442
8.17702e-10 0.0026846 0.00840601
8.17803e-10 0.00268298 0.00858035
8.17904e-10 0.0026811 0.00875748
8.18005e-10 0.00267898 0.00893744
8.18107e-10 0.00267659 0.00912026
8.18208e-10 0.00267395 0.00930597
8.18309e-10 0.00267105 0.00949461
8.1841e-10 0.00266788 0.00968621
8.18512e-10 0.00266445 0.0098808
8.18613e-10 0.00266074 0.0100784
8.18714e-10 0.00265676 0.0102791
8.18816e-10 0.0026525 0.0104829
8.18917e-10 0.00264796 0.0106899
8.19018e-10 0.00264314 0.0109
8.19119e-10 0.00263804 0.0111133
8.19221e-10 0.00263264 0.0113299
8.19322e-10 0.00262696 0.0115498
8.19423e-10 0.00262098 0.011773
8.19524e-10 0.0026147 0.0119995
8.19626e-10 0.00260813 0.0122295
8.19727e-10 0.00260125 0.0124628
8.19828e-10 0.00259407 0.0126997
8.1993e-10 0.00258658 0.0129401
8.20031e-10 0.00257879 0.013184
8.20132e-10 0.00257068 0.0134316
8.20233e-10 0.00256226 0.0136827
8.20335e-10 0.00255353 0.0139375
8.20436e-10 0.00254448 0.0141961
8.20537e-10 0.00253511 0.0144584
8.20638e-10 0.00252542 0.0147245
8.2074e-10 0.00251541 0.0149944
8.20841e-10 0.00250507 0.0152681
8.20942e-10 0.00249441 0.0155458
8.21043e-10 0.00248342 0.0158275
8.21145e-10 0.0024721 0.0161131
8.21246e-10 0.00246046 0.0164028
8.21347e-10 0.00244848 0.0166965
8.21449e-10 0.00243618 0.0169944
8.2155e-10 0.00242354 0.0172964
8.21651e-10 0.00241057 0.0176026
8.21752e-10 0.00239726 0.0179131
8.21854e-10 0.00238363 0.0182278
8.21955e-10 0.00236966 0.0185469
8.22056e-10 0.00235535 0.0188703
8.22157e-10 0.00234071 0.0191981
8.22259e-10 0.00232574 0.0195304
8.2236e-10 0.00231044 0.0198672
8.22461e-10 0.0022948 0.0202085
8.22563e-10 0.00227883 0.0205543
8.22664e-10 0.00226253 0.0209048
8.22765e-10 0.0022459 0.02126
8.22866e-10 0.00222894 0.0216198
8.22968e-10 0.00221166 0.0219844
8.23069e-10 0.00219405 0.0223538
8.2317e-10 0.00217612 0.022728
8.23271e-10 0.00215787 0.023107
8.23373e-10 0.00213929 0.023491
8.23474e-10 0.0021204 0.0238799
8.23575e-10 0.0021012 0.0242739
8.23677e-10 0.00208169 0.0246728
8.23778e-10 0.00206187 0.0250768
8.23879e-10 0.00204175 0.025486
8.2398e-10 0.00202132 0.0259003
8.24082e-10 0.00200061 0.0263197
8.24183e-10 0.0019796 0.0267445
8.24284e-10 0.0019583 0.0271744
8.24385e-10 0.00193672 0.0276098
8.24487e-10 0.00191486 0.0280504
8.24588e-10 0.00189273 0.0284965
8.24689e-10 0.00187033 0.0289479
8.2479e-10 0.00184768 0.0294049
8.24892e-10 0.00182477 0.0298674
8.24993e-10 0.00180161 0.0303354
8.25094e-10 0.00177821 0.0308089
8.25196e-10 0.00175458 0.0312881
8.25297e-10 0.00173072 0.031773
8.25398e-10 0.00170664 0.0322635
8.25499e-10 0.00168236 0.0327598
8.25601e-10 0.00165787 0.0332618
8.25702e-10 0.00163318 0.0337696
8.25803e-10 0.00160832 0.0342832
8.25904e-10 0.00158328 0.0348027
8.26006e-10 0.00155807 0.035328
8.26107e-10 0.00153272 0.0358593
8.26208e-10 0.00150721 0.0363965
8.2631e-10 0.00148158 0.0369397
8.26411e-10 0.00145582 0.0374888
8.26512e-10 0.00142996 0.038044
8.26613e-10 0.001404 0.0386053
8.26715e-10 0.00137795 0.0391726
8.26816e-10 0.00135183 0.039746
8.26917e-10 0.00132565 0.0403256
8.27018e-10 0.00129943 0.0409113
8.2712e-10 0.00127317 0.0415031
8.27221e-10 0.0012469 0.0421011
8.27322e-10 0.00122063 0.0427054
8.27424e-10 0.00119437 0.0433158
8.27525e-10 0.00116813 0.0439325
8.27626e-10 0.00114195 0.0445554
8.27727e-10 0.00111583 0.0451846
8.27829e-10 0.00108978 0.04582
8.2793e-10 0.00106383 0.0464617
8.28031e-10 0.001038 0.0471097
8.28132e-10 0.00101229 0.0477639
8.28234e-10 0.000986742 0.0484245
8.28335e-10 0.000961359 0.0490913
8.28436e-10 0.000936164 0.0497644
8.28537e-10 0.000911178 0.0504438
8.28639e-10 0.000886421 0.0511295
8.2874e-10 0.000861914 0.0518215
8.28841e-10 0.000837676 0.0525197
8.28943e-10 0.00081373 0.0532242
8.29044e-10 0.000790097 0.0539349
8.29145e-10 0.0007668 0.0546519
8.29246e-10 0.000743861 0.055375
8.29348e-10 0.000721302 0.0561044
8.29449e-10 0.000699148 0.0568399
8.2955e-10 0.000677421 0.0575815
8.29651e-10 0.000656145 0.0583293
8.29753e-10 0.000635345 0.0590831
8.29854e-10 0.000615046 0.059843
8.29955e-10 0.000595271 0.0606088
8.30057e-10 0.000576046 0.0613807
8.30158e-10 0.000557397 0.0621584
8.30259e-10 0.00053935 0.062942
8.3036e-10 0.000521929 0.0637315
8.30462e-10 0.000505162 0.0645267
8.30563e-10 0.000489074 0.0653277
8.30664e-10 0.000473693 0.0661343
8.30765e-10 0.000459046 0.0669464
8.30867e-10 0.000445158 0.0677641
8.30968e-10 0.000432057 0.0685873
8.31069e-10 0.00041977 0.0694158
8.31171e-10 0.000408326 0.0702497
8.31272e-10 0.00039775 0.0710887
8.31373e-10 0.00038807 0.0719329
8.31474e-10 0.000379315 0.072782
8.31576e-10 0.00037151 0.0736362
8.31677e-10 0.000364684 0.0744951
8.31778e-10 0.000358864 0.0753588
8.31879e-10 0.000354077 0.0762271
8.31981e-10 0.00035035 0.0771
8.32082e-10 0.00034771 0.0779772
8.32183e-10 0.000346184 0.0788586
8.32284e-10 0.000345798 0.0797442
8.32386e-10 0.000346578 0.0806338
8.32487e-10 0.000348551 0.0815273
8.32588e-10 0.000351741 0.0824245
8.3269e-10 0.000356174 0.0833252
8.32791e-10 0.000361875 0.0842293
8.32892e-10 0.000368867 0.0851367
8.32993e-10 0.000377175 0.0860472
8.33095e-10 0.000386822 0.0869606
8.33196e-10 0.000397829 0.0878767
8.33297e-10 0.000410219 0.0887953
8.33398e-10 0.000424013 0.0897163
8.335e-10 0.000439231 0.0906394
8.33601e-10 0.000455893 0.0915646
8.33702e-10 0.000474017 0.0924914
8.33804e-10 0.000493621 0.0934198
8.33905e-10 0.000514722 0.0943495
8.34006e-10 0.000537335 0.0952803
8.34107e-10 0.000561475 0.0962119
8.34209e-10 0.000587155 0.0971441
8.3431e-10 0.000614387 0.0980767
8.34411e-10 0.000643183 0.0990093
8.34512e-10 0.000673552 0.0999419
8.34614e-10 0.000705501 0.100874
8.34715e-10 0.000739039 0.101805
8.34816e-10 0.00077417 0.102736
8.34917e-10 0.000810897 0.103665
8.35019e-10 0.000849223 0.104592
8.3512e-10 0.000889148 0.105518
8.35221e-10 0.000930671 0.106442
8.35323e-10 0.000973788 0.107363
8.35424e-10 0.00101849 0.108281
8.35525e-10 0.00106478 0.109196
8.35626e-10 0.00111264 0.110107
8.35728e-10 0.00116207 0.111015
8.35829e-10 0.00121304 0.111918
8.3593e-10 0.00126554 0.112817
8.36031e-10 0.00131957 0.113711
8.36133e-10 0.00137508 0.1146
8.36234e-10 0.00143207 0.115483
8.36335e-10 0.00149052 0.11636
8.36437e-10 0.00155038 0.117231
8.36538e-10 0.00161163 0.118094
8.36639e-10 0.00167425 0.118951
8.3674e-10 0.00173819 0.119799
8.36842e-10 0.00180343 0.12064
8.36943e-10 0.00186991 0.121472
8.37044e-10 0.0019376 0.122295
8.37145e-10 0.00200645 0.123109
8.37247e-10 0.00207642 0.123912
8.37348e-10 0.00214746 0.124706
8.37449e-10 0.00221951 0.125489
8.37551e-10 0.00229251 0.12626
8.37652e-10 0.00236642 0.12702
8.37753e-10 0.00244116 0.127768
8.37854e-10 0.00251668 0.128502
8.37956e-10 0.00259291 0.129224
8.38057e-10 0.00266977 0.129933
8.38158e-10 0.00274721 0.130627
8.38259e-10 0.00282514 0.131306
8.38361e-10 0.00290349 0.131971
8.38462e-10 0.00298218 0.13262
8.38563e-10 0.00306112 0.133252
8.38664e-10 0.00314025 0.133868
8.38766e-10 0.00321946 0.134467
8.38867e-10 0.00329868 0.135049
8.38968e-10 0.00337781 0.135612
8.3907e-10 0.00345676 0.136157
8.39171e-10 0.00353544 0.136682
8.39272e-10 0.00361375 0.137188
8.39373e-10 0.0036916 0.137673
8.39475e-10 0.00376889 0.138138
8.39576e-10 0.00384551 0.138582
8.39677e-10 0.00392138 0.139004
8.39778e-10 0.00399639 0.139404
8.3988e-10 0.00407044 0.139781
