6.9e-10 0.00834584 0.0362667
6.90101e-10 0.00807843 0.0366525
6.90203e-10 0.0078113 0.0370086
6.90304e-10 0.00754488 0.0373335
6.90405e-10 0.00727956 0.0376255
6.90506e-10 0.00701573 0.0378834
6.90608e-10 0.00675378 0.0381059
6.90709e-10 0.0064941 0.0382919
6.9081e-10 0.00623704 0.0384404
6.90911e-10 0.00598298 0.0385507
6.91013e-10 0.00573226 0.0386221
6.91114e-10 0.00548523 0.0386541
6.91215e-10 0.00524223 0.0386464
6.91317e-10 0.00500358 0.0385987
6.91418e-10 0.00476958 0.0385109
6.91519e-10 0.00454055 0.0383831
6.9162e-10 0.00431677 0.0382156
6.91722e-10 0.00409852 0.0380086
6.91823e-10 0.00388607 0.0377627
6.91924e-10 0.00367966 0.0374783
6.92025e-10 0.00347954 0.0371563
6.92127e-10 0.00328593 0.0367975
6.92228e-10 0.00309904 0.0364028
6.92329e-10 0.00291905 0.0359733
6.9243e-10 0.00274616 0.0355101
6.92532e-10 0.00258052 0.0350145
6.92633e-10 0.00242227 0.0344878
6.92734e-10 0.00227154 0.0339314
6.92836e-10 0.00212844 0.0333469
6.92937e-10 0.00199307 0.0327358
6.93038e-10 0.00186549 0.0320998
6.93139e-10 0.00174577 0.0314405
6.93241e-10 0.00163394 0.0307596
6.93342e-10 0.00153002 0.030059
6.93443e-10 0.00143402 0.0293405
6.93544e-10 0.00134591 0.0286059
6.93646e-10 0.00126566 0.027857
6.93747e-10 0.00119322 0.0270959
6.93848e-10 0.00112852 0.0263243
6.9395e-10 0.00107147 0.0255441
6.94051e-10 0.00102196 0.0247573
6.94152e-10 0.000979866 0.0239658
6.94253e-10 0.000945056 0.0231713
6.94355e-10 0.000917372 0.0223758
6.94456e-10 0.000896644 0.021581
6.94557e-10 0.000882689 0.0207888
6.94658e-10 0.000875306 0.0200008
6.9476e-10 0.000874284 0.0192189
6.94861e-10 0.000879399 0.0184446
6.94962e-10 0.000890413 0.0176796
6.95064e-10 0.000907081 0.0169254
6.95165e-10 0.000929144 0.0161834
6.95266e-10 0.000956336 0.0154552
6.95367e-10 0.000988382 0.0147421
6.95469e-10 0.001025 0.0140454
6.9557e-10 0.0010659 0.0133663
6.95671e-10 0.00111079 0.0127059
6.95772e-10 0.00115937 0.0120654
6.95874e-10 0.00121134 0.0114456
6.95975e-10 0.00126639 0.0108476
6.96076e-10 0.00132422 0.0102721
6.96177e-10 0.00138452 0.00971993
6.96279e-10 0.00144698 0.00919172
6.9638e-10 0.0015113 0.00868807
6.96481e-10 0.00157718 0.00820948
6.96583e-10 0.00164431 0.00775637
6.96684e-10 0.0017124 0.00732908
6.96785e-10 0.00178116 0.00692786
6.96886e-10 0.0018503 0.00655291
6.96988e-10 0.00191955 0.0062043
6.97089e-10 0.00198862 0.00588208
6.9719e-10 0.00205727 0.00558618
6.97291e-10 0.00212523 0.00531648
6.97393e-10 0.00219225 0.00507278
6.97494e-10 0.0022581 0.00485481
6.97595e-10 0.00232256 0.00466223
6.97697e-10 0.00238541 0.00449464
6.97798e-10 0.00244644 0.00435158
6.97899e-10 0.00250546 0.00423253
6.98e-10 0.00256229 0.00413691
6.98102e-10 0.00261677 0.00406408
6.98203e-10 0.00266873 0.00401337
6.98304e-10 0.00271804 0.00398404
6.98405e-10 0.00276457 0.00397532
6.98507e-10 0.0028082 0.00398641
6.98608e-10 0.00284882 0.00401643
6.98709e-10 0.00288635 0.00406453
6.9881e-10 0.00292071 0.00412977
6.98912e-10 0.00295184 0.00421122
6.99013e-10 0.00297968 0.00430791
6.99114e-10 0.00300419 0.00441885
6.99216e-10 0.00302536 0.00454306
6.99317e-10 0.00304316 0.0046795
6.99418e-10 0.0030576 0.00482717
6.99519e-10 0.00306868 0.00498502
6.99621e-10 0.00307643 0.00515202
6.99722e-10 0.00308087 0.00532714
6.99823e-10 0.00308207 0.00550935
6.99924e-10 0.00308005 0.00569762
7.00026e-10 0.0030749 0.00589093
7.00127e-10 0.00306668 0.00608828
7.00228e-10 0.00305547 0.00628868
7.0033e-10 0.00304136 0.00649115
7.00431e-10 0.00302445 0.00669475
7.00532e-10 0.00300484 0.00689853
7.00633e-10 0.00298265 0.00710159
7.00735e-10 0.00295799 0.00730304
7.00836e-10 0.00293098 0.00750204
7.00937e-10 0.00290174 0.00769775
7.01038e-10 0.00287042 0.00788939
7.0114e-10 0.00283714 0.00807619
7.01241e-10 0.00280204 0.00825744
7.01342e-10 0.00276527 0.00843244
7.01444e-10 0.00272696 0.00860054
7.01545e-10 0.00268726 0.00876114
7.01646e-10 0.00264631 0.00891365
7.01747e-10 0.00260426 0.00905755
7.01849e-10 0.00256126 0.00919234
7.0195e-10 0.00251744 0.00931757
7.02051e-10 0.00247295 0.00943284
7.02152e-10 0.00242794 0.00953777
7.02254e-10 0.00238253 0.00963204
7.02355e-10 0.00233688 0.00971536
7.02456e-10 0.0022911 0.0097875
7.02557e-10 0.00224534 0.00984825
7.02659e-10 0.00219972 0.00989746
7.0276e-10 0.00215436 0.00993499
7.02861e-10 0.00210937 0.00996079
7.02963e-10 0.00206488 0.0099748
7.03064e-10 0.002021 0.00997702
7.03165e-10 0.00197782 0.0099675
7.03266e-10 0.00193544 0.0099463
7.03368e-10 0.00189396 0.00991353
7.03469e-10 0.00185347 0.00986934
7.0357e-10 0.00181404 0.00981391
7.03671e-10 0.00177574 0.00974743
7.03773e-10 0.00173866 0.00967015
7.03874e-10 0.00170285 0.00958234
7.03975e-10 0.00166836 0.0094843
7.04077e-10 0.00163525 0.00937634
7.04178e-10 0.00160357 0.00925881
7.04279e-10 0.00157334 0.00913208
7.0438e-10 0.0015446 0.00899654
7.04482e-10 0.00151738 0.00885261
7.04583e-10 0.00149169 0.0087007
7.04684e-10 0.00146755 0.00854128
7.04785e-10 0.00144497 0.00837479
7.04887e-10 0.00142394 0.00820171
7.04988e-10 0.00140447 0.00802252
7.05089e-10 0.00138655 0.00783773
7.05191e-10 0.00137015 0.00764782
7.05292e-10 0.00135527 0.00745331
7.05393e-10 0.00134187 0.00725472
7.05494e-10 0.00132993 0.00705255
7.05596e-10 0.00131943 0.00684733
7.05697e-10 0.00131031 0.00663958
7.05798e-10 0.00130253 0.0064298
7.05899e-10 0.00129607 0.00621852
7.06001e-10 0.00129086 0.00600625
7.06102e-10 0.00128686 0.00579348
7.06203e-10 0.00128401 0.00558071
7.06304e-10 0.00128227 0.00536842
7.06406e-10 0.00128156 0.00515711
7.06507e-10 0.00128183 0.00494722
7.06608e-10 0.00128302 0.00473922
7.0671e-10 0.00128506 0.00453355
7.06811e-10 0.0012879 0.00433063
7.06912e-10 0.00129146 0.00413088
7.07013e-10 0.00129569 0.00393468
7.07115e-10 0.0013005 0.00374243
7.07216e-10 0.00130585 0.00355447
7.07317e-10 0.00131165 0.00337116
7.07418e-10 0.00131785 0.00319281
7.0752e-10 0.00132438 0.00301974
7.07621e-10 0.00133118 0.00285221
7.07722e-10 0.00133818 0.00269051
7.07824e-10 0.00134532 0.00253486
7.07925e-10 0.00135254 0.0023855
7.08026e-10 0.00135977 0.00224262
7.08127e-10 0.00136697 0.0021064
7.08229e-10 0.00137408 0.00197701
7.0833e-10 0.00138104 0.00185457
7.08431e-10 0.0013878 0.0017392
7.08532e-10 0.00139431 0.00163099
7.08634e-10 0.00140053 0.00153002
7.08735e-10 0.0014064 0.00143634
7.08836e-10 0.0014119 0.00134997
7.08938e-10 0.00141697 0.00127093
7.09039e-10 0.00142159 0.0011992
7.0914e-10 0.00142572 0.00113476
7.09241e-10 0.00142933 0.00107755
7.09343e-10 0.00143239 0.00102751
7.09444e-10 0.00143488 0.000984554
7.09545e-10 0.00143677 0.000948573
7.09646e-10 0.00143805 0.000919447
7.09748e-10 0.0014387 0.000897041
7.09849e-10 0.0014387 0.000881199
7.0995e-10 0.00143805 0.000871757
7.10051e-10 0.00143674 0.00086853
7.10153e-10 0.00143476 0.000871326
7.10254e-10 0.00143211 0.000879935
7.10355e-10 0.0014288 0.000894139
7.10457e-10 0.00142481 0.000913707
7.10558e-10 0.00142017 0.0009384
7.10659e-10 0.00141488 0.000967969
7.1076e-10 0.00140894 0.00100216
7.10862e-10 0.00140238 0.00104069
7.10963e-10 0.0013952 0.00108332
7.11064e-10 0.00138742 0.00112974
7.11165e-10 0.00137906 0.00117969
7.11267e-10 0.00137014 0.00123288
7.11368e-10 0.00136068 0.00128901
7.11469e-10 0.00135071 0.0013478
7.11571e-10 0.00134024 0.00140896
7.11672e-10 0.00132932 0.00147219
7.11773e-10 0.00131795 0.0015372
7.11874e-10 0.00130617 0.00160371
7.11976e-10 0.00129402 0.00167141
7.12077e-10 0.00128151 0.00174003
7.12178e-10 0.00126869 0.00180929
7.12279e-10 0.00125557 0.0018789
7.12381e-10 0.0012422 0.00194858
7.12482e-10 0.0012286 0.00201809
7.12583e-10 0.0012148 0.00208714
7.12684e-10 0.00120085 0.00215549
7.12786e-10 0.00118676 0.00222289
7.12887e-10 0.00117257 0.00228909
7.12988e-10 0.00115831 0.00235388
7.1309e-10 0.00114402 0.00241702
7.13191e-10 0.00112972 0.00247831
7.13292e-10 0.00111544 0.00253753
7.13393e-10 0.00110121 0.00259451
7.13495e-10 0.00108706 0.00264905
7.13596e-10 0.00107302 0.00270098
7.13697e-10 0.00105911 0.00275016
7.13798e-10 0.00104536 0.00279642
7.139e-10 0.0010318 0.00283962
7.14001e-10 0.00101843 0.00287966
7.14102e-10 0.0010053 0.0029164
7.14204e-10 0.000992416 0.00294976
7.14305e-10 0.000979799 0.00297964
7.14406e-10 0.000967468 0.00300596
7.14507e-10 0.000955441 0.00302866
7.14609e-10 0.000943732 0.00304768
7.1471e-10 0.000932356 0.00306299
7.14811e-10 0.000921324 0.00307456
7.14912e-10 0.000910649 0.00308236
7.15014e-10 0.00090034 0.0030864
7.15115e-10 0.000890406 0.00308668
7.15216e-10 0.000880852 0.00308321
7.15318e-10 0.000871686 0.00307603
7.15419e-10 0.00086291 0.00306516
7.1552e-10 0.000854527 0.00305067
7.15621e-10 0.00084654 0.0030326
7.15723e-10 0.000838947 0.00301103
7.15824e-10 0.000831748 0.00298603
7.15925e-10 0.00082494 0.0029577
7.16026e-10 0.000818519 0.00292612
7.16128e-10 0.00081248 0.00289139
7.16229e-10 0.000806818 0.00285364
7.1633e-10 0.000801525 0.00281298
7.16431e-10 0.000796592 0.00276953
7.16533e-10 0.000792011 0.00272342
7.16634e-10 0.000787772 0.00267479
7.16735e-10 0.000783863 0.00262378
7.16837e-10 0.000780273 0.00257055
7.16938e-10 0.000776989 0.00251523
7.17039e-10 0.000773998 0.002458
7.1714e-10 0.000771286 0.00239899
7.17242e-10 0.000768838 0.00233839
7.17343e-10 0.000766641 0.00227634
7.17444e-10 0.000764678 0.00221302
7.17545e-10 0.000762933 0.0021486
7.17647e-10 0.000761391 0.00208323
7.17748e-10 0.000760035 0.00201709
7.17849e-10 0.00075885 0.00195035
7.17951e-10 0.000757818 0.00188318
7.18052e-10 0.000756922 0.00181573
7.18153e-10 0.000756147 0.00174818
7.18254e-10 0.000755475 0.00168069
7.18356e-10 0.00075489 0.00161342
7.18457e-10 0.000754376 0.00154653
7.18558e-10 0.000753917 0.00148016
7.18659e-10 0.000753497 0.00141448
7.18761e-10 0.000753101 0.00134963
7.18862e-10 0.000752714 0.00128575
7.18963e-10 0.00075232 0.00122298
7.19065e-10 0.000751907 0.00116145
7.19166e-10 0.000751459 0.00110129
7.19267e-10 0.000750965 0.00104262
7.19368e-10 0.000750411 0.000985568
7.1947e-10 0.000749785 0.000930232
7.19571e-10 0.000749077 0.00087672
7.19672e-10 0.000748275 0.00082513
7.19773e-10 0.00074737 0.000775553
7.19875e-10 0.000746352 0.000728073
7.19976e-10 0.000745213 0.000682768
7.20077e-10 0.000743945 0.000639709
7.20178e-10 0.00074254 0.000598958
7.2028e-10 0.000740993 0.000560571
7.20381e-10 0.000739297 0.000524598
7.20482e-10 0.000737449 0.000491081
7.20584e-10 0.000735443 0.000460053
7.20685e-10 0.000733277 0.000431542
7.20786e-10 0.000730948 0.000405567
7.20887e-10 0.000728454 0.000382141
7.20989e-10 0.000725794 0.00036127
7.2109e-10 0.000722967 0.000342952
7.21191e-10 0.000719975 0.000327178
7.21292e-10 0.000716818 0.000313934
7.21394e-10 0.000713497 0.000303197
7.21495e-10 0.000710015 0.000294939
7.21596e-10 0.000706376 0.000289125
7.21698e-10 0.000702581 0.000285714
7.21799e-10 0.000698637 0.000284659
7.219e-10 0.000694547 0.000285907
7.22001e-10 0.000690316 0.000289401
7.22103e-10 0.000685951 0.000295077
7.22204e-10 0.000681457 0.000302866
7.22305e-10 0.000676841 0.000312694
7.22406e-10 0.00067211 0.000324485
7.22508e-10 0.000667272 0.000338157
7.22609e-10 0.000662333 0.000353622
7.2271e-10 0.000657303 0.000370792
7.22812e-10 0.000652189 0.000389573
7.22913e-10 0.000646999 0.000409871
7.23014e-10 0.000641742 0.000431585
7.23115e-10 0.000636428 0.000454614
7.23217e-10 0.000631064 0.000478856
7.23318e-10 0.000625661 0.000504206
7.23419e-10 0.000620226 0.000530556
7.2352e-10 0.000614769 0.000557798
7.23622e-10 0.0006093 0.000585825
7.23723e-10 0.000603826 0.000614527
7.23824e-10 0.000598357 0.000643795
7.23925e-10 0.000592902 0.000673518
7.24027e-10 0.000587469 0.000703589
7.24128e-10 0.000582067 0.000733898
7.24229e-10 0.000576703 0.000764338
7.24331e-10 0.000571387 0.000794804
7.24432e-10 0.000566126 0.000825189
7.24533e-10 0.000560928 0.000855392
7.24634e-10 0.000555799 0.000885311
7.24736e-10 0.000550746 0.000914848
7.24837e-10 0.000545777 0.000943907
7.24938e-10 0.000540897 0.000972394
7.25039e-10 0.000536113 0.00100022
7.25141e-10 0.000531429 0.00102729
7.25242e-10 0.000526851 0.00105354
7.25343e-10 0.000522384 0.00107887
7.25445e-10 0.000518032 0.0011032
7.25546e-10 0.000513798 0.00112648
7.25647e-10 0.000509687 0.00114863
7.25748e-10 0.000505701 0.00116958
7.2585e-10 0.000501842 0.00118927
7.25951e-10 0.000498114 0.00120766
7.26052e-10 0.000494517 0.00122468
7.26153e-10 0.000491053 0.00124029
7.26255e-10 0.000487722 0.00125446
7.26356e-10 0.000484526 0.00126713
7.26457e-10 0.000481463 0.00127829
7.26559e-10 0.000478535 0.0012879
7.2666e-10 0.000475738 0.00129594
7.26761e-10 0.000473074 0.00130239
7.26862e-10 0.000470539 0.00130725
7.26964e-10 0.000468132 0.00131049
7.27065e-10 0.00046585 0.00131212
7.27166e-10 0.000463691 0.00131214
7.27267e-10 0.000461652 0.00131056
7.27369e-10 0.000459729 0.00130738
7.2747e-10 0.000457919 0.00130262
7.27571e-10 0.000456218 0.0012963
7.27672e-10 0.000454621 0.00128845
7.27774e-10 0.000453125 0.00127908
7.27875e-10 0.000451724 0.00126824
7.27976e-10 0.000450414 0.00125596
7.28078e-10 0.000449189 0.00124227
7.28179e-10 0.000448045 0.00122722
7.2828e-10 0.000446975 0.00121087
7.28381e-10 0.000445976 0.00119324
7.28483e-10 0.00044504 0.00117441
7.28584e-10 0.000444163 0.00115442
7.28685e-10 0.000443338 0.00113334
7.28786e-10 0.000442561 0.00111122
7.28888e-10 0.000441825 0.00108813
7.28989e-10 0.000441124 0.00106413
7.2909e-10 0.000440453 0.0010393
7.29192e-10 0.000439806 0.00101369
7.29293e-10 0.000439177 0.00098738
7.29394e-10 0.000438562 0.000960444
7.29495e-10 0.000437954 0.000932953
7.29597e-10 0.000437348 0.000904979
7.29698e-10 0.000436739 0.000876599
7.29799e-10 0.000436122 0.000847886
7.299e-10 0.000435492 0.000818916
7.30002e-10 0.000434845 0.000789763
7.30103e-10 0.000434175 0.000760502
7.30204e-10 0.000433479 0.000731208
7.30305e-10 0.000432753 0.000701954
7.30407e-10 0.000431992 0.000672814
7.30508e-10 0.000431193 0.00064386
7.30609e-10 0.000430353 0.000615161
7.30711e-10 0.000429468 0.000586789
7.30812e-10 0.000428536 0.000558809
7.30913e-10 0.000427553 0.00053129
7.31014e-10 0.000426518 0.000504294
7.31116e-10 0.000425429 0.000477884
7.31217e-10 0.000424284 0.00045212
7.31318e-10 0.00042308 0.00042706
7.31419e-10 0.000421818 0.000402758
7.31521e-10 0.000420496 0.000379268
7.31622e-10 0.000419113 0.00035664
7.31723e-10 0.000417669 0.000334919
7.31825e-10 0.000416163 0.000314151
7.31926e-10 0.000414597 0.000294376
7.32027e-10 0.00041297 0.000275632
7.32128e-10 0.000411282 0.000257954
7.3223e-10 0.000409536 0.000241374
7.32331e-10 0.000407731 0.000225918
7.32432e-10 0.00040587 0.000211614
7.32533e-10 0.000403953 0.000198481
7.32635e-10 0.000401983 0.000186538
7.32736e-10 0.000399962 0.000175799
7.32837e-10 0.000397892 0.000166275
7.32939e-10 0.000395775 0.000157974
7.3304e-10 0.000393613 0.000150901
7.33141e-10 0.000391411 0.000145056
7.33242e-10 0.00038917 0.000140437
7.33344e-10 0.000386893 0.000137037
7.33445e-10 0.000384584 0.000134848
7.33546e-10 0.000382246 0.000133857
7.33647e-10 0.000379883 0.000134048
7.33749e-10 0.000377497 0.000135404
7.3385e-10 0.000375092 0.000137901
7.33951e-10 0.000372672 0.000141517
7.34052e-10 0.00037024 0.000146222
7.34154e-10 0.000367801 0.000151987
7.34255e-10 0.000365357 0.000158779
7.34356e-10 0.000362912 0.000166563
7.34458e-10 0.000360471 0.000175301
7.34559e-10 0.000358036 0.000184953
7.3466e-10 0.000355611 0.000195476
7.34761e-10 0.0003532 0.000206828
7.34863e-10 0.000350806 0.00021896
7.34964e-10 0.000348433 0.000231827
7.35065e-10 0.000346084 0.000245378
7.35166e-10 0.000343762 0.000259563
7.35268e-10 0.000341471 0.000274329
7.35369e-10 0.000339213 0.000289624
7.3547e-10 0.000336991 0.000305394
7.35572e-10 0.000334808 0.000321583
7.35673e-10 0.000332666 0.000338136
7.35774e-10 0.000330569 0.000354997
7.35875e-10 0.000328518 0.00037211
7.35977e-10 0.000326516 0.000389418
7.36078e-10 0.000324564 0.000406863
7.36179e-10 0.000322664 0.000424391
7.3628e-10 0.000320819 0.000441945
7.36382e-10 0.000319028 0.000459469
7.36483e-10 0.000317295 0.000476907
7.36584e-10 0.000315619 0.000494206
7.36686e-10 0.000314001 0.000511313
7.36787e-10 0.000312443 0.000528173
7.36888e-10 0.000310945 0.000544738
7.36989e-10 0.000309507 0.000560955
7.37091e-10 0.00030813 0.000576777
7.37192e-10 0.000306812 0.000592157
7.37293e-10 0.000305555 0.000607048
7.37394e-10 0.000304357 0.000621409
7.37496e-10 0.000303218 0.000635196
7.37597e-10 0.000302138 0.00064837
7.37698e-10 0.000301114 0.000660893
7.37799e-10 0.000300147 0.000672731
7.37901e-10 0.000299235 0.000683848
7.38002e-10 0.000298377 0.000694215
7.38103e-10 0.00029757 0.000703802
7.38205e-10 0.000296814 0.000712585
7.38306e-10 0.000296106 0.000720537
7.38407e-10 0.000295445 0.00072764
7.38508e-10 0.000294828 0.000733874
7.3861e-10 0.000294253 0.000739222
7.38711e-10 0.000293718 0.000743673
7.38812e-10 0.000293222 0.000747214
7.38913e-10 0.00029276 0.000749839
7.39015e-10 0.000292331 0.000751541
7.39116e-10 0.000291932 0.000752318
7.39217e-10 0.00029156 0.00075217
7.39319e-10 0.000291214 0.000751099
7.3942e-10 0.000290889 0.000749111
7.39521e-10 0.000290584 0.000746213
7.39622e-10 0.000290296 0.000742416
7.39724e-10 0.000290021 0.000737732
7.39825e-10 0.000289758 0.000732176
7.39926e-10 0.000289503 0.000725766
7.40027e-10 0.000289254 0.000718522
7.40129e-10 0.000289008 0.000710466
7.4023e-10 0.000288762 0.000701622
7.40331e-10 0.000288515 0.000692016
7.40433e-10 0.000288263 0.000681677
7.40534e-10 0.000288003 0.000670634
7.40635e-10 0.000287735 0.000658921
7.40736e-10 0.000287455 0.00064657
7.40838e-10 0.00028716 0.000633616
7.40939e-10 0.00028685 0.000620097
7.4104e-10 0.000286522 0.000606051
7.41141e-10 0.000286174 0.000591517
7.41243e-10 0.000285805 0.000576535
7.41344e-10 0.000285412 0.000561147
7.41445e-10 0.000284994 0.000545397
7.41546e-10 0.00028455 0.000529325
7.41648e-10 0.000284078 0.000512978
7.41749e-10 0.000283578 0.000496399
7.4185e-10 0.000283048 0.000479633
7.41952e-10 0.000282487 0.000462725
7.42053e-10 0.000281896 0.00044572
7.42154e-10 0.000281272 0.000428664
7.42255e-10 0.000280616 0.000411602
7.42357e-10 0.000279927 0.000394579
7.42458e-10 0.000279206 0.00037764
7.42559e-10 0.000278451 0.000360828
7.4266e-10 0.000277664 0.000344188
7.42762e-10 0.000276844 0.000327761
7.42863e-10 0.000275993 0.000311591
7.42964e-10 0.000275109 0.000295718
7.43066e-10 0.000274195 0.000280183
7.43167e-10 0.00027325 0.000265024
7.43268e-10 0.000272276 0.000250279
7.43369e-10 0.000271274 0.000235984
7.43471e-10 0.000270245 0.000222175
7.43572e-10 0.00026919 0.000208884
7.43673e-10 0.00026811 0.000196144
7.43774e-10 0.000267006 0.000183985
7.43876e-10 0.000265881 0.000172435
7.43977e-10 0.000264736 0.00016152
7.44078e-10 0.000263573 0.000151265
7.44179e-10 0.000262393 0.000141694
7.44281e-10 0.000261198 0.000132826
7.44382e-10 0.000259989 0.00012468
7.44483e-10 0.00025877 0.000117273
7.44585e-10 0.000257542 0.000110619
7.44686e-10 0.000256306 0.00010473
7.44787e-10 0.000255065 9.96177e-05
7.44888e-10 0.000253821 9.52884e-05
7.4499e-10 0.000252576 9.17483e-05
7.45091e-10 0.000251332 8.90009e-05
7.45192e-10 0.000250091 8.70476e-05
7.45293e-10 0.000248855 8.58874e-05
7.45395e-10 0.000247627 8.55172e-05
7.45496e-10 0.000246407 8.59318e-05
7.45597e-10 0.000245198 8.71238e-05
7.45699e-10 0.000244003 8.90836e-05
7.458e-10 0.000242822 9.17997e-05
7.45901e-10 0.000241658 9.52585e-05
7.46002e-10 0.000240513 9.94444e-05
7.46104e-10 0.000239388 0.00010434
7.46205e-10 0.000238285 0.000109925
7.46306e-10 0.000237205 0.00011618
7.46407e-10 0.000236151 0.00012308
7.46509e-10 0.000235122 0.000130602
7.4661e-10 0.000234122 0.000138718
7.46711e-10 0.000233151 0.000147402
7.46813e-10 0.000232209 0.000156624
7.46914e-10 0.000231299 0.000166353
7.47015e-10 0.000230421 0.000176558
7.47116e-10 0.000229577 0.000187205
7.47218e-10 0.000228765 0.000198261
7.47319e-10 0.000227989 0.00020969
7.4742e-10 0.000227247 0.000221457
7.47521e-10 0.00022654 0.000233525
7.47623e-10 0.000225869 0.000245856
7.47724e-10 0.000225233 0.000258413
7.47825e-10 0.000224633 0.000271156
7.47926e-10 0.000224069 0.000284049
7.48028e-10 0.000223541 0.00029705
7.48129e-10 0.000223048 0.000310122
7.4823e-10 0.00022259 0.000323226
7.48332e-10 0.000222166 0.000336321
7.48433e-10 0.000221776 0.00034937
7.48534e-10 0.000221419 0.000362333
7.48635e-10 0.000221095 0.000375173
7.48737e-10 0.000220802 0.000387852
7.48838e-10 0.000220539 0.000400333
7.48939e-10 0.000220306 0.00041258
7.4904e-10 0.000220102 0.000424556
7.49142e-10 0.000219924 0.000436229
7.49243e-10 0.000219772 0.000447562
7.49344e-10 0.000219644 0.000458526
7.49446e-10 0.00021954 0.000469087
7.49547e-10 0.000219456 0.000479216
7.49648e-10 0.000219393 0.000488883
7.49749e-10 0.000219348 0.000498063
7.49851e-10 0.000219319 0.000506728
7.49952e-10 0.000219306 0.000514854
7.50053e-10 0.000219306 0.000522419
7.50154e-10 0.000219317 0.000529401
7.50256e-10 0.000219338 0.000535781
7.50357e-10 0.000219368 0.000541542
7.50458e-10 0.000219403 0.000546667
7.5056e-10 0.000219443 0.000551143
7.50661e-10 0.000219486 0.000554956
7.50762e-10 0.00021953 0.000558099
7.50863e-10 0.000219573 0.000560561
7.50965e-10 0.000219613 0.000562336
7.51066e-10 0.00021965 0.000563421
7.51167e-10 0.000219681 0.000563812
7.51268e-10 0.000219704 0.00056351
7.5137e-10 0.000219719 0.000562515
7.51471e-10 0.000219723 0.000560831
7.51572e-10 0.000219716 0.000558464
7.51673e-10 0.000219695 0.000555421
7.51775e-10 0.00021966 0.000551711
7.51876e-10 0.000219609 0.000547345
7.51977e-10 0.000219541 0.000542335
7.52079e-10 0.000219455 0.000536697
7.5218e-10 0.00021935 0.000530447
7.52281e-10 0.000219225 0.000523603
7.52382e-10 0.00021908 0.000516184
7.52484e-10 0.000218913 0.000508212
7.52585e-10 0.000218723 0.00049971
7.52686e-10 0.000218511 0.000490702
7.52787e-10 0.000218276 0.000481213
7.52889e-10 0.000218018 0.00047127
7.5299e-10 0.000217735 0.000460902
7.53091e-10 0.000217428 0.000450137
7.53193e-10 0.000217098 0.000439006
7.53294e-10 0.000216743 0.000427541
7.53395e-10 0.000216364 0.000415773
7.53496e-10 0.000215962 0.000403736
7.53598e-10 0.000215536 0.000391463
7.53699e-10 0.000215087 0.000378988
7.538e-10 0.000214615 0.000366347
7.53901e-10 0.000214122 0.000353574
7.54003e-10 0.000213607 0.000340705
7.54104e-10 0.000213071 0.000327776
7.54205e-10 0.000212516 0.000314822
7.54307e-10 0.000211942 0.00030188
7.54408e-10 0.00021135 0.000288986
7.54509e-10 0.000210742 0.000276174
7.5461e-10 0.000210117 0.000263481
7.54712e-10 0.000209479 0.000250942
7.54813e-10 0.000208827 0.00023859
7.54914e-10 0.000208163 0.00022646
7.55015e-10 0.000207489 0.000214585
7.55117e-10 0.000206805 0.000202998
7.55218e-10 0.000206113 0.00019173
7.55319e-10 0.000205416 0.000180813
7.5542e-10 0.000204713 0.000170276
7.55522e-10 0.000204007 0.000160147
7.55623e-10 0.0002033 0.000150455
7.55724e-10 0.000202592 0.000141225
7.55826e-10 0.000201886 0.000132483
7.55927e-10 0.000201182 0.000124252
7.56028e-10 0.000200483 0.000116554
7.56129e-10 0.00019979 0.00010941
7.56231e-10 0.000199104 0.00010284
7.56332e-10 0.000198428 9.68597e-05
7.56433e-10 0.000197762 9.14862e-05
7.56534e-10 0.000197107 8.67333e-05
7.56636e-10 0.000196466 8.26134e-05
7.56737e-10 0.00019584 7.91372e-05
7.56838e-10 0.00019523 7.63135e-05
7.5694e-10 0.000194637 7.41494e-05
7.57041e-10 0.000194063 7.26501e-05
7.57142e-10 0.000193509 7.1819e-05
7.57243e-10 0.000192975 7.16574e-05
7.57345e-10 0.000192463 7.21652e-05
7.57446e-10 0.000191974 7.334e-05
7.57547e-10 0.000191508 7.51778e-05
7.57648e-10 0.000191067 7.76727e-05
7.5775e-10 0.000190651 8.0817e-05
7.57851e-10 0.000190261 8.46012e-05
7.57952e-10 0.000189898 8.9014e-05
7.58053e-10 0.000189562 9.40423e-05
7.58155e-10 0.000189252 9.96714e-05
7.58256e-10 0.000188971 0.000105885
7.58357e-10 0.000188717 0.000112665
7.58459e-10 0.000188492 0.000119992
7.5856e-10 0.000188294 0.000127845
7.58661e-10 0.000188125 0.000136201
7.58762e-10 0.000187983 0.000145037
7.58864e-10 0.000187869 0.000154327
7.58965e-10 0.000187782 0.000164044
7.59066e-10 0.000187723 0.000174162
7.59167e-10 0.000187689 0.000184651
7.59269e-10 0.000187682 0.000195481
7.5937e-10 0.0001877 0.000206622
7.59471e-10 0.000187742 0.000218043
7.59573e-10 0.000187808 0.00022971
7.59674e-10 0.000187896 0.000241592
7.59775e-10 0.000188007 0.000253654
7.59876e-10 0.000188138 0.000265862
7.59978e-10 0.000188289 0.000278182
7.60079e-10 0.000188459 0.000290578
7.6018e-10 0.000188646 0.000303017
7.60281e-10 0.000188849 0.000315463
7.60383e-10 0.000189067 0.00032788
7.60484e-10 0.000189298 0.000340234
7.60585e-10 0.000189541 0.00035249
7.60687e-10 0.000189796 0.000364614
7.60788e-10 0.000190059 0.00037657
7.60889e-10 0.00019033 0.000388325
7.6099e-10 0.000190607 0.000399847
7.61092e-10 0.00019089 0.000411102
7.61193e-10 0.000191175 0.000422059
7.61294e-10 0.000191462 0.000432687
7.61395e-10 0.00019175 0.000442956
7.61497e-10 0.000192036 0.000452836
7.61598e-10 0.000192319 0.0004623
7.61699e-10 0.000192599 0.000471321
7.618e-10 0.000192872 0.000479874
7.61902e-10 0.000193139 0.000487934
7.62003e-10 0.000193397 0.000495478
7.62104e-10 0.000193645 0.000502484
7.62206e-10 0.000193883 0.000508934
7.62307e-10 0.000194108 0.000514808
7.62408e-10 0.000194319 0.00052009
7.62509e-10 0.000194516 0.000524765
7.62611e-10 0.000194697 0.000528819
7.62712e-10 0.000194861 0.00053224
7.62813e-10 0.000195008 0.000535018
7.62914e-10 0.000195135 0.000537147
7.63016e-10 0.000195244 0.000538618
7.63117e-10 0.000195332 0.000539428
7.63218e-10 0.0001954 0.000539575
7.6332e-10 0.000195446 0.000539056
7.63421e-10 0.00019547 0.000537875
7.63522e-10 0.000195472 0.000536033
7.63623e-10 0.000195451 0.000533536
7.63725e-10 0.000195407 0.00053039
7.63826e-10 0.000195341 0.000526604
7.63927e-10 0.000195251 0.000522189
7.64028e-10 0.000195139 0.000517156
7.6413e-10 0.000195003 0.00051152
7.64231e-10 0.000194845 0.000505296
7.64332e-10 0.000194665 0.000498502
7.64434e-10 0.000194462 0.000491157
7.64535e-10 0.000194239 0.000483281
7.64636e-10 0.000193994 0.000474896
7.64737e-10 0.000193729 0.000466027
7.64839e-10 0.000193444 0.000456699
7.6494e-10 0.000193141 0.000446937
7.65041e-10 0.00019282 0.000436769
7.65142e-10 0.000192482 0.000426225
7.65244e-10 0.000192128 0.000415334
7.65345e-10 0.00019176 0.000404127
7.65446e-10 0.000191377 0.000392637
7.65547e-10 0.000190983 0.000380896
7.65649e-10 0.000190577 0.000368938
7.6575e-10 0.000190161 0.000356797
7.65851e-10 0.000189737 0.000344508
7.65953e-10 0.000189306 0.000332107
7.66054e-10 0.000188869 0.00031963
7.66155e-10 0.000188428 0.000307113
7.66256e-10 0.000187984 0.000294592
7.66358e-10 0.000187539 0.000282103
7.66459e-10 0.000187094 0.000269684
7.6656e-10 0.000186651 0.00025737
7.66661e-10 0.000186212 0.000245198
7.66763e-10 0.000185778 0.000233204
7.66864e-10 0.00018535 0.000221424
7.66965e-10 0.00018493 0.000209891
7.67067e-10 0.000184519 0.000198641
7.67168e-10 0.00018412 0.000187708
7.67269e-10 0.000183733 0.000177125
7.6737e-10 0.000183359 0.000166923
7.67472e-10 0.000183001 0.000157133
7.67573e-10 0.00018266 0.000147786
7.67674e-10 0.000182337 0.000138911
7.67775e-10 0.000182032 0.000130536
7.67877e-10 0.000181748 0.000122686
7.67978e-10 0.000181486 0.000115386
7.68079e-10 0.000181245 0.000108661
7.68181e-10 0.000181029 0.000102532
7.68282e-10 0.000180837 9.70203e-05
7.68383e-10 0.00018067 9.21435e-05
7.68484e-10 0.000180529 8.79193e-05
7.68586e-10 0.000180415 8.43628e-05
7.68687e-10 0.000180328 8.14875e-05
7.68788e-10 0.000180269 7.93051e-05
7.68889e-10 0.000180238 7.78253e-05
7.68991e-10 0.000180236 7.70559e-05
7.69092e-10 0.000180263 7.70028e-05
7.69193e-10 0.000180318 7.76699e-05
7.69294e-10 0.000180403 7.9059e-05
7.69396e-10 0.000180516 8.117e-05
7.69497e-10 0.000180659 8.4001e-05
7.69598e-10 0.00018083 8.75476e-05
7.697e-10 0.000181029 9.18038e-05
7.69801e-10 0.000181256 9.67615e-05
7.69902e-10 0.000181511 0.000102411
7.70003e-10 0.000181792 0.000108739
7.70105e-10 0.000182099 0.000115733
7.70206e-10 0.000182432 0.000123376
7.70307e-10 0.000182788 0.000131651
7.70408e-10 0.000183169 0.000140538
7.7051e-10 0.000183572 0.000150016
7.70611e-10 0.000183996 0.000160061
7.70712e-10 0.00018444 0.00017065
7.70814e-10 0.000184903 0.000181755
7.70915e-10 0.000185384 0.000193349
7.71016e-10 0.000185881 0.000205403
7.71117e-10 0.000186393 0.000217886
7.71219e-10 0.000186919 0.000230766
7.7132e-10 0.000187456 0.00024401
7.71421e-10 0.000188003 0.000257583
7.71522e-10 0.000188559 0.00027145
7.71624e-10 0.000189122 0.000285575
7.71725e-10 0.000189691 0.00029992
7.71826e-10 0.000190263 0.000314448
7.71928e-10 0.000190838 0.00032912
7.72029e-10 0.000191412 0.000343898
7.7213e-10 0.000191986 0.000358741
7.72231e-10 0.000192556 0.000373609
7.72333e-10 0.000193122 0.000388463
7.72434e-10 0.000193682 0.000403262
7.72535e-10 0.000194233 0.000417967
7.72636e-10 0.000194775 0.000432536
7.72738e-10 0.000195306 0.000446931
7.72839e-10 0.000195824 0.000461112
7.7294e-10 0.000196328 0.000475039
7.73041e-10 0.000196817 0.000488674
7.73143e-10 0.000197288 0.00050198
7.73244e-10 0.000197741 0.000514919
7.73345e-10 0.000198175 0.000527456
7.73447e-10 0.000198587 0.000539554
7.73548e-10 0.000198978 0.00055118
7.73649e-10 0.000199346 0.000562301
7.7375e-10 0.00019969 0.000572886
7.73852e-10 0.00020001 0.000582904
7.73953e-10 0.000200304 0.000592326
7.74054e-10 0.000200571 0.000601126
7.74155e-10 0.000200812 0.000609277
7.74257e-10 0.000201026 0.000616756
7.74358e-10 0.000201212 0.000623541
7.74459e-10 0.00020137 0.000629612
7.74561e-10 0.000201501 0.00063495
7.74662e-10 0.000201603 0.00063954
7.74763e-10 0.000201677 0.000643367
7.74864e-10 0.000201723 0.000646419
7.74966e-10 0.000201741 0.000648686
7.75067e-10 0.000201732 0.00065016
7.75168e-10 0.000201696 0.000650836
7.75269e-10 0.000201634 0.000650711
7.75371e-10 0.000201546 0.000649783
7.75472e-10 0.000201434 0.000648054
7.75573e-10 0.000201297 0.000645527
7.75674e-10 0.000201138 0.000642208
7.75776e-10 0.000200957 0.000638106
7.75877e-10 0.000200755 0.00063323
7.75978e-10 0.000200533 0.000627593
7.7608e-10 0.000200294 0.00062121
7.76181e-10 0.000200038 0.000614098
7.76282e-10 0.000199766 0.000606277
7.76383e-10 0.000199481 0.000597767
7.76485e-10 0.000199184 0.000588592
7.76586e-10 0.000198877 0.000578778
7.76687e-10 0.000198561 0.000568352
7.76788e-10 0.000198239 0.000557344
7.7689e-10 0.000197912 0.000545784
7.76991e-10 0.000197581 0.000533706
7.77092e-10 0.00019725 0.000521144
7.77194e-10 0.00019692 0.000508134
7.77295e-10 0.000196592 0.000494714
7.77396e-10 0.00019627 0.000480924
7.77497e-10 0.000195954 0.000466803
7.77599e-10 0.000195647 0.000452394
7.777e-10 0.000195351 0.000437738
7.77801e-10 0.000195067 0.00042288
7.77902e-10 0.000194799 0.000407865
7.78004e-10 0.000194546 0.000392736
7.78105e-10 0.000194313 0.000377541
7.78206e-10 0.000194099 0.000362326
7.78308e-10 0.000193908 0.000347137
7.78409e-10 0.00019374 0.000332021
7.7851e-10 0.000193598 0.000317026
7.78611e-10 0.000193483 0.000302199
7.78713e-10 0.000193396 0.000287587
7.78814e-10 0.00019334 0.000273235
7.78915e-10 0.000193314 0.000259192
7.79016e-10 0.000193322 0.000245502
7.79118e-10 0.000193363 0.00023221
7.79219e-10 0.000193438 0.000219361
7.7932e-10 0.00019355 0.000206997
7.79421e-10 0.000193698 0.000195162
7.79523e-10 0.000193883 0.000183897
7.79624e-10 0.000194107 0.00017324
7.79725e-10 0.000194369 0.000163231
7.79827e-10 0.000194669 0.000153906
7.79928e-10 0.000195009 0.000145301
7.80029e-10 0.000195387 0.000137448
7.8013e-10 0.000195805 0.00013038
7.80232e-10 0.000196262 0.000124126
7.80333e-10 0.000196758 0.000118713
7.80434e-10 0.000197292 0.000114168
7.80535e-10 0.000197863 0.000110512
7.80637e-10 0.000198472 0.000107767
7.80738e-10 0.000199117 0.000105952
7.80839e-10 0.000199797 0.000105081
7.80941e-10 0.000200512 0.00010517
7.81042e-10 0.00020126 0.000106227
7.81143e-10 0.00020204 0.000108263
7.81244e-10 0.000202851 0.000111282
7.81346e-10 0.00020369 0.000115287
7.81447e-10 0.000204557 0.000120279
7.81548e-10 0.00020545 0.000126255
7.81649e-10 0.000206367 0.000133209
7.81751e-10 0.000207305 0.000141133
7.81852e-10 0.000208264 0.000150017
7.81953e-10 0.00020924 0.000159847
7.82055e-10 0.000210232 0.000170607
7.82156e-10 0.000211238 0.000182277
7.82257e-10 0.000212255 0.000194836
7.82358e-10 0.000213282 0.000208259
7.8246e-10 0.000214314 0.00022252
7.82561e-10 0.000215351 0.000237588
7.82662e-10 0.00021639 0.000253433
7.82763e-10 0.000217429 0.00027002
7.82865e-10 0.000218464 0.000287312
7.82966e-10 0.000219493 0.00030527
7.83067e-10 0.000220515 0.000323854
7.83168e-10 0.000221526 0.000343019
7.8327e-10 0.000222524 0.000362722
7.83371e-10 0.000223507 0.000382916
7.83472e-10 0.000224473 0.000403551
7.83574e-10 0.000225418 0.000424578
7.83675e-10 0.000226342 0.000445945
7.83776e-10 0.000227241 0.0004676
7.83877e-10 0.000228114 0.000489487
7.83979e-10 0.000228958 0.000511553
7.8408e-10 0.000229772 0.000533742
7.84181e-10 0.000230554 0.000555995
7.84282e-10 0.000231302 0.000578257
7.84384e-10 0.000232014 0.000600468
7.84485e-10 0.00023269 0.000622572
7.84586e-10 0.000233327 0.00064451
7.84688e-10 0.000233924 0.000666223
7.84789e-10 0.000234481 0.000687654
7.8489e-10 0.000234996 0.000708745
7.84991e-10 0.000235469 0.000729439
7.85093e-10 0.000235898 0.00074968
7.85194e-10 0.000236284 0.000769412
7.85295e-10 0.000236626 0.00078858
7.85396e-10 0.000236924 0.000807132
7.85498e-10 0.000237177 0.000825016
7.85599e-10 0.000237387 0.00084218
7.857e-10 0.000237553 0.000858576
7.85802e-10 0.000237676 0.000874157
7.85903e-10 0.000237756 0.000888878
7.86004e-10 0.000237794 0.000902696
7.86105e-10 0.000237792 0.000915571
7.86207e-10 0.00023775 0.000927463
7.86308e-10 0.00023767 0.000938338
7.86409e-10 0.000237553 0.000948162
7.8651e-10 0.0002374 0.000956903
7.86612e-10 0.000237215 0.000964536
7.86713e-10 0.000236998 0.000971035
7.86814e-10 0.000236751 0.000976378
7.86915e-10 0.000236478 0.000980547
7.87017e-10 0.00023618 0.000983527
7.87118e-10 0.000235859 0.000985306
7.87219e-10 0.000235518 0.000985874
7.87321e-10 0.000235161 0.000985228
7.87422e-10 0.000234789 0.000983364
7.87523e-10 0.000234406 0.000980286
7.87624e-10 0.000234015 0.000975997
7.87726e-10 0.000233618 0.000970507
7.87827e-10 0.000233219 0.000963828
7.87928e-10 0.000232822 0.000955976
7.88029e-10 0.000232428 0.00094697
7.88131e-10 0.000232042 0.000936834
7.88232e-10 0.000231666 0.000925594
7.88333e-10 0.000231305 0.000913279
7.88435e-10 0.000230961 0.000899923
7.88536e-10 0.000230638 0.000885562
7.88637e-10 0.000230338 0.000870237
7.88738e-10 0.000230066 0.00085399
7.8884e-10 0.000229824 0.000836868
7.88941e-10 0.000229615 0.000818919
7.89042e-10 0.000229443 0.000800196
7.89143e-10 0.00022931 0.000780754
7.89245e-10 0.00022922 0.000760649
7.89346e-10 0.000229175 0.000739942
7.89447e-10 0.000229177 0.000718696
7.89548e-10 0.00022923 0.000696974
7.8965e-10 0.000229336 0.000674843
7.89751e-10 0.000229496 0.000652373
7.89852e-10 0.000229714 0.000629632
7.89954e-10 0.00022999 0.000606693
7.90055e-10 0.000230328 0.00058363
7.90156e-10 0.000230728 0.000560515
7.90257e-10 0.000231192 0.000537425
7.90359e-10 0.00023172 0.000514436
7.9046e-10 0.000232315 0.000491624
7.90561e-10 0.000232977 0.000469065
7.90662e-10 0.000233706 0.000446839
7.90764e-10 0.000234503 0.00042502
7.90865e-10 0.000235368 0.000403686
7.90966e-10 0.000236301 0.000382914
7.91068e-10 0.000237301 0.000362778
7.91169e-10 0.000238368 0.000343354
7.9127e-10 0.000239501 0.000324714
7.91371e-10 0.0002407 0.000306931
7.91473e-10 0.000241963 0.000290076
7.91574e-10 0.000243288 0.000274217
7.91675e-10 0.000244674 0.00025942
7.91776e-10 0.000246119 0.00024575
7.91878e-10 0.00024762 0.00023327
7.91979e-10 0.000249176 0.000222037
7.9208e-10 0.000250784 0.00021211
7.92182e-10 0.000252441 0.000203541
7.92283e-10 0.000254144 0.000196381
7.92384e-10 0.00025589 0.000190677
7.92485e-10 0.000257675 0.000186471
7.92587e-10 0.000259497 0.000183805
7.92688e-10 0.00026135 0.000182714
7.92789e-10 0.000263232 0.000183229
7.9289e-10 0.000265139 0.000185379
7.92992e-10 0.000267066 0.000189187
7.93093e-10 0.00026901 0.000194673
7.93194e-10 0.000270965 0.00020185
7.93295e-10 0.000272928 0.00021073
7.93397e-10 0.000274893 0.000221317
7.93498e-10 0.000276857 0.000233613
7.93599e-10 0.000278815 0.000247613
7.93701e-10 0.000280762 0.00026331
7.93802e-10 0.000282693 0.000280689
7.93903e-10 0.000284605 0.000299733
7.94004e-10 0.000286491 0.000320417
7.94106e-10 0.000288348 0.000342715
7.94207e-10 0.000290171 0.000366593
7.94308e-10 0.000291956 0.000392013
7.94409e-10 0.000293698 0.000418934
7.94511e-10 0.000295393 0.000447309
7.94612e-10 0.000297037 0.000477086
7.94713e-10 0.000298625 0.000508209
7.94815e-10 0.000300154 0.000540618
7.94916e-10 0.00030162 0.000574248
7.95017e-10 0.00030302 0.000609031
7.95118e-10 0.00030435 0.000644893
7.9522e-10 0.000305606 0.00068176
7.95321e-10 0.000306787 0.00071955
7.95422e-10 0.000307889 0.00075818
7.95523e-10 0.00030891 0.000797562
7.95625e-10 0.000309848 0.000837609
7.95726e-10 0.000310701 0.000878226
7.95827e-10 0.000311467 0.000919318
7.95929e-10 0.000312145 0.000960788
7.9603e-10 0.000312734 0.00100254
7.96131e-10 0.000313233 0.00104446
7.96232e-10 0.000313642 0.00108646
7.96334e-10 0.000313961 0.00112842
7.96435e-10 0.00031419 0.00117025
7.96536e-10 0.00031433 0.00121184
7.96637e-10 0.000314381 0.00125307
7.96739e-10 0.000314345 0.00129385
7.9684e-10 0.000314223 0.00133407
7.96941e-10 0.000314019 0.00137361
7.97042e-10 0.000313732 0.00141238
7.97144e-10 0.000313368 0.00145026
7.97245e-10 0.000312928 0.00148717
7.97346e-10 0.000312415 0.00152299
7.97448e-10 0.000311834 0.00155762
7.97549e-10 0.000311189 0.00159097
7.9765e-10 0.000310482 0.00162294
7.97751e-10 0.00030972 0.00165345
7.97853e-10 0.000308907 0.0016824
7.97954e-10 0.000308048 0.0017097
7.98055e-10 0.000307148 0.00173528
7.98156e-10 0.000306214 0.00175906
7.98258e-10 0.00030525 0.00178097
7.98359e-10 0.000304262 0.00180093
7.9846e-10 0.000303258 0.00181889
7.98562e-10 0.000302244 0.00183479
7.98663e-10 0.000301225 0.00184856
7.98764e-10 0.000300209 0.00186018
7.98865e-10 0.000299202 0.00186958
7.98967e-10 0.000298212 0.00187674
7.99068e-10 0.000297245 0.00188164
7.99169e-10 0.000296309 0.00188423
7.9927e-10 0.00029541 0.00188452
7.99372e-10 0.000294556 0.00188248
7.99473e-10 0.000293753 0.00187811
7.99574e-10 0.000293008 0.00187142
7.99676e-10 0.000292329 0.00186242
7.99777e-10 0.000291722 0.00185113
7.99878e-10 0.000291193 0.00183756
7.99979e-10 0.00029075 0.00182175
8.00081e-10 0.000290399 0.00180374
8.00182e-10 0.000290145 0.00178356
8.00283e-10 0.000289995 0.00176129
8.00384e-10 0.000289954 0.00173697
8.00486e-10 0.000290028 0.00171066
8.00587e-10 0.000290221 0.00168245
8.00688e-10 0.000290539 0.00165242
8.00789e-10 0.000290986 0.00162064
8.00891e-10 0.000291566 0.00158721
8.00992e-10 0.000292282 0.00155222
8.01093e-10 0.000293139 0.0015158
8.01195e-10 0.000294138 0.00147803
8.01296e-10 0.000295282 0.00143905
8.01397e-10 0.000296573 0.00139897
8.01498e-10 0.000298013 0.00135792
8.016e-10 0.000299602 0.00131602
8.01701e-10 0.000301341 0.00127343
8.01802e-10 0.00030323 0.00123027
8.01903e-10 0.000305269 0.00118668
8.02005e-10 0.000307456 0.00114283
8.02106e-10 0.00030979 0.00109885
8.02207e-10 0.000312268 0.00105491
8.02309e-10 0.000314889 0.00101115
8.0241e-10 0.000317648 0.000967733
8.02511e-10 0.000320543 0.000924821
8.02612e-10 0.000323569 0.000882573
8.02714e-10 0.00032672 0.000841148
8.02815e-10 0.000329993 0.00080071
8.02916e-10 0.00033338 0.000761418
8.03017e-10 0.000336877 0.000723433
8.03119e-10 0.000340475 0.000686913
8.0322e-10 0.000344168 0.000652017
8.03321e-10 0.000347949 0.000618899
8.03422e-10 0.000351808 0.000587713
8.03524e-10 0.000355737 0.000558609
8.03625e-10 0.000359729 0.000531733
8.03726e-10 0.000363772 0.000507226
8.03828e-10 0.000367858 0.000485229
8.03929e-10 0.000371976 0.000465872
8.0403e-10 0.000376117 0.000449285
8.04131e-10 0.00038027 0.00043559
8.04233e-10 0.000384424 0.000424902
8.04334e-10 0.000388568 0.000417331
8.04435e-10 0.000392691 0.000412979
8.04536e-10 0.000396783 0.000411941
8.04638e-10 0.00040083 0.000414305
8.04739e-10 0.000404824 0.000420149
8.0484e-10 0.000408751 0.000429544
8.04942e-10 0.000412602 0.000442551
8.05043e-10 0.000416363 0.000459224
8.05144e-10 0.000420026 0.000479605
8.05245e-10 0.000423577 0.000503729
8.05347e-10 0.000427008 0.000531618
8.05448e-10 0.000430306 0.000563287
8.05549e-10 0.000433463 0.000598739
8.0565e-10 0.000436467 0.000637965
8.05752e-10 0.00043931 0.00068095
8.05853e-10 0.000441982 0.000727663
8.05954e-10 0.000444474 0.000778065
8.06056e-10 0.000446779 0.000832107
8.06157e-10 0.000448887 0.000889727
8.06258e-10 0.000450793 0.000950854
8.06359e-10 0.000452489 0.0010154
8.06461e-10 0.00045397 0.00108328
8.06562e-10 0.00045523 0.00115439
8.06663e-10 0.000456264 0.0012286
8.06764e-10 0.000457068 0.0013058
8.06866e-10 0.00045764 0.00138585
8.06967e-10 0.000457976 0.00146861
8.07068e-10 0.000458075 0.00155391
8.07169e-10 0.000457935 0.0016416
8.07271e-10 0.000457558 0.00173151
8.07372e-10 0.000456944 0.00182344
8.07473e-10 0.000456093 0.00191721
8.07575e-10 0.00045501 0.00201262
8.07676e-10 0.000453696 0.00210947
8.07777e-10 0.000452157 0.00220754
8.07878e-10 0.000450398 0.00230662
8.0798e-10 0.000448423 0.00240647
8.08081e-10 0.000446242 0.00250687
8.08182e-10 0.00044386 0.00260758
8.08283e-10 0.000441287 0.00270836
8.08385e-10 0.000438533 0.00280897
8.08486e-10 0.000435607 0.00290916
8.08587e-10 0.00043252 0.00300869
8.08689e-10 0.000429285 0.0031073
8.0879e-10 0.000425914 0.00320474
8.08891e-10 0.000422421 0.00330076
8.08992e-10 0.000418819 0.00339511
8.09094e-10 0.000415124 0.00348754
8.09195e-10 0.000411351 0.0035778
8.09296e-10 0.000407515 0.00366565
8.09397e-10 0.000403634 0.00375085
8.09499e-10 0.000399724 0.00383315
8.096e-10 0.000395803 0.00391233
8.09701e-10 0.000391889 0.00398816
8.09803e-10 0.000388 0.00406042
8.09904e-10 0.000384154 0.00412889
8.10005e-10 0.00038037 0.00419338
8.10106e-10 0.000376668 0.00425368
8.10208e-10 0.000373065 0.00430962
8.10309e-10 0.000369582 0.004361
8.1041e-10 0.000366238 0.00440768
8.10511e-10 0.00036305 0.00444948
8.10613e-10 0.000360039 0.00448628
8.10714e-10 0.000357222 0.00451794
8.10815e-10 0.000354618 0.00454435
8.10916e-10 0.000352245 0.00456541
8.11018e-10 0.00035012 0.00458102
8.11119e-10 0.000348261 0.00459112
8.1122e-10 0.000346683 0.00459565
8.11322e-10 0.000345403 0.00459457
8.11423e-10 0.000344436 0.00458786
8.11524e-10 0.000343795 0.0045755
8.11625e-10 0.000343495 0.00455752
8.11727e-10 0.000343548 0.00453392
8.11828e-10 0.000343966 0.00450477
8.11929e-10 0.00034476 0.00447011
8.1203e-10 0.000345938 0.00443004
8.12132e-10 0.000347509 0.00438465
8.12233e-10 0.000349481 0.00433406
8.12334e-10 0.000351859 0.00427839
8.12436e-10 0.000354648 0.00421781
8.12537e-10 0.000357852 0.00415248
8.12638e-10 0.000361472 0.00408259
8.12739e-10 0.000365509 0.00400835
8.12841e-10 0.000369963 0.00392998
8.12942e-10 0.00037483 0.00384773
8.13043e-10 0.000380108 0.00376183
8.13144e-10 0.000385791 0.00367258
8.13246e-10 0.000391873 0.00358025
8.13347e-10 0.000398344 0.00348515
8.13448e-10 0.000405196 0.0033876
8.1355e-10 0.000412416 0.00328794
8.13651e-10 0.000419993 0.00318649
8.13752e-10 0.000427912 0.00308363
8.13853e-10 0.000436157 0.00297973
8.13955e-10 0.000444711 0.00287515
8.14056e-10 0.000453555 0.0027703
8.14157e-10 0.000462669 0.00266557
8.14258e-10 0.000472033 0.00256136
8.1436e-10 0.000481622 0.0024581
8.14461e-10 0.000491414 0.0023562
8.14562e-10 0.000501382 0.00225609
8.14663e-10 0.000511502 0.00215819
8.14765e-10 0.000521745 0.00206295
8.14866e-10 0.000532083 0.00197078
8.14967e-10 0.000542487 0.00188212
8.15069e-10 0.000552927 0.00179741
8.1517e-10 0.000563372 0.00171707
8.15271e-10 0.00057379 0.00164154
8.15372e-10 0.000584149 0.00157122
8.15474e-10 0.000594418 0.00150654
8.15575e-10 0.000604561 0.00144791
8.15676e-10 0.000614548 0.00139571
8.15777e-10 0.000624343 0.00135035
8.15879e-10 0.000633914 0.00131219
8.1598e-10 0.000643227 0.00128161
8.16081e-10 0.00065225 0.00125894
8.16183e-10 0.000660948 0.00124454
8.16284e-10 0.00066929 0.00123871
8.16385e-10 0.000677244 0.00124176
8.16486e-10 0.000684778 0.00125396
8.16588e-10 0.000691861 0.00127559
8.16689e-10 0.000698465 0.00130688
8.1679e-10 0.00070456 0.00134804
8.16891e-10 0.000710118 0.00139928
8.16993e-10 0.000715114 0.00146077
8.17094e-10 0.000719522 0.00153264
8.17195e-10 0.00072332 0.00161502
8.17296e-10 0.000726483 0.001708
8.17398e-10 0.000728994 0.00181164
8.17499e-10 0.000730832 0.00192598
8.176e-10 0.000731982 0.00205102
8.17702e-10 0.000732428 0.00218675
8.17803e-10 0.000732158 0.00233309
8.17904e-10 0.000731162 0.00248998
8.18005e-10 0.00072943 0.00265729
8.18107e-10 0.000726958 0.00283488
8.18208e-10 0.000723742 0.00302256
8.18309e-10 0.000719779 0.00322013
8.1841e-10 0.000715073 0.00342734
8.18512e-10 0.000709625 0.00364393
8.18613e-10 0.000703443 0.00386958
8.18714e-10 0.000696535 0.00410396
8.18816e-10 0.000688913 0.00434671
8.18917e-10 0.000680591 0.00459742
8.19018e-10 0.000671585 0.00485567
8.19119e-10 0.000661915 0.00512101
8.19221e-10 0.000651602 0.00539295
8.19322e-10 0.000640671 0.00567099
8.19423e-10 0.00062915 0.00595458
8.19524e-10 0.000617066 0.00624316
8.19626e-10 0.000604453 0.00653616
8.19727e-10 0.000591345 0.00683295
8.19828e-10 0.000577778 0.00713292
8.1993e-10 0.000563791 0.00743541
8.20031e-10 0.000549425 0.00773976
8.20132e-10 0.000534724 0.00804528
8.20233e-10 0.000519731 0.00835127
8.20335e-10 0.000504496 0.00865701
8.20436e-10 0.000489065 0.0089618
8.20537e-10 0.00047349 0.00926488
8.20638e-10 0.000457822 0.00956552
8.2074e-10 0.000442114 0.00986298
8.20841e-10 0.000426421 0.0101565
8.20942e-10 0.000410799 0.0104453
8.21043e-10 0.000395302 0.0107287
8.21145e-10 0.00037999 0.0110059
8.21246e-10 0.000364918 0.0112762
8.21347e-10 0.000350146 0.0115389
8.21449e-10 0.000335731 0.0117931
8.2155e-10 0.000321732 0.0120383
8.21651e-10 0.000308207 0.0122737
8.21752e-10 0.000295214 0.0124987
8.21854e-10 0.000282809 0.0127125
8.21955e-10 0.00027105 0.0129146
8.22056e-10 0.000259992 0.0131043
8.22157e-10 0.000249691 0.0132811
8.22259e-10 0.000240199 0.0134444
8.2236e-10 0.000231568 0.0135938
8.22461e-10 0.00022385 0.0137286
8.22563e-10 0.000217092 0.0138484
8.22664e-10 0.000211341 0.013953
8.22765e-10 0.000206642 0.0140418
8.22866e-10 0.000203037 0.0141145
8.22968e-10 0.000200567 0.0141709
8.23069e-10 0.000199268 0.0142108
8.2317e-10 0.000199176 0.0142339
8.23271e-10 0.000200321 0.01424
8.23373e-10 0.000202733 0.0142292
8.23474e-10 0.000206437 0.0142014
8.23575e-10 0.000211457 0.0141565
8.23677e-10 0.00021781 0.0140947
8.23778e-10 0.000225514 0.0140161
8.23879e-10 0.00023458 0.0139208
8.2398e-10 0.000245018 0.0138092
8.24082e-10 0.000256832 0.0136815
8.24183e-10 0.000270025 0.013538
8.24284e-10 0.000284594 0.0133792
8.24385e-10 0.000300534 0.0132056
8.24487e-10 0.000317835 0.0130177
8.24588e-10 0.000336485 0.012816
8.24689e-10 0.000356467 0.0126013
8.2479e-10 0.00037776 0.0123742
8.24892e-10 0.000400341 0.0121355
8.24993e-10 0.000424182 0.011886
8.25094e-10 0.000449253 0.0116266
8.25196e-10 0.000475519 0.0113581
8.25297e-10 0.000502942 0.0110817
8.25398e-10 0.000531482 0.0107982
8.25499e-10 0.000561094 0.0105087
8.25601e-10 0.000591732 0.0102145
8.25702e-10 0.000623346 0.00991651
8.25803e-10 0.000655884 0.00961605
8.25904e-10 0.00068929 0.00931432
8.26006e-10 0.000723506 0.00901259
8.26107e-10 0.000758472 0.00871214
8.26208e-10 0.000794127 0.0084143
8.2631e-10 0.000830407 0.00812042
8.26411e-10 0.000867245 0.00783185
8.26512e-10 0.000904574 0.00754997
8.26613e-10 0.000942324 0.00727619
8.26715e-10 0.000980427 0.00701191
8.26816e-10 0.00101881 0.00675853
8.26917e-10 0.0010574 0.00651746
8.27018e-10 0.00109613 0.00629012
8.2712e-10 0.00113492 0.0060779
8.27221e-10 0.00117369 0.00588218
8.27322e-10 0.00121238 0.00570433
8.27424e-10 0.00125091 0.00554571
8.27525e-10 0.0012892 0.00540763
8.27626e-10 0.00132719 0.0052914
8.27727e-10 0.00136479 0.00519825
8.27829e-10 0.00140194 0.00512942
8.2793e-10 0.00143856 0.00508608
8.28031e-10 0.00147458 0.00506935
8.28132e-10 0.00150994 0.00508031
8.28234e-10 0.00154455 0.00511996
8.28335e-10 0.00157836 0.00518927
8.28436e-10 0.0016113 0.00528912
8.28537e-10 0.00164329 0.00542033
8.28639e-10 0.00167429 0.00558364
8.2874e-10 0.00170422 0.00577971
8.28841e-10 0.00173302 0.00600914
8.28943e-10 0.00176064 0.00627241
8.29044e-10 0.00178701 0.00656994
8.29145e-10 0.00181208 0.00690205
8.29246e-10 0.0018358 0.00726896
8.29348e-10 0.00185811 0.0076708
8.29449e-10 0.00187897 0.0081076
8.2955e-10 0.00189831 0.00857929
8.29651e-10 0.0019161 0.00908568
8.29753e-10 0.00193229 0.00962651
8.29854e-10 0.00194683 0.0102014
8.29955e-10 0.00195968 0.0108098
8.30057e-10 0.00197081 0.0114511
8.30158e-10 0.00198016 0.0121247
8.30259e-10 0.00198771 0.0128297
8.3036e-10 0.00199342 0.0135652
8.30462e-10 0.00199725 0.0143301
8.30563e-10 0.00199917 0.0151234
8.30664e-10 0.00199916 0.0159437
8.30765e-10 0.00199717 0.0167898
8.30867e-10 0.00199319 0.0176601
8.30968e-10 0.00198719 0.0185532
8.31069e-10 0.00197915 0.0194674
8.31171e-10 0.00196904 0.0204009
8.31272e-10 0.00195685 0.021352
8.31373e-10 0.00194257 0.0223188
8.31474e-10 0.00192617 0.0232992
8.31576e-10 0.00190765 0.0242913
8.31677e-10 0.00188701 0.0252929
8.31778e-10 0.00186423 0.0263018
8.31879e-10 0.00183932 0.0273157
8.31981e-10 0.00181229 0.0283325
8.32082e-10 0.00178314 0.0293497
8.32183e-10 0.00175188 0.0303649
8.32284e-10 0.00171854 0.0313758
8.32386e-10 0.00168314 0.0323798
8.32487e-10 0.00164572 0.0333747
8.32588e-10 0.0016063 0.0343578
8.3269e-10 0.00156494 0.0353267
8.32791e-10 0.0015217 0.036279
8.32892e-10 0.00147663 0.0372123
8.32993e-10 0.00142981 0.038124
8.33095e-10 0.00138132 0.0390119
8.33196e-10 0.00133126 0.0398735
8.33297e-10 0.00127974 0.0407066
8.33398e-10 0.00122686 0.041509
8.335e-10 0.00117278 0.0422783
8.33601e-10 0.00111762 0.0430126
8.33702e-10 0.00106156 0.0437099
8.33804e-10 0.00100478 0.0443681
8.33905e-10 0.000947462 0.0449854
8.34006e-10 0.000889828 0.0455602
8.34107e-10 0.000832109 0.0460907
8.34209e-10 0.000774555 0.0465756
8.3431e-10 0.000717437 0.0470134
8.34411e-10 0.000661047 0.0474029
8.34512e-10 0.000605699 0.0477429
8.34614e-10 0.000551728 0.0480327
8.34715e-10 0.000499494 0.0482713
8.34816e-10 0.000449378 0.0484582
8.34917e-10 0.000401786 0.0485928
8.35019e-10 0.000357148 0.0486749
8.3512e-10 0.000315918 0.0487043
8.35221e-10 0.000278574 0.0486811
8.35323e-10 0.00024562 0.0486054
8.35424e-10 0.000217583 0.0484778
8.35525e-10 0.000195016 0.0482987
8.35626e-10 0.000178493 0.0480689
8.35728e-10 0.000168614 0.0477893
8.35829e-10 0.000166001 0.0474611
8.3593e-10 0.000171296 0.0470856
8.36031e-10 0.000185164 0.0466642
8.36133e-10 0.000208289 0.0461986
8.36234e-10 0.000241372 0.0456906
8.36335e-10 0.000285132 0.0451422
8.36437e-10 0.000340302 0.0445555
8.36538e-10 0.000407626 0.0439329
8.36639e-10 0.000487863 0.0432767
8.3674e-10 0.000581774 0.0425897
8.36842e-10 0.000690131 0.0418745
8.36943e-10 0.000813705 0.041134
8.37044e-10 0.000953268 0.0403712
8.37145e-10 0.00110959 0.0395892
8.37247e-10 0.00128343 0.0387911
8.37348e-10 0.00147553 0.0379803
8.37449e-10 0.00168663 0.0371601
8.37551e-10 0.00191746 0.036334
8.37652e-10 0.00216869 0.0355054
8.37753e-10 0.002441 0.0346779
8.37854e-10 0.00273502 0.0338551
8.37956e-10 0.00305134 0.0330404
8.38057e-10 0.00339053 0.0322376
8.38158e-10 0.00375309 0.0314501
8.38259e-10 0.00413948 0.0306815
8.38361e-10 0.00455011 0.0299353
8.38462e-10 0.00498531 0.029215
8.38563e-10 0.00544537 0.028524
8.38664e-10 0.00593049 0.0278655
8.38766e-10 0.0064408 0.0272429
8.38867e-10 0.00697636 0.0266592
8.38968e-10 0.00753713 0.0261175
8.3907e-10 0.008123 0.0256205
8.39171e-10 0.00873374 0.0251711
8.39272e-10 0.00936905 0.0247717
8.39373e-10 0.0100285 0.0244249
8.39475e-10 0.0107116 0.0241327
8.39576e-10 0.0114178 0.0238972
8.39677e-10 0.0121462 0.0237203
8.39778e-10 0.0128962 0.0236036
8.3988e-10 0.0136666 0.0235485
