6.9e-10 0.0292577 0.0761513
6.90101e-10 0.0291168 0.075535
6.90203e-10 0.028977 0.0749183
6.90304e-10 0.0288384 0.0743014
6.90405e-10 0.0287006 0.0736845
6.90506e-10 0.0285636 0.0730677
6.90608e-10 0.0284273 0.0724512
6.90709e-10 0.0282916 0.0718353
6.9081e-10 0.0281563 0.07122
6.90911e-10 0.0280214 0.0706056
6.91013e-10 0.0278868 0.0699922
6.91114e-10 0.0277524 0.06938
6.91215e-10 0.0276181 0.0687691
6.91317e-10 0.0274839 0.0681597
6.91418e-10 0.0273496 0.0675519
6.91519e-10 0.0272153 0.0669458
6.9162e-10 0.0270809 0.0663416
6.91722e-10 0.0269463 0.0657393
6.91823e-10 0.0268116 0.0651392
6.91924e-10 0.0266765 0.0645414
6.92025e-10 0.0265412 0.0639458
6.92127e-10 0.0264056 0.0633528
6.92228e-10 0.0262697 0.0627622
6.92329e-10 0.0261334 0.0621743
6.9243e-10 0.0259968 0.0615892
6.92532e-10 0.0258598 0.0610069
6.92633e-10 0.0257223 0.0604275
6.92734e-10 0.0255845 0.0598511
6.92836e-10 0.0254463 0.0592778
6.92937e-10 0.0253077 0.0587077
6.93038e-10 0.0251687 0.0581408
6.93139e-10 0.0250293 0.0575771
6.93241e-10 0.0248894 0.0570169
6.93342e-10 0.0247492 0.05646
6.93443e-10 0.0246086 0.0559066
6.93544e-10 0.0244676 0.0553567
6.93646e-10 0.0243263 0.0548104
6.93747e-10 0.0241846 0.0542677
6.93848e-10 0.0240426 0.0537287
6.9395e-10 0.0239002 0.0531934
6.94051e-10 0.0237576 0.0526619
6.94152e-10 0.0236146 0.0521341
6.94253e-10 0.0234714 0.0516101
6.94355e-10 0.023328 0.05109
6.94456e-10 0.0231843 0.0505738
6.94557e-10 0.0230405 0.0500615
6.94658e-10 0.0228964 0.049553
6.9476e-10 0.0227522 0.0490486
6.94861e-10 0.0226078 0.0485481
6.94962e-10 0.0224633 0.0480516
6.95064e-10 0.0223188 0.047559
6.95165e-10 0.0221741 0.0470705
6.95266e-10 0.0220294 0.046586
6.95367e-10 0.0218847 0.0461056
6.95469e-10 0.02174 0.0456291
6.9557e-10 0.0215953 0.0451567
6.95671e-10 0.0214507 0.0446884
6.95772e-10 0.0213061 0.0442241
6.95874e-10 0.0211617 0.0437639
6.95975e-10 0.0210173 0.0433077
6.96076e-10 0.0208731 0.0428556
6.96177e-10 0.0207291 0.0424075
6.96279e-10 0.0205852 0.0419634
6.9638e-10 0.0204416 0.0415234
6.96481e-10 0.0202982 0.0410874
6.96583e-10 0.020155 0.0406554
6.96684e-10 0.0200122 0.0402274
6.96785e-10 0.0198696 0.0398034
6.96886e-10 0.0197273 0.0393834
6.96988e-10 0.0195854 0.0389674
6.97089e-10 0.0194438 0.0385554
6.9719e-10 0.0193027 0.0381473
6.97291e-10 0.0191619 0.0377431
6.97393e-10 0.0190215 0.0373428
6.97494e-10 0.0188816 0.0369464
6.97595e-10 0.0187421 0.0365539
6.97697e-10 0.0186031 0.0361653
6.97798e-10 0.0184646 0.0357805
6.97899e-10 0.0183266 0.0353995
6.98e-10 0.0181891 0.0350223
6.98102e-10 0.0180522 0.0346489
6.98203e-10 0.0179158 0.0342793
6.98304e-10 0.01778 0.0339134
6.98405e-10 0.0176447 0.0335512
6.98507e-10 0.0175101 0.0331927
6.98608e-10 0.017376 0.0328378
6.98709e-10 0.0172426 0.0324866
6.9881e-10 0.0171098 0.032139
6.98912e-10 0.0169776 0.031795
6.99013e-10 0.0168462 0.0314546
6.99114e-10 0.0167153 0.0311177
6.99216e-10 0.0165852 0.0307844
6.99317e-10 0.0164557 0.0304545
6.99418e-10 0.016327 0.0301281
6.99519e-10 0.0161989 0.0298051
6.99621e-10 0.0160716 0.0294856
6.99722e-10 0.015945 0.0291694
6.99823e-10 0.0158191 0.0288566
6.99924e-10 0.015694 0.0285471
7.00026e-10 0.0155696 0.0282409
7.00127e-10 0.0154459 0.027938
7.00228e-10 0.0153231 0.0276383
7.0033e-10 0.0152009 0.0273419
7.00431e-10 0.0150796 0.0270486
7.00532e-10 0.014959 0.0267586
7.00633e-10 0.0148392 0.0264716
7.00735e-10 0.0147202 0.0261878
7.00836e-10 0.014602 0.025907
7.00937e-10 0.0144846 0.0256293
7.01038e-10 0.014368 0.0253547
7.0114e-10 0.0142522 0.025083
7.01241e-10 0.0141372 0.0248143
7.01342e-10 0.014023 0.0245485
7.01444e-10 0.0139096 0.0242857
7.01545e-10 0.013797 0.0240258
7.01646e-10 0.0136852 0.0237687
7.01747e-10 0.0135742 0.0235144
7.01849e-10 0.0134641 0.023263
7.0195e-10 0.0133547 0.0230143
7.02051e-10 0.0132462 0.0227683
7.02152e-10 0.0131385 0.0225251
7.02254e-10 0.0130316 0.0222846
7.02355e-10 0.0129256 0.0220468
7.02456e-10 0.0128203 0.0218116
7.02557e-10 0.0127159 0.021579
7.02659e-10 0.0126122 0.021349
7.0276e-10 0.0125094 0.0211216
7.02861e-10 0.0124074 0.0208967
7.02963e-10 0.0123062 0.0206743
7.03064e-10 0.0122058 0.0204544
7.03165e-10 0.0121063 0.020237
7.03266e-10 0.0120075 0.020022
7.03368e-10 0.0119095 0.0198094
7.03469e-10 0.0118124 0.0195992
7.0357e-10 0.011716 0.0193913
7.03671e-10 0.0116204 0.0191858
7.03773e-10 0.0115256 0.0189825
7.03874e-10 0.0114317 0.0187816
7.03975e-10 0.0113385 0.0185829
7.04077e-10 0.011246 0.0183864
7.04178e-10 0.0111544 0.0181922
7.04279e-10 0.0110636 0.0180001
7.0438e-10 0.0109735 0.0178102
7.04482e-10 0.0108842 0.0176225
7.04583e-10 0.0107956 0.0174368
7.04684e-10 0.0107079 0.0172533
7.04785e-10 0.0106208 0.0170718
7.04887e-10 0.0105346 0.0168923
7.04988e-10 0.0104491 0.0167149
7.05089e-10 0.0103643 0.0165394
7.05191e-10 0.0102803 0.016366
7.05292e-10 0.010197 0.0161945
7.05393e-10 0.0101145 0.0160249
7.05494e-10 0.0100327 0.0158573
7.05596e-10 0.00995159 0.0156915
7.05697e-10 0.00987123 0.0155276
7.05798e-10 0.00979159 0.0153656
7.05899e-10 0.00971266 0.0152053
7.06001e-10 0.00963443 0.0150469
7.06102e-10 0.00955691 0.0148903
7.06203e-10 0.00948009 0.0147354
7.06304e-10 0.00940397 0.0145823
7.06406e-10 0.00932853 0.0144309
7.06507e-10 0.00925378 0.0142812
7.06608e-10 0.00917971 0.0141332
7.0671e-10 0.00910631 0.0139868
7.06811e-10 0.00903358 0.0138421
7.06912e-10 0.00896152 0.0136991
7.07013e-10 0.00889012 0.0135576
7.07115e-10 0.00881937 0.0134178
7.07216e-10 0.00874927 0.0132795
7.07317e-10 0.00867982 0.0131427
7.07418e-10 0.00861101 0.0130075
7.0752e-10 0.00854283 0.0128738
7.07621e-10 0.00847528 0.0127416
7.07722e-10 0.00840836 0.0126109
7.07824e-10 0.00834205 0.0124817
7.07925e-10 0.00827636 0.0123539
7.08026e-10 0.00821129 0.0122276
7.08127e-10 0.00814681 0.0121026
7.08229e-10 0.00808294 0.0119791
7.0833e-10 0.00801966 0.0118569
7.08431e-10 0.00795697 0.0117361
7.08532e-10 0.00789486 0.0116167
7.08634e-10 0.00783334 0.0114986
7.08735e-10 0.00777239 0.0113818
7.08836e-10 0.00771201 0.0112663
7.08938e-10 0.00765219 0.0111521
7.09039e-10 0.00759293 0.0110392
7.0914e-10 0.00753423 0.0109275
7.09241e-10 0.00747608 0.0108171
7.09343e-10 0.00741848 0.0107079
7.09444e-10 0.00736141 0.0105999
7.09545e-10 0.00730488 0.0104931
7.09646e-10 0.00724888 0.0103875
7.09748e-10 0.0071934 0.0102831
7.09849e-10 0.00713845 0.0101799
7.0995e-10 0.00708401 0.0100777
7.10051e-10 0.00703009 0.00997675
7.10153e-10 0.00697667 0.00987688
7.10254e-10 0.00692375 0.00977811
7.10355e-10 0.00687133 0.00968044
7.10457e-10 0.0068194 0.00958384
7.10558e-10 0.00676796 0.00948831
7.10659e-10 0.00671701 0.00939383
7.1076e-10 0.00666653 0.0093004
7.10862e-10 0.00661653 0.00920799
7.10963e-10 0.006567 0.0091166
7.11064e-10 0.00651793 0.00902622
7.11165e-10 0.00646932 0.00893682
7.11267e-10 0.00642117 0.00884841
7.11368e-10 0.00637347 0.00876097
7.11469e-10 0.00632622 0.00867449
7.11571e-10 0.00627942 0.00858895
7.11672e-10 0.00623305 0.00850435
7.11773e-10 0.00618711 0.00842067
7.11874e-10 0.00614161 0.0083379
7.11976e-10 0.00609653 0.00825604
7.12077e-10 0.00605188 0.00817507
7.12178e-10 0.00600764 0.00809499
7.12279e-10 0.00596382 0.00801577
7.12381e-10 0.00592041 0.00793741
7.12482e-10 0.0058774 0.00785991
7.12583e-10 0.0058348 0.00778325
7.12684e-10 0.00579259 0.00770741
7.12786e-10 0.00575078 0.0076324
7.12887e-10 0.00570935 0.0075582
7.12988e-10 0.00566832 0.0074848
7.1309e-10 0.00562766 0.0074122
7.13191e-10 0.00558738 0.00734037
7.13292e-10 0.00554748 0.00726932
7.13393e-10 0.00550795 0.00719904
7.13495e-10 0.00546879 0.00712951
7.13596e-10 0.00542999 0.00706073
7.13697e-10 0.00539155 0.00699269
7.13798e-10 0.00535346 0.00692538
7.139e-10 0.00531573 0.00685878
7.14001e-10 0.00527835 0.0067929
7.14102e-10 0.00524131 0.00672773
7.14204e-10 0.00520461 0.00666325
7.14305e-10 0.00516825 0.00659946
7.14406e-10 0.00513223 0.00653635
7.14507e-10 0.00509654 0.00647391
7.14609e-10 0.00506118 0.00641213
7.1471e-10 0.00502614 0.00635101
7.14811e-10 0.00499143 0.00629054
7.14912e-10 0.00495703 0.00623071
7.15014e-10 0.00492295 0.00617151
7.15115e-10 0.00488918 0.00611294
7.15216e-10 0.00485572 0.00605499
7.15318e-10 0.00482256 0.00599765
7.15419e-10 0.00478971 0.00594091
7.1552e-10 0.00475716 0.00588478
7.15621e-10 0.0047249 0.00582923
7.15723e-10 0.00469294 0.00577426
7.15824e-10 0.00466127 0.00571988
7.15925e-10 0.00462988 0.00566606
7.16026e-10 0.00459878 0.00561281
7.16128e-10 0.00456796 0.00556011
7.16229e-10 0.00453742 0.00550797
7.1633e-10 0.00450716 0.00545637
7.16431e-10 0.00447717 0.0054053
7.16533e-10 0.00444744 0.00535477
7.16634e-10 0.00441799 0.00530476
7.16735e-10 0.0043888 0.00525528
7.16837e-10 0.00435988 0.00520631
7.16938e-10 0.00433121 0.00515784
7.17039e-10 0.0043028 0.00510988
7.1714e-10 0.00427464 0.00506241
7.17242e-10 0.00424674 0.00501543
7.17343e-10 0.00421908 0.00496894
7.17444e-10 0.00419167 0.00492293
7.17545e-10 0.00416451 0.00487739
7.17647e-10 0.00413758 0.00483231
7.17748e-10 0.0041109 0.00478771
7.17849e-10 0.00408445 0.00474355
7.17951e-10 0.00405824 0.00469986
7.18052e-10 0.00403226 0.0046566
7.18153e-10 0.0040065 0.00461379
7.18254e-10 0.00398098 0.00457142
7.18356e-10 0.00395568 0.00452948
7.18457e-10 0.0039306 0.00448797
7.18558e-10 0.00390574 0.00444687
7.18659e-10 0.0038811 0.0044062
7.18761e-10 0.00385668 0.00436594
7.18862e-10 0.00383247 0.00432608
7.18963e-10 0.00380847 0.00428663
7.19065e-10 0.00378468 0.00424758
7.19166e-10 0.00376109 0.00420893
7.19267e-10 0.00373772 0.00417066
7.19368e-10 0.00371454 0.00413278
7.1947e-10 0.00369157 0.00409528
7.19571e-10 0.00366879 0.00405815
7.19672e-10 0.00364621 0.0040214
7.19773e-10 0.00362383 0.00398502
7.19875e-10 0.00360164 0.003949
7.19976e-10 0.00357964 0.00391334
7.20077e-10 0.00355783 0.00387803
7.20178e-10 0.00353621 0.00384308
7.2028e-10 0.00351477 0.00380848
7.20381e-10 0.00349352 0.00377422
7.20482e-10 0.00347245 0.0037403
7.20584e-10 0.00345155 0.00370672
7.20685e-10 0.00343084 0.00367347
7.20786e-10 0.0034103 0.00364055
7.20887e-10 0.00338994 0.00360795
7.20989e-10 0.00336975 0.00357568
7.2109e-10 0.00334973 0.00354372
7.21191e-10 0.00332988 0.00351208
7.21292e-10 0.00331019 0.00348075
7.21394e-10 0.00329068 0.00344973
7.21495e-10 0.00327133 0.00341902
7.21596e-10 0.00325214 0.0033886
7.21698e-10 0.00323311 0.00335848
7.21799e-10 0.00321424 0.00332865
7.219e-10 0.00319553 0.00329912
7.22001e-10 0.00317697 0.00326987
7.22103e-10 0.00315857 0.00324091
7.22204e-10 0.00314032 0.00321223
7.22305e-10 0.00312223 0.00318383
7.22406e-10 0.00310428 0.00315571
7.22508e-10 0.00308649 0.00312785
7.22609e-10 0.00306884 0.00310027
7.2271e-10 0.00305134 0.00307295
7.22812e-10 0.00303398 0.00304589
7.22913e-10 0.00301676 0.0030191
7.23014e-10 0.00299969 0.00299256
7.23115e-10 0.00298276 0.00296628
7.23217e-10 0.00296596 0.00294025
7.23318e-10 0.0029493 0.00291447
7.23419e-10 0.00293278 0.00288894
7.2352e-10 0.0029164 0.00286365
7.23622e-10 0.00290015 0.0028386
7.23723e-10 0.00288403 0.00281379
7.23824e-10 0.00286804 0.00278922
7.23925e-10 0.00285218 0.00276488
7.24027e-10 0.00283645 0.00274077
7.24128e-10 0.00282084 0.00271689
7.24229e-10 0.00280537 0.00269324
7.24331e-10 0.00279002 0.00266981
7.24432e-10 0.00277479 0.0026466
7.24533e-10 0.00275968 0.00262361
7.24634e-10 0.0027447 0.00260083
7.24736e-10 0.00272983 0.00257827
7.24837e-10 0.00271509 0.00255593
7.24938e-10 0.00270046 0.00253379
7.25039e-10 0.00268595 0.00251186
7.25141e-10 0.00267155 0.00249013
7.25242e-10 0.00265727 0.00246861
7.25343e-10 0.0026431 0.00244729
7.25445e-10 0.00262905 0.00242617
7.25546e-10 0.00261511 0.00240524
7.25647e-10 0.00260127 0.00238451
7.25748e-10 0.00258755 0.00236397
7.2585e-10 0.00257393 0.00234362
7.25951e-10 0.00256042 0.00232346
7.26052e-10 0.00254702 0.00230348
7.26153e-10 0.00253373 0.00228369
7.26255e-10 0.00252053 0.00226408
7.26356e-10 0.00250744 0.00224466
7.26457e-10 0.00249446 0.00222541
7.26559e-10 0.00248157 0.00220634
7.2666e-10 0.00246878 0.00218744
7.26761e-10 0.0024561 0.00216872
7.26862e-10 0.00244351 0.00215016
7.26964e-10 0.00243102 0.00213178
7.27065e-10 0.00241863 0.00211356
7.27166e-10 0.00240633 0.00209551
7.27267e-10 0.00239413 0.00207763
7.27369e-10 0.00238202 0.0020599
7.2747e-10 0.00237001 0.00204234
7.27571e-10 0.00235808 0.00202494
7.27672e-10 0.00234625 0.00200769
7.27774e-10 0.00233451 0.0019906
7.27875e-10 0.00232286 0.00197366
7.27976e-10 0.0023113 0.00195688
7.28078e-10 0.00229983 0.00194025
7.28179e-10 0.00228844 0.00192376
7.2828e-10 0.00227714 0.00190743
7.28381e-10 0.00226593 0.00189124
7.28483e-10 0.0022548 0.0018752
7.28584e-10 0.00224376 0.00185929
7.28685e-10 0.0022328 0.00184354
7.28786e-10 0.00222192 0.00182792
7.28888e-10 0.00221113 0.00181244
7.28989e-10 0.00220042 0.00179709
7.2909e-10 0.00218978 0.00178189
7.29192e-10 0.00217923 0.00176682
7.29293e-10 0.00216876 0.00175188
7.29394e-10 0.00215836 0.00173707
7.29495e-10 0.00214805 0.0017224
7.29597e-10 0.00213781 0.00170785
7.29698e-10 0.00212764 0.00169343
7.29799e-10 0.00211756 0.00167914
7.299e-10 0.00210754 0.00166498
7.30002e-10 0.0020976 0.00165094
7.30103e-10 0.00208774 0.00163702
7.30204e-10 0.00207795 0.00162322
7.30305e-10 0.00206823 0.00160954
7.30407e-10 0.00205858 0.00159599
7.30508e-10 0.00204901 0.00158255
7.30609e-10 0.00203951 0.00156922
7.30711e-10 0.00203007 0.00155602
7.30812e-10 0.00202071 0.00154293
7.30913e-10 0.00201141 0.00152995
7.31014e-10 0.00200218 0.00151708
7.31116e-10 0.00199302 0.00150432
7.31217e-10 0.00198393 0.00149168
7.31318e-10 0.0019749 0.00147914
7.31419e-10 0.00196594 0.00146671
7.31521e-10 0.00195705 0.00145439
7.31622e-10 0.00194822 0.00144217
7.31723e-10 0.00193945 0.00143006
7.31825e-10 0.00193075 0.00141805
7.31926e-10 0.00192211 0.00140615
7.32027e-10 0.00191353 0.00139434
7.32128e-10 0.00190502 0.00138264
7.3223e-10 0.00189657 0.00137103
7.32331e-10 0.00188817 0.00135953
7.32432e-10 0.00187984 0.00134812
7.32533e-10 0.00187157 0.00133681
7.32635e-10 0.00186336 0.00132559
7.32736e-10 0.00185521 0.00131447
7.32837e-10 0.00184712 0.00130344
7.32939e-10 0.00183908 0.00129251
7.3304e-10 0.0018311 0.00128167
7.33141e-10 0.00182318 0.00127091
7.33242e-10 0.00181532 0.00126025
7.33344e-10 0.00180751 0.00124968
7.33445e-10 0.00179976 0.0012392
7.33546e-10 0.00179206 0.0012288
7.33647e-10 0.00178442 0.00121849
7.33749e-10 0.00177683 0.00120827
7.3385e-10 0.0017693 0.00119813
7.33951e-10 0.00176182 0.00118808
7.34052e-10 0.00175439 0.00117811
7.34154e-10 0.00174702 0.00116822
7.34255e-10 0.0017397 0.00115841
7.34356e-10 0.00173243 0.00114869
7.34458e-10 0.00172521 0.00113904
7.34559e-10 0.00171804 0.00112948
7.3466e-10 0.00171093 0.00111999
7.34761e-10 0.00170386 0.00111058
7.34863e-10 0.00169684 0.00110125
7.34964e-10 0.00168987 0.001092
7.35065e-10 0.00168296 0.00108282
7.35166e-10 0.00167609 0.00107371
7.35268e-10 0.00166926 0.00106468
7.35369e-10 0.00166249 0.00105573
7.3547e-10 0.00165576 0.00104684
7.35572e-10 0.00164908 0.00103803
7.35673e-10 0.00164245 0.00102929
7.35774e-10 0.00163587 0.00102062
7.35875e-10 0.00162933 0.00101202
7.35977e-10 0.00162283 0.0010035
7.36078e-10 0.00161638 0.000995036
7.36179e-10 0.00160998 0.000986644
7.3628e-10 0.00160362 0.00097832
7.36382e-10 0.0015973 0.000970062
7.36483e-10 0.00159103 0.000961871
7.36584e-10 0.0015848 0.000953746
7.36686e-10 0.00157862 0.000945686
7.36787e-10 0.00157248 0.00093769
7.36888e-10 0.00156638 0.000929759
7.36989e-10 0.00156032 0.00092189
7.37091e-10 0.0015543 0.000914084
7.37192e-10 0.00154833 0.000906341
7.37293e-10 0.0015424 0.000898659
7.37394e-10 0.00153651 0.000891038
7.37496e-10 0.00153066 0.000883477
7.37597e-10 0.00152485 0.000875976
7.37698e-10 0.00151908 0.000868535
7.37799e-10 0.00151335 0.000861152
7.37901e-10 0.00150766 0.000853827
7.38002e-10 0.00150201 0.000846561
7.38103e-10 0.00149639 0.000839351
7.38205e-10 0.00149082 0.000832198
7.38306e-10 0.00148528 0.000825101
7.38407e-10 0.00147979 0.00081806
7.38508e-10 0.00147433 0.000811074
7.3861e-10 0.0014689 0.000804142
7.38711e-10 0.00146352 0.000797265
7.38812e-10 0.00145817 0.000790441
7.38913e-10 0.00145286 0.00078367
7.39015e-10 0.00144759 0.000776952
7.39116e-10 0.00144235 0.000770286
7.39217e-10 0.00143714 0.000763672
7.39319e-10 0.00143198 0.000757109
7.3942e-10 0.00142684 0.000750597
7.39521e-10 0.00142175 0.000744135
7.39622e-10 0.00141669 0.000737723
7.39724e-10 0.00141166 0.000731361
7.39825e-10 0.00140667 0.000725047
7.39926e-10 0.00140171 0.000718782
7.40027e-10 0.00139678 0.000712565
7.40129e-10 0.00139189 0.000706396
7.4023e-10 0.00138703 0.000700274
7.40331e-10 0.00138221 0.000694199
7.40433e-10 0.00137742 0.00068817
7.40534e-10 0.00137266 0.000682188
7.40635e-10 0.00136793 0.000676251
7.40736e-10 0.00136324 0.000670359
7.40838e-10 0.00135858 0.000664512
7.40939e-10 0.00135395 0.000658709
7.4104e-10 0.00134935 0.000652951
7.41141e-10 0.00134478 0.000647236
7.41243e-10 0.00134025 0.000641564
7.41344e-10 0.00133574 0.000635936
7.41445e-10 0.00133127 0.00063035
7.41546e-10 0.00132683 0.000624806
7.41648e-10 0.00132241 0.000619303
7.41749e-10 0.00131803 0.000613842
7.4185e-10 0.00131368 0.000608423
7.41952e-10 0.00130936 0.000603044
7.42053e-10 0.00130506 0.000597705
7.42154e-10 0.0013008 0.000592406
7.42255e-10 0.00129656 0.000587147
7.42357e-10 0.00129236 0.000581927
7.42458e-10 0.00128818 0.000576747
7.42559e-10 0.00128403 0.000571605
7.4266e-10 0.00127991 0.000566501
7.42762e-10 0.00127582 0.000561435
7.42863e-10 0.00127175 0.000556407
7.42964e-10 0.00126772 0.000551417
7.43066e-10 0.00126371 0.000546463
7.43167e-10 0.00125973 0.000541546
7.43268e-10 0.00125578 0.000536666
7.43369e-10 0.00125185 0.000531821
7.43471e-10 0.00124795 0.000527013
7.43572e-10 0.00124408 0.00052224
7.43673e-10 0.00124023 0.000517502
7.43774e-10 0.00123641 0.000512799
7.43876e-10 0.00123262 0.000508131
7.43977e-10 0.00122885 0.000503497
7.44078e-10 0.00122511 0.000498897
7.44179e-10 0.0012214 0.000494331
7.44281e-10 0.00121771 0.000489799
7.44382e-10 0.00121404 0.000485299
7.44483e-10 0.0012104 0.000480833
7.44585e-10 0.00120679 0.000476399
7.44686e-10 0.0012032 0.000471998
7.44787e-10 0.00119964 0.000467629
7.44888e-10 0.0011961 0.000463292
7.4499e-10 0.00119258 0.000458986
7.45091e-10 0.00118909 0.000454712
7.45192e-10 0.00118563 0.000450469
7.45293e-10 0.00118219 0.000446256
7.45395e-10 0.00117877 0.000442075
7.45496e-10 0.00117538 0.000437924
7.45597e-10 0.00117201 0.000433803
7.45699e-10 0.00116866 0.000429711
7.458e-10 0.00116534 0.00042565
7.45901e-10 0.00116204 0.000421618
7.46002e-10 0.00115876 0.000417615
7.46104e-10 0.00115551 0.000413641
7.46205e-10 0.00115228 0.000409695
7.46306e-10 0.00114907 0.000405779
7.46407e-10 0.00114588 0.00040189
7.46509e-10 0.00114272 0.00039803
7.4661e-10 0.00113958 0.000394197
7.46711e-10 0.00113646 0.000390392
7.46813e-10 0.00113337 0.000386615
7.46914e-10 0.00113029 0.000382864
7.47015e-10 0.00112724 0.000379141
7.47116e-10 0.00112421 0.000375444
7.47218e-10 0.0011212 0.000371774
7.47319e-10 0.00111821 0.00036813
7.4742e-10 0.00111525 0.000364513
7.47521e-10 0.0011123 0.000360921
7.47623e-10 0.00110938 0.000357355
7.47724e-10 0.00110648 0.000353815
7.47825e-10 0.00110359 0.0003503
7.47926e-10 0.00110073 0.000346811
7.48028e-10 0.00109789 0.000343346
7.48129e-10 0.00109507 0.000339906
7.4823e-10 0.00109227 0.000336491
7.48332e-10 0.0010895 0.0003331
7.48433e-10 0.00108674 0.000329734
7.48534e-10 0.001084 0.000326391
7.48635e-10 0.00108128 0.000323073
7.48737e-10 0.00107858 0.000319778
7.48838e-10 0.0010759 0.000316507
7.48939e-10 0.00107324 0.000313259
7.4904e-10 0.0010706 0.000310035
7.49142e-10 0.00106799 0.000306833
7.49243e-10 0.00106538 0.000303655
7.49344e-10 0.0010628 0.000300499
7.49446e-10 0.00106024 0.000297365
7.49547e-10 0.0010577 0.000294255
7.49648e-10 0.00105518 0.000291166
7.49749e-10 0.00105267 0.000288099
7.49851e-10 0.00105019 0.000285055
7.49952e-10 0.00104772 0.000282032
7.50053e-10 0.00104527 0.000279031
7.50154e-10 0.00104284 0.000276051
7.50256e-10 0.00104043 0.000273092
7.50357e-10 0.00103804 0.000270155
7.50458e-10 0.00103566 0.000267239
7.5056e-10 0.00103331 0.000264344
7.50661e-10 0.00103097 0.000261469
7.50762e-10 0.00102865 0.000258615
7.50863e-10 0.00102635 0.000255782
7.50965e-10 0.00102406 0.000252969
7.51066e-10 0.0010218 0.000250176
7.51167e-10 0.00101955 0.000247403
7.51268e-10 0.00101732 0.00024465
7.5137e-10 0.0010151 0.000241917
7.51471e-10 0.00101291 0.000239204
7.51572e-10 0.00101073 0.00023651
7.51673e-10 0.00100857 0.000233836
7.51775e-10 0.00100642 0.000231181
7.51876e-10 0.0010043 0.000228545
7.51977e-10 0.00100219 0.000225928
7.52079e-10 0.00100009 0.00022333
7.5218e-10 0.000998017 0.000220751
7.52281e-10 0.000995958 0.000218191
7.52382e-10 0.000993916 0.000215649
7.52484e-10 0.00099189 0.000213126
7.52585e-10 0.000989881 0.000210621
7.52686e-10 0.000987889 0.000208134
7.52787e-10 0.000985914 0.000205666
7.52889e-10 0.000983954 0.000203215
7.5299e-10 0.000982011 0.000200783
7.53091e-10 0.000980085 0.000198368
7.53193e-10 0.000978175 0.000195971
7.53294e-10 0.000976281 0.000193592
7.53395e-10 0.000974403 0.00019123
7.53496e-10 0.000972541 0.000188885
7.53598e-10 0.000970695 0.000186558
7.53699e-10 0.000968865 0.000184248
7.538e-10 0.000967051 0.000181955
7.53901e-10 0.000965252 0.000179679
7.54003e-10 0.00096347 0.00017742
7.54104e-10 0.000961703 0.000175178
7.54205e-10 0.000959951 0.000172953
7.54307e-10 0.000958216 0.000170744
7.54408e-10 0.000956495 0.000168552
7.54509e-10 0.000954791 0.000166377
7.5461e-10 0.000953101 0.000164217
7.54712e-10 0.000951427 0.000162074
7.54813e-10 0.000949769 0.000159948
7.54914e-10 0.000948125 0.000157837
7.55015e-10 0.000946497 0.000155742
7.55117e-10 0.000944884 0.000153664
7.55218e-10 0.000943285 0.000151601
7.55319e-10 0.000941702 0.000149554
7.5542e-10 0.000940134 0.000147523
7.55522e-10 0.000938581 0.000145507
7.55623e-10 0.000937043 0.000143507
7.55724e-10 0.000935519 0.000141523
7.55826e-10 0.00093401 0.000139554
7.55927e-10 0.000932516 0.0001376
7.56028e-10 0.000931037 0.000135662
7.56129e-10 0.000929572 0.000133739
7.56231e-10 0.000928122 0.000131831
7.56332e-10 0.000926686 0.000129938
7.56433e-10 0.000925265 0.00012806
7.56534e-10 0.000923858 0.000126197
7.56636e-10 0.000922466 0.00012435
7.56737e-10 0.000921088 0.000122516
7.56838e-10 0.000919724 0.000120698
7.5694e-10 0.000918375 0.000118894
7.57041e-10 0.00091704 0.000117105
7.57142e-10 0.000915719 0.000115331
7.57243e-10 0.000914412 0.000113571
7.57345e-10 0.000913119 0.000111826
7.57446e-10 0.000911841 0.000110095
7.57547e-10 0.000910576 0.000108378
7.57648e-10 0.000909325 0.000106676
7.5775e-10 0.000908089 0.000104988
7.57851e-10 0.000906866 0.000103314
7.57952e-10 0.000905657 0.000101655
7.58053e-10 0.000904462 0.000100009
7.58155e-10 0.000903281 9.83779e-05
7.58256e-10 0.000902113 9.67606e-05
7.58357e-10 0.00090096 9.51572e-05
7.58459e-10 0.00089982 9.35678e-05
7.5856e-10 0.000898693 9.19922e-05
7.58661e-10 0.000897581 9.04306e-05
7.58762e-10 0.000896482 8.88827e-05
7.58864e-10 0.000895396 8.73486e-05
7.58965e-10 0.000894324 8.58282e-05
7.59066e-10 0.000893266 8.43215e-05
7.59167e-10 0.000892221 8.28285e-05
7.59269e-10 0.000891189 8.13491e-05
7.5937e-10 0.000890171 7.98833e-05
7.59471e-10 0.000889166 7.84311e-05
7.59573e-10 0.000888175 7.69923e-05
7.59674e-10 0.000887197 7.55671e-05
7.59775e-10 0.000886232 7.41553e-05
7.59876e-10 0.000885281 7.27569e-05
7.59978e-10 0.000884342 7.1372e-05
7.60079e-10 0.000883417 7.00004e-05
7.6018e-10 0.000882506 6.86421e-05
7.60281e-10 0.000881607 6.72972e-05
7.60383e-10 0.000880722 6.59655e-05
7.60484e-10 0.000879849 6.46471e-05
7.60585e-10 0.00087899 6.3342e-05
7.60687e-10 0.000878144 6.205e-05
7.60788e-10 0.000877311 6.07713e-05
7.60889e-10 0.000876491 5.95058e-05
7.6099e-10 0.000875684 5.82534e-05
7.61092e-10 0.00087489 5.70142e-05
7.61193e-10 0.000874109 5.5788e-05
7.61294e-10 0.000873341 5.4575e-05
7.61395e-10 0.000872586 5.33751e-05
7.61497e-10 0.000871843 5.21883e-05
7.61598e-10 0.000871114 5.10145e-05
7.61699e-10 0.000870397 4.98538e-05
7.618e-10 0.000869694 4.87062e-05
7.61902e-10 0.000869003 4.75715e-05
7.62003e-10 0.000868325 4.64499e-05
7.62104e-10 0.00086766 4.53413e-05
7.62206e-10 0.000867008 4.42458e-05
7.62307e-10 0.000866368 4.31632e-05
7.62408e-10 0.000865741 4.20936e-05
7.62509e-10 0.000865127 4.1037e-05
7.62611e-10 0.000864526 3.99934e-05
7.62712e-10 0.000863937 3.89628e-05
7.62813e-10 0.000863361 3.79452e-05
7.62914e-10 0.000862798 3.69406e-05
7.63016e-10 0.000862247 3.59489e-05
7.63117e-10 0.000861709 3.49703e-05
7.63218e-10 0.000861184 3.40046e-05
7.6332e-10 0.000860672 3.3052e-05
7.63421e-10 0.000860172 3.21123e-05
7.63522e-10 0.000859684 3.11857e-05
7.63623e-10 0.000859209 3.0272e-05
7.63725e-10 0.000858747 2.93714e-05
7.63826e-10 0.000858298 2.84838e-05
7.63927e-10 0.000857861 2.76093e-05
7.64028e-10 0.000857436 2.67478e-05
7.6413e-10 0.000857024 2.58994e-05
7.64231e-10 0.000856625 2.5064e-05
7.64332e-10 0.000856238 2.42418e-05
7.64434e-10 0.000855864 2.34326e-05
7.64535e-10 0.000855502 2.26366e-05
7.64636e-10 0.000855153 2.18537e-05
7.64737e-10 0.000854817 2.1084e-05
7.64839e-10 0.000854492 2.03274e-05
7.6494e-10 0.000854181 1.95841e-05
7.65041e-10 0.000853882 1.8854e-05
7.65142e-10 0.000853595 1.81371e-05
7.65244e-10 0.000853321 1.74335e-05
7.65345e-10 0.000853059 1.67431e-05
7.65446e-10 0.00085281 1.60661e-05
7.65547e-10 0.000852574 1.54025e-05
7.65649e-10 0.000852349 1.47522e-05
7.6575e-10 0.000852138 1.41153e-05
7.65851e-10 0.000851939 1.34918e-05
7.65953e-10 0.000851752 1.28818e-05
7.66054e-10 0.000851578 1.22853e-05
7.66155e-10 0.000851416 1.17023e-05
7.66256e-10 0.000851267 1.11329e-05
7.66358e-10 0.00085113 1.05771e-05
7.66459e-10 0.000851006 1.00349e-05
7.6656e-10 0.000850894 9.50635e-06
7.66661e-10 0.000850795 8.99155e-06
7.66763e-10 0.000850708 8.49049e-06
7.66864e-10 0.000850634 8.00323e-06
7.66965e-10 0.000850572 7.5298e-06
7.67067e-10 0.000850522 7.07025e-06
7.67168e-10 0.000850486 6.62462e-06
7.67269e-10 0.000850461 6.19297e-06
7.6737e-10 0.000850449 5.77532e-06
7.67472e-10 0.00085045 5.37175e-06
7.67573e-10 0.000850463 4.98228e-06
7.67674e-10 0.000850489 4.60698e-06
7.67775e-10 0.000850528 4.2459e-06
7.67877e-10 0.000850578 3.89909e-06
7.67978e-10 0.000850642 3.5666e-06
7.68079e-10 0.000850718 3.24849e-06
7.68181e-10 0.000850806 2.94482e-06
7.68282e-10 0.000850907 2.65564e-06
7.68383e-10 0.000851021 2.38101e-06
7.68484e-10 0.000851147 2.121e-06
7.68586e-10 0.000851286 1.87566e-06
7.68687e-10 0.000851437 1.64506e-06
7.68788e-10 0.000851601 1.42926e-06
7.68889e-10 0.000851778 1.22833e-06
7.68991e-10 0.000851967 1.04234e-06
7.69092e-10 0.000852169 8.7135e-07
7.69193e-10 0.000852384 7.15432e-07
7.69294e-10 0.000852611 5.74658e-07
7.69396e-10 0.000852851 4.49099e-07
7.69497e-10 0.000853103 3.3883e-07
7.69598e-10 0.000853369 2.43924e-07
7.697e-10 0.000853646 1.64458e-07
7.69801e-10 0.000853937 1.00509e-07
7.69902e-10 0.000854241 5.21571e-08
7.70003e-10 0.000854557 1.94817e-08
7.70105e-10 0.000854886 2.56464e-09
7.70206e-10 0.000855228 1.48903e-09
7.70307e-10 0.000855582 1.63394e-08
7.70408e-10 0.000855949 4.72016e-08
7.7051e-10 0.00085633 9.41631e-08
7.70611e-10 0.000856723 1.57313e-07
7.70712e-10 0.000857129 2.36741e-07
7.70814e-10 0.000857547 3.32539e-07
7.70915e-10 0.000857979 4.448e-07
7.71016e-10 0.000858423 5.7362e-07
7.71117e-10 0.000858881 7.19094e-07
7.71219e-10 0.000859351 8.8132e-07
7.7132e-10 0.000859835 1.0604e-06
7.71421e-10 0.000860331 1.25643e-06
7.71522e-10 0.000860841 1.46951e-06
7.71624e-10 0.000861363 1.69975e-06
7.71725e-10 0.000861898 1.94726e-06
7.71826e-10 0.000862447 2.21214e-06
7.71928e-10 0.000863008 2.4945e-06
7.72029e-10 0.000863583 2.79445e-06
7.7213e-10 0.000864171 3.1121e-06
7.72231e-10 0.000864772 3.44757e-06
7.72333e-10 0.000865386 3.80096e-06
7.72434e-10 0.000866013 4.17241e-06
7.72535e-10 0.000866654 4.56202e-06
7.72636e-10 0.000867307 4.96993e-06
7.72738e-10 0.000867974 5.39624e-06
7.72839e-10 0.000868654 5.84108e-06
7.7294e-10 0.000869348 6.30458e-06
7.73041e-10 0.000870055 6.78687e-06
7.73143e-10 0.000870775 7.28808e-06
7.73244e-10 0.000871509 7.80833e-06
7.73345e-10 0.000872256 8.34776e-06
7.73447e-10 0.000873016 8.9065e-06
7.73548e-10 0.00087379 9.4847e-06
7.73649e-10 0.000874577 1.00825e-05
7.7375e-10 0.000875378 1.07e-05
7.73852e-10 0.000876192 1.13374e-05
7.73953e-10 0.00087702 1.19948e-05
7.74054e-10 0.000877862 1.26723e-05
7.74155e-10 0.000878717 1.33702e-05
7.74257e-10 0.000879586 1.40885e-05
7.74358e-10 0.000880468 1.48274e-05
7.74459e-10 0.000881364 1.55871e-05
7.74561e-10 0.000882274 1.63678e-05
7.74662e-10 0.000883197 1.71694e-05
7.74763e-10 0.000884135 1.79924e-05
7.74864e-10 0.000885086 1.88367e-05
7.74966e-10 0.000886051 1.97026e-05
7.75067e-10 0.00088703 2.05902e-05
7.75168e-10 0.000888023 2.14997e-05
7.75269e-10 0.000889029 2.24313e-05
7.75371e-10 0.00089005 2.33852e-05
7.75472e-10 0.000891084 2.43614e-05
7.75573e-10 0.000892133 2.53602e-05
7.75674e-10 0.000893196 2.63819e-05
7.75776e-10 0.000894273 2.74264e-05
7.75877e-10 0.000895364 2.84941e-05
7.75978e-10 0.000896469 2.95851e-05
7.7608e-10 0.000897588 3.06997e-05
7.76181e-10 0.000898721 3.18379e-05
7.76282e-10 0.000899869 3.30001e-05
7.76383e-10 0.000901031 3.41863e-05
7.76485e-10 0.000902208 3.53968e-05
7.76586e-10 0.000903398 3.66319e-05
7.76687e-10 0.000904603 3.78916e-05
7.76788e-10 0.000905823 3.91762e-05
7.7689e-10 0.000907057 4.04859e-05
7.76991e-10 0.000908305 4.18209e-05
7.77092e-10 0.000909568 4.31815e-05
7.77194e-10 0.000910846 4.45678e-05
7.77295e-10 0.000912138 4.59801e-05
7.77396e-10 0.000913445 4.74186e-05
7.77497e-10 0.000914767 4.88835e-05
7.77599e-10 0.000916103 5.0375e-05
7.777e-10 0.000917454 5.18934e-05
7.77801e-10 0.00091882 5.34389e-05
7.77902e-10 0.0009202 5.50117e-05
7.78004e-10 0.000921596 5.66121e-05
7.78105e-10 0.000923006 5.82404e-05
7.78206e-10 0.000924432 5.98966e-05
7.78308e-10 0.000925872 6.15812e-05
7.78409e-10 0.000927327 6.32943e-05
7.7851e-10 0.000928798 6.50363e-05
7.78611e-10 0.000930283 6.68072e-05
7.78713e-10 0.000931784 6.86075e-05
7.78814e-10 0.0009333 7.04374e-05
7.78915e-10 0.000934831 7.22972e-05
7.79016e-10 0.000936377 7.4187e-05
7.79118e-10 0.000937939 7.61072e-05
7.79219e-10 0.000939516 7.80581e-05
7.7932e-10 0.000941108 8.00399e-05
7.79421e-10 0.000942716 8.20529e-05
7.79523e-10 0.00094434 8.40974e-05
7.79624e-10 0.000945978 8.61738e-05
7.79725e-10 0.000947633 8.82821e-05
7.79827e-10 0.000949303 9.04229e-05
7.79928e-10 0.000950989 9.25963e-05
7.80029e-10 0.00095269 9.48027e-05
7.8013e-10 0.000954407 9.70423e-05
7.80232e-10 0.00095614 9.93156e-05
7.80333e-10 0.000957888 0.000101623
7.80434e-10 0.000959653 0.000103964
7.80535e-10 0.000961433 0.00010634
7.80637e-10 0.00096323 0.000108751
7.80738e-10 0.000965042 0.000111196
7.80839e-10 0.000966871 0.000113678
7.80941e-10 0.000968715 0.000116195
7.81042e-10 0.000970576 0.000118748
7.81143e-10 0.000972453 0.000121338
7.81244e-10 0.000974346 0.000123965
7.81346e-10 0.000976255 0.000126629
7.81447e-10 0.000978181 0.000129331
7.81548e-10 0.000980123 0.00013207
7.81649e-10 0.000982081 0.000134848
7.81751e-10 0.000984056 0.000137664
7.81852e-10 0.000986047 0.00014052
7.81953e-10 0.000988055 0.000143415
7.82055e-10 0.000990079 0.000146349
7.82156e-10 0.000992121 0.000149324
7.82257e-10 0.000994178 0.00015234
7.82358e-10 0.000996253 0.000155396
7.8246e-10 0.000998344 0.000158493
7.82561e-10 0.00100045 0.000161633
7.82662e-10 0.00100258 0.000164814
7.82763e-10 0.00100472 0.000168038
7.82865e-10 0.00100688 0.000171305
7.82966e-10 0.00100905 0.000174616
7.83067e-10 0.00101125 0.00017797
7.83168e-10 0.00101346 0.000181369
7.8327e-10 0.00101568 0.000184812
7.83371e-10 0.00101793 0.0001883
7.83472e-10 0.00102019 0.000191834
7.83574e-10 0.00102247 0.000195414
7.83675e-10 0.00102477 0.00019904
7.83776e-10 0.00102708 0.000202714
7.83877e-10 0.00102941 0.000206435
7.83979e-10 0.00103176 0.000210203
7.8408e-10 0.00103412 0.00021402
7.84181e-10 0.00103651 0.000217886
7.84282e-10 0.00103891 0.000221801
7.84384e-10 0.00104133 0.000225766
7.84485e-10 0.00104377 0.000229781
7.84586e-10 0.00104622 0.000233847
7.84688e-10 0.00104869 0.000237965
7.84789e-10 0.00105118 0.000242134
7.8489e-10 0.00105369 0.000246356
7.84991e-10 0.00105622 0.00025063
7.85093e-10 0.00105876 0.000254958
7.85194e-10 0.00106132 0.00025934
7.85295e-10 0.0010639 0.000263777
7.85396e-10 0.0010665 0.000268268
7.85498e-10 0.00106912 0.000272815
7.85599e-10 0.00107175 0.000277419
7.857e-10 0.00107441 0.000282079
7.85802e-10 0.00107708 0.000286796
7.85903e-10 0.00107977 0.000291572
7.86004e-10 0.00108248 0.000296406
7.86105e-10 0.00108521 0.000301299
7.86207e-10 0.00108795 0.000306252
7.86308e-10 0.00109071 0.000311265
7.86409e-10 0.0010935 0.000316339
7.8651e-10 0.0010963 0.000321475
7.86612e-10 0.00109912 0.000326673
7.86713e-10 0.00110196 0.000331934
7.86814e-10 0.00110482 0.000337258
7.86915e-10 0.00110769 0.000342647
7.87017e-10 0.00111059 0.0003481
7.87118e-10 0.0011135 0.000353619
7.87219e-10 0.00111644 0.000359204
7.87321e-10 0.00111939 0.000364856
7.87422e-10 0.00112236 0.000370576
7.87523e-10 0.00112535 0.000376364
7.87624e-10 0.00112836 0.000382221
7.87726e-10 0.00113139 0.000388147
7.87827e-10 0.00113444 0.000394144
7.87928e-10 0.00113751 0.000400213
7.88029e-10 0.0011406 0.000406353
7.88131e-10 0.0011437 0.000412566
7.88232e-10 0.00114683 0.000418852
7.88333e-10 0.00114997 0.000425212
7.88435e-10 0.00115314 0.000431648
7.88536e-10 0.00115632 0.000438159
7.88637e-10 0.00115953 0.000444747
7.88738e-10 0.00116275 0.000451412
7.8884e-10 0.001166 0.000458156
7.88941e-10 0.00116926 0.000464978
7.89042e-10 0.00117254 0.000471881
7.89143e-10 0.00117585 0.000478864
7.89245e-10 0.00117917 0.000485928
7.89346e-10 0.00118251 0.000493076
7.89447e-10 0.00118587 0.000500306
7.89548e-10 0.00118926 0.000507621
7.8965e-10 0.00119266 0.00051502
7.89751e-10 0.00119608 0.000522506
7.89852e-10 0.00119952 0.000530079
7.89954e-10 0.00120299 0.000537739
7.90055e-10 0.00120647 0.000545488
7.90156e-10 0.00120997 0.000553328
7.90257e-10 0.0012135 0.000561257
7.90359e-10 0.00121704 0.000569279
7.9046e-10 0.0012206 0.000577393
7.90561e-10 0.00122419 0.0005856
7.90662e-10 0.00122779 0.000593903
7.90764e-10 0.00123142 0.000602301
7.90865e-10 0.00123506 0.000610795
7.90966e-10 0.00123873 0.000619388
7.91068e-10 0.00124241 0.000628079
7.91169e-10 0.00124612 0.00063687
7.9127e-10 0.00124985 0.000645762
7.91371e-10 0.00125359 0.000654756
7.91473e-10 0.00125736 0.000663854
7.91574e-10 0.00126115 0.000673055
7.91675e-10 0.00126496 0.000682362
7.91776e-10 0.00126879 0.000691775
7.91878e-10 0.00127264 0.000701296
7.91979e-10 0.00127651 0.000710926
7.9208e-10 0.0012804 0.000720666
7.92182e-10 0.00128431 0.000730517
7.92283e-10 0.00128825 0.000740481
7.92384e-10 0.0012922 0.000750558
7.92485e-10 0.00129618 0.000760751
7.92587e-10 0.00130017 0.000771059
7.92688e-10 0.00130419 0.000781485
7.92789e-10 0.00130822 0.000792029
7.9289e-10 0.00131228 0.000802694
7.92992e-10 0.00131636 0.00081348
7.93093e-10 0.00132046 0.000824389
7.93194e-10 0.00132458 0.000835421
7.93295e-10 0.00132872 0.000846579
7.93397e-10 0.00133288 0.000857864
7.93498e-10 0.00133706 0.000869277
7.93599e-10 0.00134126 0.000880819
7.93701e-10 0.00134549 0.000892493
7.93802e-10 0.00134973 0.000904299
7.93903e-10 0.00135399 0.000916239
7.94004e-10 0.00135828 0.000928314
7.94106e-10 0.00136259 0.000940526
7.94207e-10 0.00136691 0.000952876
7.94308e-10 0.00137126 0.000965367
7.94409e-10 0.00137563 0.000977999
7.94511e-10 0.00138002 0.000990773
7.94612e-10 0.00138443 0.00100369
7.94713e-10 0.00138886 0.00101676
7.94815e-10 0.00139331 0.00102997
7.94916e-10 0.00139778 0.00104334
7.95017e-10 0.00140227 0.00105685
7.95118e-10 0.00140679 0.00107052
7.9522e-10 0.00141132 0.00108434
7.95321e-10 0.00141587 0.00109832
7.95422e-10 0.00142045 0.00111245
7.95523e-10 0.00142504 0.00112675
7.95625e-10 0.00142966 0.00114121
7.95726e-10 0.00143429 0.00115583
7.95827e-10 0.00143895 0.00117061
7.95929e-10 0.00144362 0.00118557
7.9603e-10 0.00144832 0.00120069
7.96131e-10 0.00145304 0.00121598
7.96232e-10 0.00145777 0.00123145
7.96334e-10 0.00146253 0.00124709
7.96435e-10 0.00146731 0.00126291
7.96536e-10 0.0014721 0.0012789
7.96637e-10 0.00147692 0.00129508
7.96739e-10 0.00148176 0.00131144
7.9684e-10 0.00148661 0.00132798
7.96941e-10 0.00149149 0.00134471
7.97042e-10 0.00149638 0.00136163
7.97144e-10 0.0015013 0.00137874
7.97245e-10 0.00150623 0.00139605
7.97346e-10 0.00151119 0.00141355
7.97448e-10 0.00151616 0.00143125
7.97549e-10 0.00152115 0.00144914
7.9765e-10 0.00152616 0.00146724
7.97751e-10 0.00153119 0.00148555
7.97853e-10 0.00153624 0.00150406
7.97954e-10 0.00154131 0.00152278
7.98055e-10 0.0015464 0.00154171
7.98156e-10 0.0015515 0.00156086
7.98258e-10 0.00155663 0.00158022
7.98359e-10 0.00156177 0.0015998
7.9846e-10 0.00156693 0.0016196
7.98562e-10 0.00157211 0.00163963
7.98663e-10 0.00157731 0.00165988
7.98764e-10 0.00158252 0.00168037
7.98865e-10 0.00158775 0.00170108
7.98967e-10 0.001593 0.00172203
7.99068e-10 0.00159827 0.00174321
7.99169e-10 0.00160356 0.00176464
7.9927e-10 0.00160886 0.00178631
7.99372e-10 0.00161418 0.00180822
7.99473e-10 0.00161952 0.00183038
7.99574e-10 0.00162487 0.00185279
7.99676e-10 0.00163024 0.00187546
7.99777e-10 0.00163563 0.00189838
7.99878e-10 0.00164103 0.00192156
7.99979e-10 0.00164645 0.00194501
8.00081e-10 0.00165188 0.00196872
8.00182e-10 0.00165733 0.0019927
8.00283e-10 0.0016628 0.00201695
8.00384e-10 0.00166828 0.00204148
8.00486e-10 0.00167378 0.00206628
8.00587e-10 0.00167929 0.00209137
8.00688e-10 0.00168481 0.00211674
8.00789e-10 0.00169035 0.0021424
8.00891e-10 0.00169591 0.00216835
8.00992e-10 0.00170148 0.0021946
8.01093e-10 0.00170706 0.00222114
8.01195e-10 0.00171266 0.00224799
8.01296e-10 0.00171827 0.00227514
8.01397e-10 0.00172389 0.0023026
8.01498e-10 0.00172953 0.00233037
8.016e-10 0.00173517 0.00235846
8.01701e-10 0.00174084 0.00238687
8.01802e-10 0.00174651 0.0024156
8.01903e-10 0.00175219 0.00244466
8.02005e-10 0.00175789 0.00247405
8.02106e-10 0.0017636 0.00250378
8.02207e-10 0.00176931 0.00253384
8.02309e-10 0.00177504 0.00256425
8.0241e-10 0.00178078 0.002595
8.02511e-10 0.00178653 0.00262611
8.02612e-10 0.00179229 0.00265757
8.02714e-10 0.00179806 0.00268939
8.02815e-10 0.00180384 0.00272157
8.02916e-10 0.00180962 0.00275412
8.03017e-10 0.00181542 0.00278704
8.03119e-10 0.00182122 0.00282034
8.0322e-10 0.00182703 0.00285402
8.03321e-10 0.00183284 0.00288808
8.03422e-10 0.00183867 0.00292254
8.03524e-10 0.0018445 0.00295739
8.03625e-10 0.00185033 0.00299264
8.03726e-10 0.00185618 0.00302829
8.03828e-10 0.00186202 0.00306435
8.03929e-10 0.00186788 0.00310083
8.0403e-10 0.00187373 0.00313772
8.04131e-10 0.00187959 0.00317503
8.04233e-10 0.00188546 0.00321278
8.04334e-10 0.00189132 0.00325096
8.04435e-10 0.00189719 0.00328957
8.04536e-10 0.00190306 0.00332864
8.04638e-10 0.00190894 0.00336815
8.04739e-10 0.00191481 0.00340811
8.0484e-10 0.00192069 0.00344853
8.04942e-10 0.00192656 0.00348942
8.05043e-10 0.00193244 0.00353078
8.05144e-10 0.00193831 0.00357262
8.05245e-10 0.00194418 0.00361494
8.05347e-10 0.00195006 0.00365775
8.05448e-10 0.00195592 0.00370105
8.05549e-10 0.00196179 0.00374485
8.0565e-10 0.00196765 0.00378915
8.05752e-10 0.00197351 0.00383397
8.05853e-10 0.00197936 0.00387931
8.05954e-10 0.00198521 0.00392517
8.06056e-10 0.00199105 0.00397156
8.06157e-10 0.00199688 0.00401848
8.06258e-10 0.00200271 0.00406595
8.06359e-10 0.00200853 0.00411397
8.06461e-10 0.00201434 0.00416255
8.06562e-10 0.00202014 0.00421168
8.06663e-10 0.00202593 0.00426139
8.06764e-10 0.00203171 0.00431168
8.06866e-10 0.00203748 0.00436254
8.06967e-10 0.00204324 0.004414
8.07068e-10 0.00204898 0.00446606
8.07169e-10 0.00205471 0.00451872
8.07271e-10 0.00206043 0.00457199
8.07372e-10 0.00206613 0.00462588
8.07473e-10 0.00207181 0.0046804
8.07575e-10 0.00207748 0.00473555
8.07676e-10 0.00208313 0.00479135
8.07777e-10 0.00208877 0.00484779
8.07878e-10 0.00209438 0.0049049
8.0798e-10 0.00209997 0.00496267
8.08081e-10 0.00210555 0.00502111
8.08182e-10 0.0021111 0.00508023
8.08283e-10 0.00211663 0.00514005
8.08385e-10 0.00212213 0.00520056
8.08486e-10 0.00212761 0.00526178
8.08587e-10 0.00213307 0.00532372
8.08689e-10 0.0021385 0.00538638
8.0879e-10 0.0021439 0.00544977
8.08891e-10 0.00214927 0.0055139
8.08992e-10 0.00215462 0.00557879
8.09094e-10 0.00215993 0.00564444
8.09195e-10 0.00216521 0.00571085
8.09296e-10 0.00217046 0.00577805
8.09397e-10 0.00217568 0.00584603
8.09499e-10 0.00218087 0.00591481
8.096e-10 0.00218601 0.0059844
8.09701e-10 0.00219112 0.0060548
8.09803e-10 0.0021962 0.00612604
8.09904e-10 0.00220123 0.0061981
8.10005e-10 0.00220623 0.00627102
8.10106e-10 0.00221118 0.0063448
8.10208e-10 0.00221609 0.00641944
8.10309e-10 0.00222096 0.00649496
8.1041e-10 0.00222579 0.00657138
8.10511e-10 0.00223056 0.00664869
8.10613e-10 0.00223529 0.00672692
8.10714e-10 0.00223998 0.00680606
8.10815e-10 0.00224461 0.00688614
8.10916e-10 0.00224919 0.00696717
8.11018e-10 0.00225372 0.00704916
8.11119e-10 0.0022582 0.00713211
8.1122e-10 0.00226262 0.00721604
8.11322e-10 0.00226699 0.00730097
8.11423e-10 0.00227129 0.0073869
8.11524e-10 0.00227554 0.00747385
8.11625e-10 0.00227973 0.00756183
8.11727e-10 0.00228386 0.00765085
8.11828e-10 0.00228792 0.00774092
8.11929e-10 0.00229192 0.00783207
8.1203e-10 0.00229585 0.00792429
8.12132e-10 0.00229971 0.00801761
8.12233e-10 0.00230351 0.00811204
8.12334e-10 0.00230723 0.00820758
8.12436e-10 0.00231089 0.00830427
8.12537e-10 0.00231446 0.0084021
8.12638e-10 0.00231797 0.00850109
8.12739e-10 0.00232139 0.00860126
8.12841e-10 0.00232474 0.00870263
8.12942e-10 0.002328 0.0088052
8.13043e-10 0.00233119 0.00890899
8.13144e-10 0.00233429 0.00901402
8.13246e-10 0.0023373 0.0091203
8.13347e-10 0.00234023 0.00922784
8.13448e-10 0.00234307 0.00933667
8.1355e-10 0.00234581 0.0094468
8.13651e-10 0.00234847 0.00955824
8.13752e-10 0.00235103 0.00967101
8.13853e-10 0.00235349 0.00978513
8.13955e-10 0.00235586 0.00990061
8.14056e-10 0.00235813 0.0100175
8.14157e-10 0.00236029 0.0101357
8.14258e-10 0.00236235 0.0102554
8.1436e-10 0.00236431 0.0103765
8.14461e-10 0.00236616 0.0104991
8.14562e-10 0.0023679 0.0106231
8.14663e-10 0.00236952 0.0107486
8.14765e-10 0.00237104 0.0108756
8.14866e-10 0.00237244 0.0110041
8.14967e-10 0.00237372 0.0111342
8.15069e-10 0.00237488 0.0112658
8.1517e-10 0.00237592 0.011399
8.15271e-10 0.00237684 0.0115338
8.15372e-10 0.00237763 0.0116702
8.15474e-10 0.00237829 0.0118083
8.15575e-10 0.00237882 0.011948
8.15676e-10 0.00237923 0.0120894
8.15777e-10 0.00237949 0.0122325
8.15879e-10 0.00237963 0.0123773
8.1598e-10 0.00237962 0.0125238
8.16081e-10 0.00237947 0.0126722
8.16183e-10 0.00237918 0.0128222
8.16284e-10 0.00237875 0.0129741
8.16385e-10 0.00237816 0.0131279
8.16486e-10 0.00237743 0.0132834
8.16588e-10 0.00237655 0.0134409
8.16689e-10 0.00237551 0.0136002
8.1679e-10 0.00237431 0.0137615
8.16891e-10 0.00237296 0.0139247
8.16993e-10 0.00237145 0.0140898
8.17094e-10 0.00236977 0.014257
8.17195e-10 0.00236793 0.0144261
8.17296e-10 0.00236592 0.0145973
8.17398e-10 0.00236374 0.0147706
8.17499e-10 0.00236139 0.0149459
8.176e-10 0.00235886 0.0151234
8.17702e-10 0.00235615 0.015303
8.17803e-10 0.00235327 0.0154847
8.17904e-10 0.0023502 0.0156687
8.18005e-10 0.00234696 0.0158548
8.18107e-10 0.00234352 0.0160432
8.18208e-10 0.00233989 0.0162339
8.18309e-10 0.00233608 0.0164269
8.1841e-10 0.00233207 0.0166222
8.18512e-10 0.00232786 0.0168198
8.18613e-10 0.00232346 0.0170199
8.18714e-10 0.00231885 0.0172223
8.18816e-10 0.00231405 0.0174272
8.18917e-10 0.00230903 0.0176345
8.19018e-10 0.00230381 0.0178444
8.19119e-10 0.00229838 0.0180567
8.19221e-10 0.00229274 0.0182717
8.19322e-10 0.00228688 0.0184892
8.19423e-10 0.00228081 0.0187093
8.19524e-10 0.00227452 0.0189321
8.19626e-10 0.00226801 0.0191576
8.19727e-10 0.00226127 0.0193858
8.19828e-10 0.00225431 0.0196167
8.1993e-10 0.00224712 0.0198504
8.20031e-10 0.0022397 0.020087
8.20132e-10 0.00223205 0.0203263
8.20233e-10 0.00222417 0.0205686
8.20335e-10 0.00221605 0.0208137
8.20436e-10 0.00220769 0.0210619
8.20537e-10 0.0021991 0.0213129
8.20638e-10 0.00219026 0.021567
8.2074e-10 0.00218117 0.0218242
8.20841e-10 0.00217185 0.0220844
8.20942e-10 0.00216227 0.0223478
8.21043e-10 0.00215245 0.0226143
8.21145e-10 0.00214237 0.022884
8.21246e-10 0.00213205 0.023157
8.21347e-10 0.00212147 0.0234332
8.21449e-10 0.00211063 0.0237127
8.2155e-10 0.00209954 0.0239956
8.21651e-10 0.00208819 0.0242818
8.21752e-10 0.00207658 0.0245715
8.21854e-10 0.00206471 0.0248647
8.21955e-10 0.00205257 0.0251613
8.22056e-10 0.00204018 0.0254615
8.22157e-10 0.00202752 0.0257652
8.22259e-10 0.0020146 0.0260726
8.2236e-10 0.00200141 0.0263836
8.22461e-10 0.00198795 0.0266984
8.22563e-10 0.00197423 0.0270169
8.22664e-10 0.00196024 0.0273391
8.22765e-10 0.00194598 0.0276652
8.22866e-10 0.00193146 0.0279952
8.22968e-10 0.00191666 0.0283291
8.23069e-10 0.0019016 0.0286669
8.2317e-10 0.00188627 0.0290087
8.23271e-10 0.00187067 0.0293546
8.23373e-10 0.00185481 0.0297046
8.23474e-10 0.00183868 0.0300587
8.23575e-10 0.00182228 0.0304169
8.23677e-10 0.00180561 0.0307794
8.23778e-10 0.00178868 0.0311461
8.23879e-10 0.00177149 0.0315172
8.2398e-10 0.00175404 0.0318926
8.24082e-10 0.00173632 0.0322724
8.24183e-10 0.00171835 0.0326567
8.24284e-10 0.00170011 0.0330454
8.24385e-10 0.00168163 0.0334387
8.24487e-10 0.00166289 0.0338366
8.24588e-10 0.00164389 0.0342391
8.24689e-10 0.00162466 0.0346463
8.2479e-10 0.00160517 0.0350582
8.24892e-10 0.00158545 0.035475
8.24993e-10 0.00156548 0.0358965
8.25094e-10 0.00154528 0.0363229
8.25196e-10 0.00152485 0.0367542
8.25297e-10 0.00150419 0.0371905
8.25398e-10 0.00148331 0.0376318
8.25499e-10 0.00146222 0.0380782
8.25601e-10 0.0014409 0.0385297
8.25702e-10 0.00141938 0.0389863
8.25803e-10 0.00139766 0.0394482
8.25904e-10 0.00137574 0.0399154
8.26006e-10 0.00135364 0.0403878
8.26107e-10 0.00133134 0.0408656
8.26208e-10 0.00130887 0.0413488
8.2631e-10 0.00128623 0.0418375
8.26411e-10 0.00126343 0.0423317
8.26512e-10 0.00124048 0.0428314
8.26613e-10 0.00121737 0.0433368
8.26715e-10 0.00119413 0.0438478
8.26816e-10 0.00117076 0.0443645
8.26917e-10 0.00114728 0.044887
8.27018e-10 0.00112368 0.0454152
8.2712e-10 0.00109998 0.0459494
8.27221e-10 0.0010762 0.0464894
8.27322e-10 0.00105233 0.0470353
8.27424e-10 0.00102841 0.0475873
8.27525e-10 0.00100442 0.0481453
8.27626e-10 0.000980403 0.0487094
8.27727e-10 0.000956353 0.0492796
8.27829e-10 0.000932289 0.049856
8.2793e-10 0.000908224 0.0504386
8.28031e-10 0.000884175 0.0510275
8.28132e-10 0.000860154 0.0516228
8.28234e-10 0.000836179 0.0522243
8.28335e-10 0.000812266 0.0528323
8.28436e-10 0.000788431 0.0534468
8.28537e-10 0.000764691 0.0540677
8.28639e-10 0.000741066 0.0546952
8.2874e-10 0.000717573 0.0553292
8.28841e-10 0.000694232 0.0559698
8.28943e-10 0.000671062 0.0566171
8.29044e-10 0.000648084 0.0572711
8.29145e-10 0.00062532 0.0579319
8.29246e-10 0.000602791 0.0585994
8.29348e-10 0.000580519 0.0592737
8.29449e-10 0.000558529 0.0599548
8.2955e-10 0.000536843 0.0606428
8.29651e-10 0.000515487 0.0613378
8.29753e-10 0.000494486 0.0620396
8.29854e-10 0.000473866 0.0627484
8.29955e-10 0.000453654 0.0634642
8.30057e-10 0.000433878 0.0641871
8.30158e-10 0.000414565 0.0649169
8.30259e-10 0.000395746 0.0656539
8.3036e-10 0.000377451 0.0663979
8.30462e-10 0.000359709 0.0671491
8.30563e-10 0.000342553 0.0679073
8.30664e-10 0.000326016 0.0686727
8.30765e-10 0.000310129 0.0694453
8.30867e-10 0.000294929 0.0702251
8.30968e-10 0.000280449 0.071012
8.31069e-10 0.000266726 0.0718062
8.31171e-10 0.000253796 0.0726075
8.31272e-10 0.000241697 0.073416
8.31373e-10 0.000230467 0.0742318
8.31474e-10 0.000220146 0.0750547
8.31576e-10 0.000210773 0.0758849
8.31677e-10 0.000202391 0.0767222
8.31778e-10 0.000195041 0.0775667
8.31879e-10 0.000188767 0.0784184
8.31981e-10 0.000183611 0.0792772
8.32082e-10 0.000179619 0.0801432
8.32183e-10 0.000176837 0.0810163
8.32284e-10 0.000175311 0.0818965
8.32386e-10 0.000175088 0.0827837
8.32487e-10 0.000176218 0.083678
8.32588e-10 0.000178748 0.0845792
8.3269e-10 0.000182731 0.0854874
8.32791e-10 0.000188216 0.0864026
8.32892e-10 0.000195255 0.0873245
8.32993e-10 0.000203902 0.0882533
8.33095e-10 0.00021421 0.0891888
8.33196e-10 0.000226234 0.090131
8.33297e-10 0.000240029 0.0910799
8.33398e-10 0.000255651 0.0920353
8.335e-10 0.000273157 0.0929971
8.33601e-10 0.000292606 0.0939654
8.33702e-10 0.000314055 0.09494
8.33804e-10 0.000337564 0.0959208
8.33905e-10 0.000363193 0.0969077
8.34006e-10 0.000391003 0.0979006
8.34107e-10 0.000421054 0.0988995
8.34209e-10 0.00045341 0.0999041
8.3431e-10 0.000488133 0.100914
8.34411e-10 0.000525285 0.10193
8.34512e-10 0.000564931 0.102952
8.34614e-10 0.000607135 0.103978
8.34715e-10 0.000651961 0.10501
8.34816e-10 0.000699474 0.106047
8.34917e-10 0.00074974 0.107088
8.35019e-10 0.000802825 0.108135
8.3512e-10 0.000858794 0.109185
8.35221e-10 0.000917714 0.11024
8.35323e-10 0.000979651 0.1113
8.35424e-10 0.00104467 0.112363
8.35525e-10 0.00111284 0.113429
8.35626e-10 0.00118423 0.1145
8.35728e-10 0.00125889 0.115573
8.35829e-10 0.00133691 0.11665
8.3593e-10 0.00141834 0.11773
8.36031e-10 0.00150324 0.118812
8.36133e-10 0.0015917 0.119896
8.36234e-10 0.00168375 0.120983
8.36335e-10 0.00177948 0.122071
8.36437e-10 0.00187895 0.123161
8.36538e-10 0.00198221 0.124252
8.36639e-10 0.00208933 0.125344
8.3674e-10 0.00220037 0.126437
8.36842e-10 0.00231538 0.127529
8.36943e-10 0.00243443 0.128622
8.37044e-10 0.00255757 0.129715
8.37145e-10 0.00268485 0.130807
8.37247e-10 0.00281634 0.131897
8.37348e-10 0.00295207 0.132987
8.37449e-10 0.00309211 0.134074
8.37551e-10 0.00323649 0.135159
8.37652e-10 0.00338526 0.136242
8.37753e-10 0.00353847 0.137321
8.37854e-10 0.00369616 0.138398
8.37956e-10 0.00385836 0.13947
8.38057e-10 0.00402511 0.140538
8.38158e-10 0.00419644 0.141601
8.38259e-10 0.00437239 0.142659
8.38361e-10 0.00455297 0.143711
8.38462e-10 0.00473822 0.144757
8.38563e-10 0.00492815 0.145797
8.38664e-10 0.00512277 0.146829
8.38766e-10 0.00532211 0.147853
8.38867e-10 0.00552616 0.14887
8.38968e-10 0.00573493 0.149877
8.3907e-10 0.00594842 0.150875
8.39171e-10 0.00616662 0.151864
8.39272e-10 0.00638953 0.152841
8.39373e-10 0.00661714 0.153808
8.39475e-10 0.00684941 0.154764
8.39576e-10 0.00708634 0.155707
8.39677e-10 0.00732788 0.156637
8.39778e-10 0.007574 0.157554
8.3988e-10 0.00782466 0.158456
