6.9e-10 0.00839791 0.0359799
6.90101e-10 0.00813296 0.0363748
6.90203e-10 0.00786809 0.0367408
6.90304e-10 0.0076037 0.0370762
6.90405e-10 0.0073402 0.0373794
6.90506e-10 0.00707798 0.0376489
6.90608e-10 0.00681744 0.0378836
6.90709e-10 0.00655896 0.0380822
6.9081e-10 0.0063029 0.0382438
6.90911e-10 0.00604964 0.0383676
6.91013e-10 0.00579953 0.0384528
6.91114e-10 0.00555292 0.0384988
6.91215e-10 0.00531015 0.0385054
6.91317e-10 0.00507154 0.0384721
6.91418e-10 0.00483742 0.038399
6.91519e-10 0.00460808 0.0382859
6.9162e-10 0.00438383 0.0381331
6.91722e-10 0.00416495 0.0379409
6.91823e-10 0.00395171 0.0377096
6.91924e-10 0.00374437 0.0374399
6.92025e-10 0.00354317 0.0371324
6.92127e-10 0.00334834 0.0367878
6.92228e-10 0.0031601 0.0364071
6.92329e-10 0.00297864 0.0359914
6.9243e-10 0.00280416 0.0355417
6.92532e-10 0.00263681 0.0350592
6.92633e-10 0.00247676 0.0345453
6.92734e-10 0.00232413 0.0340013
6.92836e-10 0.00217904 0.0334287
6.92937e-10 0.00204159 0.0328291
6.93038e-10 0.00191187 0.032204
6.93139e-10 0.00178994 0.0315552
6.93241e-10 0.00167584 0.0308842
6.93342e-10 0.0015696 0.030193
6.93443e-10 0.00147123 0.0294832
6.93544e-10 0.00138073 0.0287568
6.93646e-10 0.00129805 0.0280156
6.93747e-10 0.00122317 0.0272614
6.93848e-10 0.001156 0.0264961
6.9395e-10 0.00109648 0.0257216
6.94051e-10 0.0010445 0.0249399
6.94152e-10 0.000999953 0.0241527
6.94253e-10 0.0009627 0.023362
6.94355e-10 0.000932595 0.0225696
6.94456e-10 0.000909475 0.0217773
6.94557e-10 0.000893161 0.0209869
6.94658e-10 0.00088346 0.0202002
6.9476e-10 0.000880167 0.0194188
6.94861e-10 0.000883062 0.0186445
6.94962e-10 0.000891914 0.0178789
6.95064e-10 0.000906481 0.0171234
6.95165e-10 0.000926511 0.0163797
6.95266e-10 0.000951741 0.0156492
6.95367e-10 0.0009819 0.0149333
6.95469e-10 0.00101671 0.0142332
6.9557e-10 0.00105589 0.0135502
6.95671e-10 0.00109914 0.0128855
6.95772e-10 0.00114616 0.0122401
6.95874e-10 0.00119667 0.0116152
6.95975e-10 0.00125036 0.0110116
6.96076e-10 0.00130691 0.0104301
6.96177e-10 0.00136604 0.00987159
6.96279e-10 0.00142742 0.00933673
6.9638e-10 0.00149076 0.00882614
6.96481e-10 0.00155576 0.00834033
6.96583e-10 0.0016221 0.00787977
6.96684e-10 0.00168951 0.00744482
6.96785e-10 0.00175768 0.00703576
6.96886e-10 0.00182634 0.00665279
6.96988e-10 0.00189519 0.00629606
6.97089e-10 0.00196397 0.0059656
6.9719e-10 0.00203241 0.00566139
6.97291e-10 0.00210025 0.00538333
6.97393e-10 0.00216725 0.00513125
6.97494e-10 0.00223316 0.0049049
6.97595e-10 0.00229776 0.00470397
6.97697e-10 0.00236083 0.00452809
6.97798e-10 0.00242216 0.00437682
6.97899e-10 0.00248156 0.00424966
6.98e-10 0.00253884 0.00414604
6.98102e-10 0.00259384 0.00406537
6.98203e-10 0.00264638 0.00400697
6.98304e-10 0.00269634 0.00397015
6.98405e-10 0.00274356 0.00395414
6.98507e-10 0.00278794 0.00395815
6.98608e-10 0.00282937 0.00398134
6.98709e-10 0.00286774 0.00402285
6.9881e-10 0.00290298 0.00408178
6.98912e-10 0.00293503 0.00415719
6.99013e-10 0.00296382 0.00424814
6.99114e-10 0.00298931 0.00435365
6.99216e-10 0.00301148 0.00447273
6.99317e-10 0.00303031 0.00460438
6.99418e-10 0.00304578 0.00474757
6.99519e-10 0.00305791 0.00490128
6.99621e-10 0.00306672 0.00506449
6.99722e-10 0.00307223 0.00523616
6.99823e-10 0.00307448 0.00541526
6.99924e-10 0.00307352 0.00560077
7.00026e-10 0.00306942 0.00579168
7.00127e-10 0.00306224 0.00598698
7.00228e-10 0.00305205 0.00618567
7.0033e-10 0.00303895 0.00638679
7.00431e-10 0.00302303 0.00658936
7.00532e-10 0.00300439 0.00679247
7.00633e-10 0.00298313 0.00699518
7.00735e-10 0.00295938 0.00719661
7.00836e-10 0.00293324 0.00739591
7.00937e-10 0.00290486 0.00759224
7.01038e-10 0.00287434 0.00778479
7.0114e-10 0.00284184 0.00797281
7.01241e-10 0.00280748 0.00815555
7.01342e-10 0.0027714 0.00833232
7.01444e-10 0.00273374 0.00850245
7.01545e-10 0.00269465 0.00866533
7.01646e-10 0.00265427 0.00882036
7.01747e-10 0.00261275 0.008967
7.01849e-10 0.00257023 0.00910475
7.0195e-10 0.00252684 0.00923315
7.02051e-10 0.00248275 0.00935176
7.02152e-10 0.00243808 0.0094602
7.02254e-10 0.00239297 0.00955815
7.02355e-10 0.00234757 0.00964529
7.02456e-10 0.002302 0.00972138
7.02557e-10 0.00225641 0.00978619
7.02659e-10 0.00221091 0.00983956
7.0276e-10 0.00216563 0.00988134
7.02861e-10 0.00212068 0.00991146
7.02963e-10 0.00207619 0.00992984
7.03064e-10 0.00203226 0.00993649
7.03165e-10 0.001989 0.00993141
7.03266e-10 0.00194651 0.00991467
7.03368e-10 0.00190488 0.00988637
7.03469e-10 0.0018642 0.00984663
7.0357e-10 0.00182455 0.00979562
7.03671e-10 0.00178602 0.00973353
7.03773e-10 0.00174866 0.0096606
7.03874e-10 0.00171254 0.00957707
7.03975e-10 0.00167773 0.00948323
7.04077e-10 0.00164427 0.00937939
7.04178e-10 0.00161221 0.00926588
7.04279e-10 0.0015816 0.00914308
7.0438e-10 0.00155245 0.00901135
7.04482e-10 0.00152481 0.00887111
7.04583e-10 0.00149868 0.00872276
7.04684e-10 0.0014741 0.00856675
7.04785e-10 0.00145106 0.00840354
7.04887e-10 0.00142957 0.00823358
7.04988e-10 0.00140963 0.00805735
7.05089e-10 0.00139123 0.00787535
7.05191e-10 0.00137436 0.00768807
7.05292e-10 0.001359 0.00749602
7.05393e-10 0.00134513 0.00729971
7.05494e-10 0.00133273 0.00709964
7.05596e-10 0.00132175 0.00689634
7.05697e-10 0.00131217 0.00669032
7.05798e-10 0.00130395 0.00648209
7.05899e-10 0.00129704 0.00627217
7.06001e-10 0.0012914 0.00606107
7.06102e-10 0.00128698 0.00584929
7.06203e-10 0.00128373 0.00563732
7.06304e-10 0.00128159 0.00542566
7.06406e-10 0.00128051 0.00521478
7.06507e-10 0.00128042 0.00500515
7.06608e-10 0.00128126 0.00479724
7.0671e-10 0.00128298 0.00459147
7.06811e-10 0.00128551 0.00438829
7.06912e-10 0.00128878 0.00418811
7.07013e-10 0.00129273 0.00399133
7.07115e-10 0.0012973 0.00379833
7.07216e-10 0.00130242 0.00360948
7.07317e-10 0.00130801 0.00342512
7.07418e-10 0.00131402 0.0032456
7.0752e-10 0.00132039 0.00307121
7.07621e-10 0.00132704 0.00290225
7.07722e-10 0.00133391 0.00273898
7.07824e-10 0.00134094 0.00258167
7.07925e-10 0.00134808 0.00243053
7.08026e-10 0.00135525 0.00228578
7.08127e-10 0.00136241 0.0021476
7.08229e-10 0.00136949 0.00201615
7.0833e-10 0.00137644 0.00189159
7.08431e-10 0.00138321 0.00177402
7.08532e-10 0.00138975 0.00166356
7.08634e-10 0.00139601 0.00156029
7.08735e-10 0.00140195 0.00146425
7.08836e-10 0.00140753 0.0013755
7.08938e-10 0.0014127 0.00129404
7.09039e-10 0.00141743 0.00121987
7.0914e-10 0.00142168 0.00115298
7.09241e-10 0.00142542 0.00109331
7.09343e-10 0.00142863 0.00104081
7.09444e-10 0.00143128 0.000995405
7.09545e-10 0.00143334 0.000956986
7.09646e-10 0.0014348 0.000925445
7.09748e-10 0.00143563 0.000900651
7.09849e-10 0.00143583 0.000882457
7.0995e-10 0.00143538 0.000870702
7.10051e-10 0.00143427 0.00086521
7.10153e-10 0.0014325 0.000865792
7.10254e-10 0.00143007 0.000872246
7.10355e-10 0.00142697 0.000884358
7.10457e-10 0.00142321 0.000901902
7.10558e-10 0.00141879 0.000924643
7.10659e-10 0.00141371 0.000952337
7.1076e-10 0.001408 0.00098473
7.10862e-10 0.00140165 0.00102156
7.10963e-10 0.00139469 0.00106256
7.11064e-10 0.00138712 0.00110745
7.11165e-10 0.00137898 0.00115597
7.11267e-10 0.00137026 0.00120781
7.11368e-10 0.001361 0.00126271
7.11469e-10 0.00135123 0.00132036
7.11571e-10 0.00134095 0.00138048
7.11672e-10 0.00133021 0.00144277
7.11773e-10 0.00131902 0.00150695
7.11874e-10 0.00130741 0.00157273
7.11976e-10 0.00129542 0.00163981
7.12077e-10 0.00128306 0.00170791
7.12178e-10 0.00127038 0.00177675
7.12279e-10 0.0012574 0.00184604
7.12381e-10 0.00124415 0.00191552
7.12482e-10 0.00123066 0.00198491
7.12583e-10 0.00121698 0.00205396
7.12684e-10 0.00120311 0.00212239
7.12786e-10 0.00118911 0.00218998
7.12887e-10 0.001175 0.00225646
7.12988e-10 0.00116081 0.00232162
7.1309e-10 0.00114657 0.00238522
7.13191e-10 0.00113231 0.00244705
7.13292e-10 0.00111807 0.0025069
7.13393e-10 0.00110387 0.00256458
7.13495e-10 0.00108973 0.0026199
7.13596e-10 0.0010757 0.00267269
7.13697e-10 0.00106179 0.00272279
7.13798e-10 0.00104803 0.00277003
7.139e-10 0.00103444 0.00281429
7.14001e-10 0.00102105 0.00285543
7.14102e-10 0.00100788 0.00289333
7.14204e-10 0.000994945 0.00292789
7.14305e-10 0.000982276 0.00295901
7.14406e-10 0.000969885 0.00298662
7.14507e-10 0.000957791 0.00301065
7.14609e-10 0.000946009 0.00303103
7.1471e-10 0.000934554 0.00304772
7.14811e-10 0.000923439 0.00306069
7.14912e-10 0.000912674 0.00306991
7.15014e-10 0.000902271 0.00307538
7.15115e-10 0.000892238 0.0030771
7.15216e-10 0.000882583 0.00307508
7.15318e-10 0.000873311 0.00306934
7.15419e-10 0.000864428 0.00305992
7.1552e-10 0.000855935 0.00304686
7.15621e-10 0.000847836 0.00303021
7.15723e-10 0.00084013 0.00301005
7.15824e-10 0.000832816 0.00298643
7.15925e-10 0.000825893 0.00295946
7.16026e-10 0.000819357 0.00292922
7.16128e-10 0.000813204 0.0028958
7.16229e-10 0.000807428 0.00285932
7.1633e-10 0.000802022 0.00281989
7.16431e-10 0.000796978 0.00277763
7.16533e-10 0.000792288 0.00273267
7.16634e-10 0.000787942 0.00268515
7.16735e-10 0.000783928 0.0026352
7.16837e-10 0.000780237 0.00258298
7.16938e-10 0.000776854 0.00252862
7.17039e-10 0.000773768 0.00247228
7.1714e-10 0.000770965 0.00241413
7.17242e-10 0.000768431 0.00235431
7.17343e-10 0.00076615 0.002293
7.17444e-10 0.000764108 0.00223035
7.17545e-10 0.00076229 0.00216653
7.17647e-10 0.000760678 0.00210171
7.17748e-10 0.000759259 0.00203606
7.17849e-10 0.000758014 0.00196975
7.17951e-10 0.000756927 0.00190293
7.18052e-10 0.000755983 0.00183579
7.18153e-10 0.000755164 0.00176847
7.18254e-10 0.000754453 0.00170115
7.18356e-10 0.000753836 0.00163399
7.18457e-10 0.000753294 0.00156714
7.18558e-10 0.000752813 0.00150077
7.18659e-10 0.000752375 0.00143502
7.18761e-10 0.000751967 0.00137003
7.18862e-10 0.000751573 0.00130596
7.18963e-10 0.000751177 0.00124295
7.19065e-10 0.000750767 0.00118112
7.19166e-10 0.000750327 0.00112061
7.19267e-10 0.000749845 0.00106154
7.19368e-10 0.000749308 0.00100404
7.1947e-10 0.000748704 0.000948203
7.19571e-10 0.000748021 0.000894148
7.19672e-10 0.000747249 0.000841972
7.19773e-10 0.000746377 0.000791769
7.19875e-10 0.000745396 0.000743625
7.19976e-10 0.000744297 0.000697621
7.20077e-10 0.000743072 0.000653829
7.20178e-10 0.000741714 0.000612315
7.2028e-10 0.000740216 0.000573138
7.20381e-10 0.000738571 0.000536349
7.20482e-10 0.000736776 0.000501994
7.20584e-10 0.000734826 0.000470108
7.20685e-10 0.000732717 0.000440722
7.20786e-10 0.000730447 0.000413859
7.20887e-10 0.000728013 0.000389532
7.20989e-10 0.000725413 0.000367752
7.2109e-10 0.000722648 0.000348519
7.21191e-10 0.000719718 0.000331827
7.21292e-10 0.000716623 0.000317664
7.21394e-10 0.000713364 0.00030601
7.21495e-10 0.000709944 0.00029684
7.21596e-10 0.000706366 0.000290121
7.21698e-10 0.000702633 0.000285815
7.21799e-10 0.000698748 0.000283877
7.219e-10 0.000694717 0.000284256
7.22001e-10 0.000690544 0.000286898
7.22103e-10 0.000686234 0.000291741
7.22204e-10 0.000681795 0.000298718
7.22305e-10 0.000677231 0.000307758
7.22406e-10 0.000672551 0.000318785
7.22508e-10 0.000667761 0.000331719
7.22609e-10 0.000662868 0.000346476
7.2271e-10 0.000657881 0.000362968
7.22812e-10 0.000652808 0.000381104
7.22913e-10 0.000647657 0.000400788
7.23014e-10 0.000642436 0.000421924
7.23115e-10 0.000637155 0.000444411
7.23217e-10 0.000631822 0.000468147
7.23318e-10 0.000626445 0.000493029
7.23419e-10 0.000621035 0.000518949
7.2352e-10 0.000615599 0.000545802
7.23622e-10 0.000610148 0.000573479
7.23723e-10 0.000604689 0.000601871
7.23824e-10 0.000599233 0.000630869
7.23925e-10 0.000593787 0.000660365
7.24027e-10 0.00058836 0.000690249
7.24128e-10 0.000582961 0.000720412
7.24229e-10 0.000577598 0.000750748
7.24331e-10 0.000572279 0.000781149
7.24432e-10 0.000567013 0.000811511
7.24533e-10 0.000561806 0.000841731
7.24634e-10 0.000556666 0.000871706
7.24736e-10 0.0005516 0.000901338
7.24837e-10 0.000546615 0.000930529
7.24938e-10 0.000541717 0.000959186
7.25039e-10 0.000536912 0.000987217
7.25141e-10 0.000532206 0.00101453
7.25242e-10 0.000527604 0.00104105
7.25343e-10 0.00052311 0.00106669
7.25445e-10 0.000518729 0.00109137
7.25546e-10 0.000514466 0.00111501
7.25647e-10 0.000510323 0.00113756
7.25748e-10 0.000506304 0.00115894
7.2585e-10 0.000502411 0.00117908
7.25951e-10 0.000498648 0.00119794
7.26052e-10 0.000495015 0.00121546
7.26153e-10 0.000491514 0.0012316
7.26255e-10 0.000488146 0.0012463
7.26356e-10 0.000484911 0.00125953
7.26457e-10 0.00048181 0.00127126
7.26559e-10 0.000478843 0.00128146
7.2666e-10 0.000476008 0.00129009
7.26761e-10 0.000473305 0.00129715
7.26862e-10 0.000470731 0.00130262
7.26964e-10 0.000468286 0.00130649
7.27065e-10 0.000465967 0.00130874
7.27166e-10 0.000463771 0.00130939
7.27267e-10 0.000461696 0.00130844
7.27369e-10 0.000459738 0.00130589
7.2747e-10 0.000457894 0.00130176
7.27571e-10 0.000456159 0.00129606
7.27672e-10 0.00045453 0.00128882
7.27774e-10 0.000453003 0.00128006
7.27875e-10 0.000451572 0.00126982
7.27976e-10 0.000450234 0.00125812
7.28078e-10 0.000448983 0.00124501
7.28179e-10 0.000447813 0.00123052
7.2828e-10 0.000446721 0.0012147
7.28381e-10 0.000445699 0.00119761
7.28483e-10 0.000444744 0.00117929
7.28584e-10 0.000443848 0.00115979
7.28685e-10 0.000443008 0.00113917
7.28786e-10 0.000442216 0.0011175
7.28888e-10 0.000441467 0.00109483
7.28989e-10 0.000440755 0.00107124
7.2909e-10 0.000440076 0.00104677
7.29192e-10 0.000439422 0.00102152
7.29293e-10 0.000438788 0.000995531
7.29394e-10 0.00043817 0.000968891
7.29495e-10 0.00043756 0.000941669
7.29597e-10 0.000436955 0.000913938
7.29698e-10 0.000436348 0.00088577
7.29799e-10 0.000435736 0.000857242
7.299e-10 0.000435112 0.000828427
7.30002e-10 0.000434472 0.000799401
7.30103e-10 0.000433811 0.000770238
7.30204e-10 0.000433126 0.000741012
7.30305e-10 0.000432411 0.000711799
7.30407e-10 0.000431664 0.00068267
7.30508e-10 0.00043088 0.000653698
7.30609e-10 0.000430056 0.000624954
7.30711e-10 0.000429188 0.000596508
7.30812e-10 0.000428274 0.000568428
7.30913e-10 0.000427311 0.000540781
7.31014e-10 0.000426297 0.000513632
7.31116e-10 0.000425229 0.000487044
7.31217e-10 0.000424105 0.000461077
7.31318e-10 0.000422925 0.00043579
7.31419e-10 0.000421685 0.000411239
7.31521e-10 0.000420387 0.000387478
7.31622e-10 0.000419028 0.000364557
7.31723e-10 0.000417608 0.000342524
7.31825e-10 0.000416127 0.000321424
7.31926e-10 0.000414585 0.0003013
7.32027e-10 0.000412982 0.000282191
7.32128e-10 0.000411319 0.000264132
7.3223e-10 0.000409597 0.000247156
7.32331e-10 0.000407816 0.000231293
7.32432e-10 0.000405979 0.000216569
7.32533e-10 0.000404085 0.000203006
7.32635e-10 0.000402138 0.000190624
7.32736e-10 0.000400139 0.000179439
7.32837e-10 0.00039809 0.000169463
7.32939e-10 0.000395994 0.000160705
7.3304e-10 0.000393853 0.00015317
7.33141e-10 0.000391669 0.000146861
7.33242e-10 0.000389446 0.000141777
7.33344e-10 0.000387187 0.000137913
7.33445e-10 0.000384894 0.000135262
7.33546e-10 0.000382571 0.000133811
7.33647e-10 0.000380221 0.000133548
7.33749e-10 0.000377848 0.000134453
7.3385e-10 0.000375455 0.000136508
7.33951e-10 0.000373045 0.000139688
7.34052e-10 0.000370623 0.000143968
7.34154e-10 0.000368191 0.000149317
7.34255e-10 0.000365754 0.000155705
7.34356e-10 0.000363315 0.000163097
7.34458e-10 0.000360878 0.000171457
7.34559e-10 0.000358445 0.000180744
7.3466e-10 0.000356022 0.000190919
7.34761e-10 0.000353612 0.000201937
7.34863e-10 0.000351217 0.000213754
7.34964e-10 0.000348842 0.000226322
7.35065e-10 0.00034649 0.000239593
7.35166e-10 0.000344163 0.000253517
7.35268e-10 0.000341866 0.000268042
7.35369e-10 0.000339601 0.000283116
7.3547e-10 0.000337371 0.000298685
7.35572e-10 0.000335179 0.000314695
7.35673e-10 0.000333028 0.00033109
7.35774e-10 0.00033092 0.000347814
7.35875e-10 0.000328857 0.000364811
7.35977e-10 0.000326842 0.000382026
7.36078e-10 0.000324877 0.000399401
7.36179e-10 0.000322963 0.00041688
7.3628e-10 0.000321103 0.000434406
7.36382e-10 0.000319297 0.000451925
7.36483e-10 0.000317548 0.00046938
7.36584e-10 0.000315856 0.000486718
7.36686e-10 0.000314221 0.000503884
7.36787e-10 0.000312646 0.000520825
7.36888e-10 0.000311131 0.00053749
7.36989e-10 0.000309675 0.000553828
7.37091e-10 0.00030828 0.000569791
7.37192e-10 0.000306944 0.000585331
7.37293e-10 0.000305669 0.000600401
7.37394e-10 0.000304453 0.000614957
7.37496e-10 0.000303297 0.000628957
7.37597e-10 0.000302199 0.000642361
7.37698e-10 0.000301158 0.00065513
7.37799e-10 0.000300174 0.000667227
7.37901e-10 0.000299245 0.000678618
7.38002e-10 0.00029837 0.000689272
7.38103e-10 0.000297547 0.000699159
7.38205e-10 0.000296776 0.000708251
7.38306e-10 0.000296053 0.000716525
7.38407e-10 0.000295377 0.000723957
7.38508e-10 0.000294747 0.000730529
7.3861e-10 0.000294159 0.000736224
7.38711e-10 0.000293612 0.000741026
7.38812e-10 0.000293104 0.000744925
7.38913e-10 0.000292632 0.00074791
7.39015e-10 0.000292193 0.000749977
7.39116e-10 0.000291785 0.00075112
7.39217e-10 0.000291405 0.000751339
7.39319e-10 0.000291051 0.000750636
7.3942e-10 0.00029072 0.000749014
7.39521e-10 0.00029041 0.00074648
7.39622e-10 0.000290117 0.000743044
7.39724e-10 0.000289839 0.000738717
7.39825e-10 0.000289573 0.000733513
7.39926e-10 0.000289316 0.000727449
7.40027e-10 0.000289067 0.000720544
7.40129e-10 0.000288821 0.000712818
7.4023e-10 0.000288576 0.000704296
7.40331e-10 0.000288331 0.000695002
7.40433e-10 0.000288081 0.000684965
7.40534e-10 0.000287826 0.000674213
7.40635e-10 0.000287562 0.000662778
7.40736e-10 0.000287287 0.000650693
7.40838e-10 0.000286999 0.000637991
7.40939e-10 0.000286696 0.000624711
7.4104e-10 0.000286375 0.000610888
7.41141e-10 0.000286036 0.000596562
7.41243e-10 0.000285675 0.000581773
7.41344e-10 0.000285292 0.000566562
7.41445e-10 0.000284884 0.000550971
7.41546e-10 0.00028445 0.000535043
7.41648e-10 0.00028399 0.000518822
7.41749e-10 0.000283501 0.000502351
7.4185e-10 0.000282983 0.000485676
7.41952e-10 0.000282435 0.000468841
7.42053e-10 0.000281856 0.000451892
7.42154e-10 0.000281245 0.000434873
7.42255e-10 0.000280602 0.00041783
7.42357e-10 0.000279926 0.000400809
7.42458e-10 0.000279218 0.000383853
7.42559e-10 0.000278477 0.000367007
7.4266e-10 0.000277703 0.000350315
7.42762e-10 0.000276897 0.000333819
7.42863e-10 0.000276058 0.000317563
7.42964e-10 0.000275188 0.000301588
7.43066e-10 0.000274286 0.000285934
7.43167e-10 0.000273354 0.00027064
7.43268e-10 0.000272393 0.000255745
7.43369e-10 0.000271402 0.000241286
7.43471e-10 0.000270385 0.000227298
7.43572e-10 0.00026934 0.000213815
7.43673e-10 0.000268271 0.000200869
7.43774e-10 0.000267178 0.000188491
7.43876e-10 0.000266063 0.000176711
7.43977e-10 0.000264927 0.000165555
7.44078e-10 0.000263772 0.000155049
7.44179e-10 0.0002626 0.000145217
7.44281e-10 0.000261412 0.000136079
7.44382e-10 0.000260211 0.000127655
7.44483e-10 0.000258998 0.000119963
7.44585e-10 0.000257775 0.000113018
7.44686e-10 0.000256544 0.000106833
7.44787e-10 0.000255307 0.000101419
7.44888e-10 0.000254066 9.67851e-05
7.4499e-10 0.000252824 9.29373e-05
7.45091e-10 0.000251582 8.98803e-05
7.45192e-10 0.000250342 8.76163e-05
7.45293e-10 0.000249106 8.61452e-05
7.45395e-10 0.000247877 8.54648e-05
7.45496e-10 0.000246656 8.55708e-05
7.45597e-10 0.000245446 8.64567e-05
7.45699e-10 0.000244248 8.81136e-05
7.458e-10 0.000243064 9.05311e-05
7.45901e-10 0.000241896 9.36961e-05
7.46002e-10 0.000240747 9.7594e-05
7.46104e-10 0.000239616 0.000102208
7.46205e-10 0.000238507 0.00010752
7.46306e-10 0.000237421 0.000113508
7.46407e-10 0.00023636 0.000120151
7.46509e-10 0.000235324 0.000127425
7.4661e-10 0.000234316 0.000135304
7.46711e-10 0.000233336 0.000143761
7.46813e-10 0.000232386 0.000152767
7.46914e-10 0.000231467 0.000162293
7.47015e-10 0.000230579 0.000172307
7.47116e-10 0.000229725 0.000182776
7.47218e-10 0.000228903 0.000193668
7.47319e-10 0.000228116 0.000204946
7.4742e-10 0.000227363 0.000216576
7.47521e-10 0.000226645 0.000228522
7.47623e-10 0.000225963 0.000240746
7.47724e-10 0.000225317 0.000253211
7.47825e-10 0.000224706 0.000265878
7.47926e-10 0.000224131 0.000278708
7.48028e-10 0.000223591 0.000291664
7.48129e-10 0.000223087 0.000304706
7.4823e-10 0.000222618 0.000317794
7.48332e-10 0.000222183 0.000330891
7.48433e-10 0.000221782 0.000343956
7.48534e-10 0.000221415 0.000356952
7.48635e-10 0.000221081 0.000369839
7.48737e-10 0.000220778 0.000382581
7.48838e-10 0.000220506 0.000395139
7.48939e-10 0.000220263 0.000407478
7.4904e-10 0.00022005 0.000419561
7.49142e-10 0.000219864 0.000431354
7.49243e-10 0.000219704 0.000442822
7.49344e-10 0.000219569 0.000453932
7.49446e-10 0.000219457 0.000464653
7.49547e-10 0.000219367 0.000474954
7.49648e-10 0.000219298 0.000484806
7.49749e-10 0.000219247 0.000494181
7.49851e-10 0.000219214 0.000503051
7.49952e-10 0.000219196 0.000511393
7.50053e-10 0.000219192 0.000519183
7.50154e-10 0.000219201 0.000526399
7.50256e-10 0.00021922 0.000533021
7.50357e-10 0.000219247 0.00053903
7.50458e-10 0.000219281 0.000544411
7.5056e-10 0.000219321 0.000549147
7.50661e-10 0.000219363 0.000553228
7.50762e-10 0.000219408 0.00055664
7.50863e-10 0.000219452 0.000559376
7.50965e-10 0.000219495 0.000561429
7.51066e-10 0.000219534 0.000562792
7.51167e-10 0.000219567 0.000563463
7.51268e-10 0.000219594 0.000563441
7.5137e-10 0.000219613 0.000562726
7.51471e-10 0.000219622 0.000561321
7.51572e-10 0.00021962 0.00055923
7.51673e-10 0.000219605 0.000556461
7.51775e-10 0.000219576 0.00055302
7.51876e-10 0.000219531 0.00054892
7.51977e-10 0.00021947 0.000544171
7.52079e-10 0.000219392 0.000538788
7.5218e-10 0.000219295 0.000532786
7.52281e-10 0.000219178 0.000526183
7.52382e-10 0.000219041 0.000518998
7.52484e-10 0.000218883 0.000511251
7.52585e-10 0.000218702 0.000502964
7.52686e-10 0.0002185 0.000494162
7.52787e-10 0.000218274 0.000484868
7.52889e-10 0.000218024 0.00047511
7.5299e-10 0.000217751 0.000464916
7.53091e-10 0.000217454 0.000454313
7.53193e-10 0.000217133 0.000443332
7.53294e-10 0.000216788 0.000432004
7.53395e-10 0.000216419 0.00042036
7.53496e-10 0.000216026 0.000408433
7.53598e-10 0.00021561 0.000396257
7.53699e-10 0.00021517 0.000383866
7.538e-10 0.000214707 0.000371293
7.53901e-10 0.000214223 0.000358575
7.54003e-10 0.000213717 0.000345747
7.54104e-10 0.00021319 0.000332844
7.54205e-10 0.000212642 0.000319902
7.54307e-10 0.000212076 0.000306957
7.54408e-10 0.000211492 0.000294045
7.54509e-10 0.00021089 0.000281202
7.5461e-10 0.000210273 0.000268463
7.54712e-10 0.00020964 0.000255862
7.54813e-10 0.000208994 0.000243436
7.54914e-10 0.000208335 0.000231218
7.55015e-10 0.000207666 0.000219242
7.55117e-10 0.000206986 0.00020754
7.55218e-10 0.000206299 0.000196145
7.55319e-10 0.000205604 0.000185087
7.5542e-10 0.000204905 0.000174398
7.55522e-10 0.000204201 0.000164105
7.55623e-10 0.000203495 0.000154238
7.55724e-10 0.000202788 0.000144823
7.55826e-10 0.000202082 0.000135885
7.55927e-10 0.000201379 0.000127449
7.56028e-10 0.000200679 0.000119537
7.56129e-10 0.000199985 0.000112171
7.56231e-10 0.000199297 0.00010537
7.56332e-10 0.000198619 9.91532e-05
7.56433e-10 0.00019795 9.35361e-05
7.56534e-10 0.000197292 8.85341e-05
7.56636e-10 0.000196647 8.416e-05
7.56737e-10 0.000196017 8.04255e-05
7.56838e-10 0.000195402 7.73399e-05
7.5694e-10 0.000194804 7.49112e-05
7.57041e-10 0.000194224 7.31453e-05
7.57142e-10 0.000193663 7.20463e-05
7.57243e-10 0.000193123 7.16163e-05
7.57345e-10 0.000192604 7.1856e-05
7.57446e-10 0.000192107 7.27637e-05
7.57547e-10 0.000191634 7.43362e-05
7.57648e-10 0.000191185 7.65684e-05
7.5775e-10 0.000190761 7.94532e-05
7.57851e-10 0.000190363 8.29819e-05
7.57952e-10 0.000189991 8.71439e-05
7.58053e-10 0.000189646 9.19269e-05
7.58155e-10 0.000189328 9.73168e-05
7.58256e-10 0.000189037 0.000103298
7.58357e-10 0.000188775 0.000109853
7.58459e-10 0.00018854 0.000116963
7.5856e-10 0.000188333 0.000124608
7.58661e-10 0.000188154 0.000132766
7.58762e-10 0.000188004 0.000141412
7.58864e-10 0.000187881 0.000150523
7.58965e-10 0.000187785 0.000160073
7.59066e-10 0.000187717 0.000170035
7.59167e-10 0.000187675 0.000180379
7.59269e-10 0.000187659 0.000191077
7.5937e-10 0.000187668 0.000202099
7.59471e-10 0.000187703 0.000213413
7.59573e-10 0.000187761 0.000224987
7.59674e-10 0.000187843 0.000236789
7.59775e-10 0.000187946 0.000248785
7.59876e-10 0.000188071 0.000260941
7.59978e-10 0.000188216 0.000273223
7.60079e-10 0.00018838 0.000285596
7.6018e-10 0.000188561 0.000298025
7.60281e-10 0.00018876 0.000310476
7.60383e-10 0.000188973 0.000322912
7.60484e-10 0.000189201 0.0003353
7.60585e-10 0.000189441 0.000347603
7.60687e-10 0.000189692 0.000359788
7.60788e-10 0.000189953 0.00037182
7.60889e-10 0.000190222 0.000383665
7.6099e-10 0.000190499 0.000395289
7.61092e-10 0.00019078 0.00040666
7.61193e-10 0.000191065 0.000417746
7.61294e-10 0.000191353 0.000428515
7.61395e-10 0.000191641 0.000438937
7.61497e-10 0.000191929 0.000448983
7.61598e-10 0.000192214 0.000458623
7.61699e-10 0.000192496 0.000467832
7.618e-10 0.000192773 0.000476582
7.61902e-10 0.000193043 0.000484848
7.62003e-10 0.000193305 0.000492608
7.62104e-10 0.000193558 0.00049984
7.62206e-10 0.000193801 0.000506522
7.62307e-10 0.000194031 0.000512636
7.62408e-10 0.000194248 0.000518164
7.62509e-10 0.000194451 0.000523091
7.62611e-10 0.000194639 0.000527402
7.62712e-10 0.00019481 0.000531085
7.62813e-10 0.000194964 0.000534129
7.62914e-10 0.0001951 0.000536525
7.63016e-10 0.000195216 0.000538267
7.63117e-10 0.000195313 0.00053935
7.63218e-10 0.000195389 0.000539769
7.6332e-10 0.000195443 0.000539523
7.63421e-10 0.000195476 0.000538613
7.63522e-10 0.000195487 0.000537041
7.63623e-10 0.000195475 0.000534812
7.63725e-10 0.000195441 0.00053193
7.63826e-10 0.000195383 0.000528405
7.63927e-10 0.000195303 0.000524245
7.64028e-10 0.0001952 0.000519463
7.6413e-10 0.000195073 0.000514071
7.64231e-10 0.000194924 0.000508084
7.64332e-10 0.000194752 0.00050152
7.64434e-10 0.000194559 0.000494397
7.64535e-10 0.000194343 0.000486734
7.64636e-10 0.000194107 0.000478553
7.64737e-10 0.00019385 0.000469877
7.64839e-10 0.000193573 0.000460731
7.6494e-10 0.000193277 0.000451141
7.65041e-10 0.000192963 0.000441133
7.65142e-10 0.000192632 0.000430737
7.65244e-10 0.000192285 0.000419981
7.65345e-10 0.000191922 0.000408897
7.65446e-10 0.000191545 0.000397515
7.65547e-10 0.000191156 0.000385869
7.65649e-10 0.000190754 0.000373992
7.6575e-10 0.000190343 0.000361918
7.65851e-10 0.000189922 0.000349682
7.65953e-10 0.000189494 0.000337319
7.66054e-10 0.000189059 0.000324865
7.66155e-10 0.00018862 0.000312355
7.66256e-10 0.000188178 0.000299827
7.66358e-10 0.000187734 0.000287316
7.66459e-10 0.000187289 0.00027486
7.6656e-10 0.000186846 0.000262494
7.66661e-10 0.000186406 0.000250256
7.66763e-10 0.00018597 0.00023818
7.66864e-10 0.00018554 0.000226304
7.66965e-10 0.000185118 0.000214661
7.67067e-10 0.000184704 0.000203287
7.67168e-10 0.000184301 0.000192216
7.67269e-10 0.00018391 0.000181482
7.6737e-10 0.000183532 0.000171116
7.67472e-10 0.000183169 0.00016115
7.67573e-10 0.000182822 0.000151615
7.67674e-10 0.000182492 0.00014254
7.67775e-10 0.000182182 0.000133953
7.67877e-10 0.000181891 0.000125882
7.67978e-10 0.000181621 0.000118352
7.68079e-10 0.000181373 0.000111386
7.68181e-10 0.000181148 0.000105009
7.68282e-10 0.000180948 9.92399e-05
7.68383e-10 0.000180772 9.40994e-05
7.68484e-10 0.000180623 8.96049e-05
7.68586e-10 0.000180499 8.57725e-05
7.68687e-10 0.000180403 8.26164e-05
7.68788e-10 0.000180335 8.0149e-05
7.68889e-10 0.000180294 7.83809e-05
7.68991e-10 0.000180282 7.73207e-05
7.69092e-10 0.000180299 7.69751e-05
7.69193e-10 0.000180345 7.73488e-05
7.69294e-10 0.00018042 7.84444e-05
7.69396e-10 0.000180524 8.02628e-05
7.69497e-10 0.000180656 8.28026e-05
7.69598e-10 0.000180818 8.60606e-05
7.697e-10 0.000181008 9.00315e-05
7.69801e-10 0.000181226 9.47079e-05
7.69902e-10 0.000181471 0.000100081
7.70003e-10 0.000181744 0.000106138
7.70105e-10 0.000182042 0.000112868
7.70206e-10 0.000182367 0.000120254
7.70307e-10 0.000182716 0.00012828
7.70408e-10 0.000183089 0.000136927
7.7051e-10 0.000183485 0.000146174
7.70611e-10 0.000183902 0.000155999
7.70712e-10 0.00018434 0.000166378
7.70814e-10 0.000184798 0.000177286
7.70915e-10 0.000185274 0.000188694
7.71016e-10 0.000185766 0.000200575
7.71117e-10 0.000186274 0.000212897
7.71219e-10 0.000186796 0.000225631
7.7132e-10 0.00018733 0.000238742
7.71421e-10 0.000187875 0.000252198
7.71522e-10 0.000188429 0.000265962
7.71624e-10 0.000188991 0.00028
7.71725e-10 0.000189559 0.000294274
7.71826e-10 0.000190132 0.000308746
7.71928e-10 0.000190707 0.000323379
7.72029e-10 0.000191283 0.000338134
7.7213e-10 0.000191858 0.00035297
7.72231e-10 0.000192431 0.000367848
7.72333e-10 0.000193 0.000382729
7.72434e-10 0.000193564 0.000397572
7.72535e-10 0.00019412 0.000412336
7.72636e-10 0.000194667 0.000426983
7.72738e-10 0.000195203 0.00044147
7.72839e-10 0.000195727 0.00045576
7.7294e-10 0.000196238 0.000469812
7.73041e-10 0.000196733 0.000483588
7.73143e-10 0.000197212 0.00049705
7.73244e-10 0.000197673 0.00051016
7.73345e-10 0.000198115 0.000522882
7.73447e-10 0.000198537 0.000535179
7.73548e-10 0.000198937 0.000547019
7.73649e-10 0.000199315 0.000558366
7.7375e-10 0.000199669 0.000569189
7.73852e-10 0.000199998 0.000579458
7.73953e-10 0.000200303 0.000589141
7.74054e-10 0.000200581 0.000598213
7.74155e-10 0.000200833 0.000606646
7.74257e-10 0.000201058 0.000614417
7.74358e-10 0.000201255 0.000621501
7.74459e-10 0.000201425 0.000627878
7.74561e-10 0.000201566 0.00063353
7.74662e-10 0.000201679 0.000638439
7.74763e-10 0.000201764 0.00064259
7.74864e-10 0.000201821 0.000645969
7.74966e-10 0.000201851 0.000648567
7.75067e-10 0.000201852 0.000650375
7.75168e-10 0.000201827 0.000651385
7.75269e-10 0.000201775 0.000651594
7.75371e-10 0.000201697 0.000651
7.75472e-10 0.000201594 0.000649603
7.75573e-10 0.000201467 0.000647406
7.75674e-10 0.000201316 0.000644413
7.75776e-10 0.000201144 0.000640632
7.75877e-10 0.000200949 0.000636072
7.75978e-10 0.000200735 0.000630745
7.7608e-10 0.000200503 0.000624665
7.76181e-10 0.000200253 0.000617847
7.76282e-10 0.000199987 0.000610311
7.76383e-10 0.000199707 0.000602076
7.76485e-10 0.000199415 0.000593166
7.76586e-10 0.000199112 0.000583605
7.76687e-10 0.000198799 0.000573419
7.76788e-10 0.000198479 0.000562638
7.7689e-10 0.000198154 0.000551292
7.76991e-10 0.000197824 0.000539412
7.77092e-10 0.000197494 0.000527034
7.77194e-10 0.000197163 0.000514192
7.77295e-10 0.000196834 0.000500924
7.77396e-10 0.00019651 0.000487268
7.77497e-10 0.000196191 0.000473264
7.77599e-10 0.000195881 0.000458954
7.777e-10 0.000195581 0.00044438
7.77801e-10 0.000195293 0.000429584
7.77902e-10 0.000195018 0.000414611
7.78004e-10 0.00019476 0.000399507
7.78105e-10 0.00019452 0.000384317
7.78206e-10 0.000194299 0.000369087
7.78308e-10 0.000194099 0.000353864
7.78409e-10 0.000193923 0.000338695
7.7851e-10 0.000193772 0.000323627
7.78611e-10 0.000193647 0.000308707
7.78713e-10 0.00019355 0.000293983
7.78814e-10 0.000193482 0.000279501
7.78915e-10 0.000193446 0.000265307
7.79016e-10 0.000193441 0.000251448
7.79118e-10 0.00019347 0.00023797
7.79219e-10 0.000193534 0.000224916
7.7932e-10 0.000193632 0.000212331
7.79421e-10 0.000193768 0.000200257
7.79523e-10 0.00019394 0.000188736
7.79624e-10 0.00019415 0.000177809
7.79725e-10 0.000194398 0.000167514
7.79827e-10 0.000194685 0.00015789
7.79928e-10 0.000195012 0.000148971
7.80029e-10 0.000195377 0.000140792
7.8013e-10 0.000195781 0.000133386
7.80232e-10 0.000196225 0.000126783
7.80333e-10 0.000196707 0.000121011
7.80434e-10 0.000197228 0.000116098
7.80535e-10 0.000197788 0.000112066
7.80637e-10 0.000198384 0.000108937
7.80738e-10 0.000199017 0.000106732
7.80839e-10 0.000199686 0.000105467
7.80941e-10 0.00020039 0.000105157
7.81042e-10 0.000201128 0.000105814
7.81143e-10 0.000201898 0.000107447
7.81244e-10 0.000202699 0.000110062
7.81346e-10 0.00020353 0.000113665
7.81447e-10 0.000204389 0.000118256
7.81548e-10 0.000205274 0.000123833
7.81649e-10 0.000206184 0.000130393
7.81751e-10 0.000207117 0.000137929
7.81852e-10 0.00020807 0.000146431
7.81953e-10 0.000209042 0.000155886
7.82055e-10 0.000210031 0.000166279
7.82156e-10 0.000211034 0.000177593
7.82257e-10 0.00021205 0.000189806
7.82358e-10 0.000213075 0.000202896
7.8246e-10 0.000214108 0.000216836
7.82561e-10 0.000215146 0.000231598
7.82662e-10 0.000216187 0.000247151
7.82763e-10 0.000217228 0.000263462
7.82865e-10 0.000218267 0.000280496
7.82966e-10 0.000219301 0.000298213
7.83067e-10 0.000220329 0.000316574
7.83168e-10 0.000221346 0.000335536
7.8327e-10 0.000222352 0.000355056
7.83371e-10 0.000223343 0.000375087
7.83472e-10 0.000224318 0.000395581
7.83574e-10 0.000225273 0.000416489
7.83675e-10 0.000226207 0.00043776
7.83776e-10 0.000227118 0.000459341
7.83877e-10 0.000228003 0.000481178
7.83979e-10 0.00022886 0.000503218
7.8408e-10 0.000229688 0.000525403
7.84181e-10 0.000230484 0.000547678
7.84282e-10 0.000231246 0.000569986
7.84384e-10 0.000231974 0.000592267
7.84485e-10 0.000232665 0.000614466
7.84586e-10 0.000233319 0.000636522
7.84688e-10 0.000233933 0.000658379
7.84789e-10 0.000234506 0.000679977
7.8489e-10 0.000235038 0.000701259
7.84991e-10 0.000235528 0.000722167
7.85093e-10 0.000235975 0.000742645
7.85194e-10 0.000236379 0.000762636
7.85295e-10 0.000236738 0.000782086
7.85396e-10 0.000237054 0.000800941
7.85498e-10 0.000237325 0.000819147
7.85599e-10 0.000237551 0.000836654
7.857e-10 0.000237734 0.000853413
7.85802e-10 0.000237874 0.000869374
7.85903e-10 0.00023797 0.000884493
7.86004e-10 0.000238025 0.000898726
7.86105e-10 0.000238038 0.000912029
7.86207e-10 0.000238011 0.000924365
7.86308e-10 0.000237945 0.000935696
7.86409e-10 0.000237841 0.000945988
7.8651e-10 0.000237702 0.000955209
7.86612e-10 0.000237529 0.000963329
7.86713e-10 0.000237323 0.000970324
7.86814e-10 0.000237087 0.00097617
7.86915e-10 0.000236823 0.000980847
7.87017e-10 0.000236534 0.000984339
7.87118e-10 0.000236221 0.000986632
7.87219e-10 0.000235887 0.000987716
7.87321e-10 0.000235535 0.000987584
7.87422e-10 0.000235167 0.000986233
7.87523e-10 0.000234788 0.000983663
7.87624e-10 0.000234398 0.000979879
7.87726e-10 0.000234003 0.000974887
7.87827e-10 0.000233603 0.000968698
7.87928e-10 0.000233204 0.000961326
7.88029e-10 0.000232808 0.00095279
7.88131e-10 0.000232418 0.000943111
7.88232e-10 0.000232037 0.000932314
7.88333e-10 0.000231669 0.000920428
7.88435e-10 0.000231318 0.000907484
7.88536e-10 0.000230985 0.000893517
7.88637e-10 0.000230676 0.000878566
7.88738e-10 0.000230392 0.000862674
7.8884e-10 0.000230138 0.000845884
7.88941e-10 0.000229916 0.000828245
7.89042e-10 0.000229729 0.000809808
7.89143e-10 0.000229581 0.000790626
7.89245e-10 0.000229474 0.000770756
7.89346e-10 0.000229411 0.000750257
7.89447e-10 0.000229396 0.00072919
7.89548e-10 0.000229429 0.000707619
7.8965e-10 0.000229515 0.000685611
7.89751e-10 0.000229655 0.000663232
7.89852e-10 0.000229851 0.000640553
7.89954e-10 0.000230106 0.000617645
7.90055e-10 0.000230421 0.00059458
7.90156e-10 0.000230798 0.000571432
7.90257e-10 0.000231238 0.000548277
7.90359e-10 0.000231744 0.000525191
7.9046e-10 0.000232315 0.00050225
7.90561e-10 0.000232952 0.00047953
7.90662e-10 0.000233658 0.00045711
7.90764e-10 0.000234431 0.000435066
7.90865e-10 0.000235272 0.000413475
7.90966e-10 0.000236181 0.000392415
7.91068e-10 0.000237158 0.000371961
7.91169e-10 0.000238203 0.000352188
7.9127e-10 0.000239314 0.000333171
7.91371e-10 0.000240491 0.000314982
7.91473e-10 0.000241732 0.000297693
7.91574e-10 0.000243037 0.000281373
7.91675e-10 0.000244404 0.00026609
7.91776e-10 0.00024583 0.000251909
7.91878e-10 0.000247314 0.000238894
7.91979e-10 0.000248853 0.000227106
7.9208e-10 0.000250446 0.000216601
7.92182e-10 0.000252089 0.000207436
7.92283e-10 0.000253779 0.000199662
7.92384e-10 0.000255513 0.000193327
7.92485e-10 0.000257288 0.000188477
7.92587e-10 0.000259101 0.000185153
7.92688e-10 0.000260948 0.000183393
7.92789e-10 0.000262824 0.00018323
7.9289e-10 0.000264727 0.000184694
7.92992e-10 0.000266652 0.000187811
7.93093e-10 0.000268594 0.000192602
7.93194e-10 0.000270551 0.000199082
7.93295e-10 0.000272516 0.000207266
7.93397e-10 0.000274486 0.000217159
7.93498e-10 0.000276456 0.000228765
7.93599e-10 0.000278422 0.000242083
7.93701e-10 0.000280379 0.000257104
7.93802e-10 0.000282322 0.000273819
7.93903e-10 0.000284246 0.000292211
7.94004e-10 0.000286148 0.000312258
7.94106e-10 0.000288021 0.000333935
7.94207e-10 0.000289863 0.00035721
7.94308e-10 0.000291667 0.000382049
7.94409e-10 0.000293431 0.000408411
7.94511e-10 0.000295148 0.00043625
7.94612e-10 0.000296816 0.000465518
7.94713e-10 0.00029843 0.000496159
7.94815e-10 0.000299986 0.000528117
7.94916e-10 0.000301481 0.000561326
7.95017e-10 0.00030291 0.000595722
7.95118e-10 0.00030427 0.000631231
7.9522e-10 0.000305558 0.00066778
7.95321e-10 0.000306771 0.000705289
7.95422e-10 0.000307906 0.000743677
7.95523e-10 0.000308961 0.000782858
7.95625e-10 0.000309934 0.000822742
7.95726e-10 0.000310821 0.000863239
7.95827e-10 0.000311622 0.000904253
7.95929e-10 0.000312335 0.000945688
7.9603e-10 0.00031296 0.000987445
7.96131e-10 0.000313494 0.00102942
7.96232e-10 0.000313938 0.00107152
7.96334e-10 0.000314292 0.00111363
7.96435e-10 0.000314555 0.00115564
7.96536e-10 0.000314729 0.00119746
7.96637e-10 0.000314813 0.00123898
7.96739e-10 0.00031481 0.00128008
7.9684e-10 0.00031472 0.00132066
7.96941e-10 0.000314545 0.00136061
7.97042e-10 0.000314288 0.00139984
7.97144e-10 0.000313952 0.00143822
7.97245e-10 0.000313538 0.00147566
7.97346e-10 0.00031305 0.00151206
7.97448e-10 0.000312493 0.00154731
7.97549e-10 0.000311868 0.00158132
7.9765e-10 0.000311182 0.00161399
7.97751e-10 0.000310437 0.00164522
7.97853e-10 0.00030964 0.00167493
7.97954e-10 0.000308794 0.00170303
7.98055e-10 0.000307905 0.00172943
7.98156e-10 0.000306979 0.00175407
7.98258e-10 0.000306022 0.00177685
7.98359e-10 0.000305039 0.00179771
7.9846e-10 0.000304036 0.00181659
7.98562e-10 0.00030302 0.00183343
7.98663e-10 0.000301998 0.00184816
7.98764e-10 0.000300975 0.00186075
7.98865e-10 0.00029996 0.00187114
7.98967e-10 0.000298958 0.00187929
7.99068e-10 0.000297977 0.00188518
7.99169e-10 0.000297024 0.00188878
7.9927e-10 0.000296106 0.00189006
7.99372e-10 0.000295229 0.00188902
7.99473e-10 0.000294401 0.00188564
7.99574e-10 0.00029363 0.00187994
7.99676e-10 0.000292921 0.00187191
7.99777e-10 0.000292282 0.00186157
7.99878e-10 0.000291719 0.00184894
7.99979e-10 0.000291239 0.00183405
8.00081e-10 0.000290849 0.00181693
8.00182e-10 0.000290554 0.00179762
8.00283e-10 0.000290361 0.00177619
8.00384e-10 0.000290276 0.00175267
8.00486e-10 0.000290303 0.00172714
8.00587e-10 0.000290449 0.00169967
8.00688e-10 0.000290718 0.00167032
8.00789e-10 0.000291114 0.00163919
8.00891e-10 0.000291642 0.00160637
8.00992e-10 0.000292306 0.00157194
8.01093e-10 0.000293109 0.00153603
8.01195e-10 0.000294054 0.00149872
8.01296e-10 0.000295144 0.00146014
8.01397e-10 0.000296381 0.0014204
8.01498e-10 0.000297766 0.00137964
8.016e-10 0.000299301 0.00133797
8.01701e-10 0.000300986 0.00129554
8.01802e-10 0.000302822 0.00125248
8.01903e-10 0.000304807 0.00120894
8.02005e-10 0.000306943 0.00116506
8.02106e-10 0.000309226 0.001121
8.02207e-10 0.000311655 0.0010769
8.02309e-10 0.000314228 0.00103291
8.0241e-10 0.000316942 0.000989207
8.02511e-10 0.000319793 0.000945938
8.02612e-10 0.000322777 0.000903265
8.02714e-10 0.000325889 0.00086135
8.02815e-10 0.000329125 0.000820354
8.02916e-10 0.000332478 0.000780438
8.03017e-10 0.000335943 0.000741764
8.03119e-10 0.000339514 0.000704492
8.0322e-10 0.000343182 0.000668781
8.03321e-10 0.000346941 0.000634788
8.03422e-10 0.000350782 0.000602666
8.03524e-10 0.000354697 0.000572569
8.03625e-10 0.000358678 0.000544643
8.03726e-10 0.000362714 0.000519034
8.03828e-10 0.000366797 0.000495883
8.03929e-10 0.000370917 0.000475325
8.0403e-10 0.000375063 0.00045749
8.04131e-10 0.000379226 0.000442505
8.04233e-10 0.000383393 0.000430487
8.04334e-10 0.000387555 0.00042155
8.04435e-10 0.000391701 0.000415799
8.04536e-10 0.000395819 0.000413333
8.04638e-10 0.000399898 0.000414243
8.04739e-10 0.000403926 0.000418611
8.0484e-10 0.000407893 0.000426513
8.04942e-10 0.000411787 0.000438013
8.05043e-10 0.000415596 0.00045317
8.05144e-10 0.00041931 0.00047203
8.05245e-10 0.000422917 0.000494631
8.05347e-10 0.000426406 0.000521001
8.05448e-10 0.000429767 0.000551159
8.05549e-10 0.00043299 0.000585113
8.0565e-10 0.000436064 0.000622859
8.05752e-10 0.000438979 0.000664384
8.05853e-10 0.000441726 0.000709664
8.05954e-10 0.000444297 0.000758665
8.06056e-10 0.000446682 0.000811341
8.06157e-10 0.000448874 0.000867635
8.06258e-10 0.000450864 0.00092748
8.06359e-10 0.000452647 0.000990797
8.06461e-10 0.000454216 0.0010575
8.06562e-10 0.000455565 0.00112748
8.06663e-10 0.000456689 0.00120064
8.06764e-10 0.000457584 0.00127685
8.06866e-10 0.000458247 0.00135597
8.06967e-10 0.000458674 0.00143788
8.07068e-10 0.000458863 0.00152241
8.07169e-10 0.000458814 0.00160941
8.07271e-10 0.000458526 0.00169871
8.07372e-10 0.000457999 0.00179012
8.07473e-10 0.000457234 0.00188347
8.07575e-10 0.000456235 0.00197855
8.07676e-10 0.000455003 0.00207516
8.07777e-10 0.000453542 0.00217308
8.07878e-10 0.000451859 0.00227212
8.0798e-10 0.000449957 0.00237203
8.08081e-10 0.000447844 0.00247259
8.08182e-10 0.000445527 0.00257357
8.08283e-10 0.000443014 0.00267473
8.08385e-10 0.000440316 0.00277582
8.08486e-10 0.00043744 0.00287659
8.08587e-10 0.0004344 0.00297681
8.08689e-10 0.000431205 0.00307622
8.0879e-10 0.000427868 0.00317456
8.08891e-10 0.000424404 0.00327159
8.08992e-10 0.000420825 0.00336706
8.09094e-10 0.000417145 0.0034607
8.09195e-10 0.000413382 0.00355228
8.09296e-10 0.000409549 0.00364154
8.09397e-10 0.000405663 0.00372824
8.09499e-10 0.000401742 0.00381215
8.096e-10 0.000397803 0.00389302
8.09701e-10 0.000393864 0.00397062
8.09803e-10 0.000389942 0.00404474
8.09904e-10 0.000386056 0.00411515
8.10005e-10 0.000382225 0.00418165
8.10106e-10 0.000378468 0.00424403
8.10208e-10 0.000374804 0.00430211
8.10309e-10 0.000371252 0.0043557
8.1041e-10 0.000367832 0.00440463
8.10511e-10 0.000364561 0.00444874
8.10613e-10 0.00036146 0.00448789
8.10714e-10 0.000358547 0.00452194
8.10815e-10 0.00035584 0.00455076
8.10916e-10 0.000353358 0.00457425
8.11018e-10 0.000351118 0.00459232
8.11119e-10 0.000349138 0.00460488
8.1122e-10 0.000347434 0.00461188
8.11322e-10 0.000346023 0.00461326
8.11423e-10 0.00034492 0.00460899
8.11524e-10 0.000344139 0.00459906
8.11625e-10 0.000343695 0.00458347
8.11727e-10 0.000343601 0.00456224
8.11828e-10 0.000343868 0.00453541
8.11929e-10 0.000344508 0.00450303
8.1203e-10 0.000345531 0.00446517
8.12132e-10 0.000346945 0.00442193
8.12233e-10 0.000348759 0.00437341
8.12334e-10 0.000350978 0.00431975
8.12436e-10 0.000353609 0.00426107
8.12537e-10 0.000356654 0.00419756
8.12638e-10 0.000360117 0.00412939
8.12739e-10 0.000363999 0.00405675
8.12841e-10 0.0003683 0.00397987
8.12942e-10 0.000373017 0.00389898
8.13043e-10 0.000378148 0.00381433
8.13144e-10 0.000383688 0.00372618
8.13246e-10 0.000389631 0.00363482
8.13347e-10 0.00039597 0.00354055
8.13448e-10 0.000402694 0.00344367
8.1355e-10 0.000409793 0.00334452
8.13651e-10 0.000417256 0.00324344
8.13752e-10 0.000425068 0.00314077
8.13853e-10 0.000433214 0.0030369
8.13955e-10 0.000441677 0.00293218
8.14056e-10 0.00045044 0.00282701
8.14157e-10 0.000459482 0.00272179
8.14258e-10 0.000468784 0.00261692
8.1436e-10 0.000478321 0.00251282
8.14461e-10 0.000488072 0.0024099
8.14562e-10 0.000498011 0.00230859
8.14663e-10 0.000508112 0.00220931
8.14765e-10 0.000518348 0.0021125
8.14866e-10 0.000528692 0.0020186
8.14967e-10 0.000539114 0.00192804
8.15069e-10 0.000549584 0.00184124
8.1517e-10 0.000560071 0.00175866
8.15271e-10 0.000570545 0.0016807
8.15372e-10 0.000580973 0.00160781
8.15474e-10 0.000591323 0.00154039
8.15575e-10 0.000601561 0.00147887
8.15676e-10 0.000611655 0.00142363
8.15777e-10 0.000621571 0.00137509
8.15879e-10 0.000631275 0.00133363
8.1598e-10 0.000640734 0.00129961
8.16081e-10 0.000649914 0.00127339
8.16183e-10 0.000658783 0.00125532
8.16284e-10 0.000667307 0.00124572
8.16385e-10 0.000675453 0.00124491
8.16486e-10 0.000683191 0.00125318
8.16588e-10 0.00069049 0.00127079
8.16689e-10 0.000697318 0.001298
8.1679e-10 0.000703647 0.00133504
8.16891e-10 0.000709449 0.00138211
8.16993e-10 0.000714696 0.0014394
8.17094e-10 0.000719363 0.00150706
8.17195e-10 0.000723426 0.00158522
8.17296e-10 0.000726862 0.00167399
8.17398e-10 0.00072965 0.00177345
8.17499e-10 0.00073177 0.00188363
8.176e-10 0.000733206 0.00200457
8.17702e-10 0.00073394 0.00213625
8.17803e-10 0.000733961 0.00227862
8.17904e-10 0.000733256 0.00243162
8.18005e-10 0.000731816 0.00259515
8.18107e-10 0.000729634 0.00276906
8.18208e-10 0.000726706 0.0029532
8.18309e-10 0.00072303 0.00314736
8.1841e-10 0.000718604 0.00335132
8.18512e-10 0.000713433 0.00356482
8.18613e-10 0.000707522 0.00378756
8.18714e-10 0.000700878 0.00401922
8.18816e-10 0.000693511 0.00425944
8.18917e-10 0.000685435 0.00450784
8.19018e-10 0.000676665 0.00476401
8.19119e-10 0.00066722 0.0050275
8.19221e-10 0.00065712 0.00529784
8.19322e-10 0.00064639 0.00557452
8.19423e-10 0.000635054 0.00585703
8.19524e-10 0.000623141 0.0061448
8.19626e-10 0.000610683 0.00643727
8.19727e-10 0.000597713 0.00673382
8.19828e-10 0.000584267 0.00703384
8.1993e-10 0.000570382 0.00733668
8.20031e-10 0.0005561 0.00764168
8.20132e-10 0.000541462 0.00794816
8.20233e-10 0.000526514 0.00825542
8.20335e-10 0.0005113 0.00856276
8.20436e-10 0.000495871 0.00886945
8.20537e-10 0.000480275 0.00917476
8.20638e-10 0.000464564 0.00947794
8.2074e-10 0.00044879 0.00977825
8.20841e-10 0.000433008 0.0100749
8.20942e-10 0.000417274 0.0103673
8.21043e-10 0.000401642 0.0106544
8.21145e-10 0.000386171 0.0109358
8.21246e-10 0.000370918 0.0112104
8.21347e-10 0.000355941 0.0114777
8.21449e-10 0.000341297 0.011737
8.2155e-10 0.000327047 0.0119874
8.21651e-10 0.000313248 0.0122282
8.21752e-10 0.000299959 0.0124589
8.21854e-10 0.000287236 0.0126787
8.21955e-10 0.000275139 0.012887
8.22056e-10 0.000263721 0.0130832
8.22157e-10 0.00025304 0.0132666
8.22259e-10 0.00024315 0.0134367
8.2236e-10 0.000234102 0.0135929
8.22461e-10 0.000225949 0.0137348
8.22563e-10 0.00021874 0.0138619
8.22664e-10 0.000212523 0.0139738
8.22765e-10 0.000207344 0.01407
8.22866e-10 0.000203246 0.0141503
8.22968e-10 0.00020027 0.0142142
8.23069e-10 0.000198455 0.0142616
8.2317e-10 0.000197837 0.0142922
8.23271e-10 0.000198449 0.014306
8.23373e-10 0.000200321 0.0143026
8.23474e-10 0.000203481 0.0142822
8.23575e-10 0.000207952 0.0142447
8.23677e-10 0.000213755 0.0141901
8.23778e-10 0.000220909 0.0141186
8.23879e-10 0.000229426 0.0140303
8.2398e-10 0.000239317 0.0139254
8.24082e-10 0.00025059 0.0138042
8.24183e-10 0.000263247 0.013667
8.24284e-10 0.000277289 0.0135143
8.24385e-10 0.000292711 0.0133464
8.24487e-10 0.000309506 0.013164
8.24588e-10 0.000327662 0.0129674
8.24689e-10 0.000347164 0.0127575
8.2479e-10 0.000367995 0.0125348
8.24892e-10 0.000390131 0.0123001
8.24993e-10 0.000413546 0.0120542
8.25094e-10 0.000438212 0.0117979
8.25196e-10 0.000464096 0.0115322
8.25297e-10 0.000491161 0.011258
8.25398e-10 0.000519369 0.0109763
8.25499e-10 0.000548676 0.0106881
8.25601e-10 0.000579037 0.0103946
8.25702e-10 0.000610403 0.0100968
8.25803e-10 0.000642724 0.00979601
8.25904e-10 0.000675945 0.00949341
8.26006e-10 0.000710009 0.00919024
8.26107e-10 0.000744858 0.00888779
8.26208e-10 0.000780431 0.00858738
8.2631e-10 0.000816664 0.00829034
8.26411e-10 0.000853493 0.00799804
8.26512e-10 0.00089085 0.00771186
8.26613e-10 0.000928667 0.00743319
8.26715e-10 0.000966876 0.00716344
8.26816e-10 0.0010054 0.00690403
8.26917e-10 0.00104418 0.00665636
8.27018e-10 0.00108313 0.00642186
8.2712e-10 0.00112219 0.00620193
8.27221e-10 0.00116127 0.00599798
8.27322e-10 0.0012003 0.00581138
8.27424e-10 0.00123922 0.0056435
8.27525e-10 0.00127794 0.00549567
8.27626e-10 0.0013164 0.00536922
8.27727e-10 0.00135451 0.00526542
8.27829e-10 0.0013922 0.00518551
8.2793e-10 0.00142941 0.00513069
8.28031e-10 0.00146606 0.00510211
8.28132e-10 0.00150208 0.00510087
8.28234e-10 0.0015374 0.00512802
8.28335e-10 0.00157196 0.00518454
8.28436e-10 0.00160567 0.00527136
8.28537e-10 0.00163848 0.00538932
8.28639e-10 0.00167032 0.00553921
8.2874e-10 0.00170114 0.00572172
8.28841e-10 0.00173086 0.00593748
8.28943e-10 0.00175942 0.00618703
8.29044e-10 0.00178677 0.00647082
8.29145e-10 0.00181285 0.0067892
8.29246e-10 0.0018376 0.00714245
8.29348e-10 0.00186098 0.00753074
8.29449e-10 0.00188292 0.00795413
8.2955e-10 0.00190337 0.00841261
8.29651e-10 0.00192229 0.00890603
8.29753e-10 0.00193964 0.00943416
8.29854e-10 0.00195535 0.00999665
8.29955e-10 0.00196939 0.0105931
8.30057e-10 0.00198172 0.0112228
8.30158e-10 0.0019923 0.0118853
8.30259e-10 0.00200108 0.0125797
8.3036e-10 0.00200803 0.0133051
8.30462e-10 0.00201311 0.0140605
8.30563e-10 0.00201629 0.0148449
8.30664e-10 0.00201753 0.015657
8.30765e-10 0.00201681 0.0164956
8.30867e-10 0.00201409 0.0173592
8.30968e-10 0.00200935 0.0182463
8.31069e-10 0.00200256 0.0191553
8.31171e-10 0.00199369 0.0200846
8.31272e-10 0.00198274 0.0210322
8.31373e-10 0.00196968 0.0219964
8.31474e-10 0.00195448 0.0229752
8.31576e-10 0.00193715 0.0239666
8.31677e-10 0.00191767 0.0249685
8.31778e-10 0.00189603 0.0259786
8.31879e-10 0.00187224 0.0269949
8.31981e-10 0.00184628 0.0280149
8.32082e-10 0.00181817 0.0290363
8.32183e-10 0.00178792 0.0300569
8.32284e-10 0.00175554 0.0310741
8.32386e-10 0.00172105 0.0320855
8.32487e-10 0.00168449 0.0330888
8.32588e-10 0.00164588 0.0340813
8.3269e-10 0.00160527 0.0350607
8.32791e-10 0.0015627 0.0360244
8.32892e-10 0.00151825 0.03697
8.32993e-10 0.00147196 0.0378951
8.33095e-10 0.00142393 0.0387973
8.33196e-10 0.00137425 0.0396741
8.33297e-10 0.00132301 0.0405232
8.33398e-10 0.00127032 0.0413425
8.335e-10 0.00121632 0.0421295
8.33601e-10 0.00116115 0.0428823
8.33702e-10 0.00110496 0.0435987
8.33804e-10 0.00104793 0.0442767
8.33905e-10 0.00099024 0.0449145
8.34006e-10 0.000932105 0.0455103
8.34107e-10 0.000873748 0.0460624
8.34209e-10 0.000815413 0.0465693
8.3431e-10 0.000757367 0.0470295
8.34411e-10 0.000699896 0.0474417
8.34512e-10 0.000643306 0.0478048
8.34614e-10 0.000587928 0.0481178
8.34715e-10 0.000534116 0.0483797
8.34816e-10 0.000482245 0.04859
8.34917e-10 0.000432715 0.048748
8.35019e-10 0.000385953 0.0488534
8.3512e-10 0.000342407 0.0489059
8.35221e-10 0.000302551 0.0489056
8.35323e-10 0.000266884 0.0488526
8.35424e-10 0.000235931 0.0487472
8.35525e-10 0.00021024 0.0485899
8.35626e-10 0.000190385 0.0483813
8.35728e-10 0.000176961 0.0481224
8.35829e-10 0.00017059 0.0478143
8.3593e-10 0.000171914 0.047458
8.36031e-10 0.000181597 0.047055
8.36133e-10 0.000200324 0.046607
8.36234e-10 0.000228798 0.0461156
8.36335e-10 0.000267739 0.0455828
8.36437e-10 0.000317885 0.0450106
8.36538e-10 0.000379985 0.0444014
8.36639e-10 0.000454801 0.0437575
8.3674e-10 0.000543105 0.0430814
8.36842e-10 0.000645672 0.0423759
8.36943e-10 0.000763285 0.0416437
8.37044e-10 0.000896726 0.0408879
8.37145e-10 0.00104677 0.0401114
8.37247e-10 0.0012142 0.0393174
8.37348e-10 0.00139977 0.0385093
8.37449e-10 0.00160423 0.0376902
8.37551e-10 0.00182833 0.0368637
8.37652e-10 0.00207275 0.0360332
8.37753e-10 0.00233821 0.0352022
8.37854e-10 0.00262534 0.0343743
8.37956e-10 0.00293476 0.0335531
8.38057e-10 0.00326707 0.0327421
8.38158e-10 0.00362278 0.031945
8.38259e-10 0.00400239 0.0311652
8.38361e-10 0.00440634 0.0304064
8.38462e-10 0.00483498 0.029672
8.38563e-10 0.00528863 0.0289654
8.38664e-10 0.00576752 0.02829
8.38766e-10 0.00627182 0.0276491
8.38867e-10 0.00680162 0.0270458
8.38968e-10 0.00735691 0.0264832
8.3907e-10 0.00793761 0.0259641
8.39171e-10 0.00854354 0.0254915
8.39272e-10 0.00917443 0.0250679
8.39373e-10 0.00982991 0.0246957
8.39475e-10 0.0105095 0.0243774
8.39576e-10 0.0112126 0.0241149
8.39677e-10 0.0119385 0.0239102
8.39778e-10 0.0126865 0.023765
8.3988e-10 0.0134556 0.0236808
