6.9e-10 0.00565898 0.0502618
6.90101e-10 0.00536002 0.0498963
6.90203e-10 0.00507107 0.049484
6.90304e-10 0.00479224 0.0490259
6.90405e-10 0.00452365 0.0485233
6.90506e-10 0.0042654 0.0479772
6.90608e-10 0.00401756 0.0473892
6.90709e-10 0.00378022 0.0467606
6.9081e-10 0.00355343 0.0460931
6.90911e-10 0.00333724 0.0453883
6.91013e-10 0.00313168 0.0446479
6.91114e-10 0.00293679 0.0438737
6.91215e-10 0.00275256 0.0430678
6.91317e-10 0.00257899 0.0422319
6.91418e-10 0.00241606 0.0413682
6.91519e-10 0.00226374 0.0404787
6.9162e-10 0.00212198 0.0395654
6.91722e-10 0.00199071 0.0386306
6.91823e-10 0.00186986 0.0376764
6.91924e-10 0.00175934 0.036705
6.92025e-10 0.00165904 0.0357186
6.92127e-10 0.00156883 0.0347194
6.92228e-10 0.00148858 0.0337096
6.92329e-10 0.00141813 0.0326913
6.9243e-10 0.00135733 0.0316669
6.92532e-10 0.00130598 0.0306383
6.92633e-10 0.0012639 0.0296079
6.92734e-10 0.00123087 0.0285776
6.92836e-10 0.00120668 0.0275496
6.92937e-10 0.00119108 0.0265259
6.93038e-10 0.00118384 0.0255085
6.93139e-10 0.00118468 0.0244993
6.93241e-10 0.00119335 0.0235001
6.93342e-10 0.00120955 0.0225128
6.93443e-10 0.00123299 0.0215392
6.93544e-10 0.00126338 0.0205808
6.93646e-10 0.0013004 0.0196394
6.93747e-10 0.00134373 0.0187165
6.93848e-10 0.00139305 0.0178135
6.9395e-10 0.00144802 0.0169317
6.94051e-10 0.00150831 0.0160726
6.94152e-10 0.00157356 0.0152373
6.94253e-10 0.00164344 0.0144269
6.94355e-10 0.00171759 0.0136424
6.94456e-10 0.00179566 0.012885
6.94557e-10 0.0018773 0.0121553
6.94658e-10 0.00196214 0.0114542
6.9476e-10 0.00204984 0.0107824
6.94861e-10 0.00214005 0.0101404
6.94962e-10 0.00223241 0.00952888
6.95064e-10 0.00232657 0.00894816
6.95165e-10 0.00242218 0.0083986
6.95266e-10 0.00251893 0.00788047
6.95367e-10 0.00261645 0.00739394
6.95469e-10 0.00271444 0.00693909
6.9557e-10 0.00281256 0.00651595
6.95671e-10 0.00291051 0.00612443
6.95772e-10 0.00300798 0.0057644
6.95874e-10 0.00310468 0.00543564
6.95975e-10 0.00320032 0.00513785
6.96076e-10 0.00329462 0.00487067
6.96177e-10 0.00338732 0.00463368
6.96279e-10 0.00347817 0.00442637
6.9638e-10 0.00356692 0.0042482
6.96481e-10 0.00365335 0.00409855
6.96583e-10 0.00373724 0.00397676
6.96684e-10 0.00381838 0.0038821
6.96785e-10 0.00389659 0.0038138
6.96886e-10 0.00397168 0.00377104
6.96988e-10 0.00404349 0.00375297
6.97089e-10 0.00411188 0.00375869
6.9719e-10 0.0041767 0.00378726
6.97291e-10 0.00423784 0.00383771
6.97393e-10 0.00429517 0.00390905
6.97494e-10 0.00434862 0.00400026
6.97595e-10 0.00439809 0.00411028
6.97697e-10 0.00444353 0.00423805
6.97798e-10 0.00448487 0.00438249
6.97899e-10 0.00452207 0.00454251
6.98e-10 0.00455511 0.00471699
6.98102e-10 0.00458397 0.00490482
6.98203e-10 0.00460865 0.0051049
6.98304e-10 0.00462916 0.00531609
6.98405e-10 0.00464552 0.00553728
6.98507e-10 0.00465777 0.00576736
6.98608e-10 0.00466594 0.00600523
6.98709e-10 0.0046701 0.0062498
6.9881e-10 0.00467031 0.00649997
6.98912e-10 0.00466664 0.00675469
6.99013e-10 0.00465917 0.0070129
6.99114e-10 0.00464801 0.00727358
6.99216e-10 0.00463325 0.00753571
6.99317e-10 0.00461499 0.00779831
6.99418e-10 0.00459337 0.00806043
6.99519e-10 0.00456849 0.00832112
6.99621e-10 0.00454049 0.0085795
6.99722e-10 0.0045095 0.00883467
6.99823e-10 0.00447566 0.00908581
6.99924e-10 0.00443911 0.0093321
7.00026e-10 0.00440001 0.00957277
7.00127e-10 0.0043585 0.00980709
7.00228e-10 0.00431474 0.0100343
7.0033e-10 0.00426887 0.0102539
7.00431e-10 0.00422107 0.0104651
7.00532e-10 0.00417149 0.0106673
7.00633e-10 0.00412028 0.0108601
7.00735e-10 0.00406761 0.0110428
7.00836e-10 0.00401363 0.0112151
7.00937e-10 0.00395852 0.0113765
7.01038e-10 0.00390241 0.0115266
7.0114e-10 0.00384547 0.0116651
7.01241e-10 0.00378786 0.0117916
7.01342e-10 0.00372972 0.0119059
7.01444e-10 0.0036712 0.0120078
7.01545e-10 0.00361244 0.012097
7.01646e-10 0.0035536 0.0121734
7.01747e-10 0.0034948 0.0122369
7.01849e-10 0.00343618 0.0122873
7.0195e-10 0.00337787 0.0123248
7.02051e-10 0.00331999 0.0123491
7.02152e-10 0.00326267 0.0123605
7.02254e-10 0.00320601 0.0123589
7.02355e-10 0.00315013 0.0123444
7.02456e-10 0.00309513 0.0123171
7.02557e-10 0.00304111 0.0122773
7.02659e-10 0.00298816 0.012225
7.0276e-10 0.00293636 0.0121605
7.02861e-10 0.0028858 0.0120841
7.02963e-10 0.00283656 0.0119959
7.03064e-10 0.00278869 0.0118964
7.03165e-10 0.00274227 0.0117857
7.03266e-10 0.00269734 0.0116643
7.03368e-10 0.00265396 0.0115324
7.03469e-10 0.00261218 0.0113906
7.0357e-10 0.00257202 0.011239
7.03671e-10 0.00253353 0.0110783
7.03773e-10 0.00249673 0.0109087
7.03874e-10 0.00246163 0.0107307
7.03975e-10 0.00242826 0.0105448
7.04077e-10 0.00239663 0.0103515
7.04178e-10 0.00236673 0.0101511
7.04279e-10 0.00233857 0.00994421
7.0438e-10 0.00231214 0.00973127
7.04482e-10 0.00228742 0.00951278
7.04583e-10 0.00226441 0.00928923
7.04684e-10 0.00224309 0.00906112
7.04785e-10 0.00222342 0.00882893
7.04887e-10 0.00220538 0.00859318
7.04988e-10 0.00218893 0.00835436
7.05089e-10 0.00217405 0.00811296
7.05191e-10 0.00216069 0.00786947
7.05292e-10 0.0021488 0.00762439
7.05393e-10 0.00213835 0.0073782
7.05494e-10 0.00212927 0.00713136
7.05596e-10 0.00212153 0.00688436
7.05697e-10 0.00211506 0.00663764
7.05798e-10 0.00210981 0.00639167
7.05899e-10 0.00210573 0.00614688
7.06001e-10 0.00210274 0.0059037
7.06102e-10 0.0021008 0.00566256
7.06203e-10 0.00209984 0.00542385
7.06304e-10 0.00209979 0.00518797
7.06406e-10 0.0021006 0.00495531
7.06507e-10 0.00210219 0.00472622
7.06608e-10 0.00210451 0.00450105
7.0671e-10 0.00210748 0.00428015
7.06811e-10 0.00211105 0.00406383
7.06912e-10 0.00211514 0.00385239
7.07013e-10 0.0021197 0.00364612
7.07115e-10 0.00212466 0.00344529
7.07216e-10 0.00212996 0.00325016
7.07317e-10 0.00213553 0.00306095
7.07418e-10 0.00214131 0.0028779
7.0752e-10 0.00214726 0.00270119
7.07621e-10 0.0021533 0.00253101
7.07722e-10 0.00215938 0.00236753
7.07824e-10 0.00216544 0.0022109
7.07925e-10 0.00217144 0.00206124
7.08026e-10 0.00217732 0.00191866
7.08127e-10 0.00218303 0.00178327
7.08229e-10 0.00218852 0.00165514
7.0833e-10 0.00219376 0.00153432
7.08431e-10 0.00219868 0.00142087
7.08532e-10 0.00220327 0.00131481
7.08634e-10 0.00220747 0.00121616
7.08735e-10 0.00221125 0.00112489
7.08836e-10 0.00221458 0.00104101
7.08938e-10 0.00221742 0.000964456
7.09039e-10 0.00221975 0.000895193
7.0914e-10 0.00222154 0.000833151
7.09241e-10 0.00222277 0.000778251
7.09343e-10 0.00222342 0.000730398
7.09444e-10 0.00222346 0.000689487
7.09545e-10 0.00222288 0.000655398
7.09646e-10 0.00222166 0.000628
7.09748e-10 0.00221981 0.00060715
7.09849e-10 0.00221729 0.000592695
7.0995e-10 0.00221412 0.000584471
7.10051e-10 0.00221027 0.000582304
7.10153e-10 0.00220577 0.000586011
7.10254e-10 0.00220059 0.000595399
7.10355e-10 0.00219474 0.00061027
7.10457e-10 0.00218823 0.000630415
7.10558e-10 0.00218107 0.00065562
7.10659e-10 0.00217325 0.000685666
7.1076e-10 0.0021648 0.000720327
7.10862e-10 0.00215572 0.00075937
7.10963e-10 0.00214602 0.00080256
7.11064e-10 0.00213573 0.000849659
7.11165e-10 0.00212485 0.000900424
7.11267e-10 0.00211341 0.000954608
7.11368e-10 0.00210141 0.00101197
7.11469e-10 0.00208889 0.00107225
7.11571e-10 0.00207587 0.00113521
7.11672e-10 0.00206236 0.00120059
7.11773e-10 0.0020484 0.00126815
7.11874e-10 0.00203399 0.00133763
7.11976e-10 0.00201918 0.00140879
7.12077e-10 0.00200398 0.00148138
7.12178e-10 0.00198843 0.00155516
7.12279e-10 0.00197254 0.00162989
7.12381e-10 0.00195635 0.00170533
7.12482e-10 0.00193988 0.00178124
7.12583e-10 0.00192316 0.0018574
7.12684e-10 0.00190622 0.00193357
7.12786e-10 0.00188908 0.00200955
7.12887e-10 0.00187178 0.00208511
7.12988e-10 0.00185435 0.00216004
7.1309e-10 0.0018368 0.00223413
7.13191e-10 0.00181916 0.0023072
7.13292e-10 0.00180148 0.00237905
7.13393e-10 0.00178376 0.00244949
7.13495e-10 0.00176604 0.00251835
7.13596e-10 0.00174834 0.00258546
7.13697e-10 0.00173069 0.00265066
7.13798e-10 0.00171311 0.00271378
7.139e-10 0.00169563 0.00277469
7.14001e-10 0.00167826 0.00283324
7.14102e-10 0.00166104 0.00288931
7.14204e-10 0.00164398 0.00294277
7.14305e-10 0.0016271 0.00299351
7.14406e-10 0.00161042 0.00304142
7.14507e-10 0.00159397 0.00308641
7.14609e-10 0.00157775 0.00312838
7.1471e-10 0.00156179 0.00316727
7.14811e-10 0.0015461 0.00320299
7.14912e-10 0.0015307 0.00323549
7.15014e-10 0.00151559 0.00326471
7.15115e-10 0.0015008 0.0032906
7.15216e-10 0.00148633 0.00331314
7.15318e-10 0.0014722 0.00333228
7.15419e-10 0.00145841 0.00334802
7.1552e-10 0.00144497 0.00336033
7.15621e-10 0.00143189 0.00336922
7.15723e-10 0.00141918 0.00337469
7.15824e-10 0.00140683 0.00337674
7.15925e-10 0.00139487 0.00337541
7.16026e-10 0.00138328 0.00337071
7.16128e-10 0.00137207 0.00336267
7.16229e-10 0.00136124 0.00335135
7.1633e-10 0.00135079 0.00333678
7.16431e-10 0.00134072 0.00331902
7.16533e-10 0.00133103 0.00329813
7.16634e-10 0.00132171 0.00327417
7.16735e-10 0.00131277 0.00324722
7.16837e-10 0.0013042 0.00321735
7.16938e-10 0.00129599 0.00318464
7.17039e-10 0.00128813 0.00314919
7.1714e-10 0.00128063 0.00311109
7.17242e-10 0.00127347 0.00307042
7.17343e-10 0.00126664 0.0030273
7.17444e-10 0.00126014 0.00298182
7.17545e-10 0.00125396 0.0029341
7.17647e-10 0.00124808 0.00288424
7.17748e-10 0.0012425 0.00283236
7.17849e-10 0.00123721 0.00277858
7.17951e-10 0.00123219 0.00272301
7.18052e-10 0.00122744 0.00266578
7.18153e-10 0.00122294 0.002607
7.18254e-10 0.00121867 0.00254681
7.18356e-10 0.00121464 0.00248533
7.18457e-10 0.00121082 0.00242268
7.18558e-10 0.0012072 0.002359
7.18659e-10 0.00120377 0.00229441
7.18761e-10 0.00120052 0.00222904
7.18862e-10 0.00119742 0.00216301
7.18963e-10 0.00119448 0.00209645
7.19065e-10 0.00119168 0.0020295
7.19166e-10 0.00118899 0.00196227
7.19267e-10 0.00118642 0.00189489
7.19368e-10 0.00118395 0.00182748
7.1947e-10 0.00118155 0.00176016
7.19571e-10 0.00117923 0.00169305
7.19672e-10 0.00117697 0.00162627
7.19773e-10 0.00117476 0.00155994
7.19875e-10 0.00117258 0.00149416
7.19976e-10 0.00117043 0.00142905
7.20077e-10 0.00116829 0.0013647
7.20178e-10 0.00116615 0.00130124
7.2028e-10 0.001164 0.00123874
7.20381e-10 0.00116183 0.00117732
7.20482e-10 0.00115963 0.00111707
7.20584e-10 0.00115739 0.00105807
7.20685e-10 0.0011551 0.00100041
7.20786e-10 0.00115276 0.00094418
7.20887e-10 0.00115035 0.000889446
7.20989e-10 0.00114788 0.000836287
7.2109e-10 0.00114532 0.000784772
7.21191e-10 0.00114267 0.000734967
7.21292e-10 0.00113993 0.000686933
7.21394e-10 0.0011371 0.000640725
7.21495e-10 0.00113416 0.000596397
7.21596e-10 0.00113111 0.000553995
7.21698e-10 0.00112795 0.000513564
7.21799e-10 0.00112467 0.00047514
7.219e-10 0.00112128 0.00043876
7.22001e-10 0.00111776 0.000404451
7.22103e-10 0.00111412 0.000372239
7.22204e-10 0.00111035 0.000342145
7.22305e-10 0.00110646 0.000314184
7.22406e-10 0.00110243 0.000288367
7.22508e-10 0.00109828 0.000264703
7.22609e-10 0.001094 0.000243193
7.2271e-10 0.0010896 0.000223836
7.22812e-10 0.00108506 0.000206626
7.22913e-10 0.0010804 0.000191554
7.23014e-10 0.00107562 0.000178604
7.23115e-10 0.00107072 0.00016776
7.23217e-10 0.0010657 0.000158999
7.23318e-10 0.00106056 0.000152296
7.23419e-10 0.00105531 0.00014762
7.2352e-10 0.00104995 0.00014494
7.23622e-10 0.00104449 0.000144219
7.23723e-10 0.00103893 0.000145417
7.23824e-10 0.00103327 0.000148491
7.23925e-10 0.00102752 0.000153395
7.24027e-10 0.00102168 0.00016008
7.24128e-10 0.00101577 0.000168495
7.24229e-10 0.00100978 0.000178585
7.24331e-10 0.00100372 0.000190293
7.24432e-10 0.000997591 0.00020356
7.24533e-10 0.000991409 0.000218325
7.24634e-10 0.000985175 0.000234524
7.24736e-10 0.000978894 0.000252091
7.24837e-10 0.000972575 0.00027096
7.24938e-10 0.000966222 0.000291062
7.25039e-10 0.000959843 0.000312327
7.25141e-10 0.000953443 0.000334683
7.25242e-10 0.000947029 0.000358057
7.25343e-10 0.000940608 0.000382377
7.25445e-10 0.000934185 0.000407568
7.25546e-10 0.000927767 0.000433555
7.25647e-10 0.000921361 0.000460263
7.25748e-10 0.000914972 0.000487616
7.2585e-10 0.000908607 0.000515539
7.25951e-10 0.000902272 0.000543954
7.26052e-10 0.000895972 0.000572788
7.26153e-10 0.000889713 0.000601963
7.26255e-10 0.000883501 0.000631405
7.26356e-10 0.000877342 0.00066104
7.26457e-10 0.00087124 0.000690793
7.26559e-10 0.000865201 0.000720592
7.2666e-10 0.000859229 0.000750365
7.26761e-10 0.00085333 0.00078004
7.26862e-10 0.000847507 0.000809549
7.26964e-10 0.000841766 0.000838822
7.27065e-10 0.00083611 0.000867792
7.27166e-10 0.000830542 0.000896395
7.27267e-10 0.000825067 0.000924567
7.27369e-10 0.000819688 0.000952245
7.2747e-10 0.000814408 0.00097937
7.27571e-10 0.00080923 0.00100588
7.27672e-10 0.000804156 0.00103173
7.27774e-10 0.000799189 0.00105685
7.27875e-10 0.000794331 0.0010812
7.27976e-10 0.000789583 0.00110473
7.28078e-10 0.000784947 0.00112739
7.28179e-10 0.000780425 0.00114913
7.2828e-10 0.000776017 0.00116991
7.28381e-10 0.000771724 0.0011897
7.28483e-10 0.000767546 0.00120845
7.28584e-10 0.000763485 0.00122614
7.28685e-10 0.00075954 0.00124272
7.28786e-10 0.00075571 0.00125818
7.28888e-10 0.000751996 0.00127247
7.28989e-10 0.000748396 0.00128559
7.2909e-10 0.000744909 0.0012975
7.29192e-10 0.000741535 0.00130819
7.29293e-10 0.000738272 0.00131764
7.29394e-10 0.000735118 0.00132584
7.29495e-10 0.000732072 0.00133278
7.29597e-10 0.000729132 0.00133846
7.29698e-10 0.000726294 0.00134285
7.29799e-10 0.000723558 0.00134597
7.299e-10 0.000720921 0.00134782
7.30002e-10 0.000718379 0.00134839
7.30103e-10 0.00071593 0.00134769
7.30204e-10 0.000713572 0.00134573
7.30305e-10 0.0007113 0.00134251
7.30407e-10 0.000709112 0.00133806
7.30508e-10 0.000707004 0.00133239
7.30609e-10 0.000704973 0.0013255
7.30711e-10 0.000703016 0.00131743
7.30812e-10 0.000701128 0.0013082
7.30913e-10 0.000699306 0.00129782
7.31014e-10 0.000697547 0.00128632
7.31116e-10 0.000695846 0.00127374
7.31217e-10 0.0006942 0.00126009
7.31318e-10 0.000692604 0.00124542
7.31419e-10 0.000691056 0.00122975
7.31521e-10 0.00068955 0.00121312
7.31622e-10 0.000688084 0.00119556
7.31723e-10 0.000686653 0.00117712
7.31825e-10 0.000685253 0.00115783
7.31926e-10 0.000683881 0.00113773
7.32027e-10 0.000682532 0.00111686
7.32128e-10 0.000681204 0.00109528
7.3223e-10 0.000679892 0.00107301
7.32331e-10 0.000678592 0.0010501
7.32432e-10 0.000677302 0.00102661
7.32533e-10 0.000676017 0.00100256
7.32635e-10 0.000674734 0.000978027
7.32736e-10 0.00067345 0.000953038
7.32837e-10 0.000672162 0.000927646
7.32939e-10 0.000670867 0.000901898
7.3304e-10 0.000669561 0.000875844
7.33141e-10 0.000668242 0.00084953
7.33242e-10 0.000666907 0.000823007
7.33344e-10 0.000665553 0.000796321
7.33445e-10 0.000664178 0.000769521
7.33546e-10 0.00066278 0.000742655
7.33647e-10 0.000661355 0.000715771
7.33749e-10 0.000659904 0.000688916
7.3385e-10 0.000658422 0.000662136
7.33951e-10 0.000656909 0.000635478
7.34052e-10 0.000655363 0.000608988
7.34154e-10 0.000653782 0.00058271
7.34255e-10 0.000652165 0.000556688
7.34356e-10 0.000650511 0.000530966
7.34458e-10 0.000648819 0.000505585
7.34559e-10 0.000647088 0.000480587
7.3466e-10 0.000645318 0.000456012
7.34761e-10 0.000643507 0.000431899
7.34863e-10 0.000641655 0.000408286
7.34964e-10 0.000639763 0.000385208
7.35065e-10 0.000637829 0.000362702
7.35166e-10 0.000635854 0.000340801
7.35268e-10 0.000633839 0.000319537
7.35369e-10 0.000631783 0.000298941
7.3547e-10 0.000629687 0.000279043
7.35572e-10 0.000627551 0.000259869
7.35673e-10 0.000625377 0.000241448
7.35774e-10 0.000623165 0.000223802
7.35875e-10 0.000620916 0.000206955
7.35977e-10 0.000618631 0.000190928
7.36078e-10 0.000616311 0.00017574
7.36179e-10 0.000613958 0.00016141
7.3628e-10 0.000611573 0.000147954
7.36382e-10 0.000609158 0.000135384
7.36483e-10 0.000606714 0.000123715
7.36584e-10 0.000604242 0.000112957
7.36686e-10 0.000601746 0.000103119
7.36787e-10 0.000599225 9.42074e-05
7.36888e-10 0.000596684 8.62283e-05
7.36989e-10 0.000594122 7.91851e-05
7.37091e-10 0.000591544 7.30799e-05
7.37192e-10 0.000588949 6.79125e-05
7.37293e-10 0.000586342 6.36816e-05
7.37394e-10 0.000583723 6.03837e-05
7.37496e-10 0.000581095 5.80138e-05
7.37597e-10 0.000578461 5.65653e-05
7.37698e-10 0.000575822 5.60298e-05
7.37799e-10 0.000573181 5.63975e-05
7.37901e-10 0.00057054 5.76568e-05
7.38002e-10 0.000567902 5.97948e-05
7.38103e-10 0.000565268 6.27967e-05
7.38205e-10 0.000562642 6.66468e-05
7.38306e-10 0.000560025 7.13275e-05
7.38407e-10 0.000557419 7.682e-05
7.38508e-10 0.000554827 8.31042e-05
7.3861e-10 0.000552251 9.01587e-05
7.38711e-10 0.000549693 9.79609e-05
7.38812e-10 0.000547155 0.000106487
7.38913e-10 0.00054464 0.000115712
7.39015e-10 0.000542149 0.00012561
7.39116e-10 0.000539684 0.000136153
7.39217e-10 0.000537247 0.000147314
7.39319e-10 0.000534841 0.000159065
7.3942e-10 0.000532466 0.000171374
7.39521e-10 0.000530124 0.000184213
7.39622e-10 0.000527818 0.000197548
7.39724e-10 0.000525549 0.00021135
7.39825e-10 0.000523317 0.000225584
7.39926e-10 0.000521125 0.000240219
7.40027e-10 0.000518974 0.00025522
7.40129e-10 0.000516865 0.000270554
7.4023e-10 0.000514799 0.000286187
7.40331e-10 0.000512777 0.000302084
7.40433e-10 0.000510801 0.000318211
7.40534e-10 0.00050887 0.000334532
7.40635e-10 0.000506986 0.000351013
7.40736e-10 0.000505149 0.00036762
7.40838e-10 0.00050336 0.000384317
7.40939e-10 0.00050162 0.000401069
7.4104e-10 0.000499928 0.000417842
7.41141e-10 0.000498285 0.000434602
7.41243e-10 0.000496691 0.000451314
7.41344e-10 0.000495146 0.000467946
7.41445e-10 0.000493651 0.000484463
7.41546e-10 0.000492204 0.000500834
7.41648e-10 0.000490806 0.000517025
7.41749e-10 0.000489456 0.000533005
7.4185e-10 0.000488154 0.000548743
7.41952e-10 0.0004869 0.00056421
7.42053e-10 0.000485692 0.000579374
7.42154e-10 0.000484531 0.000594207
7.42255e-10 0.000483415 0.000608682
7.42357e-10 0.000482344 0.000622771
7.42458e-10 0.000481316 0.000636448
7.42559e-10 0.000480331 0.000649687
7.4266e-10 0.000479388 0.000662465
7.42762e-10 0.000478485 0.000674758
7.42863e-10 0.000477621 0.000686544
7.42964e-10 0.000476795 0.000697801
7.43066e-10 0.000476006 0.00070851
7.43167e-10 0.000475252 0.000718652
7.43268e-10 0.000474533 0.00072821
7.43369e-10 0.000473845 0.000737166
7.43471e-10 0.000473188 0.000745505
7.43572e-10 0.000472561 0.000753214
7.43673e-10 0.000471962 0.00076028
7.43774e-10 0.000471388 0.000766691
7.43876e-10 0.000470839 0.000772437
7.43977e-10 0.000470313 0.000777509
7.44078e-10 0.000469808 0.0007819
7.44179e-10 0.000469323 0.000785603
7.44281e-10 0.000468855 0.000788613
7.44382e-10 0.000468403 0.000790926
7.44483e-10 0.000467966 0.00079254
7.44585e-10 0.000467541 0.000793455
7.44686e-10 0.000467126 0.000793669
7.44787e-10 0.000466721 0.000793185
7.44888e-10 0.000466324 0.000792005
7.4499e-10 0.000465932 0.000790133
7.45091e-10 0.000465544 0.000787575
7.45192e-10 0.000465159 0.000784337
7.45293e-10 0.000464775 0.000780426
7.45395e-10 0.00046439 0.000775851
7.45496e-10 0.000464003 0.000770623
7.45597e-10 0.000463612 0.000764753
7.45699e-10 0.000463216 0.000758252
7.458e-10 0.000462813 0.000751135
7.45901e-10 0.000462403 0.000743415
7.46002e-10 0.000461983 0.000735108
7.46104e-10 0.000461553 0.00072623
7.46205e-10 0.000461111 0.000716799
7.46306e-10 0.000460656 0.000706833
7.46407e-10 0.000460187 0.000696351
7.46509e-10 0.000459704 0.000685373
7.4661e-10 0.000459204 0.00067392
7.46711e-10 0.000458688 0.000662013
7.46813e-10 0.000458153 0.000649675
7.46914e-10 0.000457601 0.000636928
7.47015e-10 0.000457029 0.000623797
7.47116e-10 0.000456437 0.000610305
7.47218e-10 0.000455825 0.000596476
7.47319e-10 0.000455193 0.000582337
7.4742e-10 0.000454539 0.000567913
7.47521e-10 0.000453863 0.000553229
7.47623e-10 0.000453166 0.000538312
7.47724e-10 0.000452447 0.00052319
7.47825e-10 0.000451705 0.000507887
7.47926e-10 0.000450941 0.000492433
7.48028e-10 0.000450155 0.000476854
7.48129e-10 0.000449347 0.000461177
7.4823e-10 0.000448517 0.00044543
7.48332e-10 0.000447665 0.000429641
7.48433e-10 0.000446792 0.000413836
7.48534e-10 0.000445897 0.000398044
7.48635e-10 0.000444982 0.000382291
7.48737e-10 0.000444047 0.000366604
7.48838e-10 0.000443091 0.000351011
7.48939e-10 0.000442117 0.000335538
7.4904e-10 0.000441125 0.00032021
7.49142e-10 0.000440115 0.000305055
7.49243e-10 0.000439088 0.000290097
7.49344e-10 0.000438044 0.000275361
7.49446e-10 0.000436986 0.000260873
7.49547e-10 0.000435913 0.000246655
7.49648e-10 0.000434827 0.000232732
7.49749e-10 0.000433729 0.000219126
7.49851e-10 0.000432619 0.00020586
7.49952e-10 0.000431499 0.000192955
7.50053e-10 0.00043037 0.000180432
7.50154e-10 0.000429234 0.000168312
7.50256e-10 0.00042809 0.000156612
7.50357e-10 0.000426941 0.000145353
7.50458e-10 0.000425787 0.000134551
7.5056e-10 0.00042463 0.000124224
7.50661e-10 0.000423471 0.000114387
7.50762e-10 0.000422312 0.000105056
7.50863e-10 0.000421153 9.62444e-05
7.50965e-10 0.000419997 8.79657e-05
7.51066e-10 0.000418843 8.02322e-05
7.51167e-10 0.000417694 7.30549e-05
7.51268e-10 0.00041655 6.64441e-05
7.5137e-10 0.000415414 6.04091e-05
7.51471e-10 0.000414286 5.4958e-05
7.51572e-10 0.000413167 5.00981e-05
7.51673e-10 0.000412059 4.58353e-05
7.51775e-10 0.000410963 4.21749e-05
7.51876e-10 0.00040988 3.91207e-05
7.51977e-10 0.000408812 3.66759e-05
7.52079e-10 0.000407759 3.48422e-05
7.5218e-10 0.000406723 3.36205e-05
7.52281e-10 0.000405704 3.30106e-05
7.52382e-10 0.000404704 3.30112e-05
7.52484e-10 0.000403724 3.36201e-05
7.52585e-10 0.000402764 3.48339e-05
7.52686e-10 0.000401826 3.66482e-05
7.52787e-10 0.000400911 3.90576e-05
7.52889e-10 0.000400019 4.20559e-05
7.5299e-10 0.000399151 4.56354e-05
7.53091e-10 0.000398309 4.97881e-05
7.53193e-10 0.000397492 5.45044e-05
7.53294e-10 0.000396701 5.97743e-05
7.53395e-10 0.000395938 6.55864e-05
7.53496e-10 0.000395202 7.19289e-05
7.53598e-10 0.000394494 7.87887e-05
7.53699e-10 0.000393815 8.61521e-05
7.538e-10 0.000393164 9.40046e-05
7.53901e-10 0.000392543 0.000102331
7.54003e-10 0.000391952 0.000111114
7.54104e-10 0.00039139 0.000120338
7.54205e-10 0.000390858 0.000129985
7.54307e-10 0.000390356 0.000140037
7.54408e-10 0.000389885 0.000150475
7.54509e-10 0.000389443 0.000161279
7.5461e-10 0.000389032 0.00017243
7.54712e-10 0.00038865 0.000183906
7.54813e-10 0.000388298 0.000195687
7.54914e-10 0.000387976 0.000207751
7.55015e-10 0.000387683 0.000220075
7.55117e-10 0.000387419 0.000232639
7.55218e-10 0.000387184 0.000245418
7.55319e-10 0.000386976 0.00025839
7.5542e-10 0.000386797 0.000271532
7.55522e-10 0.000386644 0.00028482
7.55623e-10 0.000386518 0.00029823
7.55724e-10 0.000386418 0.000311739
7.55826e-10 0.000386343 0.000325322
7.55927e-10 0.000386292 0.000338955
7.56028e-10 0.000386265 0.000352615
7.56129e-10 0.000386261 0.000366277
7.56231e-10 0.000386279 0.000379917
7.56332e-10 0.000386318 0.000393512
7.56433e-10 0.000386377 0.000407037
7.56534e-10 0.000386455 0.000420468
7.56636e-10 0.000386552 0.000433784
7.56737e-10 0.000386666 0.000446959
7.56838e-10 0.000386797 0.000459972
7.5694e-10 0.000386942 0.0004728
7.57041e-10 0.000387102 0.00048542
7.57142e-10 0.000387275 0.000497812
7.57243e-10 0.000387459 0.000509953
7.57345e-10 0.000387655 0.000521822
7.57446e-10 0.00038786 0.0005334
7.57547e-10 0.000388074 0.000544666
7.57648e-10 0.000388295 0.000555601
7.5775e-10 0.000388523 0.000566186
7.57851e-10 0.000388755 0.000576404
7.57952e-10 0.000388992 0.000586236
7.58053e-10 0.000389232 0.000595667
7.58155e-10 0.000389473 0.00060468
7.58256e-10 0.000389715 0.00061326
7.58357e-10 0.000389956 0.000621391
7.58459e-10 0.000390196 0.000629062
7.5856e-10 0.000390433 0.000636258
7.58661e-10 0.000390667 0.000642967
7.58762e-10 0.000390895 0.000649179
7.58864e-10 0.000391118 0.000654883
7.58965e-10 0.000391335 0.000660068
7.59066e-10 0.000391543 0.000664728
7.59167e-10 0.000391743 0.000668853
7.59269e-10 0.000391934 0.000672437
7.5937e-10 0.000392114 0.000675474
7.59471e-10 0.000392283 0.00067796
7.59573e-10 0.00039244 0.000679889
7.59674e-10 0.000392584 0.000681259
7.59775e-10 0.000392715 0.000682069
7.59876e-10 0.000392831 0.000682316
7.59978e-10 0.000392933 0.000682
7.60079e-10 0.00039302 0.000681122
7.6018e-10 0.000393091 0.000679685
7.60281e-10 0.000393146 0.000677689
7.60383e-10 0.000393184 0.00067514
7.60484e-10 0.000393205 0.000672041
7.60585e-10 0.000393209 0.000668398
7.60687e-10 0.000393195 0.000664217
7.60788e-10 0.000393163 0.000659506
7.60889e-10 0.000393113 0.000654272
7.6099e-10 0.000393044 0.000648525
7.61092e-10 0.000392957 0.000642274
7.61193e-10 0.000392852 0.00063553
7.61294e-10 0.000392729 0.000628305
7.61395e-10 0.000392588 0.000620611
7.61497e-10 0.000392428 0.000612461
7.61598e-10 0.00039225 0.00060387
7.61699e-10 0.000392055 0.000594851
7.618e-10 0.000391843 0.00058542
7.61902e-10 0.000391613 0.000575594
7.62003e-10 0.000391366 0.000565389
7.62104e-10 0.000391104 0.000554822
7.62206e-10 0.000390825 0.000543911
7.62307e-10 0.000390532 0.000532675
7.62408e-10 0.000390223 0.000521134
7.62509e-10 0.000389901 0.000509306
7.62611e-10 0.000389565 0.000497212
7.62712e-10 0.000389216 0.000484872
7.62813e-10 0.000388855 0.000472308
7.62914e-10 0.000388483 0.000459541
7.63016e-10 0.000388101 0.000446592
7.63117e-10 0.000387709 0.000433485
7.63218e-10 0.000387308 0.00042024
7.6332e-10 0.000386899 0.000406881
7.63421e-10 0.000386483 0.000393431
7.63522e-10 0.000386062 0.000379912
7.63623e-10 0.000385635 0.000366348
7.63725e-10 0.000385205 0.000352762
7.63826e-10 0.000384771 0.000339177
7.63927e-10 0.000384335 0.000325617
7.64028e-10 0.000383899 0.000312105
7.6413e-10 0.000383462 0.000298663
7.64231e-10 0.000383027 0.000285317
7.64332e-10 0.000382594 0.000272087
7.64434e-10 0.000382165 0.000258998
7.64535e-10 0.00038174 0.000246072
7.64636e-10 0.00038132 0.000233332
7.64737e-10 0.000380907 0.000220799
7.64839e-10 0.000380502 0.000208496
7.6494e-10 0.000380106 0.000196443
7.65041e-10 0.000379719 0.000184663
7.65142e-10 0.000379344 0.000173176
7.65244e-10 0.00037898 0.000162003
7.65345e-10 0.00037863 0.000151162
7.65446e-10 0.000378293 0.000140674
7.65547e-10 0.000377972 0.000130558
7.65649e-10 0.000377666 0.00012083
7.6575e-10 0.000377378 0.00011151
7.65851e-10 0.000377107 0.000102614
7.65953e-10 0.000376855 9.41588e-05
7.66054e-10 0.000376623 8.61593e-05
7.66155e-10 0.000376411 7.86308e-05
7.66256e-10 0.00037622 7.15875e-05
7.66358e-10 0.000376051 6.50429e-05
7.66459e-10 0.000375905 5.90097e-05
7.6656e-10 0.000375783 5.34996e-05
7.66661e-10 0.000375685 4.85238e-05
7.66763e-10 0.000375611 4.40926e-05
7.66864e-10 0.000375562 4.02151e-05
7.66965e-10 0.00037554 3.69e-05
7.67067e-10 0.000375543 3.41548e-05
7.67168e-10 0.000375574 3.19863e-05
7.67269e-10 0.000375631 3.04003e-05
7.6737e-10 0.000375715 2.94015e-05
7.67472e-10 0.000375828 2.8994e-05
7.67573e-10 0.000375968 2.91808e-05
7.67674e-10 0.000376136 2.9964e-05
7.67775e-10 0.000376332 3.13446e-05
7.67877e-10 0.000376557 3.33228e-05
7.67978e-10 0.00037681 3.58979e-05
7.68079e-10 0.000377092 3.90681e-05
7.68181e-10 0.000377401 4.28307e-05
7.68282e-10 0.000377739 4.7182e-05
7.68383e-10 0.000378104 5.21176e-05
7.68484e-10 0.000378497 5.76318e-05
7.68586e-10 0.000378918 6.37183e-05
7.68687e-10 0.000379366 7.03695e-05
7.68788e-10 0.00037984 7.75773e-05
7.68889e-10 0.000380341 8.53325e-05
7.68991e-10 0.000380867 9.36249e-05
7.69092e-10 0.000381419 0.000102444
7.69193e-10 0.000381995 0.000111777
7.69294e-10 0.000382596 0.000121612
7.69396e-10 0.000383219 0.000131935
7.69497e-10 0.000383866 0.000142732
7.69598e-10 0.000384535 0.000153989
7.697e-10 0.000385224 0.000165688
7.69801e-10 0.000385935 0.000177814
7.69902e-10 0.000386664 0.000190349
7.70003e-10 0.000387413 0.000203276
7.70105e-10 0.000388179 0.000216575
7.70206e-10 0.000388962 0.000230227
7.70307e-10 0.00038976 0.000244213
7.70408e-10 0.000390574 0.000258512
7.7051e-10 0.000391401 0.000273103
7.70611e-10 0.00039224 0.000287964
7.70712e-10 0.000393092 0.000303074
7.70814e-10 0.000393954 0.000318409
7.70915e-10 0.000394825 0.000333948
7.71016e-10 0.000395705 0.000349667
7.71117e-10 0.000396591 0.000365542
7.71219e-10 0.000397484 0.000381549
7.7132e-10 0.000398381 0.000397665
7.71421e-10 0.000399282 0.000413864
7.71522e-10 0.000400186 0.000430123
7.71624e-10 0.000401091 0.000446416
7.71725e-10 0.000401996 0.000462718
7.71826e-10 0.0004029 0.000479005
7.71928e-10 0.000403802 0.000495252
7.72029e-10 0.000404701 0.000511433
7.7213e-10 0.000405596 0.000527523
7.72231e-10 0.000406485 0.000543498
7.72333e-10 0.000407367 0.000559333
7.72434e-10 0.000408242 0.000575003
7.72535e-10 0.000409108 0.000590484
7.72636e-10 0.000409965 0.000605751
7.72738e-10 0.000410811 0.00062078
7.72839e-10 0.000411645 0.000635548
7.7294e-10 0.000412466 0.000650031
7.73041e-10 0.000413275 0.000664207
7.73143e-10 0.000414068 0.000678052
7.73244e-10 0.000414847 0.000691545
7.73345e-10 0.00041561 0.000704665
7.73447e-10 0.000416356 0.000717389
7.73548e-10 0.000417084 0.000729698
7.73649e-10 0.000417795 0.000741571
7.7375e-10 0.000418487 0.000752989
7.73852e-10 0.000419159 0.000763934
7.73953e-10 0.000419812 0.000774388
7.74054e-10 0.000420445 0.000784332
7.74155e-10 0.000421057 0.000793752
7.74257e-10 0.000421648 0.00080263
7.74358e-10 0.000422218 0.000810952
7.74459e-10 0.000422766 0.000818704
7.74561e-10 0.000423292 0.000825873
7.74662e-10 0.000423797 0.000832446
7.74763e-10 0.000424279 0.000838412
7.74864e-10 0.00042474 0.000843759
7.74966e-10 0.000425178 0.000848479
7.75067e-10 0.000425595 0.000852563
7.75168e-10 0.00042599 0.000856003
7.75269e-10 0.000426363 0.000858792
7.75371e-10 0.000426715 0.000860925
7.75472e-10 0.000427046 0.000862397
7.75573e-10 0.000427357 0.000863203
7.75674e-10 0.000427647 0.000863343
7.75776e-10 0.000427918 0.000862813
7.75877e-10 0.00042817 0.000861613
7.75978e-10 0.000428403 0.000859745
7.7608e-10 0.000428618 0.000857209
7.76181e-10 0.000428816 0.000854008
7.76282e-10 0.000428998 0.000850146
7.76383e-10 0.000429164 0.000845628
7.76485e-10 0.000429316 0.000840459
7.76586e-10 0.000429454 0.000834647
7.76687e-10 0.000429578 0.000828199
7.76788e-10 0.000429691 0.000821124
7.7689e-10 0.000429794 0.000813433
7.76991e-10 0.000429886 0.000805136
7.77092e-10 0.00042997 0.000796246
7.77194e-10 0.000430046 0.000786775
7.77295e-10 0.000430117 0.000776738
7.77396e-10 0.000430182 0.00076615
7.77497e-10 0.000430243 0.000755026
7.77599e-10 0.000430302 0.000743384
7.777e-10 0.00043036 0.000731242
7.77801e-10 0.000430418 0.000718618
7.77902e-10 0.000430477 0.000705532
7.78004e-10 0.00043054 0.000692004
7.78105e-10 0.000430606 0.000678055
7.78206e-10 0.000430679 0.000663708
7.78308e-10 0.000430758 0.000648985
7.78409e-10 0.000430846 0.00063391
7.7851e-10 0.000430944 0.000618507
7.78611e-10 0.000431053 0.000602801
7.78713e-10 0.000431175 0.000586817
7.78814e-10 0.000431311 0.000570582
7.78915e-10 0.000431463 0.000554122
7.79016e-10 0.000431632 0.000537464
7.79118e-10 0.000431819 0.000520637
7.79219e-10 0.000432026 0.000503667
7.7932e-10 0.000432254 0.000486583
7.79421e-10 0.000432505 0.000469416
7.79523e-10 0.000432779 0.000452192
7.79624e-10 0.000433078 0.000434943
7.79725e-10 0.000433404 0.000417697
7.79827e-10 0.000433757 0.000400485
7.79928e-10 0.000434139 0.000383337
7.80029e-10 0.000434551 0.000366283
7.8013e-10 0.000434994 0.000349352
7.80232e-10 0.000435468 0.000332576
7.80333e-10 0.000435976 0.000315984
7.80434e-10 0.000436518 0.000299607
7.80535e-10 0.000437095 0.000283474
7.80637e-10 0.000437707 0.000267616
7.80738e-10 0.000438357 0.000252062
7.80839e-10 0.000439043 0.000236841
7.80941e-10 0.000439768 0.000221983
7.81042e-10 0.000440531 0.000207516
7.81143e-10 0.000441334 0.000193469
7.81244e-10 0.000442176 0.000179869
7.81346e-10 0.000443059 0.000166745
7.81447e-10 0.000443983 0.000154122
7.81548e-10 0.000444947 0.000142027
7.81649e-10 0.000445953 0.000130487
7.81751e-10 0.000447 0.000119526
7.81852e-10 0.000448088 0.000109168
7.81953e-10 0.000449219 9.94377e-05
7.82055e-10 0.00045039 9.03575e-05
7.82156e-10 0.000451603 8.19496e-05
7.82257e-10 0.000452858 7.42352e-05
7.82358e-10 0.000454153 6.72348e-05
7.8246e-10 0.000455489 6.09678e-05
7.82561e-10 0.000456866 5.54527e-05
7.82662e-10 0.000458282 5.07071e-05
7.82763e-10 0.000459737 4.67474e-05
7.82865e-10 0.000461231 4.35892e-05
7.82966e-10 0.000462763 4.12467e-05
7.83067e-10 0.000464333 3.97333e-05
7.83168e-10 0.000465938 3.90612e-05
7.8327e-10 0.00046758 3.92412e-05
7.83371e-10 0.000469255 4.02833e-05
7.83472e-10 0.000470965 4.21959e-05
7.83574e-10 0.000472707 4.49866e-05
7.83675e-10 0.00047448 4.86613e-05
7.83776e-10 0.000476283 5.3225e-05
7.83877e-10 0.000478115 5.86812e-05
7.83979e-10 0.000479975 6.50323e-05
7.8408e-10 0.000481861 7.22792e-05
7.84181e-10 0.000483771 8.04216e-05
7.84282e-10 0.000485705 8.94579e-05
7.84384e-10 0.000487661 9.93851e-05
7.84485e-10 0.000489637 0.000110199
7.84586e-10 0.000491631 0.000121894
7.84688e-10 0.000493642 0.000134462
7.84789e-10 0.000495668 0.000147897
7.8489e-10 0.000497708 0.000162187
7.84991e-10 0.00049976 0.000177322
7.85093e-10 0.000501821 0.00019329
7.85194e-10 0.000503891 0.000210078
7.85295e-10 0.000505967 0.000227669
7.85396e-10 0.000508048 0.000246048
7.85498e-10 0.000510131 0.000265198
7.85599e-10 0.000512215 0.000285099
7.857e-10 0.000514298 0.000305733
7.85802e-10 0.000516378 0.000327076
7.85903e-10 0.000518454 0.000349108
7.86004e-10 0.000520522 0.000371804
7.86105e-10 0.000522583 0.00039514
7.86207e-10 0.000524633 0.00041909
7.86308e-10 0.000526671 0.000443627
7.86409e-10 0.000528695 0.000468723
7.8651e-10 0.000530704 0.000494348
7.86612e-10 0.000532695 0.000520474
7.86713e-10 0.000534667 0.000547068
7.86814e-10 0.000536618 0.000574099
7.86915e-10 0.000538547 0.000601534
7.87017e-10 0.000540452 0.00062934
7.87118e-10 0.000542331 0.000657481
7.87219e-10 0.000544183 0.000685923
7.87321e-10 0.000546007 0.000714631
7.87422e-10 0.000547801 0.000743566
7.87523e-10 0.000549564 0.000772693
7.87624e-10 0.000551295 0.000801973
7.87726e-10 0.000552992 0.000831368
7.87827e-10 0.000554654 0.00086084
7.87928e-10 0.000556281 0.000890349
7.88029e-10 0.000557871 0.000919856
7.88131e-10 0.000559423 0.00094932
7.88232e-10 0.000560938 0.000978703
7.88333e-10 0.000562413 0.00100796
7.88435e-10 0.000563848 0.00103706
7.88536e-10 0.000565243 0.00106596
7.88637e-10 0.000566598 0.00109461
7.88738e-10 0.000567911 0.00112298
7.8884e-10 0.000569183 0.00115102
7.88941e-10 0.000570414 0.0011787
7.89042e-10 0.000571603 0.00120597
7.89143e-10 0.000572751 0.00123281
7.89245e-10 0.000573857 0.00125915
7.89346e-10 0.000574922 0.00128498
7.89447e-10 0.000575947 0.00131025
7.89548e-10 0.000576931 0.00133491
7.8965e-10 0.000577875 0.00135894
7.89751e-10 0.000578781 0.0013823
7.89852e-10 0.000579648 0.00140496
7.89954e-10 0.000580477 0.00142686
7.90055e-10 0.00058127 0.00144799
7.90156e-10 0.000582028 0.00146831
7.90257e-10 0.000582751 0.00148778
7.90359e-10 0.000583442 0.00150638
7.9046e-10 0.0005841 0.00152407
7.90561e-10 0.000584729 0.00154083
7.90662e-10 0.000585328 0.00155662
7.90764e-10 0.000585901 0.00157142
7.90865e-10 0.000586449 0.0015852
7.90966e-10 0.000586973 0.00159795
7.91068e-10 0.000587476 0.00160962
7.91169e-10 0.000587959 0.00162021
7.9127e-10 0.000588425 0.00162969
7.91371e-10 0.000588876 0.00163805
7.91473e-10 0.000589314 0.00164526
7.91574e-10 0.000589742 0.00165131
7.91675e-10 0.000590161 0.00165619
7.91776e-10 0.000590574 0.00165989
7.91878e-10 0.000590985 0.00166238
7.91979e-10 0.000591395 0.00166367
7.9208e-10 0.000591806 0.00166374
7.92182e-10 0.000592223 0.0016626
7.92283e-10 0.000592647 0.00166023
7.92384e-10 0.000593081 0.00165664
7.92485e-10 0.000593529 0.00165182
7.92587e-10 0.000593992 0.00164577
7.92688e-10 0.000594474 0.00163851
7.92789e-10 0.000594977 0.00163002
7.9289e-10 0.000595506 0.00162033
7.92992e-10 0.000596061 0.00160944
7.93093e-10 0.000596647 0.00159737
7.93194e-10 0.000597267 0.00158411
7.93295e-10 0.000597922 0.0015697
7.93397e-10 0.000598617 0.00155414
7.93498e-10 0.000599353 0.00153746
7.93599e-10 0.000600135 0.00151968
7.93701e-10 0.000600964 0.00150081
7.93802e-10 0.000601844 0.00148088
7.93903e-10 0.000602777 0.00145993
7.94004e-10 0.000603766 0.00143797
7.94106e-10 0.000604813 0.00141504
7.94207e-10 0.000605922 0.00139117
7.94308e-10 0.000607095 0.00136639
7.94409e-10 0.000608333 0.00134074
7.94511e-10 0.000609641 0.00131425
7.94612e-10 0.000611019 0.00128697
7.94713e-10 0.00061247 0.00125893
7.94815e-10 0.000613997 0.00123018
7.94916e-10 0.000615601 0.00120076
7.95017e-10 0.000617285 0.00117072
7.95118e-10 0.000619049 0.0011401
7.9522e-10 0.000620896 0.00110894
7.95321e-10 0.000622828 0.00107731
7.95422e-10 0.000624846 0.00104525
7.95523e-10 0.000626951 0.00101281
7.95625e-10 0.000629144 0.000980053
7.95726e-10 0.000631427 0.000947023
7.95827e-10 0.000633801 0.00091378
7.95929e-10 0.000636266 0.00088038
7.9603e-10 0.000638823 0.000846882
7.96131e-10 0.000641473 0.000813343
7.96232e-10 0.000644216 0.000779824
7.96334e-10 0.000647052 0.000746385
7.96435e-10 0.000649981 0.000713085
7.96536e-10 0.000653003 0.000679987
7.96637e-10 0.000656118 0.000647153
7.96739e-10 0.000659325 0.000614646
7.9684e-10 0.000662625 0.000582527
7.96941e-10 0.000666015 0.00055086
7.97042e-10 0.000669496 0.000519708
7.97144e-10 0.000673066 0.000489135
7.97245e-10 0.000676723 0.000459204
7.97346e-10 0.000680467 0.000429979
7.97448e-10 0.000684296 0.000401522
7.97549e-10 0.000688208 0.000373897
7.9765e-10 0.000692201 0.000347165
7.97751e-10 0.000696273 0.00032139
7.97853e-10 0.000700422 0.000296633
7.97954e-10 0.000704645 0.000272955
7.98055e-10 0.00070894 0.000250417
7.98156e-10 0.000713304 0.000229077
7.98258e-10 0.000717734 0.000208995
7.98359e-10 0.000722227 0.000190229
7.9846e-10 0.000726781 0.000172835
7.98562e-10 0.00073139 0.000156868
7.98663e-10 0.000736053 0.000142384
7.98764e-10 0.000740765 0.000129434
7.98865e-10 0.000745523 0.000118071
7.98967e-10 0.000750323 0.000108344
7.99068e-10 0.000755161 0.000100302
7.99169e-10 0.000760032 9.39914e-05
7.9927e-10 0.000764933 8.94576e-05
7.99372e-10 0.000769859 8.67435e-05
7.99473e-10 0.000774806 8.58902e-05
7.99574e-10 0.00077977 8.69371e-05
7.99676e-10 0.000784745 8.9921e-05
7.99777e-10 0.000789727 9.4877e-05
7.99878e-10 0.000794711 0.000101838
7.99979e-10 0.000799693 0.000110834
8.00081e-10 0.000804667 0.000121893
8.00182e-10 0.000809629 0.00013504
8.00283e-10 0.000814574 0.000150299
8.00384e-10 0.000819497 0.00016769
8.00486e-10 0.000824393 0.000187231
8.00587e-10 0.000829257 0.000208937
8.00688e-10 0.000834083 0.000232821
8.00789e-10 0.000838868 0.00025889
8.00891e-10 0.000843605 0.000287154
8.00992e-10 0.000848291 0.000317614
8.01093e-10 0.00085292 0.000350273
8.01195e-10 0.000857487 0.000385128
8.01296e-10 0.000861988 0.000422173
8.01397e-10 0.000866418 0.000461401
8.01498e-10 0.000870772 0.000502801
8.016e-10 0.000875045 0.000546357
8.01701e-10 0.000879234 0.000592053
8.01802e-10 0.000883334 0.000639868
8.01903e-10 0.00088734 0.000689778
8.02005e-10 0.000891249 0.000741756
8.02106e-10 0.000895057 0.000795773
8.02207e-10 0.000898759 0.000851795
8.02309e-10 0.000902353 0.000909786
8.0241e-10 0.000905834 0.000969706
8.02511e-10 0.000909199 0.00103151
8.02612e-10 0.000912445 0.00109516
8.02714e-10 0.00091557 0.0011606
8.02815e-10 0.00091857 0.00122778
8.02916e-10 0.000921444 0.00129665
8.03017e-10 0.000924187 0.00136714
8.03119e-10 0.0009268 0.0014392
8.0322e-10 0.000929279 0.00151276
8.03321e-10 0.000931623 0.00158777
8.03422e-10 0.00093383 0.00166413
8.03524e-10 0.000935901 0.0017418
8.03625e-10 0.000937833 0.00182068
8.03726e-10 0.000939626 0.00190071
8.03828e-10 0.00094128 0.00198179
8.03929e-10 0.000942795 0.00206386
8.0403e-10 0.000944172 0.00214683
8.04131e-10 0.000945409 0.0022306
8.04233e-10 0.00094651 0.0023151
8.04334e-10 0.000947474 0.00240022
8.04435e-10 0.000948302 0.00248588
8.04536e-10 0.000948998 0.00257197
8.04638e-10 0.000949563 0.00265841
8.04739e-10 0.000949999 0.00274509
8.0484e-10 0.000950308 0.00283191
8.04942e-10 0.000950495 0.00291878
8.05043e-10 0.000950561 0.00300558
8.05144e-10 0.000950511 0.00309221
8.05245e-10 0.000950349 0.00317857
8.05347e-10 0.000950079 0.00326455
8.05448e-10 0.000949704 0.00335004
8.05549e-10 0.000949231 0.00343494
8.0565e-10 0.000948663 0.00351914
8.05752e-10 0.000948007 0.00360252
8.05853e-10 0.000947269 0.00368498
8.05954e-10 0.000946453 0.0037664
8.06056e-10 0.000945566 0.00384669
8.06157e-10 0.000944615 0.00392572
8.06258e-10 0.000943607 0.00400339
8.06359e-10 0.000942548 0.0040796
8.06461e-10 0.000941446 0.00415423
8.06562e-10 0.000940308 0.00422717
8.06663e-10 0.000939142 0.00429833
8.06764e-10 0.000937955 0.00436759
8.06866e-10 0.000936757 0.00443485
8.06967e-10 0.000935555 0.00450001
8.07068e-10 0.000934357 0.00456297
8.07169e-10 0.000933173 0.00462363
8.07271e-10 0.000932012 0.0046819
8.07372e-10 0.000930881 0.00473767
8.07473e-10 0.000929791 0.00479086
8.07575e-10 0.000928751 0.00484137
8.07676e-10 0.000927769 0.00488913
8.07777e-10 0.000926856 0.00493404
8.07878e-10 0.000926021 0.00497602
8.0798e-10 0.000925274 0.00501499
8.08081e-10 0.000924623 0.00505089
8.08182e-10 0.000924079 0.00508363
8.08283e-10 0.000923651 0.00511314
8.08385e-10 0.000923349 0.00513938
8.08486e-10 0.000923182 0.00516227
8.08587e-10 0.00092316 0.00518175
8.08689e-10 0.000923292 0.00519778
8.0879e-10 0.000923588 0.0052103
8.08891e-10 0.000924057 0.00521928
8.08992e-10 0.000924708 0.00522467
8.09094e-10 0.00092555 0.00522644
8.09195e-10 0.000926592 0.00522456
8.09296e-10 0.000927843 0.005219
8.09397e-10 0.00092931 0.00520975
8.09499e-10 0.000931002 0.0051968
8.096e-10 0.000932927 0.00518012
8.09701e-10 0.000935093 0.00515972
8.09803e-10 0.000937507 0.00513561
8.09904e-10 0.000940177 0.00510778
8.10005e-10 0.000943108 0.00507625
8.10106e-10 0.000946308 0.00504105
8.10208e-10 0.000949782 0.00500219
8.10309e-10 0.000953537 0.00495971
8.1041e-10 0.000957577 0.00491364
8.10511e-10 0.000961908 0.00486403
8.10613e-10 0.000966534 0.00481092
8.10714e-10 0.000971458 0.00475438
8.10815e-10 0.000976686 0.00469445
8.10916e-10 0.000982219 0.00463122
8.11018e-10 0.00098806 0.00456474
8.11119e-10 0.000994212 0.00449511
8.1122e-10 0.00100068 0.00442241
8.11322e-10 0.00100745 0.00434673
8.11423e-10 0.00101454 0.00426817
8.11524e-10 0.00102194 0.00418683
8.11625e-10 0.00102966 0.00410283
8.11727e-10 0.00103769 0.00401628
8.11828e-10 0.00104602 0.00392731
8.11929e-10 0.00105467 0.00383604
8.1203e-10 0.00106362 0.0037426
8.12132e-10 0.00107286 0.00364715
8.12233e-10 0.00108241 0.00354982
8.12334e-10 0.00109224 0.00345078
8.12436e-10 0.00110237 0.00335016
8.12537e-10 0.00111277 0.00324815
8.12638e-10 0.00112344 0.00314491
8.12739e-10 0.00113438 0.0030406
8.12841e-10 0.00114557 0.00293542
8.12942e-10 0.00115701 0.00282955
8.13043e-10 0.00116869 0.00272317
8.13144e-10 0.0011806 0.00261647
8.13246e-10 0.00119273 0.00250967
8.13347e-10 0.00120507 0.00240294
8.13448e-10 0.0012176 0.00229652
8.1355e-10 0.00123031 0.0021906
8.13651e-10 0.00124319 0.00208539
8.13752e-10 0.00125622 0.00198112
8.13853e-10 0.0012694 0.00187801
8.13955e-10 0.0012827 0.00177628
8.14056e-10 0.00129612 0.00167615
8.14157e-10 0.00130963 0.00157786
8.14258e-10 0.00132321 0.00148164
8.1436e-10 0.00133686 0.00138771
8.14461e-10 0.00135056 0.00129632
8.14562e-10 0.00136428 0.0012077
8.14663e-10 0.001378 0.00112209
8.14765e-10 0.00139172 0.00103972
8.14866e-10 0.00140541 0.00096084
8.14967e-10 0.00141904 0.000885686
8.15069e-10 0.00143261 0.000814496
8.1517e-10 0.00144609 0.00074751
8.15271e-10 0.00145946 0.000684965
8.15372e-10 0.0014727 0.000627099
8.15474e-10 0.00148579 0.000574148
8.15575e-10 0.00149871 0.000526347
8.15676e-10 0.00151143 0.000483927
8.15777e-10 0.00152394 0.000447118
8.15879e-10 0.00153621 0.000416147
8.1598e-10 0.00154823 0.00039124
8.16081e-10 0.00155997 0.000372616
8.16183e-10 0.0015714 0.000360493
8.16284e-10 0.00158252 0.000355083
8.16385e-10 0.00159329 0.000356595
8.16486e-10 0.00160371 0.000365233
8.16588e-10 0.00161373 0.000381195
8.16689e-10 0.00162335 0.000404675
8.1679e-10 0.00163255 0.000435858
8.16891e-10 0.0016413 0.000474926
8.16993e-10 0.00164959 0.000522054
8.17094e-10 0.00165739 0.000577407
8.17195e-10 0.00166468 0.000641147
8.17296e-10 0.00167146 0.000713425
8.17398e-10 0.00167769 0.000794386
8.17499e-10 0.00168337 0.000884166
8.176e-10 0.00168848 0.000982891
8.17702e-10 0.00169299 0.00109068
8.17803e-10 0.0016969 0.00120764
8.17904e-10 0.00170019 0.00133388
8.18005e-10 0.00170284 0.00146947
8.18107e-10 0.00170484 0.0016145
8.18208e-10 0.00170619 0.00176905
8.18309e-10 0.00170686 0.00193315
8.1841e-10 0.00170685 0.00210687
8.18512e-10 0.00170615 0.00229024
8.18613e-10 0.00170475 0.00248328
8.18714e-10 0.00170264 0.002686
8.18816e-10 0.00169981 0.00289839
8.18917e-10 0.00169627 0.00312046
8.19018e-10 0.00169199 0.00335216
8.19119e-10 0.00168699 0.00359347
8.19221e-10 0.00168126 0.00384433
8.19322e-10 0.00167479 0.00410467
8.19423e-10 0.0016676 0.00437441
8.19524e-10 0.00165967 0.00465347
8.19626e-10 0.00165101 0.00494174
8.19727e-10 0.00164163 0.0052391
8.19828e-10 0.00163153 0.00554541
8.1993e-10 0.00162071 0.00586054
8.20031e-10 0.00160919 0.0061843
8.20132e-10 0.00159697 0.00651654
8.20233e-10 0.00158407 0.00685706
8.20335e-10 0.00157049 0.00720566
8.20436e-10 0.00155625 0.00756211
8.20537e-10 0.00154136 0.00792619
8.20638e-10 0.00152584 0.00829766
8.2074e-10 0.0015097 0.00867624
8.20841e-10 0.00149297 0.00906167
8.20942e-10 0.00147566 0.00945366
8.21043e-10 0.00145779 0.0098519
8.21145e-10 0.00143938 0.0102561
8.21246e-10 0.00142046 0.0106659
8.21347e-10 0.00140106 0.011081
8.21449e-10 0.00138119 0.0115009
8.2155e-10 0.00136089 0.0119255
8.21651e-10 0.00134017 0.0123542
8.21752e-10 0.00131908 0.0127866
8.21854e-10 0.00129764 0.0132225
8.21955e-10 0.00127589 0.0136613
8.22056e-10 0.00125384 0.0141026
8.22157e-10 0.00123155 0.014546
8.22259e-10 0.00120904 0.014991
8.2236e-10 0.00118634 0.0154372
8.22461e-10 0.0011635 0.0158842
8.22563e-10 0.00114054 0.0163313
8.22664e-10 0.00111751 0.0167782
8.22765e-10 0.00109445 0.0172244
8.22866e-10 0.00107138 0.0176693
8.22968e-10 0.00104836 0.0181124
8.23069e-10 0.00102542 0.0185533
8.2317e-10 0.00100261 0.0189913
8.23271e-10 0.000979949 0.0194261
8.23373e-10 0.000957495 0.0198569
8.23474e-10 0.000935285 0.0202834
8.23575e-10 0.000913359 0.0207049
8.23677e-10 0.000891759 0.0211209
8.23778e-10 0.000870526 0.0215309
8.23879e-10 0.000849701 0.0219344
8.2398e-10 0.000829327 0.0223307
8.24082e-10 0.000809443 0.0227193
8.24183e-10 0.000790091 0.0230998
8.24284e-10 0.000771312 0.0234714
8.24385e-10 0.000753145 0.0238338
8.24487e-10 0.00073563 0.0241864
8.24588e-10 0.000718806 0.0245285
8.24689e-10 0.000702713 0.0248598
8.2479e-10 0.000687389 0.0251797
8.24892e-10 0.00067287 0.0254876
8.24993e-10 0.000659193 0.0257831
8.25094e-10 0.000646395 0.0260657
8.25196e-10 0.00063451 0.0263348
8.25297e-10 0.000623573 0.02659
8.25398e-10 0.000613616 0.0268309
8.25499e-10 0.000604672 0.027057
8.25601e-10 0.000596772 0.0272678
8.25702e-10 0.000589945 0.0274629
8.25803e-10 0.00058422 0.0276419
8.25904e-10 0.000579626 0.0278044
8.26006e-10 0.000576188 0.02795
8.26107e-10 0.000573932 0.0280785
8.26208e-10 0.000572881 0.0281893
8.2631e-10 0.000573059 0.0282823
8.26411e-10 0.000574486 0.0283571
8.26512e-10 0.000577182 0.0284135
8.26613e-10 0.000581167 0.0284511
8.26715e-10 0.000586458 0.0284698
8.26816e-10 0.000593071 0.0284694
8.26917e-10 0.000601021 0.0284496
8.27018e-10 0.000610322 0.0284104
8.2712e-10 0.000620985 0.0283516
8.27221e-10 0.000633023 0.028273
8.27322e-10 0.000646446 0.0281747
8.27424e-10 0.000661262 0.0280566
8.27525e-10 0.00067748 0.0279187
8.27626e-10 0.000695106 0.027761
8.27727e-10 0.000714148 0.0275835
8.27829e-10 0.000734609 0.0273864
8.2793e-10 0.000756494 0.0271697
8.28031e-10 0.000779809 0.0269337
8.28132e-10 0.000804554 0.0266785
8.28234e-10 0.000830735 0.0264043
8.28335e-10 0.000858352 0.0261113
8.28436e-10 0.000887408 0.0258
8.28537e-10 0.000917906 0.0254705
8.28639e-10 0.000949847 0.0251233
8.2874e-10 0.000983234 0.0247588
8.28841e-10 0.00101807 0.0243774
8.28943e-10 0.00105435 0.0239795
8.29044e-10 0.00109209 0.0235657
8.29145e-10 0.00113129 0.0231366
8.29246e-10 0.00117195 0.0226927
8.29348e-10 0.00121409 0.0222347
8.29449e-10 0.0012577 0.0217631
8.2955e-10 0.00130279 0.0212788
8.29651e-10 0.00134938 0.0207825
8.29753e-10 0.00139748 0.0202748
8.29854e-10 0.00144711 0.0197567
8.29955e-10 0.00149827 0.0192289
8.30057e-10 0.00155099 0.0186924
8.30158e-10 0.00160528 0.0181481
8.30259e-10 0.00166118 0.0175969
8.3036e-10 0.0017187 0.0170398
8.30462e-10 0.00177788 0.0164778
8.30563e-10 0.00183875 0.0159121
8.30664e-10 0.00190135 0.0153435
8.30765e-10 0.00196571 0.0147733
8.30867e-10 0.00203187 0.0142027
8.30968e-10 0.00209989 0.0136327
8.31069e-10 0.00216982 0.0130646
8.31171e-10 0.0022417 0.0124996
8.31272e-10 0.0023156 0.0119389
8.31373e-10 0.00239158 0.0113839
8.31474e-10 0.00246972 0.0108358
8.31576e-10 0.00255007 0.0102959
8.31677e-10 0.00263272 0.00976558
8.31778e-10 0.00271776 0.00924617
8.31879e-10 0.00280525 0.00873904
8.31981e-10 0.00289531 0.00824557
8.32082e-10 0.00298802 0.00776715
8.32183e-10 0.00308348 0.00730519
8.32284e-10 0.0031818 0.00686108
8.32386e-10 0.00328308 0.00643625
8.32487e-10 0.00338745 0.00603211
8.32588e-10 0.00349502 0.00565008
8.3269e-10 0.00360591 0.00529158
8.32791e-10 0.00372025 0.00495803
8.32892e-10 0.00383817 0.00465083
8.32993e-10 0.00395981 0.00437139
8.33095e-10 0.00408531 0.0041211
8.33196e-10 0.0042148 0.00390134
8.33297e-10 0.00434843 0.00371346
8.33398e-10 0.00448635 0.00355881
8.335e-10 0.00462871 0.00343872
8.33601e-10 0.00477567 0.00335448
8.33702e-10 0.00492736 0.00330737
8.33804e-10 0.00508395 0.00329863
8.33905e-10 0.0052456 0.00332947
8.34006e-10 0.00541245 0.00340107
8.34107e-10 0.00558466 0.00351457
8.34209e-10 0.00576239 0.00367106
8.3431e-10 0.00594578 0.00387162
8.34411e-10 0.00613498 0.00411723
8.34512e-10 0.00633014 0.00440888
8.34614e-10 0.00653141 0.00474747
8.34715e-10 0.00673891 0.00513386
8.34816e-10 0.00695278 0.00556884
8.34917e-10 0.00717314 0.00605316
8.35019e-10 0.00740012 0.00658749
8.3512e-10 0.00763382 0.00717246
8.35221e-10 0.00787434 0.0078086
8.35323e-10 0.00812178 0.0084964
8.35424e-10 0.00837622 0.00923626
8.35525e-10 0.00863772 0.0100285
8.35626e-10 0.00890634 0.0108734
8.35728e-10 0.00918212 0.0117711
8.35829e-10 0.0094651 0.0127217
8.3593e-10 0.00975527 0.0137252
8.36031e-10 0.0100527 0.0147816
8.36133e-10 0.0103572 0.0158907
8.36234e-10 0.0106689 0.0170522
8.36335e-10 0.0109876 0.0182658
8.36437e-10 0.0113134 0.0195311
8.36538e-10 0.011646 0.0208475
8.36639e-10 0.0119854 0.0222144
8.3674e-10 0.0123314 0.0236312
8.36842e-10 0.0126839 0.0250969
8.36943e-10 0.0130425 0.0266108
8.37044e-10 0.0134072 0.0281718
8.37145e-10 0.0137776 0.0297788
8.37247e-10 0.0141535 0.0314306
8.37348e-10 0.0145346 0.033126
8.37449e-10 0.0149205 0.0348635
8.37551e-10 0.0153108 0.0366418
8.37652e-10 0.0157052 0.0384591
8.37753e-10 0.0161032 0.0403138
8.37854e-10 0.0165043 0.0422043
8.37956e-10 0.0169081 0.0441286
8.38057e-10 0.017314 0.0460847
8.38158e-10 0.0177216 0.0480708
8.38259e-10 0.0181301 0.0500845
8.38361e-10 0.018539 0.0521239
8.38462e-10 0.0189476 0.0541865
8.38563e-10 0.0193553 0.0562701
8.38664e-10 0.0197614 0.0583721
8.38766e-10 0.020165 0.0604902
8.38867e-10 0.0205655 0.0626216
8.38968e-10 0.020962 0.0647639
8.3907e-10 0.0213538 0.0669143
8.39171e-10 0.02174 0.06907
8.39272e-10 0.0221197 0.0712283
8.39373e-10 0.022492 0.0733862
8.39475e-10 0.0228561 0.075541
8.39576e-10 0.023211 0.0776896
8.39677e-10 0.0235558 0.0798292
8.39778e-10 0.0238895 0.0819567
8.3988e-10 0.0242112 0.0840691
