6.9e-10 0.0149253 0.0472739
6.90101e-10 0.0146438 0.047783
6.90203e-10 0.0143624 0.0482556
6.90304e-10 0.0140813 0.0486908
6.90405e-10 0.0138006 0.0490882
6.90506e-10 0.0135206 0.0494469
6.90608e-10 0.0132415 0.0497666
6.90709e-10 0.0129633 0.0500468
6.9081e-10 0.0126864 0.0502872
6.90911e-10 0.0124109 0.0504876
6.91013e-10 0.0121371 0.0506477
6.91114e-10 0.011865 0.0507676
6.91215e-10 0.011595 0.0508472
6.91317e-10 0.0113272 0.0508867
6.91418e-10 0.0110619 0.0508862
6.91519e-10 0.0107992 0.050846
6.9162e-10 0.0105394 0.0507665
6.91722e-10 0.0102827 0.0506479
6.91823e-10 0.0100292 0.0504909
6.91924e-10 0.00977926 0.0502959
6.92025e-10 0.00953297 0.0500636
6.92127e-10 0.00929056 0.0497947
6.92228e-10 0.00905222 0.0494897
6.92329e-10 0.00881814 0.0491497
6.9243e-10 0.00858851 0.0487754
6.92532e-10 0.0083635 0.0483676
6.92633e-10 0.00814329 0.0479274
6.92734e-10 0.00792804 0.0474557
6.92836e-10 0.0077179 0.0469536
6.92937e-10 0.00751303 0.0464221
6.93038e-10 0.00731357 0.0458623
6.93139e-10 0.00711965 0.0452754
6.93241e-10 0.0069314 0.0446625
6.93342e-10 0.00674892 0.0440249
6.93443e-10 0.00657233 0.0433636
6.93544e-10 0.00640172 0.0426801
6.93646e-10 0.00623716 0.0419754
6.93747e-10 0.00607875 0.041251
6.93848e-10 0.00592654 0.040508
6.9395e-10 0.00578058 0.0397478
6.94051e-10 0.00564092 0.0389716
6.94152e-10 0.00550759 0.0381808
6.94253e-10 0.00538061 0.0373767
6.94355e-10 0.00525999 0.0365605
6.94456e-10 0.00514573 0.0357335
6.94557e-10 0.00503781 0.0348971
6.94658e-10 0.00493623 0.0340525
6.9476e-10 0.00484093 0.033201
6.94861e-10 0.00475189 0.0323439
6.94962e-10 0.00466904 0.0314823
6.95064e-10 0.00459233 0.0306175
6.95165e-10 0.00452168 0.0297507
6.95266e-10 0.00445701 0.0288832
6.95367e-10 0.00439823 0.028016
6.95469e-10 0.00434524 0.0271502
6.9557e-10 0.00429793 0.0262871
6.95671e-10 0.00425619 0.0254277
6.95772e-10 0.00421989 0.024573
6.95874e-10 0.0041889 0.0237242
6.95975e-10 0.00416308 0.022882
6.96076e-10 0.00414228 0.0220476
6.96177e-10 0.00412637 0.0212219
6.96279e-10 0.00411517 0.0204057
6.9638e-10 0.00410852 0.0196
6.96481e-10 0.00410627 0.0188055
6.96583e-10 0.00410823 0.018023
6.96684e-10 0.00411423 0.0172534
6.96785e-10 0.0041241 0.0164972
6.96886e-10 0.00413764 0.0157553
6.96988e-10 0.00415469 0.0150282
6.97089e-10 0.00417503 0.0143166
6.9719e-10 0.0041985 0.0136209
6.97291e-10 0.0042249 0.0129418
6.97393e-10 0.00425403 0.0122797
6.97494e-10 0.00428572 0.0116352
6.97595e-10 0.00431975 0.0110085
6.97697e-10 0.00435595 0.0104001
6.97798e-10 0.00439412 0.00981028
6.97899e-10 0.00443407 0.00923942
6.98e-10 0.00447561 0.00868775
6.98102e-10 0.00451856 0.0081555
6.98203e-10 0.00456274 0.00764286
6.98304e-10 0.00460795 0.00714999
6.98405e-10 0.00465403 0.00667702
6.98507e-10 0.00470079 0.00622404
6.98608e-10 0.00474807 0.00579111
6.98709e-10 0.00479569 0.00537825
6.9881e-10 0.0048435 0.00498545
6.98912e-10 0.00489132 0.00461267
6.99013e-10 0.00493901 0.00425986
6.99114e-10 0.00498641 0.0039269
6.99216e-10 0.00503338 0.00361367
6.99317e-10 0.00507977 0.00332002
6.99418e-10 0.00512545 0.00304578
6.99519e-10 0.00517029 0.00279072
6.99621e-10 0.00521416 0.00255463
6.99722e-10 0.00525694 0.00233724
6.99823e-10 0.00529853 0.00213828
6.99924e-10 0.0053388 0.00195745
7.00026e-10 0.00537766 0.00179443
7.00127e-10 0.00541502 0.00164888
7.00228e-10 0.00545077 0.00152044
7.0033e-10 0.00548484 0.00140874
7.00431e-10 0.00551715 0.00131338
7.00532e-10 0.00554763 0.00123395
7.00633e-10 0.00557621 0.00117004
7.00735e-10 0.00560283 0.00112121
7.00836e-10 0.00562743 0.00108701
7.00937e-10 0.00564998 0.00106698
7.01038e-10 0.00567041 0.00106064
7.0114e-10 0.00568871 0.00106753
7.01241e-10 0.00570483 0.00108715
7.01342e-10 0.00571876 0.00111901
7.01444e-10 0.00573046 0.00116261
7.01545e-10 0.00573994 0.00121743
7.01646e-10 0.00574717 0.00128298
7.01747e-10 0.00575215 0.00135873
7.01849e-10 0.00575489 0.00144417
7.0195e-10 0.00575539 0.00153878
7.02051e-10 0.00575366 0.00164203
7.02152e-10 0.00574972 0.00175342
7.02254e-10 0.00574358 0.00187241
7.02355e-10 0.00573527 0.0019985
7.02456e-10 0.00572481 0.00213117
7.02557e-10 0.00571224 0.0022699
7.02659e-10 0.00569759 0.00241419
7.0276e-10 0.00568091 0.00256353
7.02861e-10 0.00566223 0.00271743
7.02963e-10 0.00564159 0.00287539
7.03064e-10 0.00561905 0.00303693
7.03165e-10 0.00559466 0.00320158
7.03266e-10 0.00556847 0.00336885
7.03368e-10 0.00554054 0.00353829
7.03469e-10 0.00551092 0.00370944
7.0357e-10 0.00547967 0.00388186
7.03671e-10 0.00544686 0.00405511
7.03773e-10 0.00541255 0.00422878
7.03874e-10 0.00537681 0.00440244
7.03975e-10 0.0053397 0.00457569
7.04077e-10 0.00530128 0.00474815
7.04178e-10 0.00526164 0.00491943
7.04279e-10 0.00522083 0.00508917
7.0438e-10 0.00517893 0.00525701
7.04482e-10 0.005136 0.0054226
7.04583e-10 0.00509213 0.00558563
7.04684e-10 0.00504737 0.00574577
7.04785e-10 0.0050018 0.00590271
7.04887e-10 0.00495549 0.00605617
7.04988e-10 0.00490851 0.00620587
7.05089e-10 0.00486093 0.00635155
7.05191e-10 0.00481282 0.00649296
7.05292e-10 0.00476425 0.00662986
7.05393e-10 0.00471528 0.00676203
7.05494e-10 0.00466599 0.00688927
7.05596e-10 0.00461643 0.00701136
7.05697e-10 0.00456667 0.00712815
7.05798e-10 0.00451678 0.00723945
7.05899e-10 0.00446681 0.00734512
7.06001e-10 0.00441683 0.00744502
7.06102e-10 0.0043669 0.00753901
7.06203e-10 0.00431707 0.00762698
7.06304e-10 0.0042674 0.00770884
7.06406e-10 0.00421795 0.0077845
7.06507e-10 0.00416876 0.00785388
7.06608e-10 0.00411988 0.00791692
7.0671e-10 0.00407136 0.00797357
7.06811e-10 0.00402326 0.0080238
7.06912e-10 0.00397561 0.00806757
7.07013e-10 0.00392845 0.00810488
7.07115e-10 0.00388183 0.00813572
7.07216e-10 0.00383579 0.00816011
7.07317e-10 0.00379035 0.00817805
7.07418e-10 0.00374556 0.00818959
7.0752e-10 0.00370145 0.00819476
7.07621e-10 0.00365804 0.00819361
7.07722e-10 0.00361536 0.00818622
7.07824e-10 0.00357344 0.00817263
7.07925e-10 0.0035323 0.00815294
7.08026e-10 0.00349197 0.00812723
7.08127e-10 0.00345245 0.0080956
7.08229e-10 0.00341378 0.00805816
7.0833e-10 0.00337595 0.00801501
7.08431e-10 0.003339 0.00796627
7.08532e-10 0.00330292 0.00791208
7.08634e-10 0.00326772 0.00785255
7.08735e-10 0.00323342 0.00778785
7.08836e-10 0.00320002 0.0077181
7.08938e-10 0.00316752 0.00764346
7.09039e-10 0.00313592 0.00756409
7.0914e-10 0.00310523 0.00748014
7.09241e-10 0.00307544 0.00739179
7.09343e-10 0.00304655 0.0072992
7.09444e-10 0.00301854 0.00720254
7.09545e-10 0.00299143 0.007102
7.09646e-10 0.0029652 0.00699775
7.09748e-10 0.00293983 0.00688997
7.09849e-10 0.00291532 0.00677885
7.0995e-10 0.00289166 0.00666458
7.10051e-10 0.00286883 0.00654735
7.10153e-10 0.00284682 0.00642734
7.10254e-10 0.00282562 0.00630475
7.10355e-10 0.0028052 0.00617976
7.10457e-10 0.00278555 0.00605258
7.10558e-10 0.00276665 0.00592339
7.10659e-10 0.00274848 0.00579239
7.1076e-10 0.00273103 0.00565976
7.10862e-10 0.00271426 0.00552571
7.10963e-10 0.00269817 0.00539041
7.11064e-10 0.00268272 0.00525406
7.11165e-10 0.00266789 0.00511684
7.11267e-10 0.00265367 0.00497895
7.11368e-10 0.00264003 0.00484056
7.11469e-10 0.00262694 0.00470185
7.11571e-10 0.00261438 0.00456301
7.11672e-10 0.00260233 0.0044242
7.11773e-10 0.00259076 0.0042856
7.11874e-10 0.00257965 0.00414739
7.11976e-10 0.00256896 0.00400972
7.12077e-10 0.00255869 0.00387276
7.12178e-10 0.0025488 0.00373666
7.12279e-10 0.00253927 0.00360159
7.12381e-10 0.00253008 0.0034677
7.12482e-10 0.00252119 0.00333512
7.12583e-10 0.00251259 0.003204
7.12684e-10 0.00250425 0.00307449
7.12786e-10 0.00249615 0.0029467
7.12887e-10 0.00248827 0.00282078
7.12988e-10 0.00248058 0.00269684
7.1309e-10 0.00247306 0.00257501
7.13191e-10 0.00246569 0.00245539
7.13292e-10 0.00245844 0.00233809
7.13393e-10 0.00245131 0.00222323
7.13495e-10 0.00244426 0.00211089
7.13596e-10 0.00243728 0.00200117
7.13697e-10 0.00243034 0.00189416
7.13798e-10 0.00242343 0.00178993
7.139e-10 0.00241654 0.00168857
7.14001e-10 0.00240964 0.00159015
7.14102e-10 0.00240272 0.00149474
7.14204e-10 0.00239576 0.00140238
7.14305e-10 0.00238874 0.00131315
7.14406e-10 0.00238166 0.00122709
7.14507e-10 0.0023745 0.00114424
7.14609e-10 0.00236725 0.00106464
7.1471e-10 0.00235988 0.000988334
7.14811e-10 0.0023524 0.000915341
7.14912e-10 0.00234479 0.000845689
7.15014e-10 0.00233705 0.000779395
7.15115e-10 0.00232915 0.000716473
7.15216e-10 0.0023211 0.000656931
7.15318e-10 0.00231289 0.000600773
7.15419e-10 0.00230451 0.000547998
7.1552e-10 0.00229595 0.0004986
7.15621e-10 0.0022872 0.000452567
7.15723e-10 0.00227827 0.000409886
7.15824e-10 0.00226915 0.000370536
7.15925e-10 0.00225984 0.000334492
7.16026e-10 0.00225032 0.000301728
7.16128e-10 0.00224061 0.000272211
7.16229e-10 0.0022307 0.000245903
7.1633e-10 0.00222059 0.000222766
7.16431e-10 0.00221028 0.000202754
7.16533e-10 0.00219977 0.00018582
7.16634e-10 0.00218905 0.000171914
7.16735e-10 0.00217814 0.00016098
7.16837e-10 0.00216704 0.000152961
7.16938e-10 0.00215574 0.000147796
7.17039e-10 0.00214426 0.000145421
7.1714e-10 0.00213259 0.000145769
7.17242e-10 0.00212074 0.000148772
7.17343e-10 0.00210871 0.000154357
7.17444e-10 0.00209651 0.000162449
7.17545e-10 0.00208415 0.000172974
7.17647e-10 0.00207163 0.000185852
7.17748e-10 0.00205896 0.000201002
7.17849e-10 0.00204614 0.000218343
7.17951e-10 0.00203318 0.00023779
7.18052e-10 0.00202009 0.000259257
7.18153e-10 0.00200688 0.00028266
7.18254e-10 0.00199355 0.000307908
7.18356e-10 0.00198012 0.000334913
7.18457e-10 0.00196658 0.000363586
7.18558e-10 0.00195296 0.000393834
7.18659e-10 0.00193925 0.000425568
7.18761e-10 0.00192547 0.000458695
7.18862e-10 0.00191162 0.000493122
7.18963e-10 0.00189772 0.000528757
7.19065e-10 0.00188377 0.000565509
7.19166e-10 0.00186979 0.000603283
7.19267e-10 0.00185578 0.000641988
7.19368e-10 0.00184175 0.000681532
7.1947e-10 0.0018277 0.000721823
7.19571e-10 0.00181366 0.00076277
7.19672e-10 0.00179963 0.000804282
7.19773e-10 0.00178561 0.00084627
7.19875e-10 0.00177162 0.000888646
7.19976e-10 0.00175767 0.000931321
7.20077e-10 0.00174375 0.000974209
7.20178e-10 0.0017299 0.00101722
7.2028e-10 0.0017161 0.00106028
7.20381e-10 0.00170237 0.0011033
7.20482e-10 0.00168871 0.0011462
7.20584e-10 0.00167514 0.0011889
7.20685e-10 0.00166167 0.00123132
7.20786e-10 0.00164829 0.00127339
7.20887e-10 0.00163502 0.00131503
7.20989e-10 0.00162186 0.00135617
7.2109e-10 0.00160883 0.00139674
7.21191e-10 0.00159592 0.00143668
7.21292e-10 0.00158314 0.0014759
7.21394e-10 0.00157051 0.00151436
7.21495e-10 0.00155802 0.00155199
7.21596e-10 0.00154567 0.00158873
7.21698e-10 0.00153349 0.00162452
7.21799e-10 0.00152146 0.00165931
7.219e-10 0.0015096 0.00169305
7.22001e-10 0.0014979 0.00172568
7.22103e-10 0.00148638 0.00175717
7.22204e-10 0.00147504 0.00178746
7.22305e-10 0.00146387 0.00181651
7.22406e-10 0.00145288 0.00184429
7.22508e-10 0.00144208 0.00187075
7.22609e-10 0.00143147 0.00189586
7.2271e-10 0.00142104 0.0019196
7.22812e-10 0.00141081 0.00194192
7.22913e-10 0.00140077 0.00196281
7.23014e-10 0.00139092 0.00198224
7.23115e-10 0.00138126 0.00200019
7.23217e-10 0.0013718 0.00201665
7.23318e-10 0.00136253 0.00203158
7.23419e-10 0.00135345 0.00204499
7.2352e-10 0.00134457 0.00205685
7.23622e-10 0.00133589 0.00206717
7.23723e-10 0.00132739 0.00207593
7.23824e-10 0.00131909 0.00208313
7.23925e-10 0.00131097 0.00208878
7.24027e-10 0.00130304 0.00209286
7.24128e-10 0.0012953 0.00209539
7.24229e-10 0.00128774 0.00209638
7.24331e-10 0.00128037 0.00209582
7.24432e-10 0.00127317 0.00209373
7.24533e-10 0.00126614 0.00209013
7.24634e-10 0.00125929 0.00208502
7.24736e-10 0.00125261 0.00207843
7.24837e-10 0.0012461 0.00207037
7.24938e-10 0.00123974 0.00206087
7.25039e-10 0.00123355 0.00204994
7.25141e-10 0.00122751 0.00203762
7.25242e-10 0.00122162 0.00202392
7.25343e-10 0.00121588 0.00200888
7.25445e-10 0.00121028 0.00199253
7.25546e-10 0.00120482 0.0019749
7.25647e-10 0.00119949 0.00195602
7.25748e-10 0.00119429 0.00193593
7.2585e-10 0.00118922 0.00191466
7.25951e-10 0.00118427 0.00189225
7.26052e-10 0.00117943 0.00186873
7.26153e-10 0.0011747 0.00184416
7.26255e-10 0.00117007 0.00181856
7.26356e-10 0.00116555 0.00179199
7.26457e-10 0.00116112 0.00176448
7.26559e-10 0.00115678 0.00173607
7.2666e-10 0.00115253 0.00170682
7.26761e-10 0.00114835 0.00167677
7.26862e-10 0.00114426 0.00164596
7.26964e-10 0.00114023 0.00161444
7.27065e-10 0.00113627 0.00158226
7.27166e-10 0.00113237 0.00154946
7.27267e-10 0.00112853 0.00151609
7.27369e-10 0.00112474 0.00148221
7.2747e-10 0.00112099 0.00144785
7.27571e-10 0.00111729 0.00141308
7.27672e-10 0.00111363 0.00137793
7.27774e-10 0.00111 0.00134245
7.27875e-10 0.0011064 0.00130671
7.27976e-10 0.00110282 0.00127073
7.28078e-10 0.00109927 0.00123457
7.28179e-10 0.00109573 0.00119829
7.2828e-10 0.00109221 0.00116192
7.28381e-10 0.00108869 0.00112552
7.28483e-10 0.00108519 0.00108913
7.28584e-10 0.00108168 0.0010528
7.28685e-10 0.00107817 0.00101657
7.28786e-10 0.00107466 0.00098049
7.28888e-10 0.00107114 0.000944606
7.28989e-10 0.00106761 0.00090896
7.2909e-10 0.00106407 0.000873595
7.29192e-10 0.00106051 0.000838553
7.29293e-10 0.00105694 0.000803876
7.29394e-10 0.00105334 0.000769605
7.29495e-10 0.00104972 0.000735778
7.29597e-10 0.00104608 0.000702433
7.29698e-10 0.00104241 0.00066961
7.29799e-10 0.00103871 0.000637342
7.299e-10 0.00103498 0.000605666
7.30002e-10 0.00103122 0.000574616
7.30103e-10 0.00102743 0.000544224
7.30204e-10 0.00102361 0.000514521
7.30305e-10 0.00101975 0.000485538
7.30407e-10 0.00101585 0.000457303
7.30508e-10 0.00101192 0.000429844
7.30609e-10 0.00100796 0.000403187
7.30711e-10 0.00100395 0.000377357
7.30812e-10 0.000999914 0.000352377
7.30913e-10 0.000995838 0.000328269
7.31014e-10 0.000991725 0.000305053
7.31116e-10 0.000987575 0.000282749
7.31217e-10 0.00098339 0.000261373
7.31318e-10 0.000979169 0.000240943
7.31419e-10 0.000974913 0.000221472
7.31521e-10 0.000970623 0.000202975
7.31622e-10 0.000966299 0.000185461
7.31723e-10 0.000961944 0.000168942
7.31825e-10 0.000957557 0.000153427
7.31926e-10 0.00095314 0.000138922
7.32027e-10 0.000948695 0.000125433
7.32128e-10 0.000944222 0.000112965
7.3223e-10 0.000939724 0.00010152
7.32331e-10 0.000935202 9.10999e-05
7.32432e-10 0.000930657 8.17044e-05
7.32533e-10 0.000926091 7.3332e-05
7.32635e-10 0.000921506 6.59798e-05
7.32736e-10 0.000916905 5.96437e-05
7.32837e-10 0.000912288 5.43178e-05
7.32939e-10 0.000907659 4.99954e-05
7.3304e-10 0.000903018 4.6668e-05
7.33141e-10 0.000898369 4.43261e-05
7.33242e-10 0.000893713 4.29588e-05
7.33344e-10 0.000889053 4.25541e-05
7.33445e-10 0.00088439 4.30985e-05
7.33546e-10 0.000879727 4.45776e-05
7.33647e-10 0.000875066 4.69758e-05
7.33749e-10 0.00087041 5.02763e-05
7.3385e-10 0.000865761 5.44612e-05
7.33951e-10 0.000861121 5.95116e-05
7.34052e-10 0.000856492 6.54077e-05
7.34154e-10 0.000851877 7.21285e-05
7.34255e-10 0.000847278 7.96522e-05
7.34356e-10 0.000842697 8.79561e-05
7.34458e-10 0.000838136 9.70166e-05
7.34559e-10 0.000833599 0.000106809
7.3466e-10 0.000829086 0.000117309
7.34761e-10 0.000824601 0.00012849
7.34863e-10 0.000820144 0.000140325
7.34964e-10 0.000815719 0.000152788
7.35065e-10 0.000811328 0.00016585
7.35166e-10 0.000806972 0.000179483
7.35268e-10 0.000802653 0.000193658
7.35369e-10 0.000798373 0.000208346
7.3547e-10 0.000794135 0.000223516
7.35572e-10 0.000789939 0.000239139
7.35673e-10 0.000785789 0.000255184
7.35774e-10 0.000781684 0.00027162
7.35875e-10 0.000777627 0.000288416
7.35977e-10 0.000773619 0.000305541
7.36078e-10 0.000769663 0.000322963
7.36179e-10 0.000765758 0.000340651
7.3628e-10 0.000761907 0.000358573
7.36382e-10 0.00075811 0.000376697
7.36483e-10 0.000754369 0.000394992
7.36584e-10 0.000750685 0.000413425
7.36686e-10 0.000747059 0.000431967
7.36787e-10 0.000743491 0.000450584
7.36888e-10 0.000739982 0.000469247
7.36989e-10 0.000736534 0.000487924
7.37091e-10 0.000733146 0.000506584
7.37192e-10 0.00072982 0.000525197
7.37293e-10 0.000726555 0.000543733
7.37394e-10 0.000723352 0.000562163
7.37496e-10 0.000720211 0.000580457
7.37597e-10 0.000717132 0.000598587
7.37698e-10 0.000714117 0.000616523
7.37799e-10 0.000711163 0.00063424
7.37901e-10 0.000708272 0.000651708
7.38002e-10 0.000705443 0.000668903
7.38103e-10 0.000702676 0.000685797
7.38205e-10 0.000699971 0.000702366
7.38306e-10 0.000697327 0.000718585
7.38407e-10 0.000694743 0.00073443
7.38508e-10 0.00069222 0.000749878
7.3861e-10 0.000689756 0.000764907
7.38711e-10 0.000687351 0.000779495
7.38812e-10 0.000685004 0.000793621
7.38913e-10 0.000682714 0.000807265
7.39015e-10 0.00068048 0.000820409
7.39116e-10 0.000678301 0.000833034
7.39217e-10 0.000676176 0.000845123
7.39319e-10 0.000674105 0.00085666
7.3942e-10 0.000672085 0.000867628
7.39521e-10 0.000670115 0.000878015
7.39622e-10 0.000668195 0.000887805
7.39724e-10 0.000666323 0.000896986
7.39825e-10 0.000664497 0.000905547
7.39926e-10 0.000662716 0.000913477
7.40027e-10 0.000660979 0.000920767
7.40129e-10 0.000659284 0.000927408
7.4023e-10 0.00065763 0.000933392
7.40331e-10 0.000656015 0.000938712
7.40433e-10 0.000654438 0.000943363
7.40534e-10 0.000652896 0.000947341
7.40635e-10 0.000651388 0.000950641
7.40736e-10 0.000649913 0.000953261
7.40838e-10 0.000648469 0.0009552
7.40939e-10 0.000647054 0.000956456
7.4104e-10 0.000645666 0.00095703
7.41141e-10 0.000644304 0.000956924
7.41243e-10 0.000642967 0.000956139
7.41344e-10 0.000641652 0.00095468
7.41445e-10 0.000640357 0.000952549
7.41546e-10 0.000639081 0.000949753
7.41648e-10 0.000637823 0.000946298
7.41749e-10 0.00063658 0.000942189
7.4185e-10 0.000635352 0.000937436
7.41952e-10 0.000634136 0.000932047
7.42053e-10 0.00063293 0.000926031
7.42154e-10 0.000631734 0.0009194
7.42255e-10 0.000630545 0.000912163
7.42357e-10 0.000629362 0.000904335
7.42458e-10 0.000628184 0.000895926
7.42559e-10 0.000627009 0.000886951
7.4266e-10 0.000625835 0.000877424
7.42762e-10 0.000624662 0.00086736
7.42863e-10 0.000623488 0.000856775
7.42964e-10 0.000622311 0.000845685
7.43066e-10 0.000621131 0.000834107
7.43167e-10 0.000619946 0.000822059
7.43268e-10 0.000618754 0.000809559
7.43369e-10 0.000617556 0.000796626
7.43471e-10 0.000616349 0.000783278
7.43572e-10 0.000615132 0.000769536
7.43673e-10 0.000613906 0.00075542
7.43774e-10 0.000612668 0.00074095
7.43876e-10 0.000611419 0.000726147
7.43977e-10 0.000610156 0.000711033
7.44078e-10 0.00060888 0.00069563
7.44179e-10 0.00060759 0.000679958
7.44281e-10 0.000606284 0.000664041
7.44382e-10 0.000604964 0.000647901
7.44483e-10 0.000603627 0.000631561
7.44585e-10 0.000602274 0.000615044
7.44686e-10 0.000600904 0.000598372
7.44787e-10 0.000599517 0.000581569
7.44888e-10 0.000598113 0.000564657
7.4499e-10 0.000596691 0.000547661
7.45091e-10 0.000595251 0.000530603
7.45192e-10 0.000593794 0.000513507
7.45293e-10 0.000592319 0.000496395
7.45395e-10 0.000590826 0.000479292
7.45496e-10 0.000589315 0.000462219
7.45597e-10 0.000587787 0.0004452
7.45699e-10 0.000586241 0.000428257
7.458e-10 0.000584679 0.000411413
7.45901e-10 0.000583099 0.00039469
7.46002e-10 0.000581503 0.00037811
7.46104e-10 0.000579892 0.000361694
7.46205e-10 0.000578264 0.000345464
7.46306e-10 0.000576622 0.000329441
7.46407e-10 0.000574965 0.000313646
7.46509e-10 0.000573295 0.000298098
7.4661e-10 0.000571611 0.000282818
7.46711e-10 0.000569915 0.000267824
7.46813e-10 0.000568207 0.000253137
7.46914e-10 0.000566488 0.000238773
7.47015e-10 0.000564759 0.00022475
7.47116e-10 0.000563021 0.000211087
7.47218e-10 0.000561275 0.0001978
7.47319e-10 0.000559521 0.000184905
7.4742e-10 0.00055776 0.000172417
7.47521e-10 0.000555994 0.000160351
7.47623e-10 0.000554223 0.000148722
7.47724e-10 0.000552449 0.000137543
7.47825e-10 0.000550672 0.000126828
7.47926e-10 0.000548893 0.000116587
7.48028e-10 0.000547114 0.000106834
7.48129e-10 0.000545336 9.75779e-05
7.4823e-10 0.00054356 8.88299e-05
7.48332e-10 0.000541786 8.0599e-05
7.48433e-10 0.000540017 7.28939e-05
7.48534e-10 0.000538252 6.57224e-05
7.48635e-10 0.000536494 5.90915e-05
7.48737e-10 0.000534743 5.30078e-05
7.48838e-10 0.000533 4.74766e-05
7.48939e-10 0.000531267 4.25027e-05
7.4904e-10 0.000529545 3.80902e-05
7.49142e-10 0.000527834 3.42422e-05
7.49243e-10 0.000526136 3.09611e-05
7.49344e-10 0.000524452 2.82486e-05
7.49446e-10 0.000522782 2.61055e-05
7.49547e-10 0.000521129 2.45319e-05
7.49648e-10 0.000519493 2.35271e-05
7.49749e-10 0.000517874 2.30894e-05
7.49851e-10 0.000516275 2.32168e-05
7.49952e-10 0.000514695 2.39061e-05
7.50053e-10 0.000513136 2.51535e-05
7.50154e-10 0.000511599 2.69545e-05
7.50256e-10 0.000510084 2.93037e-05
7.50357e-10 0.000508593 3.21953e-05
7.50458e-10 0.000507125 3.56223e-05
7.5056e-10 0.000505683 3.95774e-05
7.50661e-10 0.000504266 4.40523e-05
7.50762e-10 0.000502876 4.90383e-05
7.50863e-10 0.000501513 5.45257e-05
7.50965e-10 0.000500177 6.05046e-05
7.51066e-10 0.000498869 6.69639e-05
7.51167e-10 0.000497591 7.38923e-05
7.51268e-10 0.000496341 8.12778e-05
7.5137e-10 0.000495121 8.91077e-05
7.51471e-10 0.000493931 9.73688e-05
7.51572e-10 0.000492771 0.000106047
7.51673e-10 0.000491643 0.000115129
7.51775e-10 0.000490545 0.000124599
7.51876e-10 0.000489478 0.000134443
7.51977e-10 0.000488443 0.000144643
7.52079e-10 0.000487439 0.000155185
7.5218e-10 0.000486467 0.000166052
7.52281e-10 0.000485527 0.000177226
7.52382e-10 0.000484618 0.00018869
7.52484e-10 0.000483741 0.000200427
7.52585e-10 0.000482896 0.000212418
7.52686e-10 0.000482082 0.000224646
7.52787e-10 0.000481299 0.000237091
7.52889e-10 0.000480547 0.000249735
7.5299e-10 0.000479826 0.000262559
7.53091e-10 0.000479135 0.000275543
7.53193e-10 0.000478474 0.000288668
7.53294e-10 0.000477843 0.000301915
7.53395e-10 0.000477241 0.000315263
7.53496e-10 0.000476668 0.000328693
7.53598e-10 0.000476122 0.000342185
7.53699e-10 0.000475605 0.00035572
7.538e-10 0.000475115 0.000369277
7.53901e-10 0.000474651 0.000382837
7.54003e-10 0.000474212 0.00039638
7.54104e-10 0.000473799 0.000409886
7.54205e-10 0.000473411 0.000423335
7.54307e-10 0.000473045 0.000436709
7.54408e-10 0.000472703 0.000449987
7.54509e-10 0.000472382 0.00046315
7.5461e-10 0.000472083 0.000476181
7.54712e-10 0.000471804 0.000489059
7.54813e-10 0.000471545 0.000501766
7.54914e-10 0.000471304 0.000514285
7.55015e-10 0.00047108 0.000526597
7.55117e-10 0.000470873 0.000538685
7.55218e-10 0.000470682 0.000550532
7.55319e-10 0.000470506 0.00056212
7.5542e-10 0.000470343 0.000573434
7.55522e-10 0.000470193 0.000584457
7.55623e-10 0.000470055 0.000595174
7.55724e-10 0.000469928 0.000605569
7.55826e-10 0.00046981 0.000615628
7.55927e-10 0.000469701 0.000625337
7.56028e-10 0.0004696 0.000634683
7.56129e-10 0.000469506 0.000643651
7.56231e-10 0.000469417 0.00065223
7.56332e-10 0.000469333 0.000660407
7.56433e-10 0.000469253 0.000668172
7.56534e-10 0.000469176 0.000675512
7.56636e-10 0.0004691 0.000682419
7.56737e-10 0.000469026 0.000688882
7.56838e-10 0.000468951 0.000694893
7.5694e-10 0.000468875 0.000700443
7.57041e-10 0.000468797 0.000705524
7.57142e-10 0.000468716 0.00071013
7.57243e-10 0.000468631 0.000714255
7.57345e-10 0.000468542 0.000717891
7.57446e-10 0.000468448 0.000721036
7.57547e-10 0.000468347 0.000723684
7.57648e-10 0.000468239 0.000725831
7.5775e-10 0.000468123 0.000727476
7.57851e-10 0.000467999 0.000728616
7.57952e-10 0.000467866 0.000729249
7.58053e-10 0.000467723 0.000729374
7.58155e-10 0.000467569 0.000728992
7.58256e-10 0.000467405 0.000728104
7.58357e-10 0.000467228 0.000726711
7.58459e-10 0.00046704 0.000724814
7.5856e-10 0.000466839 0.000722417
7.58661e-10 0.000466624 0.000719523
7.58762e-10 0.000466397 0.000716137
7.58864e-10 0.000466155 0.000712263
7.58965e-10 0.000465899 0.000707906
7.59066e-10 0.000465629 0.000703074
7.59167e-10 0.000465344 0.000697773
7.59269e-10 0.000465044 0.000692011
7.5937e-10 0.000464729 0.000685795
7.59471e-10 0.000464398 0.000679135
7.59573e-10 0.000464052 0.00067204
7.59674e-10 0.000463691 0.00066452
7.59775e-10 0.000463314 0.000656586
7.59876e-10 0.000462922 0.00064825
7.59978e-10 0.000462515 0.000639522
7.60079e-10 0.000462092 0.000630415
7.6018e-10 0.000461654 0.000620943
7.60281e-10 0.000461202 0.000611118
7.60383e-10 0.000460734 0.000600954
7.60484e-10 0.000460253 0.000590467
7.60585e-10 0.000459757 0.00057967
7.60687e-10 0.000459248 0.000568579
7.60788e-10 0.000458725 0.000557209
7.60889e-10 0.00045819 0.000545577
7.6099e-10 0.000457642 0.0005337
7.61092e-10 0.000457082 0.000521593
7.61193e-10 0.000456511 0.000509275
7.61294e-10 0.000455929 0.000496762
7.61395e-10 0.000455336 0.000484073
7.61497e-10 0.000454734 0.000471225
7.61598e-10 0.000454123 0.000458236
7.61699e-10 0.000453504 0.000445126
7.618e-10 0.000452878 0.000431912
7.61902e-10 0.000452244 0.000418614
7.62003e-10 0.000451604 0.00040525
7.62104e-10 0.00045096 0.00039184
7.62206e-10 0.00045031 0.000378402
7.62307e-10 0.000449657 0.000364956
7.62408e-10 0.000449001 0.000351521
7.62509e-10 0.000448343 0.000338117
7.62611e-10 0.000447685 0.000324762
7.62712e-10 0.000447025 0.000311475
7.62813e-10 0.000446367 0.000298277
7.62914e-10 0.00044571 0.000285185
7.63016e-10 0.000445056 0.000272219
7.63117e-10 0.000444405 0.000259398
7.63218e-10 0.000443758 0.00024674
7.6332e-10 0.000443117 0.000234263
7.63421e-10 0.000442482 0.000221986
7.63522e-10 0.000441854 0.000209926
7.63623e-10 0.000441234 0.000198102
7.63725e-10 0.000440623 0.000186531
7.63826e-10 0.000440022 0.000175229
7.63927e-10 0.000439431 0.000164213
7.64028e-10 0.000438853 0.000153501
7.6413e-10 0.000438287 0.000143107
7.64231e-10 0.000437734 0.000133047
7.64332e-10 0.000437196 0.000123336
7.64434e-10 0.000436673 0.00011399
7.64535e-10 0.000436166 0.000105022
7.64636e-10 0.000435676 9.64463e-05
7.64737e-10 0.000435203 8.82756e-05
7.64839e-10 0.000434749 8.05228e-05
7.6494e-10 0.000434314 7.32e-05
7.65041e-10 0.000433899 6.63189e-05
7.65142e-10 0.000433504 5.98904e-05
7.65244e-10 0.00043313 5.39249e-05
7.65345e-10 0.000432778 4.84323e-05
7.65446e-10 0.000432449 4.34216e-05
7.65547e-10 0.000432143 3.89016e-05
7.65649e-10 0.00043186 3.488e-05
7.6575e-10 0.000431601 3.13641e-05
7.65851e-10 0.000431367 2.83604e-05
7.65953e-10 0.000431157 2.58748e-05
7.66054e-10 0.000430973 2.39125e-05
7.66155e-10 0.000430815 2.2478e-05
7.66256e-10 0.000430683 2.15751e-05
7.66358e-10 0.000430577 2.12068e-05
7.66459e-10 0.000430497 2.13755e-05
7.6656e-10 0.000430445 2.20829e-05
7.66661e-10 0.000430419 2.33297e-05
7.66763e-10 0.000430421 2.51163e-05
7.66864e-10 0.000430449 2.7442e-05
7.66965e-10 0.000430505 3.03056e-05
7.67067e-10 0.000430588 3.37049e-05
7.67168e-10 0.000430698 3.76374e-05
7.67269e-10 0.000430836 4.20995e-05
7.6737e-10 0.000431 4.70869e-05
7.67472e-10 0.000431191 5.25948e-05
7.67573e-10 0.000431409 5.86175e-05
7.67674e-10 0.000431653 6.51487e-05
7.67775e-10 0.000431923 7.21813e-05
7.67877e-10 0.000432219 7.97075e-05
7.67978e-10 0.00043254 8.77189e-05
7.68079e-10 0.000432887 9.62064e-05
7.68181e-10 0.000433257 0.00010516
7.68282e-10 0.000433652 0.00011457
7.68383e-10 0.000434071 0.000124424
7.68484e-10 0.000434512 0.000134712
7.68586e-10 0.000434976 0.00014542
7.68687e-10 0.000435462 0.000156535
7.68788e-10 0.000435968 0.000168045
7.68889e-10 0.000436496 0.000179936
7.68991e-10 0.000437043 0.000192191
7.69092e-10 0.000437608 0.000204797
7.69193e-10 0.000438193 0.000217738
7.69294e-10 0.000438794 0.000230996
7.69396e-10 0.000439412 0.000244557
7.69497e-10 0.000440046 0.000258402
7.69598e-10 0.000440695 0.000272514
7.697e-10 0.000441357 0.000286875
7.69801e-10 0.000442033 0.000301467
7.69902e-10 0.000442721 0.000316271
7.70003e-10 0.00044342 0.000331268
7.70105e-10 0.000444129 0.000346438
7.70206e-10 0.000444847 0.000361762
7.70307e-10 0.000445574 0.00037722
7.70408e-10 0.000446307 0.000392791
7.7051e-10 0.000447047 0.000408456
7.70611e-10 0.000447793 0.000424193
7.70712e-10 0.000448542 0.000439983
7.70814e-10 0.000449295 0.000455803
7.70915e-10 0.00045005 0.000471633
7.71016e-10 0.000450806 0.000487453
7.71117e-10 0.000451562 0.00050324
7.71219e-10 0.000452317 0.000518974
7.7132e-10 0.000453071 0.000534634
7.71421e-10 0.000453821 0.000550198
7.71522e-10 0.000454568 0.000565645
7.71624e-10 0.00045531 0.000580955
7.71725e-10 0.000456047 0.000596107
7.71826e-10 0.000456777 0.000611079
7.71928e-10 0.000457499 0.000625852
7.72029e-10 0.000458213 0.000640405
7.7213e-10 0.000458917 0.000654719
7.72231e-10 0.000459612 0.000668772
7.72333e-10 0.000460295 0.000682546
7.72434e-10 0.000460967 0.000696022
7.72535e-10 0.000461626 0.000709181
7.72636e-10 0.000462272 0.000722003
7.72738e-10 0.000462904 0.000734472
7.72839e-10 0.000463522 0.000746569
7.7294e-10 0.000464124 0.000758278
7.73041e-10 0.00046471 0.00076958
7.73143e-10 0.00046528 0.000780461
7.73244e-10 0.000465833 0.000790905
7.73345e-10 0.000466369 0.000800895
7.73447e-10 0.000466887 0.000810418
7.73548e-10 0.000467387 0.00081946
7.73649e-10 0.000467868 0.000828006
7.7375e-10 0.00046833 0.000836045
7.73852e-10 0.000468773 0.000843564
7.73953e-10 0.000469196 0.000850551
7.74054e-10 0.0004696 0.000856997
7.74155e-10 0.000469985 0.00086289
7.74257e-10 0.000470349 0.000868221
7.74358e-10 0.000470694 0.000872982
7.74459e-10 0.000471019 0.000877165
7.74561e-10 0.000471325 0.000880762
7.74662e-10 0.00047161 0.000883768
7.74763e-10 0.000471877 0.000886177
7.74864e-10 0.000472124 0.000887984
7.74966e-10 0.000472352 0.000889185
7.75067e-10 0.000472561 0.000889777
7.75168e-10 0.000472752 0.000889758
7.75269e-10 0.000472925 0.000889126
7.75371e-10 0.000473081 0.000887882
7.75472e-10 0.000473219 0.000886024
7.75573e-10 0.000473342 0.000883555
7.75674e-10 0.000473448 0.000880476
7.75776e-10 0.000473539 0.00087679
7.75877e-10 0.000473615 0.000872501
7.75978e-10 0.000473678 0.000867613
7.7608e-10 0.000473727 0.000862132
7.76181e-10 0.000473765 0.000856065
7.76282e-10 0.00047379 0.000849418
7.76383e-10 0.000473806 0.000842199
7.76485e-10 0.000473811 0.000834417
7.76586e-10 0.000473808 0.000826082
7.76687e-10 0.000473797 0.000817204
7.76788e-10 0.000473779 0.000807795
7.7689e-10 0.000473755 0.000797867
7.76991e-10 0.000473727 0.000787432
7.77092e-10 0.000473695 0.000776505
7.77194e-10 0.000473661 0.0007651
7.77295e-10 0.000473626 0.000753232
7.77396e-10 0.00047359 0.000740917
7.77497e-10 0.000473556 0.000728172
7.77599e-10 0.000473524 0.000715013
7.777e-10 0.000473495 0.000701461
7.77801e-10 0.000473471 0.000687532
7.77902e-10 0.000473453 0.000673246
7.78004e-10 0.000473443 0.000658624
7.78105e-10 0.000473441 0.000643686
7.78206e-10 0.000473448 0.000628453
7.78308e-10 0.000473467 0.000612947
7.78409e-10 0.000473498 0.00059719
7.7851e-10 0.000473543 0.000581206
7.78611e-10 0.000473603 0.000565016
7.78713e-10 0.000473678 0.000548645
7.78814e-10 0.000473771 0.000532117
7.78915e-10 0.000473883 0.000515457
7.79016e-10 0.000474014 0.000498688
7.79118e-10 0.000474167 0.000481837
7.79219e-10 0.000474341 0.000464929
7.7932e-10 0.000474539 0.000447989
7.79421e-10 0.000474762 0.000431044
7.79523e-10 0.00047501 0.00041412
7.79624e-10 0.000475285 0.000397242
7.79725e-10 0.000475587 0.000380437
7.79827e-10 0.000475919 0.000363733
7.79928e-10 0.00047628 0.000347154
7.80029e-10 0.000476672 0.000330729
7.8013e-10 0.000477096 0.000314483
7.80232e-10 0.000477552 0.000298444
7.80333e-10 0.000478042 0.000282636
7.80434e-10 0.000478566 0.000267088
7.80535e-10 0.000479125 0.000251825
7.80637e-10 0.00047972 0.000236873
7.80738e-10 0.00048035 0.000222257
7.80839e-10 0.000481018 0.000208004
7.80941e-10 0.000481723 0.000194139
7.81042e-10 0.000482467 0.000180686
7.81143e-10 0.000483248 0.00016767
7.81244e-10 0.000484069 0.000155115
7.81346e-10 0.000484928 0.000143045
7.81447e-10 0.000485827 0.000131483
7.81548e-10 0.000486766 0.000120452
7.81649e-10 0.000487744 0.000109973
7.81751e-10 0.000488762 0.000100069
7.81852e-10 0.000489821 9.07598e-05
7.81953e-10 0.000490919 8.20666e-05
7.82055e-10 0.000492056 7.40089e-05
7.82156e-10 0.000493234 6.66055e-05
7.82257e-10 0.00049445 5.98748e-05
7.82358e-10 0.000495706 5.38342e-05
7.8246e-10 0.000497001 4.85003e-05
7.82561e-10 0.000498334 4.38891e-05
7.82662e-10 0.000499704 4.00157e-05
7.82763e-10 0.000501112 3.68941e-05
7.82865e-10 0.000502557 3.45376e-05
7.82966e-10 0.000504038 3.29586e-05
7.83067e-10 0.000505555 3.21685e-05
7.83168e-10 0.000507105 3.21777e-05
7.8327e-10 0.00050869 3.29957e-05
7.83371e-10 0.000510308 3.46308e-05
7.83472e-10 0.000511957 3.70906e-05
7.83574e-10 0.000513637 4.03815e-05
7.83675e-10 0.000515347 4.45086e-05
7.83776e-10 0.000517086 4.94763e-05
7.83877e-10 0.000518852 5.52877e-05
7.83979e-10 0.000520645 6.19449e-05
7.8408e-10 0.000522462 6.94488e-05
7.84181e-10 0.000524304 7.77991e-05
7.84282e-10 0.000526167 8.69947e-05
7.84384e-10 0.000528052 9.7033e-05
7.84485e-10 0.000529956 0.000107911
7.84586e-10 0.000531878 0.000119622
7.84688e-10 0.000533817 0.000132163
7.84789e-10 0.000535771 0.000145524
7.8489e-10 0.000537738 0.0001597
7.84991e-10 0.000539716 0.000174678
7.85093e-10 0.000541705 0.000190451
7.85194e-10 0.000543703 0.000207005
7.85295e-10 0.000545707 0.000224328
7.85396e-10 0.000547717 0.000242406
7.85498e-10 0.00054973 0.000261223
7.85599e-10 0.000551744 0.000280765
7.857e-10 0.000553759 0.000301014
7.85802e-10 0.000555772 0.00032195
7.85903e-10 0.000557781 0.000343556
7.86004e-10 0.000559786 0.00036581
7.86105e-10 0.000561783 0.000388691
7.86207e-10 0.000563772 0.000412176
7.86308e-10 0.000565751 0.000436243
7.86409e-10 0.000567717 0.000460866
7.8651e-10 0.00056967 0.00048602
7.86612e-10 0.000571608 0.000511679
7.86713e-10 0.000573529 0.000537816
7.86814e-10 0.000575431 0.000564402
7.86915e-10 0.000577313 0.000591409
7.87017e-10 0.000579174 0.000618807
7.87118e-10 0.000581012 0.000646565
7.87219e-10 0.000582825 0.000674653
7.87321e-10 0.000584612 0.000703039
7.87422e-10 0.000586372 0.000731689
7.87523e-10 0.000588103 0.000760571
7.87624e-10 0.000589805 0.000789651
7.87726e-10 0.000591475 0.000818894
7.87827e-10 0.000593113 0.000848266
7.87928e-10 0.000594719 0.000877732
7.88029e-10 0.000596289 0.000907256
7.88131e-10 0.000597825 0.000936801
7.88232e-10 0.000599325 0.000966332
7.88333e-10 0.000600788 0.000995811
7.88435e-10 0.000602213 0.0010252
7.88536e-10 0.0006036 0.00105447
7.88637e-10 0.000604948 0.00108357
7.88738e-10 0.000606257 0.00111247
7.8884e-10 0.000607527 0.00114114
7.88941e-10 0.000608756 0.00116953
7.89042e-10 0.000609945 0.00119761
7.89143e-10 0.000611094 0.00122534
7.89245e-10 0.000612203 0.00125268
7.89346e-10 0.000613271 0.0012796
7.89447e-10 0.000614298 0.00130606
7.89548e-10 0.000615286 0.00133202
7.8965e-10 0.000616234 0.00135745
7.89751e-10 0.000617143 0.00138232
7.89852e-10 0.000618013 0.00140658
7.89954e-10 0.000618845 0.0014302
7.90055e-10 0.00061964 0.00145315
7.90156e-10 0.000620397 0.0014754
7.90257e-10 0.000621119 0.00149691
7.90359e-10 0.000621806 0.00151765
7.9046e-10 0.00062246 0.00153759
7.90561e-10 0.00062308 0.0015567
7.90662e-10 0.00062367 0.00157495
7.90764e-10 0.000624229 0.00159231
7.90865e-10 0.00062476 0.00160876
7.90966e-10 0.000625264 0.00162426
7.91068e-10 0.000625743 0.00163879
7.91169e-10 0.000626198 0.00165233
7.9127e-10 0.000626631 0.00166486
7.91371e-10 0.000627044 0.00167635
7.91473e-10 0.000627439 0.00168678
7.91574e-10 0.000627818 0.00169613
7.91675e-10 0.000628184 0.00170439
7.91776e-10 0.000628537 0.00171153
7.91878e-10 0.000628881 0.00171754
7.91979e-10 0.000629218 0.00172241
7.9208e-10 0.00062955 0.00172613
7.92182e-10 0.000629879 0.00172868
7.92283e-10 0.000630209 0.00173006
7.92384e-10 0.000630541 0.00173025
7.92485e-10 0.000630878 0.00172926
7.92587e-10 0.000631224 0.00172707
7.92688e-10 0.00063158 0.00172368
7.92789e-10 0.000631949 0.0017191
7.9289e-10 0.000632333 0.00171331
7.92992e-10 0.000632737 0.00170633
7.93093e-10 0.000633162 0.00169816
7.93194e-10 0.000633611 0.00168881
7.93295e-10 0.000634088 0.00167827
7.93397e-10 0.000634594 0.00166656
7.93498e-10 0.000635133 0.0016537
7.93599e-10 0.000635708 0.00163968
7.93701e-10 0.000636321 0.00162454
7.93802e-10 0.000636974 0.00160828
7.93903e-10 0.000637672 0.00159092
7.94004e-10 0.000638417 0.00157248
7.94106e-10 0.000639211 0.00155298
7.94207e-10 0.000640057 0.00153245
7.94308e-10 0.000640957 0.00151091
7.94409e-10 0.000641915 0.00148839
7.94511e-10 0.000642933 0.00146492
7.94612e-10 0.000644013 0.00144052
7.94713e-10 0.000645158 0.00141523
7.94815e-10 0.00064637 0.00138908
7.94916e-10 0.000647651 0.00136211
7.95017e-10 0.000649005 0.00133435
7.95118e-10 0.000650432 0.00130585
7.9522e-10 0.000651935 0.00127664
7.95321e-10 0.000653515 0.00124676
7.95422e-10 0.000655176 0.00121626
7.95523e-10 0.000656918 0.00118518
7.95625e-10 0.000658743 0.00115357
7.95726e-10 0.000660653 0.00112147
7.95827e-10 0.000662649 0.00108893
7.95929e-10 0.000664732 0.00105601
7.9603e-10 0.000666904 0.00102275
7.96131e-10 0.000669165 0.000989212
7.96232e-10 0.000671517 0.000955439
7.96334e-10 0.000673961 0.00092149
7.96435e-10 0.000676496 0.000887419
7.96536e-10 0.000679125 0.000853285
7.96637e-10 0.000681846 0.000819142
7.96739e-10 0.00068466 0.00078505
7.9684e-10 0.000687567 0.000751068
7.96941e-10 0.000690568 0.000717254
7.97042e-10 0.000693661 0.000683668
7.97144e-10 0.000696847 0.000650372
7.97245e-10 0.000700124 0.000617425
7.97346e-10 0.000703493 0.000584891
7.97448e-10 0.000706952 0.000552829
7.97549e-10 0.000710501 0.000521302
7.9765e-10 0.000714137 0.000490373
7.97751e-10 0.000717861 0.000460103
7.97853e-10 0.000721669 0.000430554
7.97954e-10 0.000725561 0.000401788
7.98055e-10 0.000729534 0.000373868
7.98156e-10 0.000733587 0.000346855
7.98258e-10 0.000737718 0.000320809
7.98359e-10 0.000741923 0.000295793
7.9846e-10 0.000746201 0.000271865
7.98562e-10 0.000750549 0.000249087
7.98663e-10 0.000754964 0.000227516
7.98764e-10 0.000759443 0.000207211
7.98865e-10 0.000763983 0.00018823
7.98967e-10 0.00076858 0.000170628
7.99068e-10 0.000773232 0.000154462
7.99169e-10 0.000777935 0.000139784
7.9927e-10 0.000782685 0.00012665
7.99372e-10 0.000787478 0.000115109
7.99473e-10 0.00079231 0.000105212
7.99574e-10 0.000797178 9.70093e-05
7.99676e-10 0.000802077 9.05467e-05
7.99777e-10 0.000807003 8.58703e-05
7.99878e-10 0.000811951 8.3024e-05
7.99979e-10 0.000816918 8.20501e-05
8.00081e-10 0.000821898 8.29886e-05
8.00182e-10 0.000826886 8.5878e-05
8.00283e-10 0.000831879 9.07545e-05
8.00384e-10 0.000836871 9.76521e-05
8.00486e-10 0.000841858 0.000106603
8.00587e-10 0.000846834 0.000117637
8.00688e-10 0.000851795 0.000130781
8.00789e-10 0.000856736 0.00014606
8.00891e-10 0.000861651 0.000163497
8.00992e-10 0.000866535 0.000183111
8.01093e-10 0.000871385 0.000204921
8.01195e-10 0.000876194 0.00022894
8.01296e-10 0.000880957 0.000255182
8.01397e-10 0.00088567 0.000283654
8.01498e-10 0.000890327 0.000314364
8.016e-10 0.000894924 0.000347316
8.01701e-10 0.000899455 0.000382509
8.01802e-10 0.000903916 0.000419943
8.01903e-10 0.000908302 0.000459611
8.02005e-10 0.000912608 0.000501505
8.02106e-10 0.000916829 0.000545615
8.02207e-10 0.000920962 0.000591925
8.02309e-10 0.000925001 0.000640419
8.0241e-10 0.000928942 0.000691077
8.02511e-10 0.000932781 0.000743873
8.02612e-10 0.000936514 0.000798783
8.02714e-10 0.000940137 0.000855775
8.02815e-10 0.000943646 0.000914817
8.02916e-10 0.000947038 0.000975872
8.03017e-10 0.000950309 0.0010389
8.03119e-10 0.000953455 0.00110386
8.0322e-10 0.000956474 0.00117071
8.03321e-10 0.000959363 0.00123939
8.03422e-10 0.00096212 0.00130986
8.03524e-10 0.000964741 0.00138206
8.03625e-10 0.000967224 0.00145594
8.03726e-10 0.000969568 0.00153142
8.03828e-10 0.000971771 0.00160845
8.03929e-10 0.00097383 0.00168697
8.0403e-10 0.000975746 0.00176689
8.04131e-10 0.000977517 0.00184815
8.04233e-10 0.000979142 0.00193068
8.04334e-10 0.00098062 0.00201439
8.04435e-10 0.000981953 0.00209921
8.04536e-10 0.000983139 0.00218505
8.04638e-10 0.000984179 0.00227182
8.04739e-10 0.000985074 0.00235945
8.0484e-10 0.000985824 0.00244783
8.04942e-10 0.000986432 0.00253687
8.05043e-10 0.000986899 0.00262649
8.05144e-10 0.000987226 0.00271658
8.05245e-10 0.000987416 0.00280704
8.05347e-10 0.000987471 0.00289778
8.05448e-10 0.000987395 0.00298869
8.05549e-10 0.00098719 0.00307967
8.0565e-10 0.000986861 0.00317061
8.05752e-10 0.00098641 0.0032614
8.05853e-10 0.000985842 0.00335194
8.05954e-10 0.000985161 0.00344212
8.06056e-10 0.000984372 0.00353183
8.06157e-10 0.000983481 0.00362095
8.06258e-10 0.000982492 0.00370938
8.06359e-10 0.000981411 0.00379701
8.06461e-10 0.000980245 0.00388371
8.06562e-10 0.000978998 0.00396938
8.06663e-10 0.000977679 0.0040539
8.06764e-10 0.000976293 0.00413716
8.06866e-10 0.000974848 0.00421905
8.06967e-10 0.000973352 0.00429945
8.07068e-10 0.000971811 0.00437826
8.07169e-10 0.000970233 0.00445536
8.07271e-10 0.000968627 0.00453063
8.07372e-10 0.000967002 0.00460398
8.07473e-10 0.000965364 0.00467529
8.07575e-10 0.000963724 0.00474445
8.07676e-10 0.00096209 0.00481137
8.07777e-10 0.000960471 0.00487592
8.07878e-10 0.000958876 0.00493803
8.0798e-10 0.000957315 0.00499757
8.08081e-10 0.000955798 0.00505446
8.08182e-10 0.000954334 0.00510859
8.08283e-10 0.000952932 0.00515989
8.08385e-10 0.000951603 0.00520825
8.08486e-10 0.000950357 0.00525359
8.08587e-10 0.000949203 0.00529582
8.08689e-10 0.000948152 0.00533486
8.0879e-10 0.000947214 0.00537064
8.08891e-10 0.000946398 0.00540308
8.08992e-10 0.000945715 0.00543212
8.09094e-10 0.000945175 0.00545767
8.09195e-10 0.000944788 0.00547969
8.09296e-10 0.000944563 0.00549811
8.09397e-10 0.000944511 0.00551288
8.09499e-10 0.000944641 0.00552395
8.096e-10 0.000944962 0.00553127
8.09701e-10 0.000945485 0.00553481
8.09803e-10 0.000946218 0.00553453
8.09904e-10 0.00094717 0.0055304
8.10005e-10 0.000948351 0.0055224
8.10106e-10 0.000949768 0.0055105
8.10208e-10 0.000951431 0.0054947
8.10309e-10 0.000953346 0.00547498
8.1041e-10 0.000955523 0.00545134
8.10511e-10 0.000957968 0.00542379
8.10613e-10 0.000960688 0.00539233
8.10714e-10 0.000963691 0.00535699
8.10815e-10 0.000966982 0.00531778
8.10916e-10 0.000970568 0.00527472
8.11018e-10 0.000974454 0.00522787
8.11119e-10 0.000978646 0.00517724
8.1122e-10 0.000983147 0.0051229
8.11322e-10 0.000987963 0.00506489
8.11423e-10 0.000993096 0.00500328
8.11524e-10 0.00099855 0.00493813
8.11625e-10 0.00100433 0.00486951
8.11727e-10 0.00101043 0.00479751
8.11828e-10 0.00101686 0.00472221
8.11929e-10 0.00102362 0.0046437
8.1203e-10 0.00103071 0.00456208
8.12132e-10 0.00103813 0.00447747
8.12233e-10 0.00104587 0.00438996
8.12334e-10 0.00105395 0.00429969
8.12436e-10 0.00106234 0.00420678
8.12537e-10 0.00107106 0.00411135
8.12638e-10 0.0010801 0.00401356
8.12739e-10 0.00108945 0.00391354
8.12841e-10 0.00109911 0.00381145
8.12942e-10 0.00110907 0.00370745
8.13043e-10 0.00111933 0.00360169
8.13144e-10 0.00112989 0.00349436
8.13246e-10 0.00114073 0.00338562
8.13347e-10 0.00115184 0.00327566
8.13448e-10 0.00116322 0.00316466
8.1355e-10 0.00117486 0.00305283
8.13651e-10 0.00118675 0.00294035
8.13752e-10 0.00119888 0.00282744
8.13853e-10 0.00121123 0.0027143
8.13955e-10 0.00122379 0.00260114
8.14056e-10 0.00123656 0.00248819
8.14157e-10 0.00124951 0.00237566
8.14258e-10 0.00126263 0.00226378
8.1436e-10 0.00127591 0.00215279
8.14461e-10 0.00128934 0.00204292
8.14562e-10 0.00130289 0.00193441
8.14663e-10 0.00131655 0.0018275
8.14765e-10 0.00133031 0.00172243
8.14866e-10 0.00134414 0.00161945
8.14967e-10 0.00135803 0.00151881
8.15069e-10 0.00137196 0.00142077
8.1517e-10 0.0013859 0.00132557
8.15271e-10 0.00139985 0.00123348
8.15372e-10 0.00141378 0.00114475
8.15474e-10 0.00142766 0.00105963
8.15575e-10 0.00144149 0.000978395
8.15676e-10 0.00145523 0.00090129
8.15777e-10 0.00146887 0.000828579
8.15879e-10 0.00148238 0.000760518
8.1598e-10 0.00149574 0.000697365
8.16081e-10 0.00150893 0.000639377
8.16183e-10 0.00152193 0.000586807
8.16284e-10 0.00153471 0.000539908
8.16385e-10 0.00154725 0.00049893
8.16486e-10 0.00155953 0.000464122
8.16588e-10 0.00157153 0.000435728
8.16689e-10 0.00158322 0.000413988
8.1679e-10 0.00159458 0.000399139
8.16891e-10 0.00160559 0.000391416
8.16993e-10 0.00161622 0.000391046
8.17094e-10 0.00162645 0.000398252
8.17195e-10 0.00163626 0.000413253
8.17296e-10 0.00164563 0.000436259
8.17398e-10 0.00165454 0.000467477
8.17499e-10 0.00166296 0.000507106
8.176e-10 0.00167087 0.000555337
8.17702e-10 0.00167826 0.000612355
8.17803e-10 0.0016851 0.000678336
8.17904e-10 0.00169137 0.000753448
8.18005e-10 0.00169706 0.000837851
8.18107e-10 0.00170215 0.000931695
8.18208e-10 0.00170661 0.00103512
8.18309e-10 0.00171044 0.00114826
8.1841e-10 0.00171361 0.00127123
8.18512e-10 0.00171611 0.00140415
8.18613e-10 0.00171792 0.00154711
8.18714e-10 0.00171904 0.0017002
8.18816e-10 0.00171945 0.0018635
8.18917e-10 0.00171913 0.00203707
8.19018e-10 0.00171809 0.00222096
8.19119e-10 0.00171629 0.00241522
8.19221e-10 0.00171375 0.00261987
8.19322e-10 0.00171045 0.00283491
8.19423e-10 0.00170638 0.00306036
8.19524e-10 0.00170154 0.0032962
8.19626e-10 0.00169592 0.00354239
8.19727e-10 0.00168953 0.00379891
8.19828e-10 0.00168236 0.00406567
8.1993e-10 0.00167441 0.00434263
8.20031e-10 0.00166568 0.00462969
8.20132e-10 0.00165617 0.00492674
8.20233e-10 0.0016459 0.00523367
8.20335e-10 0.00163485 0.00555035
8.20436e-10 0.00162305 0.00587662
8.20537e-10 0.00161049 0.00621233
8.20638e-10 0.00159719 0.0065573
8.2074e-10 0.00158316 0.00691132
8.20841e-10 0.0015684 0.00727419
8.20942e-10 0.00155294 0.00764567
8.21043e-10 0.00153679 0.00802553
8.21145e-10 0.00151997 0.0084135
8.21246e-10 0.00150249 0.00880932
8.21347e-10 0.00148437 0.00921268
8.21449e-10 0.00146564 0.00962328
8.2155e-10 0.00144631 0.0100408
8.21651e-10 0.00142641 0.0104649
8.21752e-10 0.00140596 0.0108952
8.21854e-10 0.001385 0.0113314
8.21955e-10 0.00136354 0.0117731
8.22056e-10 0.00134162 0.0122198
8.22157e-10 0.00131927 0.0126712
8.22259e-10 0.00129651 0.0131269
8.2236e-10 0.00127339 0.0135863
8.22461e-10 0.00124993 0.0140491
8.22563e-10 0.00122617 0.0145148
8.22664e-10 0.00120214 0.0149829
8.22765e-10 0.00117788 0.0154528
8.22866e-10 0.00115344 0.0159242
8.22968e-10 0.00112884 0.0163965
8.23069e-10 0.00110413 0.0168692
8.2317e-10 0.00107934 0.0173416
8.23271e-10 0.00105452 0.0178134
8.23373e-10 0.00102972 0.0182839
8.23474e-10 0.00100496 0.0187526
8.23575e-10 0.000980302 0.0192189
8.23677e-10 0.000955779 0.0196822
8.23778e-10 0.000931436 0.0201419
8.23879e-10 0.000907319 0.0205975
8.2398e-10 0.000883471 0.0210484
8.24082e-10 0.000859936 0.021494
8.24183e-10 0.000836759 0.0219336
8.24284e-10 0.000813984 0.0223666
8.24385e-10 0.000791655 0.0227926
8.24487e-10 0.000769817 0.0232107
8.24588e-10 0.000748514 0.0236206
8.24689e-10 0.00072779 0.0240215
8.2479e-10 0.000707687 0.0244128
8.24892e-10 0.000688249 0.024794
8.24993e-10 0.000669519 0.0251644
8.25094e-10 0.000651539 0.0255235
8.25196e-10 0.000634349 0.0258707
8.25297e-10 0.000617991 0.0262054
8.25398e-10 0.000602504 0.026527
8.25499e-10 0.000587928 0.026835
8.25601e-10 0.0005743 0.0271288
8.25702e-10 0.000561659 0.027408
8.25803e-10 0.000550039 0.0276719
8.25904e-10 0.000539478 0.0279201
8.26006e-10 0.000530007 0.028152
8.26107e-10 0.000521662 0.0283673
8.26208e-10 0.000514472 0.0285653
8.2631e-10 0.00050847 0.0287458
8.26411e-10 0.000503684 0.0289082
8.26512e-10 0.000500142 0.0290521
8.26613e-10 0.000497871 0.0291772
8.26715e-10 0.000496897 0.0292832
8.26816e-10 0.000497244 0.0293696
8.26917e-10 0.000498935 0.0294361
8.27018e-10 0.000501991 0.0294825
8.2712e-10 0.000506432 0.0295086
8.27221e-10 0.000512279 0.029514
8.27322e-10 0.000519547 0.0294985
8.27424e-10 0.000528254 0.0294621
8.27525e-10 0.000538416 0.0294045
8.27626e-10 0.000550046 0.0293256
8.27727e-10 0.000563157 0.0292255
8.27829e-10 0.000577761 0.0291039
8.2793e-10 0.000593871 0.0289609
8.28031e-10 0.000611495 0.0287966
8.28132e-10 0.000630643 0.028611
8.28234e-10 0.000651324 0.0284041
8.28335e-10 0.000673546 0.0281762
8.28436e-10 0.000697316 0.0279274
8.28537e-10 0.000722642 0.0276579
8.28639e-10 0.000749531 0.0273679
8.2874e-10 0.000777989 0.0270578
8.28841e-10 0.000808022 0.0267279
8.28943e-10 0.000839638 0.0263786
8.29044e-10 0.000872844 0.0260102
8.29145e-10 0.000907647 0.0256233
8.29246e-10 0.000944056 0.0252183
8.29348e-10 0.000982078 0.0247958
8.29449e-10 0.00102172 0.0243564
8.2955e-10 0.001063 0.0239006
8.29651e-10 0.00110593 0.0234292
8.29753e-10 0.00115052 0.0229429
8.29854e-10 0.00119678 0.0224424
8.29955e-10 0.00124474 0.0219285
8.30057e-10 0.0012944 0.0214021
8.30158e-10 0.0013458 0.020864
8.30259e-10 0.00139895 0.0203152
8.3036e-10 0.00145388 0.0197566
8.30462e-10 0.00151063 0.0191892
8.30563e-10 0.00156921 0.0186141
8.30664e-10 0.00162967 0.0180323
8.30765e-10 0.00169205 0.017445
8.30867e-10 0.00175638 0.0168532
8.30968e-10 0.00182271 0.0162583
8.31069e-10 0.0018911 0.0156614
8.31171e-10 0.00196158 0.0150637
8.31272e-10 0.00203422 0.0144666
8.31373e-10 0.00210909 0.0138713
8.31474e-10 0.00218624 0.0132793
8.31576e-10 0.00226574 0.0126919
8.31677e-10 0.00234768 0.0121104
8.31778e-10 0.00243212 0.0115364
8.31879e-10 0.00251916 0.0109712
8.31981e-10 0.00260887 0.0104164
8.32082e-10 0.00270136 0.00987337
8.32183e-10 0.00279671 0.00934365
8.32284e-10 0.00289504 0.00882874
8.32386e-10 0.00299644 0.00833019
8.32487e-10 0.00310103 0.00784951
8.32588e-10 0.00320893 0.00738826
8.3269e-10 0.00332025 0.00694798
8.32791e-10 0.00343511 0.00653021
8.32892e-10 0.00355365 0.0061365
8.32993e-10 0.003676 0.0057684
8.33095e-10 0.00380229 0.00542744
8.33196e-10 0.00393266 0.00511515
8.33297e-10 0.00406725 0.00483304
8.33398e-10 0.0042062 0.00458261
8.335e-10 0.00434966 0.00436535
8.33601e-10 0.00449778 0.00418271
8.33702e-10 0.0046507 0.00403612
8.33804e-10 0.00480858 0.00392701
8.33905e-10 0.00497156 0.00385673
8.34006e-10 0.00513979 0.00382664
8.34107e-10 0.00531343 0.00383805
8.34209e-10 0.00549261 0.00389222
8.3431e-10 0.00567749 0.00399036
8.34411e-10 0.0058682 0.00413367
8.34512e-10 0.00606488 0.00432326
8.34614e-10 0.00626766 0.0045602
8.34715e-10 0.00647668 0.00484551
8.34816e-10 0.00669206 0.00518016
8.34917e-10 0.0069139 0.00556502
8.35019e-10 0.00714232 0.00600093
8.3512e-10 0.00737742 0.00648865
8.35221e-10 0.00761927 0.00702886
8.35323e-10 0.00786797 0.00762218
8.35424e-10 0.00812357 0.00826913
8.35525e-10 0.00838613 0.00897018
8.35626e-10 0.00865568 0.0097257
8.35728e-10 0.00893225 0.010536
8.35829e-10 0.00921584 0.0114012
8.3593e-10 0.00950645 0.0123214
8.36031e-10 0.00980404 0.0132967
8.36133e-10 0.0101086 0.014327
8.36234e-10 0.01042 0.0154122
8.36335e-10 0.0107382 0.0165518
8.36437e-10 0.011063 0.0177456
8.36538e-10 0.0113944 0.018993
8.36639e-10 0.0117321 0.0202936
8.3674e-10 0.0120761 0.0216465
8.36842e-10 0.012426 0.0230511
8.36943e-10 0.0127816 0.0245063
8.37044e-10 0.0131427 0.0260113
8.37145e-10 0.013509 0.0275648
8.37247e-10 0.0138801 0.0291658
8.37348e-10 0.0142557 0.0308127
8.37449e-10 0.0146354 0.0325044
8.37551e-10 0.0150188 0.0342391
8.37652e-10 0.0154054 0.0360152
8.37753e-10 0.0157948 0.037831
8.37854e-10 0.0161863 0.0396847
8.37956e-10 0.0165796 0.0415743
8.38057e-10 0.0169739 0.0434978
8.38158e-10 0.0173688 0.0454529
8.38259e-10 0.0177635 0.0474376
8.38361e-10 0.0181573 0.0494494
8.38462e-10 0.0185497 0.0514859
8.38563e-10 0.0189397 0.0535446
8.38664e-10 0.0193268 0.055623
8.38766e-10 0.01971 0.0577184
8.38867e-10 0.0200885 0.059828
8.38968e-10 0.0204616 0.0619491
8.3907e-10 0.0208283 0.0640787
8.39171e-10 0.0211878 0.066214
8.39272e-10 0.0215392 0.0683519
8.39373e-10 0.0218814 0.0704894
8.39475e-10 0.0222136 0.0726235
8.39576e-10 0.0225348 0.0747509
8.39677e-10 0.0228441 0.0768687
8.39778e-10 0.0231405 0.0789735
8.3988e-10 0.0234229 0.0810621
