3e-10 0.00371999 6.31434e-06
3.00883e-10 0.00191579 2.36989e-06
3.01766e-10 0.000804229 5.02425e-07
3.02649e-10 0.00045564 2.82211e-08
3.03532e-10 0.000811218 4.35599e-07
3.04415e-10 0.00170736 1.51899e-06
3.05298e-10 0.00291397 3.221e-06
3.06181e-10 0.00417893 5.38151e-06
3.07064e-10 0.00527036 7.60404e-06
3.07947e-10 0.00600992 9.33136e-06
3.0883e-10 0.00629339 1.00691e-05
3.09713e-10 0.00609775 9.60807e-06
3.10596e-10 0.00547578 8.11246e-06
3.11479e-10 0.00454059 6.03284e-06
3.12362e-10 0.0034432 3.9049e-06
3.13245e-10 0.0023471 2.14603e-06
3.14128e-10 0.00140358 9.45567e-07
3.15011e-10 0.000731217 2.80518e-07
3.15894e-10 0.00040181 2.01364e-08
3.16777e-10 0.00043407 4.49142e-08
3.1766e-10 0.000795187 3.13268e-07
3.18543e-10 0.00140939 8.49927e-07
3.19426e-10 0.00217171 1.67779e-06
3.20309e-10 0.00296447 2.74379e-06
3.21192e-10 0.00367402 3.8872e-06
3.22075e-10 0.00420531 4.87069e-06
3.22958e-10 0.00449273 5.45912e-06
3.23841e-10 0.00450627 5.50646e-06
3.24724e-10 0.00425281 5.00919e-06
3.25607e-10 0.00377268 4.10331e-06
3.2649e-10 0.00313266 3.00944e-06
3.27373e-10 0.00241615 1.95342e-06
3.28256e-10 0.00171223 1.09754e-06
3.29139e-10 0.00110473 5.08704e-07
3.30022e-10 0.000662624 1.70619e-07
3.30905e-10 0.000432751 2.68127e-08
3.31788e-10 0.000435529 2.96722e-08
3.32671e-10 0.000663932 1.71179e-07
3.33554e-10 0.00108566 4.82418e-07
3.34437e-10 0.001648 1.00488e-06
3.3532e-10 0.00228467 1.74969e-06
3.36203e-10 0.00292368 2.6657e-06
3.37086e-10 0.00349528 3.63282e-06
3.37969e-10 0.0039392 4.48512e-06
3.38852e-10 0.00421052 5.05584e-06
3.39735e-10 0.00428362 5.22702e-06
3.40618e-10 0.00415404 4.96523e-06
3.41501e-10 0.00383825 4.33059e-06
3.42384e-10 0.00337133 3.45647e-06
3.43267e-10 0.00280307 2.50832e-06
3.4415e-10 0.00219278 1.63691e-06
3.45033e-10 0.00160346 9.42477e-07
3.45916e-10 0.00109579 4.61195e-07
3.46799e-10 0.000722466 1.76417e-07
3.47682e-10 0.000523424 4.80773e-08
3.48565e-10 0.00052233 4.70051e-08
3.49449e-10 0.000724595 1.79758e-07
3.50332e-10 0.00111711 4.93558e-07
3.51215e-10 0.00166961 1.05873e-06
3.52098e-10 0.00233756 1.9346e-06
3.52981e-10 0.00306613 3.13143e-06
3.53864e-10 0.00379496 4.58272e-06
3.54747e-10 0.00446329 6.13948e-06
3.5563e-10 0.00501503 7.59103e-06
3.56513e-10 0.00540336 8.7081e-06
3.57396e-10 0.00559463 9.29665e-06
3.58279e-10 0.00557128 9.24686e-06
3.59162e-10 0.00533345 8.56259e-06
3.60045e-10 0.00489932 7.36197e-06
3.60928e-10 0.0043041 5.84832e-06
3.61811e-10 0.00359768 4.25957e-06
3.62694e-10 0.00284121 2.811e-06
3.63577e-10 0.00210277 1.64876e-06
3.6446e-10 0.00145235 8.28723e-07
3.65343e-10 0.00095664 3.27895e-07
3.66226e-10 0.000673733 8.55392e-08
3.67109e-10 0.00064837 6.10404e-08
3.67992e-10 0.00090797 2.89054e-07
3.68875e-10 0.00145988 9.11256e-07
3.69758e-10 0.00229006 2.16924e-06
3.70641e-10 0.00336338 4.35366e-06
3.71524e-10 0.00462539 7.71782e-06
3.72407e-10 0.0060055 1.23762e-05
3.7329e-10 0.00742124 1.82155e-05
3.74173e-10 0.00878333 2.48472e-05
3.75056e-10 0.0100013 3.16216e-05
3.75939e-10 0.0109896 3.77101e-05
3.76822e-10 0.0116731 4.22468e-05
3.77705e-10 0.0119935 4.44994e-05
3.78588e-10 0.0119138 4.40344e-05
3.79471e-10 0.0114233 4.08321e-05
3.80354e-10 0.0105398 3.53187e-05
3.81237e-10 0.00931221 2.82974e-05
3.8212e-10 0.00781985 2.07841e-05
3.83003e-10 0.0061714 1.37833e-05
3.83886e-10 0.00450172 8.05849e-06
3.84769e-10 0.0029671 3.97165e-06
3.85652e-10 0.00173898 1.46284e-06
3.86535e-10 0.000995833 2.24807e-07
3.87418e-10 0.000913688 9.18502e-08
3.88301e-10 0.0016556 1.6138e-06
3.89184e-10 0.00336111 6.73323e-06
3.90067e-10 0.00613686 1.94389e-05
3.9095e-10 0.0100496 4.6243e-05
3.91833e-10 0.0151227 9.63336e-05
3.92716e-10 0.0213356 0.00018129
3.93599e-10 0.0286275 0.000314315
3.94482e-10 0.036901 0.000509022
3.95365e-10 0.0460278 0.000777894
3.96248e-10 0.0558515 0.00113061
3.97131e-10 0.0661898 0.00157247
3.98014e-10 0.076835 0.00210311
3.98897e-10 0.0875552 0.00271572
3.9978e-10 0.0980974 0.00339691
4.00663e-10 0.108195 0.00412714
4.01546e-10 0.117578 0.00488179
4.02429e-10 0.125991 0.0056327
4.03312e-10 0.133211 0.00634998
4.04195e-10 0.139065 0.00700395
4.05078e-10 0.14344 0.00756705
4.05961e-10 0.146298 0.00801554
4.06844e-10 0.147669 0.00833089
4.07727e-10 0.147644 0.00850079
4.0861e-10 0.146359 0.00851971
4.09493e-10 0.143974 0.00838904
4.10376e-10 0.140654 0.00811682
4.11259e-10 0.136547 0.00771707
4.12142e-10 0.131773 0.00720878
4.13025e-10 0.126418 0.00661474
4.13908e-10 0.120534 0.00596002
4.14791e-10 0.114151 0.00527058
4.15674e-10 0.107288 0.00457173
4.16557e-10 0.0999699 0.00388682
4.1744e-10 0.0922395 0.00323606
4.18323e-10 0.084168 0.00263572
4.19206e-10 0.0758579 0.00209757
4.20089e-10 0.0674412 0.00162873
4.20972e-10 0.0590703 0.00123191
4.21855e-10 0.050907 0.000905834
4.22738e-10 0.0431091 0.000646015
4.23621e-10 0.035818 0.000445593
4.24504e-10 0.0291492 0.000296243
4.25387e-10 0.0231862 0.000189034
4.2627e-10 0.0179781 0.000115165
4.27153e-10 0.0135412 6.65406e-05
4.28036e-10 0.0098624 3.6148e-05
4.28919e-10 0.00690462 1.82545e-05
4.29802e-10 0.00461225 8.43753e-06
4.30685e-10 0.00291681 3.49032e-06
4.31568e-10 0.00174183 1.24422e-06
4.32451e-10 0.00100712 3.50143e-07
4.33334e-10 0.000632237 5.51375e-08
4.34217e-10 0.000539437 5.28962e-10
4.351e-10 0.000655997 5.76084e-08
4.35983e-10 0.000916078 2.07314e-07
4.36866e-10 0.00126208 4.62524e-07
4.37749e-10 0.00164548 8.26413e-07
4.38632e-10 0.00202723 1.27763e-06
4.39515e-10 0.00237757 1.77264e-06
4.40398e-10 0.00267559 2.25652e-06
4.41281e-10 0.00290838 2.67576e-06
4.42164e-10 0.00306997 2.98864e-06
4.43047e-10 0.00316019 3.17134e-06
4.4393e-10 0.00318346 3.21921e-06
4.44813e-10 0.00314762 3.14431e-06
4.45696e-10 0.00306277 2.97053e-06
4.46579e-10 0.00294025 2.72786e-06
4.47462e-10 0.0027917 2.44699e-06
4.48346e-10 0.00262827 2.15531e-06
4.49229e-10 0.00245997 1.87432e-06
4.50112e-10 0.00229516 1.61877e-06
4.50995e-10 0.00214025 1.39688e-06
4.51878e-10 0.00199953 1.21142e-06
4.52761e-10 0.00187521 1.06112e-06
4.53644e-10 0.00176755 9.41966e-07
4.54527e-10 0.00167513 8.48439e-07
4.5541e-10 0.0015952 7.74352e-07
4.56293e-10 0.00152412 7.13491e-07
4.57176e-10 0.00145774 6.60079e-07
4.58059e-10 0.00139187 6.09141e-07
4.58942e-10 0.00132269 5.56834e-07
4.59825e-10 0.00124706 5.00712e-07
4.60708e-10 0.00116283 4.39902e-07
4.61591e-10 0.00106905 3.75107e-07
4.62474e-10 0.000966088 3.08404e-07
4.63357e-10 0.000855636 2.42825e-07
4.6424e-10 0.00074067 1.81752e-07
4.65123e-10 0.000625287 1.28258e-07
4.66006e-10 0.000514488 8.45053e-08
4.66889e-10 0.000413907 5.13701e-08
4.67772e-10 0.000329488 2.84046e-08
4.68655e-10 0.00026715 1.42019e-08
4.69538e-10 0.000232441 7.1405e-09
4.70421e-10 0.00023021 6.39218e-09
4.71304e-10 0.000264295 1.30045e-08
4.72187e-10 0.000337265 3.08165e-08
4.7307e-10 0.000450208 6.6965e-08
4.73953e-10 0.000602589 1.31781e-07
4.74836e-10 0.000792183 2.37968e-07
4.75719e-10 0.00101509 3.99067e-07
4.76602e-10 0.00126581 6.27356e-07
4.77485e-10 0.00153747 9.31453e-07
4.78368e-10 0.00182197 1.31396e-06
4.79251e-10 0.00211039 1.76956e-06
4.80134e-10 0.00239321 2.28393e-06
4.81017e-10 0.00266078 2.83368e-06
4.819e-10 0.0029036 3.38765e-06
4.82783e-10 0.00311272 3.90927e-06
4.83666e-10 0.00328011 4.35998e-06
4.84549e-10 0.00339891 4.70326e-06
4.85432e-10 0.00346379 4.9088e-06
4.86315e-10 0.00347112 4.95619e-06
4.87198e-10 0.00341921 4.83772e-06
4.88081e-10 0.00330844 4.55981e-06
4.88964e-10 0.00314132 4.14277e-06
4.89847e-10 0.00292251 3.6189e-06
4.9073e-10 0.00265872 3.02902e-06
4.91613e-10 0.00235861 2.41793e-06
4.92496e-10 0.00203252 1.82929e-06
4.93379e-10 0.00169217 1.3006e-06
4.94262e-10 0.00135036 8.5906e-07
4.95145e-10 0.00102051 5.18873e-07
4.96028e-10 0.00071623 2.80496e-07
4.96911e-10 0.000450897 1.32054e-07
4.97794e-10 0.000237181 5.28625e-08
4.98677e-10 8.66172e-05 1.87058e-08
4.9956e-10 9.19769e-06 8.22609e-09
5.00443e-10 1.30079e-05 9.58536e-09
5.01326e-10 0.000103911 2.64437e-08
5.02209e-10 0.000285297 8.23102e-08
5.03092e-10 0.0005579 2.22453e-07
5.03975e-10 0.000919697 5.12813e-07
5.04858e-10 0.0013659 1.03569e-06
5.05741e-10 0.00188902 1.8824e-06
5.06624e-10 0.00247907 3.14345e-06
5.07507e-10 0.00312378 4.89714e-06
5.0839e-10 0.00380902 7.19791e-06
5.09273e-10 0.0045191 1.00655e-05
5.10156e-10 0.00523733 1.34766e-05
5.11039e-10 0.00594644 1.73597e-05
5.11922e-10 0.00662909 2.15945e-05
5.12805e-10 0.00726834 2.60158e-05
5.13688e-10 0.00784806 3.04226e-05
5.14571e-10 0.00835339 3.45905e-05
5.15454e-10 0.00877105 3.82883e-05
5.16337e-10 0.00908966 4.12958e-05
5.1722e-10 0.00930004 4.3422e-05
5.18103e-10 0.00939545 4.4522e-05
5.18986e-10 0.00937175 4.45105e-05
5.19869e-10 0.00922764 4.33707e-05
5.20752e-10 0.00896479 4.1158e-05
5.21635e-10 0.0085879 3.7997e-05
5.22518e-10 0.00810478 3.40724e-05
5.23401e-10 0.00752627 2.96149e-05
5.24284e-10 0.00686618 2.48819e-05
5.25167e-10 0.00614105 2.0136e-05
5.2605e-10 0.00536982 1.56229e-05
5.26933e-10 0.00457348 1.15503e-05
5.27816e-10 0.00377452 8.07132e-06
5.28699e-10 0.00299646 5.2732e-06
5.29582e-10 0.00226316 3.1733e-06
5.30465e-10 0.00159824 1.72323e-06
5.31348e-10 0.00102447 8.21207e-07
5.32231e-10 0.000563101 3.31693e-07
5.33114e-10 0.000233329 1.10851e-07
5.33997e-10 5.1751e-05 3.53596e-08
5.3488e-10 3.18894e-05 3.1691e-08
5.35763e-10 0.000183784 1.02642e-07
5.36646e-10 0.000513654 3.47909e-07
5.37529e-10 0.00102364 9.75886e-07
5.38412e-10 0.00171164 2.3045e-06
5.39295e-10 0.00257124 4.74987e-06
5.40178e-10 0.00359177 8.80268e-06
5.41061e-10 0.0047585 1.49934e-05
5.41944e-10 0.00605292 2.38483e-05
5.42827e-10 0.00745319 3.58406e-05
5.4371e-10 0.0089347 5.13383e-05
5.44593e-10 0.0104707 7.05569e-05
5.45476e-10 0.0120331 9.35166e-05
5.46359e-10 0.0135931 0.000120013
5.47243e-10 0.015122 0.0001496
5.48126e-10 0.0165917 0.000181591
5.49009e-10 0.0179757 0.000215076
5.49892e-10 0.0192492 0.000248956
5.50775e-10 0.0203895 0.000281996
5.51658e-10 0.0213764 0.000312886
5.52541e-10 0.0221923 0.000340315
5.53424e-10 0.0228224 0.000363045
5.54307e-10 0.0232544 0.00037999
5.5519e-10 0.0234791 0.000390286
5.56073e-10 0.0234898 0.00039335
5.56956e-10 0.023283 0.000388921
5.57839e-10 0.0228585 0.000377093
5.58722e-10 0.0222194 0.000358313
5.59605e-10 0.0213725 0.000333365
5.60488e-10 0.0203287 0.000303332
5.61371e-10 0.0191032 0.000269531
5.62254e-10 0.0177155 0.000233437
5.63137e-10 0.0161898 0.000196591
5.6402e-10 0.0145546 0.0001605
5.64903e-10 0.0128424 0.000126543
5.65786e-10 0.0110892 9.58756e-05
5.66669e-10 0.00933401 6.93599e-05
5.67552e-10 0.00761786 4.75087e-05
5.68435e-10 0.00598274 3.04643e-05
5.69318e-10 0.00447065 1.80086e-05
5.70201e-10 0.00312252 9.60835e-06
5.71084e-10 0.00197712 4.49617e-06
5.71967e-10 0.00107005 1.78148e-06
5.7285e-10 0.000432925 5.85531e-07
5.73733e-10 9.24933e-05 1.90046e-07
5.74616e-10 7.00186e-05 1.87319e-07
5.75499e-10 0.000380703 6.18038e-07
5.76382e-10 0.00103323 2.08293e-06
5.77265e-10 0.00202943 5.8153e-06
5.78148e-10 0.00336403 1.37039e-05
5.79031e-10 0.00502452 2.8259e-05
5.79914e-10 0.00699121 5.25191e-05
5.80797e-10 0.00923747 8.99003e-05
5.8168e-10 0.0117301 0.000143996
5.82563e-10 0.01443 0.000218338
5.83446e-10 0.0172933 0.000316135
5.84329e-10 0.0202721 0.000440007
5.85212e-10 0.0233164 0.000591731
5.86095e-10 0.0263752 0.000772022
5.86978e-10 0.0293982 0.000980358
5.87861e-10 0.0323374 0.00121487
5.88744e-10 0.0351485 0.00147231
5.89627e-10 0.0377917 0.00174804
5.9051e-10 0.0402331 0.00203623
5.91393e-10 0.0424447 0.00232991
5.92276e-10 0.0444044 0.00262132
5.93159e-10 0.0460959 0.00290213
5.94042e-10 0.0475077 0.00316379
5.94925e-10 0.0486325 0.00339785
5.95808e-10 0.0494657 0.00359635
5.96691e-10 0.0500048 0.00375216
5.97574e-10 0.0502479 0.00385926
5.98457e-10 0.0501933 0.0039131
5.9934e-10 0.0498385 0.00391078
6.00223e-10 0.0491806 0.00385128
6.01106e-10 0.0482166 0.00373556
6.01989e-10 0.0469436 0.0035666
6.02872e-10 0.0453604 0.00334934
6.03755e-10 0.0434686 0.00309056
6.04638e-10 0.0412745 0.00279866
6.05521e-10 0.0387905 0.00248329
6.06404e-10 0.0360367 0.00215501
6.07287e-10 0.0330424 0.00182471
6.0817e-10 0.029847 0.00150314
6.09053e-10 0.0265001 0.0012003
6.09936e-10 0.0230613 0.00092484
6.10819e-10 0.019599 0.000683566
6.11702e-10 0.0161891 0.000480961
6.12585e-10 0.012912 0.000318905
6.13468e-10 0.00984993 0.000196571
6.14351e-10 0.00708403 0.000110566
6.15234e-10 0.00469066 5.53352e-05
6.16117e-10 0.00273859 2.38629e-05
6.17e-10 0.00128624 8.62687e-06
6.17883e-10 0.00037955 2.77883e-06
6.18766e-10 5.05358e-05 1.46265e-06
6.19649e-10 0.000316411 3.16392e-06
6.20532e-10 0.00117934 1.09593e-05
6.21415e-10 0.00262658 3.35239e-05
6.22298e-10 0.00463099 8.57601e-05
6.23181e-10 0.00715159 0.000188933
6.24064e-10 0.0101343 0.000370236
6.24947e-10 0.0135126 0.000661763
6.2583e-10 0.0172087 0.00109892
6.26713e-10 0.0211347 0.00171838
6.27596e-10 0.0251944 0.0025557
6.28479e-10 0.0292854 0.00364284
6.29362e-10 0.0333028 0.00500572
6.30245e-10 0.0371424 0.00666205
6.31128e-10 0.040705 0.00861962
6.32011e-10 0.0439012 0.0108751
6.32894e-10 0.0466553 0.0134135
6.33777e-10 0.0489091 0.0162084
6.3466e-10 0.0506248 0.0192224
6.35543e-10 0.0517867 0.0224087
6.36426e-10 0.0524013 0.0257122
6.37309e-10 0.0524965 0.0290719
6.38192e-10 0.0521192 0.0324224
6.39075e-10 0.0513316 0.0356962
6.39958e-10 0.0502073 0.0388251
6.40841e-10 0.0488263 0.0417424
6.41724e-10 0.0472703 0.0443837
6.42607e-10 0.0456179 0.0466886
6.4349e-10 0.0439399 0.0486011
6.44373e-10 0.0422958 0.0500712
6.45256e-10 0.0407304 0.0510548
6.4614e-10 0.0392717 0.051515
6.47023e-10 0.0379292 0.0514229
6.47906e-10 0.0366935 0.0507583
6.48789e-10 0.0355368 0.0495112
6.49672e-10 0.0344145 0.0476834
6.50555e-10 0.0332685 0.0452904
6.51438e-10 0.0320307 0.0423635
6.52321e-10 0.0306297 0.0389522
6.53204e-10 0.0289971 0.0351267
6.54087e-10 0.0270767 0.030979
6.5497e-10 0.0248338 0.0266238
6.55853e-10 0.0222646 0.022197
6.56736e-10 0.0194041 0.0178511
6.57619e-10 0.0163312 0.0137471
6.58502e-10 0.0131673 0.0100422
6.59385e-10 0.0100677 0.00687244
6.60268e-10 0.00720357 0.00433394
6.61151e-10 0.00473598 0.00246371
6.62034e-10 0.0027852 0.00122728
6.62917e-10 0.00140345 0.000519554
6.638e-10 0.000560085 0.000186313
6.64683e-10 0.000148075 7.10168e-05
6.65566e-10 1.51178e-05 8.48724e-05
6.66449e-10 1.31933e-05 0.000288796
6.67332e-10 5.06178e-05 0.000965673
6.68215e-10 0.000125474 0.00265509
6.69098e-10 0.000323517 0.00612483
6.69981e-10 0.000777183 0.0122664
6.70864e-10 0.00159977 0.0219235
6.71747e-10 0.00282148 0.0356857
6.7263e-10 0.00435531 0.0536985
6.73513e-10 0.00600906 0.0755415
6.74396e-10 0.00754076 0.100216
6.75279e-10 0.00873617 0.12625
6.76162e-10 0.00947788 0.151909
6.77045e-10 0.00977986 0.175446
6.77928e-10 0.00977675 0.195352
6.78811e-10 0.00967599 0.210537
6.79694e-10 0.00969396 0.220423
6.80577e-10 0.00999946 0.224937
6.8146e-10 0.0106801 0.224435
6.82343e-10 0.011736 0.21958
6.83226e-10 0.0130956 0.211206
6.84109e-10 0.0146423 0.200203
6.84992e-10 0.0162439 0.187424
6.85875e-10 0.017776 0.173624
6.86758e-10 0.0191372 0.159431
6.87641e-10 0.0202567 0.145337
6.88524e-10 0.0210943 0.131706
6.89407e-10 0.021637 0.118785
6.9029e-10 0.0218931 0.106731
6.91173e-10 0.0218859 0.0956251
6.92056e-10 0.0216478 0.0854948
6.92939e-10 0.0212157 0.0763265
6.93822e-10 0.0206272 0.0680806
6.94705e-10 0.0199183 0.0607004
6.95588e-10 0.0191216 0.0541199
6.96471e-10 0.0182658 0.0482692
6.97354e-10 0.0173753 0.0430784
6.98237e-10 0.0164702 0.0384797
6.9912e-10 0.0155667 0.0344095
7.00003e-10 0.0146773 0.0308089
7.00886e-10 0.0138118 0.0276242
7.01769e-10 0.0129771 0.0248067
7.02652e-10 0.012178 0.0223131
7.03535e-10 0.0114177 0.0201046
7.04418e-10 0.010698 0.0181472
7.05301e-10 0.0100194 0.0164104
7.06184e-10 0.00938195 0.0148678
7.07067e-10 0.00878471 0.013496
7.0795e-10 0.00822646 0.0122746
7.08833e-10 0.00770565 0.0111855
7.09716e-10 0.00722052 0.010213
7.10599e-10 0.00676916 0.0093435
7.11482e-10 0.00634963 0.00856487
7.12365e-10 0.00595997 0.00786659
7.13248e-10 0.00559825 0.00723944
7.14131e-10 0.00526258 0.00667532
7.15014e-10 0.00495116 0.00616713
7.15897e-10 0.00466227 0.00570865
7.1678e-10 0.00439427 0.0052944
7.17663e-10 0.00414563 0.00491957
7.18546e-10 0.00391492 0.00457991
7.19429e-10 0.00370078 0.0042717
7.20312e-10 0.00350197 0.00399162
7.21195e-10 0.00331733 0.00373677
7.22078e-10 0.00314578 0.00350456
7.22961e-10 0.00298633 0.00329271
7.23844e-10 0.00283806 0.00309919
7.24727e-10 0.00270013 0.0029222
7.2561e-10 0.00257175 0.00276014
7.26493e-10 0.0024522 0.00261158
7.27376e-10 0.00234083 0.00247526
7.28259e-10 0.00223703 0.00235003
7.29142e-10 0.00214024 0.00223488
7.30025e-10 0.00204994 0.00212891
7.30908e-10 0.00196565 0.0020313
7.31791e-10 0.00188696 0.00194133
7.32674e-10 0.00181345 0.00185833
7.33557e-10 0.00174476 0.00178173
7.3444e-10 0.00168055 0.00171098
7.35323e-10 0.00162051 0.00164562
7.36206e-10 0.00156435 0.00158522
7.37089e-10 0.00151181 0.00152938
7.37972e-10 0.00146266 0.00147776
7.38855e-10 0.00141665 0.00143004
7.39738e-10 0.0013736 0.00138594
7.40621e-10 0.00133331 0.00134519
7.41504e-10 0.00129561 0.00130756
7.42387e-10 0.00126033 0.00127284
7.4327e-10 0.00122733 0.00124084
7.44153e-10 0.00119648 0.00121138
7.45037e-10 0.00116764 0.00118432
7.4592e-10 0.0011407 0.0011595
7.46803e-10 0.00111556 0.00113679
7.47686e-10 0.00109211 0.00111609
7.48569e-10 0.00107028 0.00109729
7.49452e-10 0.00104996 0.00108029
7.50335e-10 0.00103109 0.00106501
7.51218e-10 0.0010136 0.00105138
7.52101e-10 0.000997413 0.00103933
7.52984e-10 0.000982482 0.0010288
7.53867e-10 0.000968747 0.00101974
7.5475e-10 0.000956161 0.00101211
7.55633e-10 0.000944676 0.00100587
7.56516e-10 0.000934251 0.00100099
7.57399e-10 0.000924848 0.000997433
7.58282e-10 0.000916434 0.000995194
7.59165e-10 0.000908977 0.000994253
7.60048e-10 0.00090245 0.000994602
7.60931e-10 0.000896827 0.000996238
7.61814e-10 0.000892088 0.000999162
7.62697e-10 0.000888213 0.00100338
7.6358e-10 0.000885185 0.00100891
7.64463e-10 0.00088299 0.00101577
7.65346e-10 0.000881617 0.00102397
7.66229e-10 0.000881055 0.00103356
7.67112e-10 0.000881298 0.00104456
7.67995e-10 0.00088234 0.00105701
7.68878e-10 0.000884178 0.00107097
7.69761e-10 0.000886811 0.00108648
7.70644e-10 0.000890239 0.00110361
7.71527e-10 0.000894466 0.00112242
7.7241e-10 0.000899495 0.00114299
7.73293e-10 0.000905332 0.0011654
7.74176e-10 0.000911986 0.00118976
7.75059e-10 0.000919467 0.00121615
7.75942e-10 0.000927786 0.0012447
7.76825e-10 0.000936956 0.00127552
7.77708e-10 0.000946993 0.00130876
7.78591e-10 0.000957911 0.00134456
7.79474e-10 0.00096973 0.00138309
7.80357e-10 0.000982469 0.00142453
7.8124e-10 0.000996149 0.00146908
7.82123e-10 0.00101079 0.00151695
7.83006e-10 0.00102642 0.00156838
7.83889e-10 0.00104306 0.00162362
7.84772e-10 0.00106074 0.00168297
7.85655e-10 0.00107949 0.00174674
7.86538e-10 0.00109933 0.00181526
7.87421e-10 0.00112028 0.00188892
7.88304e-10 0.00114239 0.00196812
7.89187e-10 0.00116567 0.00205332
7.9007e-10 0.00119017 0.00214502
7.90953e-10 0.00121589 0.00224377
7.91836e-10 0.00124287 0.00235016
7.92719e-10 0.00127114 0.00246487
7.93602e-10 0.00130071 0.00258863
7.94485e-10 0.00133161 0.00272225
7.95368e-10 0.00136384 0.00286664
7.96251e-10 0.00139741 0.00302277
7.97134e-10 0.00143233 0.00319175
7.98017e-10 0.00146859 0.0033748
7.989e-10 0.00150617 0.00357326
7.99783e-10 0.00154504 0.00378864
8.00666e-10 0.00158514 0.0040226
8.01549e-10 0.00162643 0.004277
8.02432e-10 0.00166881 0.00455389
8.03315e-10 0.00171217 0.00485558
8.04198e-10 0.00175638 0.00518464
8.05081e-10 0.00180125 0.00554392
8.05964e-10 0.00184658 0.00593663
8.06847e-10 0.00189211 0.00636636
8.0773e-10 0.00193751 0.00683711
8.08613e-10 0.00198242 0.00735338
8.09496e-10 0.0020264 0.0079202
8.10379e-10 0.0020689 0.00854323
8.11262e-10 0.00210933 0.00922882
8.12145e-10 0.00214696 0.0099841
8.13028e-10 0.00218096 0.0108171
8.13911e-10 0.00221039 0.0117368
8.14794e-10 0.00223416 0.0127534
8.15677e-10 0.00225103 0.0138782
8.1656e-10 0.00225963 0.0151241
8.17443e-10 0.00225844 0.0165056
8.18326e-10 0.00224577 0.0180387
8.19209e-10 0.00221983 0.0197418
8.20092e-10 0.00217871 0.0216352
8.20975e-10 0.00212047 0.0237418
8.21858e-10 0.00204318 0.026087
8.22741e-10 0.0019451 0.0286995
8.23624e-10 0.0018248 0.0316107
8.24507e-10 0.00168142 0.0348556
8.2539e-10 0.00151505 0.0384726
8.26273e-10 0.00132713 0.0425037
8.27156e-10 0.00112112 0.0469942
8.28039e-10 0.000903319 0.0519925
8.28922e-10 0.000683926 0.0575498
8.29805e-10 0.000478438 0.0637186
8.30688e-10 0.00030941 0.0705519
8.31571e-10 0.000208644 0.0781001
8.32454e-10 0.000219859 0.086409
8.33337e-10 0.000401873 0.0955145
8.3422e-10 0.000832249 0.105438
8.35103e-10 0.0016113 0.116178
8.35986e-10 0.00286616 0.127703
8.36869e-10 0.00475452 0.139938
8.37752e-10 0.00746712 0.152752
8.38635e-10 0.011228 0.165947
8.39518e-10 0.0162911 0.179238
8.40401e-10 0.0229304 0.192245
8.41284e-10 0.0314225 0.20448
8.42167e-10 0.0420184 0.215347
8.4305e-10 0.0549034 0.224156
8.43934e-10 0.0701438 0.230149
8.44817e-10 0.0876253 0.232553
8.457e-10 0.106987 0.230663
8.46583e-10 0.127565 0.223935
8.47466e-10 0.14836 0.212106
8.48349e-10 0.168045 0.195295
8.49232e-10 0.185036 0.174088
8.50115e-10 0.197629 0.149546
8.50998e-10 0.204192 0.123141
8.51881e-10 0.203414 0.0965946
8.52764e-10 0.194545 0.0716442
8.53647e-10 0.177616 0.0497827
8.5453e-10 0.153561 0.0320277
8.55413e-10 0.124237 0.0187842
8.56296e-10 0.0922999 0.00983701
8.57179e-10 0.0609543 0.00447458
8.58062e-10 0.0335964 0.00171095
8.58945e-10 0.0134081 0.000542645
8.59828e-10 0.00296048 0.000174607
8.60711e-10 0.00389409 0.00016194
8.61594e-10 0.0167289 0.00044377
8.62477e-10 0.040835 0.00127789
8.6336e-10 0.0745636 0.00311017
8.64243e-10 0.115509 0.00642385
8.65126e-10 0.160844 0.0116092
8.66009e-10 0.20767 0.0188793
8.66892e-10 0.253323 0.0282397
8.67775e-10 0.295587 0.0395033
8.68658e-10 0.332818 0.0523361
8.69541e-10 0.363971 0.0663157
8.70424e-10 0.388553 0.0809879
8.71307e-10 0.406536 0.0959139
8.7219e-10 0.418243 0.110703
8.73073e-10 0.424241 0.125033
8.73956e-10 0.425235 0.138655
8.74839e-10 0.421994 0.151391
8.75722e-10 0.415287 0.163132
8.76605e-10 0.405841 0.173822
8.77488e-10 0.394319 0.183451
8.78371e-10 0.381302 0.192041
8.79254e-10 0.367291 0.19964
8.80137e-10 0.352705 0.206311
8.8102e-10 0.337888 0.212127
8.81903e-10 0.323117 0.217165
8.82786e-10 0.308613 0.221503
8.83669e-10 0.294546 0.225217
8.84552e-10 0.281046 0.228378
8.85435e-10 0.268211 0.231052
8.86318e-10 0.256111 0.233301
8.87201e-10 0.244795 0.235177
8.88084e-10 0.234296 0.23673
8.88967e-10 0.224636 0.238
8.8985e-10 0.215825 0.239022
8.90733e-10 0.20787 0.239827
8.91616e-10 0.200772 0.240439
8.92499e-10 0.19453 0.240878
8.93382e-10 0.18914 0.241158
8.94265e-10 0.1846 0.24129
8.95148e-10 0.180906 0.24128
8.96031e-10 0.178057 0.24113
8.96914e-10 0.176051 0.240841
8.97797e-10 0.174888 0.240406
8.9868e-10 0.174568 0.239821
