6.9e-10 0.00182674 0.0170767
6.90101e-10 0.00195331 0.0169112
6.90203e-10 0.00208122 0.0168601
6.90304e-10 0.00220869 0.0169177
6.90405e-10 0.00233399 0.0170774
6.90506e-10 0.00245545 0.0173314
6.90608e-10 0.00257145 0.0176714
6.90709e-10 0.00268049 0.0180885
6.9081e-10 0.00278115 0.0185732
6.90911e-10 0.00287214 0.0191155
6.91013e-10 0.0029523 0.0197053
6.91114e-10 0.00302061 0.0203321
6.91215e-10 0.00307622 0.0209855
6.91317e-10 0.00311841 0.0216551
6.91418e-10 0.00314664 0.0223306
6.91519e-10 0.00316054 0.0230021
6.9162e-10 0.00315991 0.0236599
6.91722e-10 0.00314471 0.0242948
6.91823e-10 0.00311506 0.0248981
6.91924e-10 0.00307126 0.0254617
6.92025e-10 0.00301375 0.0259783
6.92127e-10 0.00294311 0.0264411
6.92228e-10 0.00286009 0.0268442
6.92329e-10 0.00276552 0.0271825
6.9243e-10 0.00266036 0.0274518
6.92532e-10 0.0025457 0.0276485
6.92633e-10 0.00242267 0.0277702
6.92734e-10 0.00229249 0.0278152
6.92836e-10 0.00215645 0.0277825
6.92937e-10 0.00201585 0.0276722
6.93038e-10 0.00187204 0.0274851
6.93139e-10 0.00172635 0.0272229
6.93241e-10 0.00158014 0.0268877
6.93342e-10 0.00143472 0.0264827
6.93443e-10 0.00129136 0.0260115
6.93544e-10 0.0011513 0.0254783
6.93646e-10 0.00101571 0.024888
6.93747e-10 0.000885679 0.0242457
6.93848e-10 0.000762217 0.0235571
6.9395e-10 0.000646241 0.0228282
6.94051e-10 0.000538565 0.022065
6.94152e-10 0.000439896 0.021274
6.94253e-10 0.000350829 0.0204618
6.94355e-10 0.000271841 0.0196348
6.94456e-10 0.000203293 0.0187995
6.94557e-10 0.000145425 0.0179624
6.94658e-10 9.83589e-05 0.0171297
6.9476e-10 6.21017e-05 0.0163076
6.94861e-10 3.6546e-05 0.0155018
6.94962e-10 2.14759e-05 0.0147178
6.95064e-10 1.65727e-05 0.0139608
6.95165e-10 2.14208e-05 0.0132355
6.95266e-10 3.55156e-05 0.0125462
6.95367e-10 5.82716e-05 0.0118968
6.95469e-10 8.9031e-05 0.0112905
6.9557e-10 0.000127074 0.0107303
6.95671e-10 0.000171626 0.0102186
6.95772e-10 0.000221872 0.00975702
6.95874e-10 0.000276963 0.00934698
6.95975e-10 0.000336029 0.0089892
6.96076e-10 0.000398186 0.00868393
6.96177e-10 0.000462549 0.00843094
6.96279e-10 0.000528241 0.00822948
6.9638e-10 0.000594402 0.00807836
6.96481e-10 0.000660196 0.00797595
6.96583e-10 0.000724823 0.00792022
6.96684e-10 0.000787523 0.00790875
6.96785e-10 0.000847585 0.00793882
6.96886e-10 0.000904354 0.00800736
6.96988e-10 0.000957231 0.00811107
6.97089e-10 0.00100568 0.00824641
6.9719e-10 0.00104925 0.00840969
6.97291e-10 0.00108753 0.00859705
6.97393e-10 0.00112021 0.00880453
6.97494e-10 0.00114703 0.00902815
6.97595e-10 0.00116782 0.00926387
6.97697e-10 0.00118248 0.0095077
6.97798e-10 0.00119097 0.00975571
6.97899e-10 0.00119334 0.0100041
6.98e-10 0.00118968 0.010249
6.98102e-10 0.00118016 0.0104871
6.98203e-10 0.00116501 0.0107149
6.98304e-10 0.00114451 0.0109293
6.98405e-10 0.00111898 0.0111275
6.98507e-10 0.0010888 0.0113066
6.98608e-10 0.00105438 0.0114646
6.98709e-10 0.00101615 0.0115991
6.9881e-10 0.000974594 0.0117086
6.98912e-10 0.000930195 0.0117915
6.99013e-10 0.000883456 0.0118467
6.99114e-10 0.000834889 0.0118735
6.99216e-10 0.000785009 0.0118711
6.99317e-10 0.000734327 0.0118396
6.99418e-10 0.000683344 0.011779
6.99519e-10 0.000632549 0.0116896
6.99621e-10 0.000582412 0.0115721
6.99722e-10 0.000533379 0.0114275
6.99823e-10 0.00048587 0.0112569
6.99924e-10 0.000440275 0.0110617
7.00026e-10 0.000396948 0.0108436
7.00127e-10 0.000356209 0.0106042
7.00228e-10 0.000318338 0.0103456
7.0033e-10 0.000283576 0.0100699
7.00431e-10 0.000252122 0.00977915
7.00532e-10 0.000224134 0.00947574
7.00633e-10 0.000199726 0.009162
7.00735e-10 0.000178974 0.00884031
7.00836e-10 0.000161908 0.00851308
7.00937e-10 0.000148523 0.0081827
7.01038e-10 0.000138772 0.00785155
7.0114e-10 0.000132573 0.00752194
7.01241e-10 0.000129809 0.00719611
7.01342e-10 0.000130332 0.00687621
7.01444e-10 0.000133966 0.0065643
7.01545e-10 0.000140505 0.00626229
7.01646e-10 0.000149725 0.00597196
7.01747e-10 0.000161379 0.00569494
7.01849e-10 0.000175203 0.00543269
7.0195e-10 0.000190924 0.00518652
7.02051e-10 0.000208255 0.00495754
7.02152e-10 0.000226905 0.00474668
7.02254e-10 0.00024658 0.00455469
7.02355e-10 0.000266986 0.00438213
7.02456e-10 0.000287833 0.00422937
7.02557e-10 0.000308837 0.00409658
7.02659e-10 0.000329722 0.00398378
7.0276e-10 0.000350227 0.00389079
7.02861e-10 0.000370101 0.00381725
7.02963e-10 0.000389112 0.00376267
7.03064e-10 0.000407046 0.00372637
7.03165e-10 0.000423708 0.00370757
7.03266e-10 0.000438923 0.00370533
7.03368e-10 0.000452541 0.00371859
7.03469e-10 0.000464432 0.0037462
7.0357e-10 0.000474491 0.00378691
7.03671e-10 0.000482636 0.0038394
7.03773e-10 0.000488809 0.00390228
7.03874e-10 0.000492975 0.00397412
7.03975e-10 0.000495123 0.00405344
7.04077e-10 0.000495263 0.00413876
7.04178e-10 0.000493427 0.00422859
7.04279e-10 0.000489666 0.00432143
7.0438e-10 0.000484051 0.00441583
7.04482e-10 0.000476671 0.00451035
7.04583e-10 0.000467629 0.00460363
7.04684e-10 0.000457043 0.00469432
7.04785e-10 0.000445044 0.00478118
7.04887e-10 0.000431773 0.00486304
7.04988e-10 0.000417381 0.00493878
7.05089e-10 0.000402022 0.00500743
7.05191e-10 0.00038586 0.00506808
7.05292e-10 0.000369059 0.00511993
7.05393e-10 0.000351784 0.0051623
7.05494e-10 0.000334202 0.00519462
7.05596e-10 0.000316474 0.00521644
7.05697e-10 0.00029876 0.0052274
7.05798e-10 0.000281214 0.00522727
7.05899e-10 0.000263982 0.00521595
7.06001e-10 0.000247203 0.00519342
7.06102e-10 0.000231006 0.00515979
7.06203e-10 0.00021551 0.00511527
7.06304e-10 0.000200823 0.00506016
7.06406e-10 0.000187041 0.00499485
7.06507e-10 0.000174247 0.00491984
7.06608e-10 0.000162511 0.00483568
7.0671e-10 0.000151891 0.00474302
7.06811e-10 0.000142431 0.00464256
7.06912e-10 0.00013416 0.00453505
7.07013e-10 0.000127097 0.0044213
7.07115e-10 0.000121246 0.00430215
7.07216e-10 0.000116599 0.00417848
7.07317e-10 0.000113136 0.00405119
7.07418e-10 0.000110826 0.00392118
7.0752e-10 0.000109628 0.00378936
7.07621e-10 0.000109489 0.00365666
7.07722e-10 0.00011035 0.00352395
7.07824e-10 0.000112141 0.00339212
7.07925e-10 0.000114788 0.00326202
7.08026e-10 0.00011821 0.00313445
7.08127e-10 0.000122319 0.00301021
7.08229e-10 0.000127026 0.00289
7.0833e-10 0.000132238 0.00277451
7.08431e-10 0.000137859 0.00266435
7.08532e-10 0.000143796 0.00256008
7.08634e-10 0.000149953 0.0024622
7.08735e-10 0.000156236 0.00237113
7.08836e-10 0.000162553 0.00228723
7.08938e-10 0.000168816 0.00221078
7.09039e-10 0.000174941 0.00214201
7.0914e-10 0.000180847 0.00208106
7.09241e-10 0.000186459 0.00202801
7.09343e-10 0.000191709 0.00198286
7.09444e-10 0.000196534 0.00194555
7.09545e-10 0.000200877 0.00191596
7.09646e-10 0.000204691 0.0018939
7.09748e-10 0.000207933 0.00187913
7.09849e-10 0.00021057 0.00187134
7.0995e-10 0.000212575 0.00187018
7.10051e-10 0.00021393 0.00187525
7.10153e-10 0.000214623 0.00188611
7.10254e-10 0.000214651 0.00190229
7.10355e-10 0.000214017 0.00192327
7.10457e-10 0.000212731 0.00194851
7.10558e-10 0.00021081 0.00197747
7.10659e-10 0.000208276 0.00200957
7.1076e-10 0.00020516 0.00204422
7.10862e-10 0.000201493 0.00208085
7.10963e-10 0.000197316 0.00211886
7.11064e-10 0.00019267 0.00215767
7.11165e-10 0.000187602 0.00219671
7.11267e-10 0.000182161 0.00223543
7.11368e-10 0.000176399 0.0022733
7.11469e-10 0.000170368 0.00230979
7.11571e-10 0.000164124 0.00234443
7.11672e-10 0.000157722 0.00237677
7.11773e-10 0.000151216 0.00240638
7.11874e-10 0.000144661 0.00243289
7.11976e-10 0.00013811 0.00245595
7.12077e-10 0.000131615 0.00247526
7.12178e-10 0.000125225 0.00249056
7.12279e-10 0.000118988 0.00250165
7.12381e-10 0.000112948 0.00250834
7.12482e-10 0.000107146 0.00251052
7.12583e-10 0.000101618 0.00250811
7.12684e-10 9.63996e-05 0.00250106
7.12786e-10 9.15186e-05 0.0024894
7.12887e-10 8.70008e-05 0.00247317
7.12988e-10 8.28669e-05 0.00245245
7.1309e-10 7.91336e-05 0.00242739
7.13191e-10 7.58127e-05 0.00239814
7.13292e-10 7.29121e-05 0.00236491
7.13393e-10 7.04349e-05 0.00232793
7.13495e-10 6.83802e-05 0.00228746
7.13596e-10 6.67431e-05 0.00224379
7.13697e-10 6.55146e-05 0.00219722
7.13798e-10 6.46821e-05 0.00214809
7.139e-10 6.42295e-05 0.00209674
7.14001e-10 6.41377e-05 0.00204353
7.14102e-10 6.43845e-05 0.00198883
7.14204e-10 6.49452e-05 0.001933
7.14305e-10 6.5793e-05 0.00187642
7.14406e-10 6.6899e-05 0.00181947
7.14507e-10 6.82329e-05 0.0017625
7.14609e-10 6.97631e-05 0.0017059
7.1471e-10 7.14572e-05 0.00165
7.14811e-10 7.32824e-05 0.00159514
7.14912e-10 7.52056e-05 0.00154165
7.15014e-10 7.71939e-05 0.00148983
7.15115e-10 7.92149e-05 0.00143997
7.15216e-10 8.12372e-05 0.00139233
7.15318e-10 8.32302e-05 0.00134714
7.15419e-10 8.51649e-05 0.00130462
7.1552e-10 8.70137e-05 0.00126496
7.15621e-10 8.8751e-05 0.0012283
7.15723e-10 9.03532e-05 0.00119479
7.15824e-10 9.17988e-05 0.00116452
7.15925e-10 9.30687e-05 0.00113757
7.16026e-10 9.41463e-05 0.00111398
7.16128e-10 9.50174e-05 0.00109376
7.16229e-10 9.56706e-05 0.0010769
7.1633e-10 9.6097e-05 0.00106337
7.16431e-10 9.62903e-05 0.00105308
7.16533e-10 9.62469e-05 0.00104596
7.16634e-10 9.59658e-05 0.00104188
7.16735e-10 9.54484e-05 0.00104071
7.16837e-10 9.46985e-05 0.00104229
7.16938e-10 9.37223e-05 0.00104645
7.17039e-10 9.25281e-05 0.00105299
7.1714e-10 9.11261e-05 0.00106169
7.17242e-10 8.95286e-05 0.00107235
7.17343e-10 8.77493e-05 0.00108473
7.17444e-10 8.58036e-05 0.00109859
7.17545e-10 8.3708e-05 0.00111369
7.17647e-10 8.14801e-05 0.00112978
7.17748e-10 7.91385e-05 0.0011466
7.17849e-10 7.67025e-05 0.0011639
7.17951e-10 7.41915e-05 0.00118145
7.18052e-10 7.16255e-05 0.001199
7.18153e-10 6.90243e-05 0.0012163
7.18254e-10 6.64078e-05 0.00123314
7.18356e-10 6.37954e-05 0.00124929
7.18457e-10 6.12058e-05 0.00126455
7.18558e-10 5.86573e-05 0.00127873
7.18659e-10 5.61671e-05 0.00129164
7.18761e-10 5.37516e-05 0.00130314
7.18862e-10 5.1426e-05 0.00131306
7.18963e-10 4.9204e-05 0.00132128
7.19065e-10 4.70984e-05 0.0013277
7.19166e-10 4.51202e-05 0.00133221
7.19267e-10 4.3279e-05 0.00133476
7.19368e-10 4.1583e-05 0.00133527
7.1947e-10 4.00386e-05 0.00133373
7.19571e-10 3.86506e-05 0.00133011
7.19672e-10 3.74224e-05 0.00132441
7.19773e-10 3.63557e-05 0.00131667
7.19875e-10 3.54505e-05 0.00130691
7.19976e-10 3.47056e-05 0.00129519
7.20077e-10 3.41179e-05 0.00128159
7.20178e-10 3.36833e-05 0.00126619
7.2028e-10 3.33963e-05 0.00124909
7.20381e-10 3.325e-05 0.0012304
7.20482e-10 3.32366e-05 0.00121026
7.20584e-10 3.33472e-05 0.00118879
7.20685e-10 3.35719e-05 0.00116614
7.20786e-10 3.39003e-05 0.00114246
7.20887e-10 3.43211e-05 0.00111791
7.20989e-10 3.48225e-05 0.00109265
7.2109e-10 3.53925e-05 0.00106684
7.21191e-10 3.60186e-05 0.00104066
7.21292e-10 3.66883e-05 0.00101426
7.21394e-10 3.73891e-05 0.000987814
7.21495e-10 3.81084e-05 0.000961485
7.21596e-10 3.88341e-05 0.000935432
7.21698e-10 3.95543e-05 0.000909808
7.21799e-10 4.02576e-05 0.000884761
7.219e-10 4.0933e-05 0.000860432
7.22001e-10 4.15702e-05 0.000836951
7.22103e-10 4.21597e-05 0.000814442
7.22204e-10 4.26927e-05 0.000793017
7.22305e-10 4.31612e-05 0.000772778
7.22406e-10 4.35581e-05 0.000753814
7.22508e-10 4.38774e-05 0.000736205
7.22609e-10 4.41139e-05 0.000720015
7.2271e-10 4.42633e-05 0.000705298
7.22812e-10 4.43226e-05 0.000692095
7.22913e-10 4.42896e-05 0.000680433
7.23014e-10 4.41631e-05 0.000670326
7.23115e-10 4.3943e-05 0.000661777
7.23217e-10 4.363e-05 0.000654776
7.23318e-10 4.32257e-05 0.0006493
7.23419e-10 4.27329e-05 0.000645315
7.2352e-10 4.21548e-05 0.000642776
7.23622e-10 4.14956e-05 0.000641628
7.23723e-10 4.07603e-05 0.000641805
7.23824e-10 3.99542e-05 0.000643232
7.23925e-10 3.90837e-05 0.000645827
7.24027e-10 3.81551e-05 0.000649499
7.24128e-10 3.71755e-05 0.000654153
7.24229e-10 3.61524e-05 0.000659685
7.24331e-10 3.50932e-05 0.000665989
7.24432e-10 3.40058e-05 0.000672954
7.24533e-10 3.28981e-05 0.000680467
7.24634e-10 3.17781e-05 0.000688413
7.24736e-10 3.06535e-05 0.000696675
7.24837e-10 2.95322e-05 0.00070514
7.24938e-10 2.84216e-05 0.000713691
7.25039e-10 2.73291e-05 0.000722217
7.25141e-10 2.62615e-05 0.000730608
7.25242e-10 2.52255e-05 0.000738759
7.25343e-10 2.42273e-05 0.000746569
7.25445e-10 2.32723e-05 0.000753941
7.25546e-10 2.23657e-05 0.000760786
7.25647e-10 2.15122e-05 0.00076702
7.25748e-10 2.07156e-05 0.000772567
7.2585e-10 1.99793e-05 0.000777358
7.25951e-10 1.9306e-05 0.000781332
7.26052e-10 1.86978e-05 0.000784437
7.26153e-10 1.81561e-05 0.000786628
7.26255e-10 1.76817e-05 0.00078787
7.26356e-10 1.72749e-05 0.000788137
7.26457e-10 1.69352e-05 0.00078741
7.26559e-10 1.66614e-05 0.000785681
7.2666e-10 1.64521e-05 0.000782949
7.26761e-10 1.6305e-05 0.000779222
7.26862e-10 1.62176e-05 0.000774516
7.26964e-10 1.61866e-05 0.000768857
7.27065e-10 1.62086e-05 0.000762275
7.27166e-10 1.62795e-05 0.000754811
7.27267e-10 1.63952e-05 0.000746509
7.27369e-10 1.65511e-05 0.000737421
7.2747e-10 1.67423e-05 0.000727606
7.27571e-10 1.69638e-05 0.000717125
7.27672e-10 1.72107e-05 0.000706046
7.27774e-10 1.74776e-05 0.00069444
7.27875e-10 1.77593e-05 0.00068238
7.27976e-10 1.80506e-05 0.000669944
7.28078e-10 1.83464e-05 0.000657208
7.28179e-10 1.86416e-05 0.000644254
7.2828e-10 1.89313e-05 0.000631161
7.28381e-10 1.92108e-05 0.000618008
7.28483e-10 1.94756e-05 0.000604874
7.28584e-10 1.97217e-05 0.000591838
7.28685e-10 1.99451e-05 0.000578975
7.28786e-10 2.01422e-05 0.000566356
7.28888e-10 2.03099e-05 0.000554054
7.28989e-10 2.04454e-05 0.000542132
7.2909e-10 2.05462e-05 0.000530654
7.29192e-10 2.06103e-05 0.000519677
7.29293e-10 2.06362e-05 0.000509254
7.29394e-10 2.06226e-05 0.000499431
7.29495e-10 2.05688e-05 0.000490252
7.29597e-10 2.04744e-05 0.000481752
7.29698e-10 2.03396e-05 0.000473961
7.29799e-10 2.01648e-05 0.000466904
7.299e-10 1.99508e-05 0.000460599
7.30002e-10 1.96988e-05 0.000455059
7.30103e-10 1.94105e-05 0.000450288
7.30204e-10 1.90876e-05 0.000446287
7.30305e-10 1.87324e-05 0.00044305
7.30407e-10 1.83473e-05 0.000440565
7.30508e-10 1.79349e-05 0.000438815
7.30609e-10 1.74982e-05 0.000437777
7.30711e-10 1.70403e-05 0.000437424
7.30812e-10 1.65643e-05 0.000437722
7.30913e-10 1.60736e-05 0.000438637
7.31014e-10 1.55715e-05 0.000440125
7.31116e-10 1.50616e-05 0.000442145
7.31217e-10 1.45472e-05 0.000444647
7.31318e-10 1.40317e-05 0.000447582
7.31419e-10 1.35186e-05 0.000450897
7.31521e-10 1.3011e-05 0.000454538
7.31622e-10 1.25123e-05 0.00045845
7.31723e-10 1.20254e-05 0.000462574
7.31825e-10 1.15531e-05 0.000466856
7.31926e-10 1.10982e-05 0.000471237
7.32027e-10 1.0663e-05 0.000475662
7.32128e-10 1.025e-05 0.000480073
7.3223e-10 9.86098e-06 0.000484419
7.32331e-10 9.49777e-06 0.000488644
7.32432e-10 9.16184e-06 0.000492701
7.32533e-10 8.85439e-06 0.000496539
7.32635e-10 8.57636e-06 0.000500115
7.32736e-10 8.3284e-06 0.000503385
7.32837e-10 8.11088e-06 0.000506312
7.32939e-10 7.92389e-06 0.00050886
7.3304e-10 7.76727e-06 0.000510999
7.33141e-10 7.64057e-06 0.000512699
7.33242e-10 7.54311e-06 0.00051394
7.33344e-10 7.47396e-06 0.0005147
7.33445e-10 7.43197e-06 0.000514967
7.33546e-10 7.41575e-06 0.000514729
7.33647e-10 7.42377e-06 0.00051398
7.33749e-10 7.45427e-06 0.000512719
7.3385e-10 7.50538e-06 0.000510947
7.33951e-10 7.57507e-06 0.000508673
7.34052e-10 7.6612e-06 0.000505905
7.34154e-10 7.76154e-06 0.000502659
7.34255e-10 7.87381e-06 0.000498953
7.34356e-10 7.99567e-06 0.000494807
7.34458e-10 8.12474e-06 0.000490247
7.34559e-10 8.25866e-06 0.000485299
7.3466e-10 8.3951e-06 0.000479995
7.34761e-10 8.53175e-06 0.000474367
7.34863e-10 8.66636e-06 0.000468449
7.34964e-10 8.79678e-06 0.000462278
7.35065e-10 8.92094e-06 0.000455891
7.35166e-10 9.0369e-06 0.000449329
7.35268e-10 9.14282e-06 0.000442629
7.35369e-10 9.23704e-06 0.000435833
7.3547e-10 9.31804e-06 0.000428982
7.35572e-10 9.38445e-06 0.000422114
7.35673e-10 9.4351e-06 0.00041527
7.35774e-10 9.46897e-06 0.000408489
7.35875e-10 9.48526e-06 0.000401809
7.35977e-10 9.48333e-06 0.000395266
7.36078e-10 9.46275e-06 0.000388895
7.36179e-10 9.42326e-06 0.000382729
7.3628e-10 9.3648e-06 0.000376799
7.36382e-10 9.2875e-06 0.000371134
7.36483e-10 9.19164e-06 0.00036576
7.36584e-10 9.0777e-06 0.0003607
7.36686e-10 8.94632e-06 0.000355976
7.36787e-10 8.79828e-06 0.000351605
7.36888e-10 8.63451e-06 0.000347603
7.36989e-10 8.45607e-06 0.000343981
7.37091e-10 8.26415e-06 0.000340748
7.37192e-10 8.06001e-06 0.00033791
7.37293e-10 7.84505e-06 0.000335471
7.37394e-10 7.62071e-06 0.000333429
7.37496e-10 7.3885e-06 0.000331782
7.37597e-10 7.14999e-06 0.000330524
7.37698e-10 6.90677e-06 0.000329646
7.37799e-10 6.66044e-06 0.000329136
7.37901e-10 6.4126e-06 0.000328981
7.38002e-10 6.16486e-06 0.000329163
7.38103e-10 5.91879e-06 0.000329665
7.38205e-10 5.67589e-06 0.000330466
7.38306e-10 5.43765e-06 0.000331544
7.38407e-10 5.20546e-06 0.000332873
7.38508e-10 4.98066e-06 0.00033443
7.3861e-10 4.76447e-06 0.000336187
7.38711e-10 4.55805e-06 0.000338116
7.38812e-10 4.36242e-06 0.00034019
7.38913e-10 4.1785e-06 0.000342379
7.39015e-10 4.00709e-06 0.000344655
7.39116e-10 3.84889e-06 0.000346988
7.39217e-10 3.70442e-06 0.000349349
7.39319e-10 3.57413e-06 0.00035171
7.3942e-10 3.4583e-06 0.000354043
7.39521e-10 3.3571e-06 0.000356321
7.39622e-10 3.27055e-06 0.000358517
7.39724e-10 3.19857e-06 0.000360607
7.39825e-10 3.14095e-06 0.000362567
7.39926e-10 3.09734e-06 0.000364375
7.40027e-10 3.0673e-06 0.000366011
7.40129e-10 3.05028e-06 0.000367455
7.4023e-10 3.04562e-06 0.000368693
7.40331e-10 3.05259e-06 0.000369707
7.40433e-10 3.07036e-06 0.000370487
7.40534e-10 3.09803e-06 0.00037102
7.40635e-10 3.13463e-06 0.0003713
7.40736e-10 3.17915e-06 0.000371319
7.40838e-10 3.23053e-06 0.000371073
7.40939e-10 3.28767e-06 0.000370561
7.4104e-10 3.34946e-06 0.000369783
7.41141e-10 3.41477e-06 0.00036874
7.41243e-10 3.48247e-06 0.000367438
7.41344e-10 3.55143e-06 0.000365883
7.41445e-10 3.62055e-06 0.000364082
7.41546e-10 3.68875e-06 0.000362047
7.41648e-10 3.75498e-06 0.000359788
7.41749e-10 3.81826e-06 0.000357319
7.4185e-10 3.87764e-06 0.000354655
7.41952e-10 3.93223e-06 0.000351811
7.42053e-10 3.98122e-06 0.000348804
7.42154e-10 4.02385e-06 0.000345653
7.42255e-10 4.05947e-06 0.000342377
7.42357e-10 4.08748e-06 0.000338995
7.42458e-10 4.10739e-06 0.000335527
7.42559e-10 4.11878e-06 0.000331994
7.4266e-10 4.12133e-06 0.000328416
7.42762e-10 4.1148e-06 0.000324814
7.42863e-10 4.09905e-06 0.000321208
7.42964e-10 4.07402e-06 0.000317619
7.43066e-10 4.03976e-06 0.000314066
7.43167e-10 3.99637e-06 0.000310569
7.43268e-10 3.94407e-06 0.000307145
7.43369e-10 3.88314e-06 0.000303814
7.43471e-10 3.81393e-06 0.000300591
7.43572e-10 3.73688e-06 0.000297491
7.43673e-10 3.65247e-06 0.00029453
7.43774e-10 3.56127e-06 0.000291721
7.43876e-10 3.46387e-06 0.000289075
7.43977e-10 3.36092e-06 0.000286603
7.44078e-10 3.25312e-06 0.000284314
7.44179e-10 3.14119e-06 0.000282215
7.44281e-10 3.02588e-06 0.000280312
7.44382e-10 2.90796e-06 0.000278611
7.44483e-10 2.78819e-06 0.000277113
7.44585e-10 2.66737e-06 0.00027582
7.44686e-10 2.54627e-06 0.000274733
7.44787e-10 2.42565e-06 0.000273849
7.44888e-10 2.30627e-06 0.000273166
7.4499e-10 2.18885e-06 0.000272678
7.45091e-10 2.07408e-06 0.000272381
7.45192e-10 1.96264e-06 0.000272267
7.45293e-10 1.85514e-06 0.000272329
7.45395e-10 1.75215e-06 0.000272556
7.45496e-10 1.65422e-06 0.000272938
7.45597e-10 1.5618e-06 0.000273465
7.45699e-10 1.47532e-06 0.000274124
7.458e-10 1.39514e-06 0.000274902
7.45901e-10 1.32157e-06 0.000275787
7.46002e-10 1.25483e-06 0.000276764
7.46104e-10 1.19511e-06 0.00027782
7.46205e-10 1.14252e-06 0.000278939
7.46306e-10 1.09711e-06 0.000280108
7.46407e-10 1.05887e-06 0.000281311
7.46509e-10 1.02772e-06 0.000282535
7.4661e-10 1.00354e-06 0.000283765
7.46711e-10 9.86139e-07 0.000284986
7.46813e-10 9.75284e-07 0.000286187
7.46914e-10 9.70684e-07 0.000287352
7.47015e-10 9.72004e-07 0.00028847
7.47116e-10 9.78866e-07 0.000289529
7.47218e-10 9.90857e-07 0.000290518
7.47319e-10 1.00753e-06 0.000291426
7.4742e-10 1.0284e-06 0.000292244
7.47521e-10 1.05297e-06 0.000292964
7.47623e-10 1.08073e-06 0.000293577
7.47724e-10 1.11113e-06 0.000294078
7.47825e-10 1.14364e-06 0.00029446
7.47926e-10 1.1777e-06 0.000294719
7.48028e-10 1.21277e-06 0.000294852
7.48129e-10 1.24831e-06 0.000294857
7.4823e-10 1.2838e-06 0.000294731
7.48332e-10 1.3187e-06 0.000294475
7.48433e-10 1.35254e-06 0.00029409
7.48534e-10 1.38484e-06 0.000293577
7.48635e-10 1.41515e-06 0.000292939
7.48737e-10 1.44305e-06 0.000292179
7.48838e-10 1.46817e-06 0.000291302
7.48939e-10 1.49016e-06 0.000290314
7.4904e-10 1.5087e-06 0.00028922
7.49142e-10 1.52354e-06 0.000288028
7.49243e-10 1.53444e-06 0.000286744
7.49344e-10 1.54123e-06 0.000285376
7.49446e-10 1.54375e-06 0.000283934
7.49547e-10 1.54192e-06 0.000282425
7.49648e-10 1.53567e-06 0.00028086
7.49749e-10 1.525e-06 0.000279247
7.49851e-10 1.50993e-06 0.000277596
7.49952e-10 1.49055e-06 0.000275918
7.50053e-10 1.46695e-06 0.00027422
7.50154e-10 1.43929e-06 0.000272515
7.50256e-10 1.40775e-06 0.00027081
7.50357e-10 1.37255e-06 0.000269115
7.50458e-10 1.33392e-06 0.00026744
7.5056e-10 1.29214e-06 0.000265793
7.50661e-10 1.24751e-06 0.000264183
7.50762e-10 1.20034e-06 0.000262618
7.50863e-10 1.15097e-06 0.000261105
7.50965e-10 1.09974e-06 0.00025965
7.51066e-10 1.04701e-06 0.000258262
7.51167e-10 9.93143e-07 0.000256945
7.51268e-10 9.38511e-07 0.000255704
7.5137e-10 8.8348e-07 0.000254544
7.51471e-10 8.28413e-07 0.000253469
7.51572e-10 7.73668e-07 0.000252481
7.51673e-10 7.19593e-07 0.000251584
7.51775e-10 6.66524e-07 0.000250779
7.51876e-10 6.14779e-07 0.000250066
7.51977e-10 5.64661e-07 0.000249447
7.52079e-10 5.1645e-07 0.00024892
7.5218e-10 4.70406e-07 0.000248486
7.52281e-10 4.26762e-07 0.000248141
7.52382e-10 3.85729e-07 0.000247884
7.52484e-10 3.47486e-07 0.000247713
7.52585e-10 3.12187e-07 0.000247623
7.52686e-10 2.79958e-07 0.000247612
7.52787e-10 2.50892e-07 0.000247674
7.52889e-10 2.25054e-07 0.000247805
7.5299e-10 2.02482e-07 0.000248
7.53091e-10 1.83183e-07 0.000248254
7.53193e-10 1.67133e-07 0.000248561
7.53294e-10 1.54286e-07 0.000248915
7.53395e-10 1.44564e-07 0.000249311
7.53496e-10 1.37869e-07 0.000249742
7.53598e-10 1.34076e-07 0.000250203
7.53699e-10 1.3304e-07 0.000250687
7.538e-10 1.34595e-07 0.000251188
7.53901e-10 1.38557e-07 0.0002517
7.54003e-10 1.44728e-07 0.000252218
7.54104e-10 1.52897e-07 0.000252736
7.54205e-10 1.62838e-07 0.000253249
7.54307e-10 1.7432e-07 0.000253751
7.54408e-10 1.87106e-07 0.000254237
7.54509e-10 2.00952e-07 0.000254704
7.5461e-10 2.15615e-07 0.000255146
7.54712e-10 2.30853e-07 0.000255561
7.54813e-10 2.46425e-07 0.000255944
7.54914e-10 2.62097e-07 0.000256292
7.55015e-10 2.77643e-07 0.000256604
7.55117e-10 2.92846e-07 0.000256877
7.55218e-10 3.07498e-07 0.000257109
7.55319e-10 3.21408e-07 0.000257298
7.5542e-10 3.34397e-07 0.000257445
7.55522e-10 3.46301e-07 0.000257548
7.55623e-10 3.56975e-07 0.000257608
7.55724e-10 3.66292e-07 0.000257624
7.55826e-10 3.74142e-07 0.000257598
7.55927e-10 3.80435e-07 0.00025753
7.56028e-10 3.85102e-07 0.000257422
7.56129e-10 3.88092e-07 0.000257276
7.56231e-10 3.89375e-07 0.000257093
7.56332e-10 3.88939e-07 0.000256876
7.56433e-10 3.86792e-07 0.000256628
7.56534e-10 3.82963e-07 0.00025635
7.56636e-10 3.77493e-07 0.000256047
7.56737e-10 3.70446e-07 0.00025572
7.56838e-10 3.61897e-07 0.000255373
7.5694e-10 3.51939e-07 0.000255009
7.57041e-10 3.40674e-07 0.000254631
7.57142e-10 3.28221e-07 0.000254242
7.57243e-10 3.14704e-07 0.000253846
7.57345e-10 3.00259e-07 0.000253445
7.57446e-10 2.85027e-07 0.000253042
7.57547e-10 2.69155e-07 0.000252641
7.57648e-10 2.52794e-07 0.000252244
7.5775e-10 2.36096e-07 0.000251853
7.57851e-10 2.19213e-07 0.000251472
7.57952e-10 2.02295e-07 0.000251101
7.58053e-10 1.85491e-07 0.000250744
7.58155e-10 1.68944e-07 0.000250402
7.58256e-10 1.52789e-07 0.000250077
7.58357e-10 1.37156e-07 0.000249769
7.58459e-10 1.22165e-07 0.00024948
7.5856e-10 1.07927e-07 0.000249211
7.58661e-10 9.45421e-08 0.000248963
7.58762e-10 8.20967e-08 0.000248735
7.58864e-10 7.06667e-08 0.000248527
7.58965e-10 6.03142e-08 0.00024834
7.59066e-10 5.10877e-08 0.000248174
7.59167e-10 4.3022e-08 0.000248027
7.59269e-10 3.61383e-08 0.000247899
7.5937e-10 3.04434e-08 0.000247789
7.59471e-10 2.5931e-08 0.000247697
7.59573e-10 2.2581e-08 0.00024762
7.59674e-10 2.0361e-08 0.000247558
7.59775e-10 1.92259e-08 0.000247509
7.59876e-10 1.91196e-08 0.000247471
7.59978e-10 1.99751e-08 0.000247444
7.60079e-10 2.17161e-08 0.000247426
7.6018e-10 2.42576e-08 0.000247414
7.60281e-10 2.75074e-08 0.000247409
7.60383e-10 3.1367e-08 0.000247408
7.60484e-10 3.57332e-08 0.00024741
7.60585e-10 4.04995e-08 0.000247413
7.60687e-10 4.55568e-08 0.000247417
7.60788e-10 5.07958e-08 0.00024742
7.60889e-10 5.61073e-08 0.000247422
7.6099e-10 6.13844e-08 0.000247422
7.61092e-10 6.65234e-08 0.000247419
7.61193e-10 7.14251e-08 0.000247413
7.61294e-10 7.59961e-08 0.000247403
7.61395e-10 8.01501e-08 0.00024739
7.61497e-10 8.38085e-08 0.000247374
7.61598e-10 8.69019e-08 0.000247356
7.61699e-10 8.93707e-08 0.000247335
7.618e-10 9.11656e-08 0.000247312
7.61902e-10 9.22489e-08 0.00024729
7.62003e-10 9.25944e-08 0.000247268
7.62104e-10 9.2188e-08 0.000247248
7.62206e-10 9.10277e-08 0.000247232
7.62307e-10 8.91242e-08 0.000247221
7.62408e-10 8.65004e-08 0.000247217
7.62509e-10 8.31911e-08 0.000247222
7.62611e-10 7.92433e-08 0.000247238
7.62712e-10 7.4715e-08 0.000247266
7.62813e-10 6.96751e-08 0.00024731
7.62914e-10 6.42025e-08 0.000247371
7.63016e-10 5.8385e-08 0.000247451
7.63117e-10 5.23189e-08 0.000247553
7.63218e-10 4.61077e-08 0.000247678
7.6332e-10 3.98605e-08 0.000247828
7.63421e-10 3.36917e-08 0.000248005
7.63522e-10 2.7719e-08 0.000248212
7.63623e-10 2.20621e-08 0.000248448
7.63725e-10 1.68417e-08 0.000248717
7.63826e-10 1.21781e-08 0.000249019
7.63927e-10 8.18928e-09 0.000249355
7.64028e-10 4.99001e-09 0.000249726
7.6413e-10 2.69027e-09 0.000250133
7.64231e-10 1.39392e-09 0.000250575
7.64332e-10 1.19742e-09 0.000251053
7.64434e-10 2.18859e-09 0.000251566
7.64535e-10 4.44545e-09 0.000252115
7.64636e-10 8.03513e-09 0.000252697
7.64737e-10 1.30129e-08 0.000253311
7.64839e-10 1.94215e-08 0.000253957
7.6494e-10 2.72898e-08 0.000254632
7.65041e-10 3.66332e-08 0.000255335
7.65142e-10 4.7452e-08 0.000256062
7.65244e-10 5.97319e-08 0.000256811
7.65345e-10 7.34437e-08 0.00025758
7.65446e-10 8.85428e-08 0.000258364
7.65547e-10 1.0497e-07 0.000259161
7.65649e-10 1.22651e-07 0.000259967
7.6575e-10 1.41497e-07 0.000260778
7.65851e-10 1.61407e-07 0.00026159
7.65953e-10 1.82266e-07 0.0002624
7.66054e-10 2.03946e-07 0.000263202
7.66155e-10 2.2631e-07 0.000263992
7.66256e-10 2.49209e-07 0.000264767
7.66358e-10 2.72486e-07 0.000265522
7.66459e-10 2.95979e-07 0.000266253
7.6656e-10 3.19517e-07 0.000266955
7.66661e-10 3.42925e-07 0.000267625
7.66763e-10 3.66028e-07 0.000268259
7.66864e-10 3.88647e-07 0.000268852
7.66965e-10 4.10604e-07 0.000269403
7.67067e-10 4.31726e-07 0.000269906
7.67168e-10 4.51841e-07 0.000270359
7.67269e-10 4.70785e-07 0.000270761
7.6737e-10 4.88401e-07 0.000271107
7.67472e-10 5.0454e-07 0.000271397
7.67573e-10 5.19066e-07 0.000271629
7.67674e-10 5.31853e-07 0.000271801
7.67775e-10 5.42792e-07 0.000271914
7.67877e-10 5.51786e-07 0.000271966
7.67978e-10 5.58757e-07 0.000271959
7.68079e-10 5.63642e-07 0.000271893
7.68181e-10 5.66399e-07 0.000271769
7.68282e-10 5.67004e-07 0.000271589
7.68383e-10 5.65454e-07 0.000271355
7.68484e-10 5.61764e-07 0.00027107
7.68586e-10 5.55972e-07 0.000270738
7.68687e-10 5.48137e-07 0.000270361
7.68788e-10 5.38337e-07 0.000269945
7.68889e-10 5.26672e-07 0.000269493
7.68991e-10 5.13262e-07 0.000269011
7.69092e-10 4.98245e-07 0.000268503
7.69193e-10 4.81779e-07 0.000267977
7.69294e-10 4.6404e-07 0.000267437
7.69396e-10 4.45219e-07 0.000266891
7.69497e-10 4.25523e-07 0.000266344
7.69598e-10 4.05171e-07 0.000265803
7.697e-10 3.84397e-07 0.000265276
7.69801e-10 3.63442e-07 0.00026477
7.69902e-10 3.42556e-07 0.000264291
7.70003e-10 3.21997e-07 0.000263847
7.70105e-10 3.02025e-07 0.000263445
7.70206e-10 2.82902e-07 0.000263092
7.70307e-10 2.64891e-07 0.000262794
7.70408e-10 2.4825e-07 0.000262558
7.7051e-10 2.33236e-07 0.000262391
7.70611e-10 2.20095e-07 0.000262299
7.70712e-10 2.09064e-07 0.000262288
7.70814e-10 2.00371e-07 0.000262363
7.70915e-10 1.94227e-07 0.000262528
7.71016e-10 1.90829e-07 0.000262789
7.71117e-10 1.90355e-07 0.000263148
7.71219e-10 1.92963e-07 0.000263611
7.7132e-10 1.98791e-07 0.000264178
7.71421e-10 2.07951e-07 0.000264854
7.71522e-10 2.20534e-07 0.000265637
7.71624e-10 2.36603e-07 0.000266531
7.71725e-10 2.56194e-07 0.000267534
7.71826e-10 2.79316e-07 0.000268646
7.71928e-10 3.05951e-07 0.000269866
7.72029e-10 3.36049e-07 0.000271191
7.7213e-10 3.69535e-07 0.000272618
7.72231e-10 4.06302e-07 0.000274145
7.72333e-10 4.46218e-07 0.000275767
7.72434e-10 4.89121e-07 0.000277479
7.72535e-10 5.34823e-07 0.000279275
7.72636e-10 5.83109e-07 0.000281148
7.72738e-10 6.3374e-07 0.000283093
7.72839e-10 6.86455e-07 0.000285102
7.7294e-10 7.4097e-07 0.000287166
7.73041e-10 7.96983e-07 0.000289277
7.73143e-10 8.54174e-07 0.000291426
7.73244e-10 9.12207e-07 0.000293604
7.73345e-10 9.70737e-07 0.000295801
7.73447e-10 1.02941e-06 0.000298007
7.73548e-10 1.08785e-06 0.000300212
7.73649e-10 1.1457e-06 0.000302406
7.7375e-10 1.20258e-06 0.000304578
7.73852e-10 1.25814e-06 0.000306718
7.73953e-10 1.31199e-06 0.000308816
7.74054e-10 1.3638e-06 0.000310861
7.74155e-10 1.41321e-06 0.000312844
7.74257e-10 1.4599e-06 0.000314755
7.74358e-10 1.50354e-06 0.000316585
7.74459e-10 1.54384e-06 0.000318325
7.74561e-10 1.58054e-06 0.000319965
7.74662e-10 1.61338e-06 0.0003215
7.74763e-10 1.64214e-06 0.000322921
7.74864e-10 1.66663e-06 0.000324221
7.74966e-10 1.68669e-06 0.000325396
7.75067e-10 1.7022e-06 0.00032644
7.75168e-10 1.71306e-06 0.000327349
7.75269e-10 1.71922e-06 0.000328119
7.75371e-10 1.72067e-06 0.000328749
7.75472e-10 1.71742e-06 0.000329236
7.75573e-10 1.70953e-06 0.000329581
7.75674e-10 1.6971e-06 0.000329784
7.75776e-10 1.68028e-06 0.000329846
7.75877e-10 1.65923e-06 0.00032977
7.75978e-10 1.63417e-06 0.00032956
7.7608e-10 1.60535e-06 0.00032922
7.76181e-10 1.57307e-06 0.000328756
7.76282e-10 1.53762e-06 0.000328174
7.76383e-10 1.49938e-06 0.000327482
7.76485e-10 1.45871e-06 0.000326688
7.76586e-10 1.41603e-06 0.000325801
7.76687e-10 1.37177e-06 0.000324832
7.76788e-10 1.32638e-06 0.000323791
7.7689e-10 1.28034e-06 0.00032269
7.76991e-10 1.23413e-06 0.000321541
7.77092e-10 1.18824e-06 0.000320357
7.77194e-10 1.14319e-06 0.000319152
7.77295e-10 1.09948e-06 0.000317937
7.77396e-10 1.05763e-06 0.000316729
7.77497e-10 1.01812e-06 0.000315541
7.77599e-10 9.81467e-07 0.000314387
7.777e-10 9.48147e-07 0.000313282
7.77801e-10 9.18628e-07 0.000312241
7.77902e-10 8.93358e-07 0.000311277
7.78004e-10 8.72759e-07 0.000310405
7.78105e-10 8.57228e-07 0.000309639
7.78206e-10 8.4713e-07 0.000308991
7.78308e-10 8.42794e-07 0.000308476
7.78409e-10 8.44513e-07 0.000308104
7.7851e-10 8.52538e-07 0.000307889
7.78611e-10 8.6708e-07 0.00030784
7.78713e-10 8.883e-07 0.000307967
7.78814e-10 9.16316e-07 0.000308279
7.78915e-10 9.51193e-07 0.000308786
7.79016e-10 9.92949e-07 0.000309492
7.79118e-10 1.04155e-06 0.000310405
7.79219e-10 1.0969e-06 0.000311528
7.7932e-10 1.15887e-06 0.000312865
7.79421e-10 1.22727e-06 0.000314419
7.79523e-10 1.30185e-06 0.00031619
7.79624e-10 1.38232e-06 0.000318177
7.79725e-10 1.46833e-06 0.000320378
7.79827e-10 1.55951e-06 0.000322791
7.79928e-10 1.6554e-06 0.00032541
7.80029e-10 1.75555e-06 0.000328229
7.8013e-10 1.85943e-06 0.000331242
7.80232e-10 1.96649e-06 0.00033444
7.80333e-10 2.07614e-06 0.000337812
7.80434e-10 2.18778e-06 0.000341347
7.80535e-10 2.30076e-06 0.000345034
7.80637e-10 2.41443e-06 0.000348859
7.80738e-10 2.52812e-06 0.000352807
7.80839e-10 2.64114e-06 0.000356864
7.80941e-10 2.75281e-06 0.000361012
7.81042e-10 2.86244e-06 0.000365235
7.81143e-10 2.96934e-06 0.000369516
7.81244e-10 3.07284e-06 0.000373835
7.81346e-10 3.17228e-06 0.000378175
7.81447e-10 3.26704e-06 0.000382516
7.81548e-10 3.35649e-06 0.000386838
7.81649e-10 3.44006e-06 0.000391123
7.81751e-10 3.5172e-06 0.000395351
7.81852e-10 3.58742e-06 0.000399503
7.81953e-10 3.65026e-06 0.00040356
7.82055e-10 3.7053e-06 0.000407503
7.82156e-10 3.75219e-06 0.000411315
7.82257e-10 3.79064e-06 0.000414977
7.82358e-10 3.8204e-06 0.000418473
7.8246e-10 3.84131e-06 0.000421787
7.82561e-10 3.85324e-06 0.000424905
7.82662e-10 3.85616e-06 0.000427813
7.82763e-10 3.85009e-06 0.000430498
7.82865e-10 3.83513e-06 0.00043295
7.82966e-10 3.81144e-06 0.000435158
7.83067e-10 3.77926e-06 0.000437115
7.83168e-10 3.73889e-06 0.000438813
7.8327e-10 3.69069e-06 0.000440248
7.83371e-10 3.63512e-06 0.000441416
7.83472e-10 3.57267e-06 0.000442316
7.83574e-10 3.5039e-06 0.000442947
7.83675e-10 3.42944e-06 0.000443312
7.83776e-10 3.34997e-06 0.000443414
7.83877e-10 3.26621e-06 0.000443259
7.83979e-10 3.17894e-06 0.000442855
7.8408e-10 3.08897e-06 0.000442209
7.84181e-10 2.99715e-06 0.000441335
7.84282e-10 2.90437e-06 0.000440243
7.84384e-10 2.81154e-06 0.000438948
7.84485e-10 2.71956e-06 0.000437466
7.84586e-10 2.62938e-06 0.000435814
7.84688e-10 2.54194e-06 0.000434011
7.84789e-10 2.45817e-06 0.000432078
7.8489e-10 2.379e-06 0.000430035
7.84991e-10 2.30534e-06 0.000427906
7.85093e-10 2.23807e-06 0.000425713
7.85194e-10 2.17806e-06 0.00042348
7.85295e-10 2.12611e-06 0.000421234
7.85396e-10 2.08302e-06 0.000418998
7.85498e-10 2.0495e-06 0.0004168
7.85599e-10 2.02622e-06 0.000414666
7.857e-10 2.0138e-06 0.000412621
7.85802e-10 2.01276e-06 0.000410692
7.85903e-10 2.02358e-06 0.000408906
7.86004e-10 2.04664e-06 0.000407287
7.86105e-10 2.08226e-06 0.000405861
7.86207e-10 2.13065e-06 0.000404651
7.86308e-10 2.19195e-06 0.000403683
7.86409e-10 2.2662e-06 0.000402977
7.8651e-10 2.35336e-06 0.000402555
7.86612e-10 2.45328e-06 0.000402437
7.86713e-10 2.56572e-06 0.000402641
7.86814e-10 2.69035e-06 0.000403184
7.86915e-10 2.82675e-06 0.000404081
7.87017e-10 2.9744e-06 0.000405344
7.87118e-10 3.1327e-06 0.000406984
7.87219e-10 3.30096e-06 0.000409012
7.87321e-10 3.47839e-06 0.000411432
7.87422e-10 3.66414e-06 0.000414251
7.87523e-10 3.8573e-06 0.000417469
7.87624e-10 4.05685e-06 0.000421088
7.87726e-10 4.26175e-06 0.000425103
7.87827e-10 4.47087e-06 0.000429512
7.87928e-10 4.68307e-06 0.000434305
7.88029e-10 4.89712e-06 0.000439474
7.88131e-10 5.11181e-06 0.000445005
7.88232e-10 5.32586e-06 0.000450886
7.88333e-10 5.53801e-06 0.000457099
7.88435e-10 5.74697e-06 0.000463625
7.88536e-10 5.95146e-06 0.000470443
7.88637e-10 6.15022e-06 0.00047753
7.88738e-10 6.34199e-06 0.000484861
7.8884e-10 6.52557e-06 0.00049241
7.88941e-10 6.69977e-06 0.000500147
7.89042e-10 6.86347e-06 0.000508044
7.89143e-10 7.01561e-06 0.000516069
7.89245e-10 7.15518e-06 0.00052419
7.89346e-10 7.28125e-06 0.000532374
7.89447e-10 7.39299e-06 0.000540586
7.89548e-10 7.48964e-06 0.000548793
7.8965e-10 7.57055e-06 0.000556958
7.89751e-10 7.63517e-06 0.000565048
7.89852e-10 7.68305e-06 0.000573027
7.89954e-10 7.71388e-06 0.00058086
7.90055e-10 7.72745e-06 0.000588514
7.90156e-10 7.72367e-06 0.000595955
7.90257e-10 7.7026e-06 0.00060315
7.90359e-10 7.66439e-06 0.000610068
7.9046e-10 7.60936e-06 0.000616679
7.90561e-10 7.53793e-06 0.000622955
7.90662e-10 7.45066e-06 0.000628869
7.90764e-10 7.34822e-06 0.000634396
7.90865e-10 7.23143e-06 0.000639514
7.90966e-10 7.10122e-06 0.000644204
7.91068e-10 6.95861e-06 0.000648446
7.91169e-10 6.80478e-06 0.000652227
7.9127e-10 6.64097e-06 0.000655534
7.91371e-10 6.46853e-06 0.000658357
7.91473e-10 6.28891e-06 0.000660691
7.91574e-10 6.10363e-06 0.000662531
7.91675e-10 5.91428e-06 0.000663878
7.91776e-10 5.72252e-06 0.000664736
7.91878e-10 5.53004e-06 0.000665109
7.91979e-10 5.3386e-06 0.000665008
7.9208e-10 5.14996e-06 0.000664445
7.92182e-10 4.9659e-06 0.000663437
7.92283e-10 4.78821e-06 0.000662001
7.92384e-10 4.61868e-06 0.000660162
7.92485e-10 4.45905e-06 0.000657943
7.92587e-10 4.31104e-06 0.000655372
7.92688e-10 4.17634e-06 0.000652482
7.92789e-10 4.05654e-06 0.000649304
7.9289e-10 3.95318e-06 0.000645875
7.92992e-10 3.86772e-06 0.000642234
7.93093e-10 3.80152e-06 0.000638419
7.93194e-10 3.75581e-06 0.000634475
7.93295e-10 3.73173e-06 0.000630443
7.93397e-10 3.73027e-06 0.00062637
7.93498e-10 3.75229e-06 0.000622303
7.93599e-10 3.79851e-06 0.000618287
7.93701e-10 3.86948e-06 0.000614371
7.93802e-10 3.9656e-06 0.000610604
7.93903e-10 4.08709e-06 0.000607033
7.94004e-10 4.23401e-06 0.000603707
7.94106e-10 4.40625e-06 0.000600674
7.94207e-10 4.6035e-06 0.000597979
7.94308e-10 4.8253e-06 0.000595669
7.94409e-10 5.07098e-06 0.000593787
7.94511e-10 5.33971e-06 0.000592377
7.94612e-10 5.63049e-06 0.000591479
7.94713e-10 5.94215e-06 0.000591131
7.94815e-10 6.27333e-06 0.000591369
7.94916e-10 6.62254e-06 0.000592225
7.95017e-10 6.98812e-06 0.000593731
7.95118e-10 7.36827e-06 0.000595912
7.9522e-10 7.76107e-06 0.000598793
7.95321e-10 8.16446e-06 0.000602393
7.95422e-10 8.57627e-06 0.000606727
7.95523e-10 8.99425e-06 0.000611808
7.95625e-10 9.41605e-06 0.000617644
7.95726e-10 9.83927e-06 0.000624238
7.95827e-10 1.02614e-05 0.00063159
7.95929e-10 1.06801e-05 0.000639695
7.9603e-10 1.10926e-05 0.000648544
7.96131e-10 1.14966e-05 0.000658122
7.96232e-10 1.18894e-05 0.000668411
7.96334e-10 1.22687e-05 0.00067939
7.96435e-10 1.2632e-05 0.000691032
7.96536e-10 1.29769e-05 0.000703306
7.96637e-10 1.33012e-05 0.000716176
7.96739e-10 1.36027e-05 0.000729604
7.9684e-10 1.38794e-05 0.000743548
7.96941e-10 1.41293e-05 0.000757961
7.97042e-10 1.43507e-05 0.000772794
7.97144e-10 1.4542e-05 0.000787996
7.97245e-10 1.47017e-05 0.000803509
7.97346e-10 1.48288e-05 0.000819277
7.97448e-10 1.49221e-05 0.000835241
7.97549e-10 1.49809e-05 0.000851337
7.9765e-10 1.50046e-05 0.000867503
7.97751e-10 1.49929e-05 0.000883675
7.97853e-10 1.49457e-05 0.000899786
7.97954e-10 1.48631e-05 0.000915772
7.98055e-10 1.47457e-05 0.000931567
7.98156e-10 1.4594e-05 0.000947106
7.98258e-10 1.44089e-05 0.000962323
7.98359e-10 1.41917e-05 0.000977155
7.9846e-10 1.39437e-05 0.000991541
7.98562e-10 1.36667e-05 0.00100542
7.98663e-10 1.33625e-05 0.00101874
7.98764e-10 1.30332e-05 0.00103143
7.98865e-10 1.26813e-05 0.00104346
7.98967e-10 1.23092e-05 0.00105477
7.99068e-10 1.19197e-05 0.00106531
7.99169e-10 1.15158e-05 0.00107506
7.9927e-10 1.11005e-05 0.00108396
7.99372e-10 1.06771e-05 0.00109199
7.99473e-10 1.02489e-05 0.00109913
7.99574e-10 9.81944e-06 0.00110535
7.99676e-10 9.39218e-06 0.00111064
7.99777e-10 8.97076e-06 0.00111499
7.99878e-10 8.55883e-06 0.00111839
7.99979e-10 8.16004e-06 0.00112084
8.00081e-10 7.77804e-06 0.00112237
8.00182e-10 7.41643e-06 0.00112297
8.00283e-10 7.07875e-06 0.00112267
8.00384e-10 6.76847e-06 0.00112149
8.00486e-10 6.48894e-06 0.00111948
8.00587e-10 6.24335e-06 0.00111666
8.00688e-10 6.03477e-06 0.00111308
8.00789e-10 5.86605e-06 0.00110879
8.00891e-10 5.73984e-06 0.00110384
8.00992e-10 5.65858e-06 0.0010983
8.01093e-10 5.62443e-06 0.00109224
8.01195e-10 5.6393e-06 0.00108571
8.01296e-10 5.7048e-06 0.0010788
8.01397e-10 5.82224e-06 0.00107159
8.01498e-10 5.99261e-06 0.00106415
8.016e-10 6.21657e-06 0.00105657
8.01701e-10 6.49442e-06 0.00104895
8.01802e-10 6.82613e-06 0.00104136
8.01903e-10 7.21128e-06 0.0010339
8.02005e-10 7.64913e-06 0.00102667
8.02106e-10 8.13853e-06 0.00101976
8.02207e-10 8.67799e-06 0.00101327
8.02309e-10 9.26565e-06 0.00100728
8.0241e-10 9.89929e-06 0.00100189
8.02511e-10 1.05763e-05 0.000997188
8.02612e-10 1.12939e-05 0.000993271
8.02714e-10 1.20487e-05 0.000990222
8.02815e-10 1.28373e-05 0.000988125
8.02916e-10 1.36557e-05 0.000987061
8.03017e-10 1.44999e-05 0.000987104
8.03119e-10 1.53655e-05 0.000988327
8.0322e-10 1.62478e-05 0.000990796
8.03321e-10 1.71422e-05 0.000994572
8.03422e-10 1.80436e-05 0.000999708
8.03524e-10 1.89469e-05 0.00100625
8.03625e-10 1.98469e-05 0.00101425
8.03726e-10 2.07382e-05 0.00102373
8.03828e-10 2.16155e-05 0.00103471
8.03929e-10 2.24735e-05 0.00104723
8.0403e-10 2.33067e-05 0.00106129
8.04131e-10 2.41099e-05 0.00107688
8.04233e-10 2.48778e-05 0.00109401
8.04334e-10 2.56055e-05 0.00111266
8.04435e-10 2.6288e-05 0.00113281
8.04536e-10 2.69206e-05 0.00115442
8.04638e-10 2.74988e-05 0.00117745
8.04739e-10 2.80186e-05 0.00120186
8.0484e-10 2.8476e-05 0.00122758
8.04942e-10 2.88674e-05 0.00125455
8.05043e-10 2.91897e-05 0.00128271
8.05144e-10 2.94402e-05 0.00131195
8.05245e-10 2.96165e-05 0.00134221
8.05347e-10 2.97167e-05 0.00137338
8.05448e-10 2.97393e-05 0.00140537
8.05549e-10 2.96835e-05 0.00143805
8.0565e-10 2.95488e-05 0.00147133
8.05752e-10 2.93352e-05 0.00150509
8.05853e-10 2.90435e-05 0.0015392
8.05954e-10 2.86747e-05 0.00157353
8.06056e-10 2.82306e-05 0.00160797
8.06157e-10 2.77134e-05 0.00164237
8.06258e-10 2.71258e-05 0.00167661
8.06359e-10 2.64711e-05 0.00171056
8.06461e-10 2.57532e-05 0.00174408
8.06562e-10 2.49764e-05 0.00177704
8.06663e-10 2.41455e-05 0.0018093
8.06764e-10 2.32658e-05 0.00184075
8.06866e-10 2.23429e-05 0.00187126
8.06967e-10 2.13831e-05 0.0019007
8.07068e-10 2.03928e-05 0.00192897
8.07169e-10 1.93789e-05 0.00195594
8.07271e-10 1.83486e-05 0.00198152
8.07372e-10 1.73093e-05 0.00200561
8.07473e-10 1.62686e-05 0.00202812
8.07575e-10 1.52346e-05 0.00204897
8.07676e-10 1.42151e-05 0.00206808
8.07777e-10 1.32182e-05 0.0020854
8.07878e-10 1.22521e-05 0.00210087
8.0798e-10 1.13249e-05 0.00211445
8.08081e-10 1.04446e-05 0.00212611
8.08182e-10 9.61916e-06 0.00213582
8.08283e-10 8.85631e-06 0.00214359
8.08385e-10 8.16359e-06 0.00214942
8.08486e-10 7.54825e-06 0.00215331
8.08587e-10 7.01722e-06 0.00215531
8.08689e-10 6.57704e-06 0.00215546
8.0879e-10 6.23381e-06 0.0021538
8.08891e-10 5.99316e-06 0.00215041
8.08992e-10 5.8602e-06 0.00214536
8.09094e-10 5.83947e-06 0.00213874
8.09195e-10 5.93488e-06 0.00213067
8.09296e-10 6.14972e-06 0.00212124
8.09397e-10 6.48658e-06 0.00211059
8.09499e-10 6.94736e-06 0.00209885
8.096e-10 7.53319e-06 0.00208617
8.09701e-10 8.24446e-06 0.0020727
8.09803e-10 9.08078e-06 0.00205861
8.09904e-10 1.0041e-05 0.00204406
8.10005e-10 1.1123e-05 0.00202924
8.10106e-10 1.23242e-05 0.00201432
8.10208e-10 1.36408e-05 0.00199951
8.10309e-10 1.50685e-05 0.00198499
8.1041e-10 1.6602e-05 0.00197095
8.10511e-10 1.82356e-05 0.00195761
8.10613e-10 1.99623e-05 0.00194515
8.10714e-10 2.17749e-05 0.00193378
8.10815e-10 2.36651e-05 0.0019237
8.10916e-10 2.56243e-05 0.0019151
8.11018e-10 2.7643e-05 0.00190818
8.11119e-10 2.97112e-05 0.00190313
8.1122e-10 3.18186e-05 0.00190012
8.11322e-10 3.39542e-05 0.00189933
8.11423e-10 3.61066e-05 0.00190094
8.11524e-10 3.82642e-05 0.0019051
8.11625e-10 4.04151e-05 0.00191195
8.11727e-10 4.25471e-05 0.00192164
8.11828e-10 4.4648e-05 0.00193429
8.11929e-10 4.67055e-05 0.00195002
8.1203e-10 4.87071e-05 0.00196891
8.12132e-10 5.06408e-05 0.00199106
8.12233e-10 5.24945e-05 0.00201652
8.12334e-10 5.42563e-05 0.00204536
8.12436e-10 5.59149e-05 0.0020776
8.12537e-10 5.74593e-05 0.00211327
8.12638e-10 5.88788e-05 0.00215235
8.12739e-10 6.01635e-05 0.00219485
8.12841e-10 6.1304e-05 0.0022407
8.12942e-10 6.22916e-05 0.00228987
8.13043e-10 6.31186e-05 0.00234227
8.13144e-10 6.37778e-05 0.00239782
8.13246e-10 6.42632e-05 0.0024564
8.13347e-10 6.45696e-05 0.00251789
8.13448e-10 6.46928e-05 0.00258214
8.1355e-10 6.46297e-05 0.00264898
8.13651e-10 6.43784e-05 0.00271824
8.13752e-10 6.39379e-05 0.00278973
8.13853e-10 6.33086e-05 0.00286322
8.13955e-10 6.2492e-05 0.00293851
8.14056e-10 6.14907e-05 0.00301535
8.14157e-10 6.03088e-05 0.0030935
8.14258e-10 5.89512e-05 0.00317269
8.1436e-10 5.74243e-05 0.00325266
8.14461e-10 5.57358e-05 0.00333313
8.14562e-10 5.38942e-05 0.00341382
8.14663e-10 5.19095e-05 0.00349444
8.14765e-10 4.97927e-05 0.00357471
8.14866e-10 4.75557e-05 0.00365432
8.14967e-10 4.52118e-05 0.00373299
8.15069e-10 4.27749e-05 0.00381043
8.1517e-10 4.026e-05 0.00388634
8.15271e-10 3.76829e-05 0.00396044
8.15372e-10 3.50603e-05 0.00403246
8.15474e-10 3.24092e-05 0.00410212
8.15575e-10 2.97477e-05 0.00416918
8.15676e-10 2.7094e-05 0.00423338
8.15777e-10 2.44668e-05 0.00429448
8.15879e-10 2.18854e-05 0.00435229
8.1598e-10 1.93688e-05 0.00440658
8.16081e-10 1.69365e-05 0.00445718
8.16183e-10 1.46078e-05 0.00450393
8.16284e-10 1.24019e-05 0.00454667
8.16385e-10 1.03378e-05 0.0045853
8.16486e-10 8.43407e-06 0.00461972
8.16588e-10 6.70895e-06 0.00464984
8.16689e-10 5.17997e-06 0.00467564
8.1679e-10 3.86401e-06 0.00469707
8.16891e-10 2.77717e-06 0.00471416
8.16993e-10 1.93461e-06 0.00472692
8.17094e-10 1.35052e-06 0.00473544
8.17195e-10 1.03794e-06 0.00473978
8.17296e-10 1.00875e-06 0.00474007
8.17398e-10 1.2735e-06 0.00473646
8.17499e-10 1.84138e-06 0.00472912
8.176e-10 2.72013e-06 0.00471824
8.17702e-10 3.91597e-06 0.00470407
8.17803e-10 5.43352e-06 0.00468684
8.17904e-10 7.27577e-06 0.00466684
8.18005e-10 9.44402e-06 0.00464437
8.18107e-10 1.19378e-05 0.00461977
8.18208e-10 1.4755e-05 0.00459337
8.18309e-10 1.78917e-05 0.00456556
8.1841e-10 2.1342e-05 0.00453671
8.18512e-10 2.50985e-05 0.00450723
8.18613e-10 2.91518e-05 0.00447754
8.18714e-10 3.3491e-05 0.00444808
8.18816e-10 3.81031e-05 0.00441929
8.18917e-10 4.29737e-05 0.00439162
8.19018e-10 4.80868e-05 0.00436554
8.19119e-10 5.34245e-05 0.0043415
8.19221e-10 5.89676e-05 0.00431997
8.19322e-10 6.46955e-05 0.00430142
8.19423e-10 7.05862e-05 0.00428631
8.19524e-10 7.66164e-05 0.00427509
8.19626e-10 8.27616e-05 0.0042682
8.19727e-10 8.89963e-05 0.00426608
8.19828e-10 9.52942e-05 0.00426916
8.1993e-10 0.000101628 0.00427782
8.20031e-10 0.00010797 0.00429246
8.20132e-10 0.000114291 0.00431344
8.20233e-10 0.000120563 0.0043411
8.20335e-10 0.000126756 0.00437574
8.20436e-10 0.000132842 0.00441764
8.20537e-10 0.00013879 0.00446707
8.20638e-10 0.000144573 0.00452423
8.2074e-10 0.000150162 0.0045893
8.20841e-10 0.000155527 0.00466244
8.20942e-10 0.000160643 0.00474375
8.21043e-10 0.000165481 0.00483329
8.21145e-10 0.000170017 0.0049311
8.21246e-10 0.000174225 0.00503716
8.21347e-10 0.000178083 0.00515142
8.21449e-10 0.000181567 0.00527376
8.2155e-10 0.000184659 0.00540406
8.21651e-10 0.000187339 0.00554212
8.21752e-10 0.000189589 0.00568771
8.21854e-10 0.000191396 0.00584056
8.21955e-10 0.000192746 0.00600036
8.22056e-10 0.000193627 0.00616675
8.22157e-10 0.000194032 0.00633934
8.22259e-10 0.000193954 0.00651769
8.2236e-10 0.000193389 0.00670134
8.22461e-10 0.000192336 0.00688978
8.22563e-10 0.000190796 0.00708246
8.22664e-10 0.000188772 0.00727883
8.22765e-10 0.000186271 0.0074783
8.22866e-10 0.000183302 0.00768023
8.22968e-10 0.000179877 0.00788399
8.23069e-10 0.00017601 0.00808893
8.2317e-10 0.000171719 0.00829436
8.23271e-10 0.000167024 0.0084996
8.23373e-10 0.000161946 0.00870396
8.23474e-10 0.000156513 0.00890675
8.23575e-10 0.000150752 0.00910726
8.23677e-10 0.000144693 0.0093048
8.23778e-10 0.000138369 0.00949869
8.23879e-10 0.000131818 0.00968825
8.2398e-10 0.000125075 0.00987284
8.24082e-10 0.000118183 0.0100518
8.24183e-10 0.000111184 0.0102246
8.24284e-10 0.000104122 0.0103905
8.24385e-10 9.7045e-05 0.0105491
8.24487e-10 9.00009e-05 0.0106998
8.24588e-10 8.30404e-05 0.0108422
8.24689e-10 7.62157e-05 0.0109758
8.2479e-10 6.95803e-05 0.0111002
8.24892e-10 6.31892e-05 0.0112152
8.24993e-10 5.70984e-05 0.0113204
8.25094e-10 5.13649e-05 0.0114156
8.25196e-10 4.60467e-05 0.0115007
8.25297e-10 4.12021e-05 0.0115756
8.25398e-10 3.689e-05 0.0116402
8.25499e-10 3.31696e-05 0.0116945
8.25601e-10 3.00999e-05 0.0117387
8.25702e-10 2.77399e-05 0.0117729
8.25803e-10 2.61481e-05 0.0117973
8.25904e-10 2.53822e-05 0.0118123
8.26006e-10 2.54991e-05 0.0118181
8.26107e-10 2.65548e-05 0.0118153
8.26208e-10 2.86035e-05 0.0118043
8.2631e-10 3.1698e-05 0.0117857
8.26411e-10 3.58892e-05 0.0117601
8.26512e-10 4.12258e-05 0.0117282
8.26613e-10 4.77541e-05 0.0116907
8.26715e-10 5.55175e-05 0.0116484
8.26816e-10 6.45568e-05 0.0116022
8.26917e-10 7.4909e-05 0.011553
8.27018e-10 8.66082e-05 0.0115017
8.2712e-10 9.9684e-05 0.0114493
8.27221e-10 0.000114162 0.0113968
8.27322e-10 0.000130064 0.0113453
8.27424e-10 0.000147407 0.0112958
8.27525e-10 0.000166202 0.0112495
8.27626e-10 0.000186455 0.0112073
8.27727e-10 0.000208168 0.0111706
8.27829e-10 0.000231335 0.0111402
8.2793e-10 0.000255946 0.0111174
8.28031e-10 0.000281982 0.0111033
8.28132e-10 0.000309421 0.0110989
8.28234e-10 0.000338231 0.0111053
8.28335e-10 0.000368374 0.0111235
8.28436e-10 0.000399807 0.0111545
8.28537e-10 0.000432475 0.0111993
8.28639e-10 0.00046632 0.0112586
8.2874e-10 0.000501275 0.0113335
8.28841e-10 0.000537263 0.0114246
8.28943e-10 0.000574203 0.0115326
8.29044e-10 0.000612003 0.0116582
8.29145e-10 0.000650565 0.011802
8.29246e-10 0.000689783 0.0119644
8.29348e-10 0.000729543 0.0121458
8.29449e-10 0.000769724 0.0123465
8.2955e-10 0.000810198 0.0125666
8.29651e-10 0.000850829 0.0128065
8.29753e-10 0.000891475 0.0130659
8.29854e-10 0.000931989 0.0133448
8.29955e-10 0.000972216 0.0136431
8.30057e-10 0.001012 0.0139604
8.30158e-10 0.00105117 0.0142963
8.30259e-10 0.00108956 0.0146504
8.3036e-10 0.001127 0.0150219
8.30462e-10 0.00116331 0.0154102
8.30563e-10 0.00119833 0.0158145
8.30664e-10 0.00123187 0.0162338
8.30765e-10 0.00126376 0.0166673
8.30867e-10 0.00129381 0.0171137
8.30968e-10 0.00132187 0.0175719
8.31069e-10 0.00134775 0.0180408
8.31171e-10 0.0013713 0.0185189
8.31272e-10 0.00139236 0.0190048
8.31373e-10 0.00141077 0.0194973
8.31474e-10 0.0014264 0.0199947
8.31576e-10 0.00143911 0.0204955
8.31677e-10 0.00144879 0.0209982
8.31778e-10 0.00145533 0.0215011
8.31879e-10 0.00145863 0.0220028
8.31981e-10 0.00145864 0.0225015
8.32082e-10 0.00145529 0.0229957
8.32183e-10 0.00144854 0.0234837
8.32284e-10 0.0014384 0.0239641
8.32386e-10 0.00142486 0.0244352
8.32487e-10 0.00140796 0.0248955
8.32588e-10 0.00138776 0.0253437
8.3269e-10 0.00136436 0.0257783
8.32791e-10 0.00133787 0.0261981
8.32892e-10 0.00130843 0.0266017
8.32993e-10 0.00127624 0.0269881
8.33095e-10 0.00124149 0.0273562
8.33196e-10 0.00120444 0.0277051
8.33297e-10 0.00116536 0.028034
8.33398e-10 0.00112456 0.0283421
8.335e-10 0.00108241 0.0286289
8.33601e-10 0.00103926 0.028894
8.33702e-10 0.000995554 0.029137
8.33804e-10 0.000951728 0.0293579
8.33905e-10 0.000908271 0.0295565
8.34006e-10 0.000865701 0.029733
8.34107e-10 0.000824565 0.0298877
8.34209e-10 0.000785444 0.0300211
8.3431e-10 0.000748946 0.0301336
8.34411e-10 0.000715703 0.0302261
8.34512e-10 0.000686376 0.0302994
8.34614e-10 0.000661644 0.0303545
8.34715e-10 0.000642205 0.0303926
8.34816e-10 0.000628774 0.030415
8.34917e-10 0.000622075 0.030423
8.35019e-10 0.000622843 0.0304182
8.3512e-10 0.000631814 0.0304022
8.35221e-10 0.000649726 0.0303768
8.35323e-10 0.000677309 0.0303437
8.35424e-10 0.000715285 0.030305
8.35525e-10 0.00076436 0.0302626
8.35626e-10 0.000825218 0.0302185
8.35728e-10 0.000898518 0.0301747
8.35829e-10 0.000984887 0.0301335
8.3593e-10 0.00108491 0.0300968
8.36031e-10 0.00119914 0.0300669
8.36133e-10 0.00132807 0.0300459
8.36234e-10 0.00147213 0.0300358
8.36335e-10 0.00163171 0.0300387
8.36437e-10 0.00180712 0.0300565
8.36538e-10 0.00199859 0.0300912
8.36639e-10 0.00220629 0.0301447
8.3674e-10 0.0024303 0.0302186
8.36842e-10 0.0026706 0.0303145
8.36943e-10 0.0029271 0.030434
8.37044e-10 0.00319958 0.0305784
8.37145e-10 0.00348776 0.0307489
8.37247e-10 0.00379123 0.0309466
8.37348e-10 0.00410948 0.0311723
8.37449e-10 0.00444189 0.0314267
8.37551e-10 0.00478773 0.0317103
8.37652e-10 0.00514619 0.0320235
8.37753e-10 0.0055163 0.0323663
8.37854e-10 0.00589703 0.0327387
8.37956e-10 0.00628721 0.0331404
8.38057e-10 0.0066856 0.0335708
8.38158e-10 0.00709083 0.0340293
8.38259e-10 0.00750145 0.034515
8.38361e-10 0.00791594 0.0350267
8.38462e-10 0.00833267 0.0355632
8.38563e-10 0.00874996 0.036123
8.38664e-10 0.00916605 0.0367044
8.38766e-10 0.00957914 0.0373055
8.38867e-10 0.00998739 0.0379245
8.38968e-10 0.0103889 0.0385591
8.3907e-10 0.0107818 0.0392072
8.39171e-10 0.0111642 0.0398662
8.39272e-10 0.0115341 0.0405337
8.39373e-10 0.0118898 0.0412072
8.39475e-10 0.0122293 0.041884
8.39576e-10 0.0125509 0.0425615
8.39677e-10 0.012853 0.0432369
8.39778e-10 0.0131338 0.0439075
8.3988e-10 0.0133919 0.0445707
