6.9e-10 0.00334525 0.0346913
6.90101e-10 0.00345822 0.0332348
6.90203e-10 0.003576 0.031808
6.90304e-10 0.00369838 0.0304115
6.90405e-10 0.00382513 0.029046
6.90506e-10 0.00395604 0.027712
6.90608e-10 0.00409088 0.0264101
6.90709e-10 0.00422942 0.0251408
6.9081e-10 0.00437144 0.0239045
6.90911e-10 0.00451671 0.0227016
6.91013e-10 0.00466498 0.0215324
6.91114e-10 0.00481604 0.0203972
6.91215e-10 0.00496964 0.0192962
6.91317e-10 0.00512556 0.0182297
6.91418e-10 0.00528355 0.0171977
6.91519e-10 0.00544337 0.0162003
6.9162e-10 0.0056048 0.0152376
6.91722e-10 0.0057676 0.0143097
6.91823e-10 0.00593154 0.0134163
6.91924e-10 0.00609638 0.0125576
6.92025e-10 0.00626189 0.0117332
6.92127e-10 0.00642784 0.0109432
6.92228e-10 0.00659401 0.0101873
6.92329e-10 0.00676017 0.00946521
6.9243e-10 0.0069261 0.00877674
6.92532e-10 0.00709158 0.00812157
6.92633e-10 0.0072564 0.00749938
6.92734e-10 0.00742034 0.00690979
6.92836e-10 0.00758321 0.00635244
6.92937e-10 0.00774479 0.00582688
6.93038e-10 0.00790489 0.0053327
6.93139e-10 0.00806332 0.00486941
6.93241e-10 0.00821989 0.00443653
6.93342e-10 0.00837442 0.00403355
6.93443e-10 0.00852672 0.00365993
6.93544e-10 0.00867664 0.00331513
6.93646e-10 0.00882401 0.00299856
6.93747e-10 0.00896866 0.00270964
6.93848e-10 0.00911044 0.00244777
6.9395e-10 0.00924922 0.00221234
6.94051e-10 0.00938484 0.0020027
6.94152e-10 0.00951718 0.00181822
6.94253e-10 0.00964612 0.00165824
6.94355e-10 0.00977152 0.0015221
6.94456e-10 0.00989329 0.00140913
6.94557e-10 0.0100113 0.00131864
6.94658e-10 0.0101255 0.00124996
6.9476e-10 0.0102357 0.00120238
6.94861e-10 0.010342 0.00117522
6.94962e-10 0.0104441 0.00116778
6.95064e-10 0.0105421 0.00117935
6.95165e-10 0.0106358 0.00120923
6.95266e-10 0.0107253 0.00125671
6.95367e-10 0.0108104 0.0013211
6.95469e-10 0.0108912 0.00140169
6.9557e-10 0.0109675 0.00149779
6.95671e-10 0.0110394 0.00160869
6.95772e-10 0.0111068 0.0017337
6.95874e-10 0.0111698 0.00187213
6.95975e-10 0.0112283 0.00202329
6.96076e-10 0.0112823 0.00218652
6.96177e-10 0.0113318 0.00236113
6.96279e-10 0.0113768 0.00254647
6.9638e-10 0.0114173 0.00274186
6.96481e-10 0.0114534 0.00294667
6.96583e-10 0.0114851 0.00316024
6.96684e-10 0.0115124 0.00338195
6.96785e-10 0.0115354 0.00361118
6.96886e-10 0.011554 0.00384731
6.96988e-10 0.0115683 0.00408973
6.97089e-10 0.0115785 0.00433787
6.9719e-10 0.0115844 0.00459112
6.97291e-10 0.0115863 0.00484893
6.97393e-10 0.0115841 0.00511074
6.97494e-10 0.011578 0.005376
6.97595e-10 0.0115679 0.00564418
6.97697e-10 0.011554 0.00591476
6.97798e-10 0.0115363 0.00618723
6.97899e-10 0.0115149 0.00646109
6.98e-10 0.01149 0.00673586
6.98102e-10 0.0114615 0.00701107
6.98203e-10 0.0114296 0.00728628
6.98304e-10 0.0113944 0.00756103
6.98405e-10 0.0113559 0.0078349
6.98507e-10 0.0113143 0.00810747
6.98608e-10 0.0112696 0.00837835
6.98709e-10 0.0112219 0.00864715
6.9881e-10 0.0111714 0.00891349
6.98912e-10 0.0111181 0.00917701
6.99013e-10 0.0110622 0.00943738
6.99114e-10 0.0110037 0.00969425
6.99216e-10 0.0109427 0.00994731
6.99317e-10 0.0108793 0.0101963
6.99418e-10 0.0108137 0.0104408
6.99519e-10 0.010746 0.0106807
6.99621e-10 0.0106762 0.0109156
6.99722e-10 0.0106044 0.0111453
6.99823e-10 0.0105308 0.0113696
6.99924e-10 0.0104554 0.0115883
7.00026e-10 0.0103784 0.0118011
7.00127e-10 0.0102999 0.0120078
7.00228e-10 0.0102199 0.0122082
7.0033e-10 0.0101385 0.0124023
7.00431e-10 0.0100559 0.0125898
7.00532e-10 0.00997212 0.0127705
7.00633e-10 0.0098873 0.0129444
7.00735e-10 0.00980151 0.0131113
7.00836e-10 0.00971485 0.013271
7.00937e-10 0.00962741 0.0134236
7.01038e-10 0.00953927 0.0135689
7.0114e-10 0.00945053 0.0137068
7.01241e-10 0.00936128 0.0138373
7.01342e-10 0.00927159 0.0139602
7.01444e-10 0.00918155 0.0140756
7.01545e-10 0.00909124 0.0141835
7.01646e-10 0.00900073 0.0142837
7.01747e-10 0.00891012 0.0143762
7.01849e-10 0.00881946 0.0144611
7.0195e-10 0.00872884 0.0145384
7.02051e-10 0.00863832 0.014608
7.02152e-10 0.00854797 0.01467
7.02254e-10 0.00845786 0.0147244
7.02355e-10 0.00836805 0.0147713
7.02456e-10 0.0082786 0.0148106
7.02557e-10 0.00818958 0.0148424
7.02659e-10 0.00810104 0.0148668
7.0276e-10 0.00801304 0.0148839
7.02861e-10 0.00792562 0.0148936
7.02963e-10 0.00783884 0.0148961
7.03064e-10 0.00775274 0.0148915
7.03165e-10 0.00766738 0.0148798
7.03266e-10 0.0075828 0.0148612
7.03368e-10 0.00749903 0.0148357
7.03469e-10 0.00741612 0.0148035
7.0357e-10 0.00733411 0.0147646
7.03671e-10 0.00725302 0.0147191
7.03773e-10 0.0071729 0.0146673
7.03874e-10 0.00709376 0.0146091
7.03975e-10 0.00701565 0.0145448
7.04077e-10 0.00693858 0.0144744
7.04178e-10 0.00686258 0.0143982
7.04279e-10 0.00678768 0.0143161
7.0438e-10 0.00671389 0.0142284
7.04482e-10 0.00664123 0.0141352
7.04583e-10 0.00656971 0.0140367
7.04684e-10 0.00649936 0.013933
7.04785e-10 0.00643019 0.0138242
7.04887e-10 0.0063622 0.0137105
7.04988e-10 0.0062954 0.0135921
7.05089e-10 0.0062298 0.0134691
7.05191e-10 0.00616542 0.0133417
7.05292e-10 0.00610224 0.01321
7.05393e-10 0.00604028 0.0130741
7.05494e-10 0.00597953 0.0129343
7.05596e-10 0.00591999 0.0127907
7.05697e-10 0.00586167 0.0126435
7.05798e-10 0.00580456 0.0124928
7.05899e-10 0.00574865 0.0123388
7.06001e-10 0.00569394 0.0121816
7.06102e-10 0.00564042 0.0120215
7.06203e-10 0.00558808 0.0118585
7.06304e-10 0.00553691 0.0116928
7.06406e-10 0.00548691 0.0115246
7.06507e-10 0.00543805 0.0113541
7.06608e-10 0.00539033 0.0111814
7.0671e-10 0.00534374 0.0110066
7.06811e-10 0.00529826 0.01083
7.06912e-10 0.00525386 0.0106517
7.07013e-10 0.00521055 0.0104717
7.07115e-10 0.0051683 0.0102904
7.07216e-10 0.00512709 0.0101078
7.07317e-10 0.0050869 0.00992409
7.07418e-10 0.00504772 0.0097394
7.0752e-10 0.00500952 0.00955389
7.07621e-10 0.00497229 0.00936769
7.07722e-10 0.00493601 0.00918096
7.07824e-10 0.00490065 0.00899383
7.07925e-10 0.00486619 0.00880643
7.08026e-10 0.00483261 0.00861891
7.08127e-10 0.00479989 0.00843139
7.08229e-10 0.00476801 0.00824401
7.0833e-10 0.00473694 0.00805689
7.08431e-10 0.00470667 0.00787016
7.08532e-10 0.00467716 0.00768393
7.08634e-10 0.00464839 0.00749834
7.08735e-10 0.00462035 0.00731349
7.08836e-10 0.00459301 0.00712951
7.08938e-10 0.00456634 0.0069465
7.09039e-10 0.00454032 0.00676457
7.0914e-10 0.00451493 0.00658383
7.09241e-10 0.00449015 0.00640438
7.09343e-10 0.00446595 0.00622632
7.09444e-10 0.00444231 0.00604975
7.09545e-10 0.00441921 0.00587476
7.09646e-10 0.00439662 0.00570144
7.09748e-10 0.00437452 0.00552988
7.09849e-10 0.00435289 0.00536017
7.0995e-10 0.00433171 0.00519239
7.10051e-10 0.00431095 0.00502662
7.10153e-10 0.0042906 0.00486293
7.10254e-10 0.00427063 0.00470139
7.10355e-10 0.00425103 0.00454209
7.10457e-10 0.00423176 0.00438507
7.10558e-10 0.00421282 0.00423041
7.10659e-10 0.00419418 0.00407818
7.1076e-10 0.00417582 0.00392841
7.10862e-10 0.00415773 0.00378118
7.10963e-10 0.00413988 0.00363653
7.11064e-10 0.00412226 0.0034945
7.11165e-10 0.00410485 0.00335516
7.11267e-10 0.00408763 0.00321853
7.11368e-10 0.00407059 0.00308467
7.11469e-10 0.00405371 0.0029536
7.11571e-10 0.00403697 0.00282536
7.11672e-10 0.00402036 0.00269999
7.11773e-10 0.00400387 0.0025775
7.11874e-10 0.00398747 0.00245793
7.11976e-10 0.00397116 0.00234131
7.12077e-10 0.00395492 0.00222764
7.12178e-10 0.00393874 0.00211695
7.12279e-10 0.00392261 0.00200925
7.12381e-10 0.00390651 0.00190456
7.12482e-10 0.00389044 0.00180289
7.12583e-10 0.00387438 0.00170423
7.12684e-10 0.00385832 0.00160861
7.12786e-10 0.00384226 0.00151602
7.12887e-10 0.00382618 0.00142645
7.12988e-10 0.00381007 0.00133992
7.1309e-10 0.00379393 0.00125641
7.13191e-10 0.00377775 0.00117592
7.13292e-10 0.00376152 0.00109844
7.13393e-10 0.00374524 0.00102395
7.13495e-10 0.00372889 0.000952454
7.13596e-10 0.00371248 0.000883925
7.13697e-10 0.00369599 0.000818349
7.13798e-10 0.00367942 0.000755707
7.139e-10 0.00366277 0.000695978
7.14001e-10 0.00364603 0.000639139
7.14102e-10 0.00362921 0.000585167
7.14204e-10 0.00361228 0.000534034
7.14305e-10 0.00359526 0.000485713
7.14406e-10 0.00357815 0.000440174
7.14507e-10 0.00356093 0.000397386
7.14609e-10 0.0035436 0.000357318
7.1471e-10 0.00352618 0.000319933
7.14811e-10 0.00350864 0.000285198
7.14912e-10 0.003491 0.000253075
7.15014e-10 0.00347326 0.000223527
7.15115e-10 0.00345541 0.000196513
7.15216e-10 0.00343745 0.000171994
7.15318e-10 0.00341939 0.000149927
7.15419e-10 0.00340122 0.000130271
7.1552e-10 0.00338296 0.00011298
7.15621e-10 0.00336459 9.80112e-05
7.15723e-10 0.00334612 8.53177e-05
7.15824e-10 0.00332756 7.48532e-05
7.15925e-10 0.0033089 6.65705e-05
7.16026e-10 0.00329016 6.04213e-05
7.16128e-10 0.00327132 5.63567e-05
7.16229e-10 0.0032524 5.43272e-05
7.1633e-10 0.0032334 5.42826e-05
7.16431e-10 0.00321432 5.61722e-05
7.16533e-10 0.00319516 5.99446e-05
7.16634e-10 0.00317594 6.55481e-05
7.16735e-10 0.00315664 7.29307e-05
7.16837e-10 0.00313729 8.20396e-05
7.16938e-10 0.00311788 9.28221e-05
7.17039e-10 0.00309842 0.000105225
7.1714e-10 0.00307891 0.000119195
7.17242e-10 0.00305935 0.000134678
7.17343e-10 0.00303976 0.000151621
7.17444e-10 0.00302013 0.00016997
7.17545e-10 0.00300048 0.00018967
7.17647e-10 0.0029808 0.000210669
7.17748e-10 0.00296111 0.000232911
7.17849e-10 0.0029414 0.000256344
7.17951e-10 0.00292168 0.000280913
7.18052e-10 0.00290197 0.000306565
7.18153e-10 0.00288225 0.000333247
7.18254e-10 0.00286255 0.000360904
7.18356e-10 0.00284286 0.000389484
7.18457e-10 0.00282319 0.000418935
7.18558e-10 0.00280355 0.000449204
7.18659e-10 0.00278393 0.000480239
7.18761e-10 0.00276436 0.000511988
7.18862e-10 0.00274482 0.000544401
7.18963e-10 0.00272533 0.000577426
7.19065e-10 0.0027059 0.000611012
7.19166e-10 0.00268652 0.000645112
7.19267e-10 0.0026672 0.000679674
7.19368e-10 0.00264796 0.00071465
7.1947e-10 0.00262878 0.000749993
7.19571e-10 0.00260969 0.000785654
7.19672e-10 0.00259067 0.000821588
7.19773e-10 0.00257175 0.000857747
7.19875e-10 0.00255292 0.000894086
7.19976e-10 0.00253418 0.000930561
7.20077e-10 0.00251555 0.000967127
7.20178e-10 0.00249702 0.00100374
7.2028e-10 0.00247861 0.00104036
7.20381e-10 0.00246031 0.00107695
7.20482e-10 0.00244213 0.00111345
7.20584e-10 0.00242407 0.00114984
7.20685e-10 0.00240614 0.00118608
7.20786e-10 0.00238834 0.00122212
7.20887e-10 0.00237068 0.00125792
7.20989e-10 0.00235315 0.00129346
7.2109e-10 0.00233577 0.0013287
7.21191e-10 0.00231853 0.00136359
7.21292e-10 0.00230144 0.00139811
7.21394e-10 0.0022845 0.00143222
7.21495e-10 0.00226771 0.0014659
7.21596e-10 0.00225109 0.00149911
7.21698e-10 0.00223462 0.00153182
7.21799e-10 0.00221831 0.00156399
7.219e-10 0.00220217 0.00159562
7.22001e-10 0.00218619 0.00162665
7.22103e-10 0.00217038 0.00165708
7.22204e-10 0.00215475 0.00168687
7.22305e-10 0.00213928 0.001716
7.22406e-10 0.00212399 0.00174445
7.22508e-10 0.00210887 0.0017722
7.22609e-10 0.00209393 0.00179921
7.2271e-10 0.00207917 0.00182548
7.22812e-10 0.00206458 0.00185098
7.22913e-10 0.00205018 0.0018757
7.23014e-10 0.00203595 0.00189961
7.23115e-10 0.00202191 0.00192271
7.23217e-10 0.00200805 0.00194497
7.23318e-10 0.00199437 0.00196638
7.23419e-10 0.00198087 0.00198693
7.2352e-10 0.00196755 0.0020066
7.23622e-10 0.00195442 0.00202539
7.23723e-10 0.00194146 0.00204328
7.23824e-10 0.00192869 0.00206027
7.23925e-10 0.0019161 0.00207634
7.24027e-10 0.00190369 0.00209148
7.24128e-10 0.00189146 0.0021057
7.24229e-10 0.00187941 0.00211897
7.24331e-10 0.00186754 0.00213131
7.24432e-10 0.00185584 0.0021427
7.24533e-10 0.00184432 0.00215314
7.24634e-10 0.00183298 0.00216263
7.24736e-10 0.00182181 0.00217117
7.24837e-10 0.00181081 0.00217875
7.24938e-10 0.00179998 0.00218538
7.25039e-10 0.00178932 0.00219106
7.25141e-10 0.00177883 0.00219579
7.25242e-10 0.0017685 0.00219956
7.25343e-10 0.00175834 0.00220239
7.25445e-10 0.00174834 0.00220428
7.25546e-10 0.0017385 0.00220523
7.25647e-10 0.00172881 0.00220525
7.25748e-10 0.00171929 0.00220435
7.2585e-10 0.00170991 0.00220252
7.25951e-10 0.00170069 0.00219979
7.26052e-10 0.00169162 0.00219615
7.26153e-10 0.00168269 0.00219162
7.26255e-10 0.0016739 0.00218621
7.26356e-10 0.00166526 0.00217992
7.26457e-10 0.00165676 0.00217277
7.26559e-10 0.00164839 0.00216477
7.2666e-10 0.00164016 0.00215593
7.26761e-10 0.00163206 0.00214626
7.26862e-10 0.00162408 0.00213577
7.26964e-10 0.00161623 0.00212449
7.27065e-10 0.00160851 0.00211242
7.27166e-10 0.0016009 0.00209958
7.27267e-10 0.00159341 0.00208598
7.27369e-10 0.00158604 0.00207164
7.2747e-10 0.00157878 0.00205657
7.27571e-10 0.00157162 0.00204079
7.27672e-10 0.00156457 0.00202433
7.27774e-10 0.00155763 0.00200718
7.27875e-10 0.00155079 0.00198938
7.27976e-10 0.00154404 0.00197094
7.28078e-10 0.00153739 0.00195187
7.28179e-10 0.00153082 0.0019322
7.2828e-10 0.00152435 0.00191195
7.28381e-10 0.00151797 0.00189113
7.28483e-10 0.00151166 0.00186976
7.28584e-10 0.00150544 0.00184787
7.28685e-10 0.0014993 0.00182547
7.28786e-10 0.00149323 0.00180258
7.28888e-10 0.00148723 0.00177922
7.28989e-10 0.0014813 0.00175541
7.2909e-10 0.00147544 0.00173118
7.29192e-10 0.00146964 0.00170654
7.29293e-10 0.00146391 0.00168151
7.29394e-10 0.00145823 0.00165612
7.29495e-10 0.00145261 0.00163038
7.29597e-10 0.00144705 0.00160432
7.29698e-10 0.00144153 0.00157796
7.29799e-10 0.00143607 0.00155131
7.299e-10 0.00143065 0.0015244
7.30002e-10 0.00142527 0.00149725
7.30103e-10 0.00141994 0.00146988
7.30204e-10 0.00141465 0.00144231
7.30305e-10 0.0014094 0.00141456
7.30407e-10 0.00140418 0.00138665
7.30508e-10 0.00139899 0.00135861
7.30609e-10 0.00139384 0.00133045
7.30711e-10 0.00138871 0.0013022
7.30812e-10 0.00138362 0.00127386
7.30913e-10 0.00137855 0.00124548
7.31014e-10 0.0013735 0.00121705
7.31116e-10 0.00136847 0.00118862
7.31217e-10 0.00136347 0.00116018
7.31318e-10 0.00135849 0.00113177
7.31419e-10 0.00135352 0.0011034
7.31521e-10 0.00134857 0.00107509
7.31622e-10 0.00134363 0.00104686
7.31723e-10 0.0013387 0.00101874
7.31825e-10 0.00133379 0.000990724
7.31926e-10 0.00132889 0.000962848
7.32027e-10 0.00132399 0.000935126
7.32128e-10 0.00131911 0.000907574
7.3223e-10 0.00131423 0.00088021
7.32331e-10 0.00130936 0.000853051
7.32432e-10 0.00130449 0.000826113
7.32533e-10 0.00129963 0.000799413
7.32635e-10 0.00129477 0.000772967
7.32736e-10 0.00128991 0.000746791
7.32837e-10 0.00128505 0.000720899
7.32939e-10 0.0012802 0.000695306
7.3304e-10 0.00127534 0.000670028
7.33141e-10 0.00127049 0.000645079
7.33242e-10 0.00126563 0.000620472
7.33344e-10 0.00126078 0.000596221
7.33445e-10 0.00125592 0.000572338
7.33546e-10 0.00125106 0.000548837
7.33647e-10 0.0012462 0.00052573
7.33749e-10 0.00124133 0.000503029
7.3385e-10 0.00123647 0.000480746
7.33951e-10 0.0012316 0.00045889
7.34052e-10 0.00122673 0.000437474
7.34154e-10 0.00122185 0.000416507
7.34255e-10 0.00121697 0.000395999
7.34356e-10 0.00121209 0.00037596
7.34458e-10 0.00120721 0.000356399
7.34559e-10 0.00120233 0.000337323
7.3466e-10 0.00119744 0.000318742
7.34761e-10 0.00119255 0.000300663
7.34863e-10 0.00118766 0.000283093
7.34964e-10 0.00118277 0.000266039
7.35065e-10 0.00117788 0.000249508
7.35166e-10 0.00117299 0.000233505
7.35268e-10 0.0011681 0.000218036
7.35369e-10 0.00116321 0.000203106
7.3547e-10 0.00115832 0.000188719
7.35572e-10 0.00115343 0.000174881
7.35673e-10 0.00114854 0.000161594
7.35774e-10 0.00114366 0.000148862
7.35875e-10 0.00113878 0.000136687
7.35977e-10 0.0011339 0.000125073
7.36078e-10 0.00112903 0.000114022
7.36179e-10 0.00112417 0.000103534
7.3628e-10 0.00111931 9.36122e-05
7.36382e-10 0.00111445 8.42559e-05
7.36483e-10 0.00110961 7.5466e-05
7.36584e-10 0.00110477 6.72424e-05
7.36686e-10 0.00109995 5.95846e-05
7.36787e-10 0.00109513 5.24918e-05
7.36888e-10 0.00109032 4.59627e-05
7.36989e-10 0.00108553 3.99956e-05
7.37091e-10 0.00108075 3.45886e-05
7.37192e-10 0.00107598 2.97391e-05
7.37293e-10 0.00107123 2.54443e-05
7.37394e-10 0.00106649 2.1701e-05
7.37496e-10 0.00106177 1.85056e-05
7.37597e-10 0.00105706 1.58542e-05
7.37698e-10 0.00105238 1.37426e-05
7.37799e-10 0.00104771 1.21659e-05
7.37901e-10 0.00104306 1.11193e-05
7.38002e-10 0.00103844 1.05973e-05
7.38103e-10 0.00103383 1.05943e-05
7.38205e-10 0.00102925 1.11043e-05
7.38306e-10 0.00102469 1.2121e-05
7.38407e-10 0.00102015 1.36376e-05
7.38508e-10 0.00101564 1.56473e-05
7.3861e-10 0.00101116 1.81428e-05
7.38711e-10 0.0010067 2.11166e-05
7.38812e-10 0.00100227 2.45608e-05
7.38913e-10 0.000997868 2.84673e-05
7.39015e-10 0.000993496 3.28277e-05
7.39116e-10 0.000989154 3.76335e-05
7.39217e-10 0.000984843 4.28757e-05
7.39319e-10 0.000980563 4.85452e-05
7.3942e-10 0.000976316 5.46327e-05
7.39521e-10 0.000972102 6.11285e-05
7.39622e-10 0.000967922 6.80228e-05
7.39724e-10 0.000963777 7.53057e-05
7.39825e-10 0.000959667 8.29668e-05
7.39926e-10 0.000955593 9.09958e-05
7.40027e-10 0.000951555 9.93822e-05
7.40129e-10 0.000947554 0.000108115
7.4023e-10 0.000943592 0.000117183
7.40331e-10 0.000939668 0.000126576
7.40433e-10 0.000935782 0.000136282
7.40534e-10 0.000931936 0.00014629
7.40635e-10 0.00092813 0.000156589
7.40736e-10 0.000924365 0.000167166
7.40838e-10 0.00092064 0.00017801
7.40939e-10 0.000916957 0.000189109
7.4104e-10 0.000913315 0.000200452
7.41141e-10 0.000909716 0.000212025
7.41243e-10 0.000906159 0.000223818
7.41344e-10 0.000902644 0.000235817
7.41445e-10 0.000899173 0.000248011
7.41546e-10 0.000895745 0.000260388
7.41648e-10 0.00089236 0.000272935
7.41749e-10 0.000889019 0.000285639
7.4185e-10 0.000885722 0.000298489
7.41952e-10 0.00088247 0.000311472
7.42053e-10 0.000879261 0.000324575
7.42154e-10 0.000876096 0.000337787
7.42255e-10 0.000872976 0.000351094
7.42357e-10 0.0008699 0.000364486
7.42458e-10 0.000866869 0.000377948
7.42559e-10 0.000863882 0.000391469
7.4266e-10 0.000860939 0.000405037
7.42762e-10 0.000858041 0.00041864
7.42863e-10 0.000855186 0.000432265
7.42964e-10 0.000852376 0.000445901
7.43066e-10 0.000849609 0.000459535
7.43167e-10 0.000846886 0.000473156
7.43268e-10 0.000844207 0.000486752
7.43369e-10 0.00084157 0.000500311
7.43471e-10 0.000838977 0.000513821
7.43572e-10 0.000836426 0.000527272
7.43673e-10 0.000833918 0.000540651
7.43774e-10 0.000831452 0.000553949
7.43876e-10 0.000829027 0.000567153
7.43977e-10 0.000826643 0.000580252
7.44078e-10 0.000824301 0.000593237
7.44179e-10 0.000821999 0.000606097
7.44281e-10 0.000819736 0.00061882
7.44382e-10 0.000817514 0.000631397
7.44483e-10 0.00081533 0.000643818
7.44585e-10 0.000813185 0.000656072
7.44686e-10 0.000811078 0.000668151
7.44787e-10 0.000809008 0.000680044
7.44888e-10 0.000806975 0.000691743
7.4499e-10 0.000804978 0.000703238
7.45091e-10 0.000803017 0.00071452
7.45192e-10 0.000801091 0.000725582
7.45293e-10 0.0007992 0.000736413
7.45395e-10 0.000797342 0.000747006
7.45496e-10 0.000795517 0.000757354
7.45597e-10 0.000793725 0.000767448
7.45699e-10 0.000791964 0.00077728
7.458e-10 0.000790235 0.000786845
7.45901e-10 0.000788535 0.000796133
7.46002e-10 0.000786866 0.00080514
7.46104e-10 0.000785225 0.000813858
7.46205e-10 0.000783612 0.00082228
7.46306e-10 0.000782027 0.000830402
7.46407e-10 0.000780468 0.000838217
7.46509e-10 0.000778936 0.000845719
7.4661e-10 0.000777428 0.000852905
7.46711e-10 0.000775945 0.000859767
7.46813e-10 0.000774485 0.000866303
7.46914e-10 0.000773048 0.000872507
7.47015e-10 0.000771633 0.000878376
7.47116e-10 0.000770239 0.000883905
7.47218e-10 0.000768866 0.000889092
7.47319e-10 0.000767512 0.000893932
7.4742e-10 0.000766177 0.000898423
7.47521e-10 0.000764861 0.000902561
7.47623e-10 0.000763561 0.000906346
7.47724e-10 0.000762278 0.000909773
7.47825e-10 0.000761011 0.000912843
7.47926e-10 0.000759759 0.000915552
7.48028e-10 0.000758522 0.000917899
7.48129e-10 0.000757297 0.000919885
7.4823e-10 0.000756086 0.000921507
7.48332e-10 0.000754886 0.000922765
7.48433e-10 0.000753698 0.000923659
7.48534e-10 0.000752521 0.00092419
7.48635e-10 0.000751353 0.000924357
7.48737e-10 0.000750194 0.000924161
7.48838e-10 0.000749044 0.000923604
7.48939e-10 0.000747901 0.000922685
7.4904e-10 0.000746766 0.000921407
7.49142e-10 0.000745637 0.000919772
7.49243e-10 0.000744514 0.000917781
7.49344e-10 0.000743396 0.000915436
7.49446e-10 0.000742282 0.000912741
7.49547e-10 0.000741173 0.000909697
7.49648e-10 0.000740066 0.000906308
7.49749e-10 0.000738963 0.000902577
7.49851e-10 0.000737862 0.000898508
7.49952e-10 0.000736762 0.000894104
7.50053e-10 0.000735664 0.000889369
7.50154e-10 0.000734566 0.000884307
7.50256e-10 0.000733468 0.000878924
7.50357e-10 0.00073237 0.000873223
7.50458e-10 0.000731271 0.000867209
7.5056e-10 0.000730171 0.000860889
7.50661e-10 0.00072907 0.000854266
7.50762e-10 0.000727966 0.000847346
7.50863e-10 0.00072686 0.000840136
7.50965e-10 0.000725751 0.000832641
7.51066e-10 0.000724639 0.000824867
7.51167e-10 0.000723523 0.000816821
7.51268e-10 0.000722404 0.000808509
7.5137e-10 0.000721281 0.000799938
7.51471e-10 0.000720153 0.000791114
7.51572e-10 0.000719021 0.000782046
7.51673e-10 0.000717884 0.000772739
7.51775e-10 0.000716743 0.000763202
7.51876e-10 0.000715596 0.000753442
7.51977e-10 0.000714444 0.000743467
7.52079e-10 0.000713286 0.000733284
7.5218e-10 0.000712123 0.000722901
7.52281e-10 0.000710954 0.000712326
7.52382e-10 0.00070978 0.000701569
7.52484e-10 0.0007086 0.000690636
7.52585e-10 0.000707414 0.000679537
7.52686e-10 0.000706222 0.00066828
7.52787e-10 0.000705024 0.000656873
7.52889e-10 0.000703821 0.000645326
7.5299e-10 0.000702612 0.000633647
7.53091e-10 0.000701397 0.000621845
7.53193e-10 0.000700176 0.000609929
7.53294e-10 0.000698951 0.000597908
7.53395e-10 0.000697719 0.000585791
7.53496e-10 0.000696483 0.000573588
7.53598e-10 0.000695241 0.000561307
7.53699e-10 0.000693995 0.000548958
7.538e-10 0.000692744 0.00053655
7.53901e-10 0.000691488 0.000524092
7.54003e-10 0.000690228 0.000511594
7.54104e-10 0.000688965 0.000499065
7.54205e-10 0.000687697 0.000486515
7.54307e-10 0.000686426 0.000473952
7.54408e-10 0.000685151 0.000461386
7.54509e-10 0.000683874 0.000448827
7.5461e-10 0.000682594 0.000436284
7.54712e-10 0.000681312 0.000423765
7.54813e-10 0.000680028 0.000411281
7.54914e-10 0.000678743 0.000398841
7.55015e-10 0.000677456 0.000386453
7.55117e-10 0.000676169 0.000374127
7.55218e-10 0.000674881 0.000361872
7.55319e-10 0.000673593 0.000349697
7.5542e-10 0.000672305 0.000337611
7.55522e-10 0.000671019 0.000325623
7.55623e-10 0.000669733 0.000313741
7.55724e-10 0.00066845 0.000301974
7.55826e-10 0.000667168 0.000290332
7.55927e-10 0.00066589 0.000278822
7.56028e-10 0.000664614 0.000267453
7.56129e-10 0.000663342 0.000256232
7.56231e-10 0.000662074 0.00024517
7.56332e-10 0.00066081 0.000234272
7.56433e-10 0.000659551 0.000223548
7.56534e-10 0.000658298 0.000213005
7.56636e-10 0.000657051 0.000202651
7.56737e-10 0.000655811 0.000192494
7.56838e-10 0.000654577 0.00018254
7.5694e-10 0.000653351 0.000172797
7.57041e-10 0.000652133 0.000163272
7.57142e-10 0.000650924 0.000153972
7.57243e-10 0.000649723 0.000144904
7.57345e-10 0.000648532 0.000136074
7.57446e-10 0.000647351 0.000127489
7.57547e-10 0.000646181 0.000119155
7.57648e-10 0.000645022 0.000111077
7.5775e-10 0.000643874 0.000103263
7.57851e-10 0.000642738 9.57173e-05
7.57952e-10 0.000641614 8.84455e-05
7.58053e-10 0.000640504 8.1453e-05
7.58155e-10 0.000639407 7.47448e-05
7.58256e-10 0.000638324 6.83258e-05
7.58357e-10 0.000637255 6.22007e-05
7.58459e-10 0.000636201 5.6374e-05
7.5856e-10 0.000635162 5.08498e-05
7.58661e-10 0.000634139 4.56322e-05
7.58762e-10 0.000633133 4.07249e-05
7.58864e-10 0.000632143 3.61317e-05
7.58965e-10 0.000631169 3.18557e-05
7.59066e-10 0.000630214 2.79002e-05
7.59167e-10 0.000629276 2.4268e-05
7.59269e-10 0.000628356 2.09618e-05
7.5937e-10 0.000627455 1.7984e-05
7.59471e-10 0.000626573 1.53369e-05
7.59573e-10 0.00062571 1.30224e-05
7.59674e-10 0.000624867 1.10422e-05
7.59775e-10 0.000624043 9.39792e-06
7.59876e-10 0.00062324 8.09068e-06
7.59978e-10 0.000622458 7.12155e-06
7.60079e-10 0.000621696 6.49129e-06
7.6018e-10 0.000620955 6.20046e-06
7.60281e-10 0.000620236 6.24933e-06
7.60383e-10 0.000619539 6.63797e-06
7.60484e-10 0.000618863 7.36618e-06
7.60585e-10 0.000618209 8.43355e-06
7.60687e-10 0.000617578 9.83941e-06
7.60788e-10 0.000616969 1.15828e-05
7.60889e-10 0.000616383 1.36627e-05
7.6099e-10 0.000615819 1.60776e-05
7.61092e-10 0.000615278 1.88259e-05
7.61193e-10 0.000614761 2.19058e-05
7.61294e-10 0.000614266 2.53152e-05
7.61395e-10 0.000613795 2.90517e-05
7.61497e-10 0.000613347 3.31128e-05
7.61598e-10 0.000612922 3.74956e-05
7.61699e-10 0.00061252 4.21973e-05
7.618e-10 0.000612142 4.72144e-05
7.61902e-10 0.000611788 5.25437e-05
7.62003e-10 0.000611456 5.81812e-05
7.62104e-10 0.000611148 6.41233e-05
7.62206e-10 0.000610863 7.03656e-05
7.62307e-10 0.000610602 7.69039e-05
7.62408e-10 0.000610363 8.37336e-05
7.62509e-10 0.000610148 9.085e-05
7.62611e-10 0.000609955 9.82481e-05
7.62712e-10 0.000609786 0.000105923
7.62813e-10 0.000609638 0.000113868
7.62914e-10 0.000609514 0.00012208
7.63016e-10 0.000609411 0.000130551
7.63117e-10 0.000609331 0.000139276
7.63218e-10 0.000609272 0.000148248
7.6332e-10 0.000609235 0.000157462
7.63421e-10 0.00060922 0.000166912
7.63522e-10 0.000609225 0.000176589
7.63623e-10 0.000609252 0.000186488
7.63725e-10 0.000609299 0.000196601
7.63826e-10 0.000609366 0.000206922
7.63927e-10 0.000609453 0.000217443
7.64028e-10 0.00060956 0.000228156
7.6413e-10 0.000609686 0.000239054
7.64231e-10 0.00060983 0.00025013
7.64332e-10 0.000609994 0.000261375
7.64434e-10 0.000610175 0.000272782
7.64535e-10 0.000610375 0.000284342
7.64636e-10 0.000610591 0.000296047
7.64737e-10 0.000610825 0.000307889
7.64839e-10 0.000611075 0.000319859
7.6494e-10 0.000611341 0.000331949
7.65041e-10 0.000611622 0.00034415
7.65142e-10 0.000611919 0.000356454
7.65244e-10 0.000612231 0.000368852
7.65345e-10 0.000612557 0.000381334
7.65446e-10 0.000612896 0.000393892
7.65547e-10 0.000613249 0.000406517
7.65649e-10 0.000613614 0.0004192
7.6575e-10 0.000613992 0.000431931
7.65851e-10 0.000614381 0.000444702
7.65953e-10 0.000614782 0.000457503
7.66054e-10 0.000615193 0.000470325
7.66155e-10 0.000615615 0.000483158
7.66256e-10 0.000616046 0.000495994
7.66358e-10 0.000616487 0.000508824
7.66459e-10 0.000616936 0.000521637
7.6656e-10 0.000617393 0.000534424
7.66661e-10 0.000617857 0.000547177
7.66763e-10 0.000618329 0.000559886
7.66864e-10 0.000618807 0.000572541
7.66965e-10 0.000619291 0.000585133
7.67067e-10 0.00061978 0.000597654
7.67168e-10 0.000620275 0.000610093
7.67269e-10 0.000620773 0.000622443
7.6737e-10 0.000621276 0.000634693
7.67472e-10 0.000621781 0.000646834
7.67573e-10 0.00062229 0.000658858
7.67674e-10 0.000622801 0.000670756
7.67775e-10 0.000623313 0.000682519
7.67877e-10 0.000623827 0.000694137
7.67978e-10 0.000624341 0.000705604
7.68079e-10 0.000624856 0.000716909
7.68181e-10 0.00062537 0.000728044
7.68282e-10 0.000625884 0.000739002
7.68383e-10 0.000626396 0.000749773
7.68484e-10 0.000626907 0.00076035
7.68586e-10 0.000627416 0.000770724
7.68687e-10 0.000627922 0.000780888
7.68788e-10 0.000628425 0.000790834
7.68889e-10 0.000628924 0.000800554
7.68991e-10 0.00062942 0.000810042
7.69092e-10 0.000629912 0.000819288
7.69193e-10 0.000630399 0.000828288
7.69294e-10 0.000630881 0.000837032
7.69396e-10 0.000631357 0.000845516
7.69497e-10 0.000631828 0.000853731
7.69598e-10 0.000632293 0.000861671
7.697e-10 0.000632751 0.000869331
7.69801e-10 0.000633203 0.000876704
7.69902e-10 0.000633648 0.000883784
7.70003e-10 0.000634085 0.000890566
7.70105e-10 0.000634515 0.000897044
7.70206e-10 0.000634938 0.000903212
7.70307e-10 0.000635352 0.000909066
7.70408e-10 0.000635758 0.000914601
7.7051e-10 0.000636155 0.000919812
7.70611e-10 0.000636544 0.000924695
7.70712e-10 0.000636925 0.000929245
7.70814e-10 0.000637296 0.000933459
7.70915e-10 0.000637659 0.000937332
7.71016e-10 0.000638012 0.000940862
7.71117e-10 0.000638356 0.000944045
7.71219e-10 0.000638691 0.000946878
7.7132e-10 0.000639016 0.000949359
7.71421e-10 0.000639332 0.000951484
7.71522e-10 0.000639639 0.000953252
7.71624e-10 0.000639936 0.00095466
7.71725e-10 0.000640224 0.000955708
7.71826e-10 0.000640503 0.000956393
7.71928e-10 0.000640773 0.000956714
7.72029e-10 0.000641033 0.00095667
7.7213e-10 0.000641284 0.000956261
7.72231e-10 0.000641527 0.000955486
7.72333e-10 0.00064176 0.000954346
7.72434e-10 0.000641985 0.000952839
7.72535e-10 0.000642201 0.000950967
7.72636e-10 0.000642409 0.00094873
7.72738e-10 0.000642609 0.00094613
7.72839e-10 0.000642802 0.000943167
7.7294e-10 0.000642986 0.000939843
7.73041e-10 0.000643164 0.000936159
7.73143e-10 0.000643334 0.000932118
7.73244e-10 0.000643498 0.000927723
7.73345e-10 0.000643655 0.000922975
7.73447e-10 0.000643806 0.000917878
7.73548e-10 0.000643952 0.000912434
7.73649e-10 0.000644092 0.000906647
7.7375e-10 0.000644227 0.000900522
7.73852e-10 0.000644358 0.000894061
7.73953e-10 0.000644485 0.000887268
7.74054e-10 0.000644608 0.00088015
7.74155e-10 0.000644728 0.000872709
7.74257e-10 0.000644845 0.000864952
7.74358e-10 0.00064496 0.000856883
7.74459e-10 0.000645074 0.000848509
7.74561e-10 0.000645186 0.000839834
7.74662e-10 0.000645297 0.000830865
7.74763e-10 0.000645408 0.000821608
7.74864e-10 0.00064552 0.000812069
7.74966e-10 0.000645633 0.000802256
7.75067e-10 0.000645747 0.000792176
7.75168e-10 0.000645863 0.000781835
7.75269e-10 0.000645982 0.000771242
7.75371e-10 0.000646104 0.000760404
7.75472e-10 0.000646231 0.000749328
7.75573e-10 0.000646362 0.000738024
7.75674e-10 0.000646498 0.000726499
7.75776e-10 0.00064664 0.000714762
7.75877e-10 0.000646788 0.000702822
7.75978e-10 0.000646943 0.000690688
7.7608e-10 0.000647107 0.000678368
7.76181e-10 0.000647278 0.000665874
7.76282e-10 0.000647459 0.000653213
7.76383e-10 0.00064765 0.000640396
7.76485e-10 0.000647851 0.000627433
7.76586e-10 0.000648063 0.000614334
7.76687e-10 0.000648287 0.000601109
7.76788e-10 0.000648523 0.000587769
7.7689e-10 0.000648773 0.000574323
7.76991e-10 0.000649036 0.000560784
7.77092e-10 0.000649314 0.000547161
7.77194e-10 0.000649607 0.000533466
7.77295e-10 0.000649916 0.00051971
7.77396e-10 0.000650241 0.000505904
7.77497e-10 0.000650583 0.00049206
7.77599e-10 0.000650944 0.000478188
7.777e-10 0.000651322 0.000464301
7.77801e-10 0.00065172 0.00045041
7.77902e-10 0.000652137 0.000436527
7.78004e-10 0.000652575 0.000422664
7.78105e-10 0.000653034 0.000408832
7.78206e-10 0.000653514 0.000395044
7.78308e-10 0.000654017 0.000381312
7.78409e-10 0.000654542 0.000367646
7.7851e-10 0.000655091 0.000354061
7.78611e-10 0.000655663 0.000340567
7.78713e-10 0.00065626 0.000327177
7.78814e-10 0.000656882 0.000313903
7.78915e-10 0.00065753 0.000300757
7.79016e-10 0.000658204 0.000287751
7.79118e-10 0.000658904 0.000274898
7.79219e-10 0.000659631 0.000262209
7.7932e-10 0.000660386 0.000249697
7.79421e-10 0.000661168 0.000237373
7.79523e-10 0.000661979 0.00022525
7.79624e-10 0.000662819 0.000213339
7.79725e-10 0.000663688 0.000201653
7.79827e-10 0.000664587 0.000190203
7.79928e-10 0.000665515 0.000179001
7.80029e-10 0.000666474 0.000168058
7.8013e-10 0.000667463 0.000157387
7.80232e-10 0.000668483 0.000146998
7.80333e-10 0.000669534 0.000136903
7.80434e-10 0.000670617 0.000127113
7.80535e-10 0.000671731 0.000117639
7.80637e-10 0.000672877 0.000108492
7.80738e-10 0.000674055 9.96832e-05
7.80839e-10 0.000675265 9.12228e-05
7.80941e-10 0.000676508 8.31215e-05
7.81042e-10 0.000677782 7.53895e-05
7.81143e-10 0.00067909 6.80369e-05
7.81244e-10 0.00068043 6.10737e-05
7.81346e-10 0.000681802 5.45095e-05
7.81447e-10 0.000683207 4.8354e-05
7.81548e-10 0.000684644 4.26165e-05
7.81649e-10 0.000686114 3.7306e-05
7.81751e-10 0.000687617 3.24315e-05
7.81852e-10 0.000689152 2.80016e-05
7.81953e-10 0.000690719 2.40246e-05
7.82055e-10 0.000692318 2.05088e-05
7.82156e-10 0.000693949 1.74621e-05
7.82257e-10 0.000695612 1.4892e-05
7.82358e-10 0.000697306 1.28059e-05
7.8246e-10 0.000699032 1.12109e-05
7.82561e-10 0.000700788 1.01139e-05
7.82662e-10 0.000702575 9.52124e-06
7.82763e-10 0.000704393 9.43921e-06
7.82865e-10 0.00070624 9.8737e-06
7.82966e-10 0.000708117 1.08303e-05
7.83067e-10 0.000710024 1.23142e-05
7.83168e-10 0.000711959 1.43305e-05
7.8327e-10 0.000713922 1.68838e-05
7.83371e-10 0.000715913 1.99782e-05
7.83472e-10 0.000717931 2.36179e-05
7.83574e-10 0.000719977 2.78063e-05
7.83675e-10 0.000722048 3.25467e-05
7.83776e-10 0.000724145 3.78421e-05
7.83877e-10 0.000726267 4.36949e-05
7.83979e-10 0.000728414 5.01073e-05
7.8408e-10 0.000730584 5.70812e-05
7.84181e-10 0.000732777 6.46179e-05
7.84282e-10 0.000734993 7.27185e-05
7.84384e-10 0.000737231 8.13837e-05
7.84485e-10 0.000739489 9.06137e-05
7.84586e-10 0.000741768 0.000100408
7.84688e-10 0.000744066 0.000110767
7.84789e-10 0.000746383 0.00012169
7.8489e-10 0.000748718 0.000133174
7.84991e-10 0.00075107 0.000145219
7.85093e-10 0.000753438 0.000157822
7.85194e-10 0.000755822 0.000170982
7.85295e-10 0.00075822 0.000184694
7.85396e-10 0.000760632 0.000198955
7.85498e-10 0.000763056 0.000213763
7.85599e-10 0.000765493 0.000229113
7.857e-10 0.00076794 0.000245
7.85802e-10 0.000770397 0.000261419
7.85903e-10 0.000772864 0.000278366
7.86004e-10 0.000775338 0.000295834
7.86105e-10 0.00077782 0.000313817
7.86207e-10 0.000780308 0.000332309
7.86308e-10 0.000782801 0.000351302
7.86409e-10 0.000785299 0.000370791
7.8651e-10 0.0007878 0.000390765
7.86612e-10 0.000790303 0.000411219
7.86713e-10 0.000792808 0.000432142
7.86814e-10 0.000795313 0.000453526
7.86915e-10 0.000797818 0.000475362
7.87017e-10 0.000800321 0.00049764
7.87118e-10 0.000802822 0.000520349
7.87219e-10 0.000805319 0.00054348
7.87321e-10 0.000807812 0.000567022
7.87422e-10 0.000810299 0.000590962
7.87523e-10 0.00081278 0.00061529
7.87624e-10 0.000815254 0.000639994
7.87726e-10 0.00081772 0.000665061
7.87827e-10 0.000820177 0.000690478
7.87928e-10 0.000822624 0.000716233
7.88029e-10 0.00082506 0.000742311
7.88131e-10 0.000827484 0.0007687
7.88232e-10 0.000829896 0.000795386
7.88333e-10 0.000832294 0.000822353
7.88435e-10 0.000834678 0.000849587
7.88536e-10 0.000837047 0.000877073
7.88637e-10 0.000839399 0.000904796
7.88738e-10 0.000841736 0.00093274
7.8884e-10 0.000844055 0.000960889
7.88941e-10 0.000846356 0.000989227
7.89042e-10 0.000848637 0.00101774
7.89143e-10 0.0008509 0.0010464
7.89245e-10 0.000853142 0.00107521
7.89346e-10 0.000855364 0.00110414
7.89447e-10 0.000857564 0.00113317
7.89548e-10 0.000859743 0.00116229
7.8965e-10 0.000861898 0.00119147
7.89751e-10 0.000864031 0.00122071
7.89852e-10 0.000866141 0.00124998
7.89954e-10 0.000868227 0.00127926
7.90055e-10 0.000870288 0.00130854
7.90156e-10 0.000872325 0.00133779
7.90257e-10 0.000874337 0.001367
7.90359e-10 0.000876323 0.00139615
7.9046e-10 0.000878285 0.00142522
7.90561e-10 0.00088022 0.00145419
7.90662e-10 0.000882129 0.00148304
7.90764e-10 0.000884013 0.00151175
7.90865e-10 0.00088587 0.0015403
7.90966e-10 0.000887701 0.00156867
7.91068e-10 0.000889506 0.00159685
7.91169e-10 0.000891285 0.00162481
7.9127e-10 0.000893038 0.00165253
7.91371e-10 0.000894765 0.00167999
7.91473e-10 0.000896466 0.00170717
7.91574e-10 0.000898141 0.00173406
7.91675e-10 0.000899791 0.00176063
7.91776e-10 0.000901416 0.00178687
7.91878e-10 0.000903016 0.00181275
7.91979e-10 0.000904592 0.00183826
7.9208e-10 0.000906143 0.00186337
7.92182e-10 0.000907672 0.00188807
7.92283e-10 0.000909178 0.00191233
7.92384e-10 0.000910661 0.00193614
7.92485e-10 0.000912122 0.00195948
7.92587e-10 0.000913563 0.00198234
7.92688e-10 0.000914983 0.00200468
7.92789e-10 0.000916384 0.0020265
7.9289e-10 0.000917766 0.00204777
7.92992e-10 0.00091913 0.00206848
7.93093e-10 0.000920477 0.00208862
7.93194e-10 0.000921808 0.00210815
7.93295e-10 0.000923124 0.00212707
7.93397e-10 0.000924426 0.00214536
7.93498e-10 0.000925716 0.002163
7.93599e-10 0.000926993 0.00217997
7.93701e-10 0.00092826 0.00219627
7.93802e-10 0.000929517 0.00221187
7.93903e-10 0.000930767 0.00222676
7.94004e-10 0.000932009 0.00224092
7.94106e-10 0.000933247 0.00225435
7.94207e-10 0.00093448 0.00226702
7.94308e-10 0.00093571 0.00227893
7.94409e-10 0.00093694 0.00229005
7.94511e-10 0.000938169 0.00230038
7.94612e-10 0.000939401 0.00230991
7.94713e-10 0.000940636 0.00231862
7.94815e-10 0.000941876 0.0023265
7.94916e-10 0.000943123 0.00233354
7.95017e-10 0.000944379 0.00233974
7.95118e-10 0.000945644 0.00234507
7.9522e-10 0.000946922 0.00234954
7.95321e-10 0.000948213 0.00235314
7.95422e-10 0.000949519 0.00235585
7.95523e-10 0.000950843 0.00235766
7.95625e-10 0.000952186 0.00235859
7.95726e-10 0.00095355 0.0023586
7.95827e-10 0.000954937 0.00235771
7.95929e-10 0.000956349 0.00235591
7.9603e-10 0.000957788 0.00235318
7.96131e-10 0.000959255 0.00234954
7.96232e-10 0.000960753 0.00234497
7.96334e-10 0.000962283 0.00233947
7.96435e-10 0.000963849 0.00233305
7.96536e-10 0.000965451 0.0023257
7.96637e-10 0.000967091 0.00231742
7.96739e-10 0.000968772 0.00230821
7.9684e-10 0.000970496 0.00229808
7.96941e-10 0.000972265 0.00228702
7.97042e-10 0.00097408 0.00227504
7.97144e-10 0.000975944 0.00226215
7.97245e-10 0.000977859 0.00224834
7.97346e-10 0.000979826 0.00223363
7.97448e-10 0.000981848 0.00221802
7.97549e-10 0.000983927 0.00220151
7.9765e-10 0.000986064 0.00218411
7.97751e-10 0.000988262 0.00216584
7.97853e-10 0.000990523 0.0021467
7.97954e-10 0.000992848 0.0021267
7.98055e-10 0.000995239 0.00210586
7.98156e-10 0.000997698 0.00208417
7.98258e-10 0.00100023 0.00206167
7.98359e-10 0.00100283 0.00203836
7.9846e-10 0.0010055 0.00201425
7.98562e-10 0.00100825 0.00198937
7.98663e-10 0.00101108 0.00196372
7.98764e-10 0.00101398 0.00193732
7.98865e-10 0.00101697 0.00191019
7.98967e-10 0.00102004 0.00188236
7.99068e-10 0.00102319 0.00185383
7.99169e-10 0.00102642 0.00182463
7.9927e-10 0.00102974 0.00179479
7.99372e-10 0.00103315 0.00176431
7.99473e-10 0.00103665 0.00173323
7.99574e-10 0.00104024 0.00170157
7.99676e-10 0.00104391 0.00166935
7.99777e-10 0.00104769 0.0016366
7.99878e-10 0.00105155 0.00160334
7.99979e-10 0.00105551 0.0015696
8.00081e-10 0.00105956 0.00153541
8.00182e-10 0.00106371 0.0015008
8.00283e-10 0.00106796 0.00146579
8.00384e-10 0.0010723 0.00143042
8.00486e-10 0.00107674 0.00139471
8.00587e-10 0.00108128 0.0013587
8.00688e-10 0.00108592 0.00132243
8.00789e-10 0.00109066 0.00128591
8.00891e-10 0.0010955 0.00124919
8.00992e-10 0.00110044 0.00121231
8.01093e-10 0.00110548 0.00117528
8.01195e-10 0.00111061 0.00113817
8.01296e-10 0.00111585 0.00110098
8.01397e-10 0.00112119 0.00106378
8.01498e-10 0.00112663 0.00102659
8.016e-10 0.00113216 0.000989444
8.01701e-10 0.0011378 0.000952393
8.01802e-10 0.00114353 0.000915472
8.01903e-10 0.00114936 0.000878721
8.02005e-10 0.00115528 0.000842181
8.02106e-10 0.0011613 0.000805892
8.02207e-10 0.00116742 0.000769897
8.02309e-10 0.00117362 0.000734238
8.0241e-10 0.00117992 0.000698957
8.02511e-10 0.00118631 0.000664098
8.02612e-10 0.00119279 0.000629704
8.02714e-10 0.00119936 0.000595819
8.02815e-10 0.00120601 0.000562488
8.02916e-10 0.00121275 0.000529755
8.03017e-10 0.00121957 0.000497664
8.03119e-10 0.00122647 0.000466263
8.0322e-10 0.00123345 0.000435595
8.03321e-10 0.0012405 0.000405707
8.03422e-10 0.00124763 0.000376645
8.03524e-10 0.00125483 0.000348456
8.03625e-10 0.0012621 0.000321185
8.03726e-10 0.00126943 0.000294879
8.03828e-10 0.00127683 0.000269585
8.03929e-10 0.00128429 0.00024535
8.0403e-10 0.0012918 0.00022222
8.04131e-10 0.00129937 0.000200243
8.04233e-10 0.001307 0.000179464
8.04334e-10 0.00131466 0.000159932
8.04435e-10 0.00132238 0.000141692
8.04536e-10 0.00133013 0.000124791
8.04638e-10 0.00133792 0.000109276
8.04739e-10 0.00134575 9.51923e-05
8.0484e-10 0.00135361 8.25865e-05
8.04942e-10 0.00136149 7.15042e-05
8.05043e-10 0.00136939 6.19909e-05
8.05144e-10 0.00137731 5.40917e-05
8.05245e-10 0.00138525 4.78516e-05
8.05347e-10 0.0013932 4.33148e-05
8.05448e-10 0.00140115 4.05253e-05
8.05549e-10 0.0014091 3.95267e-05
8.0565e-10 0.00141706 4.0362e-05
8.05752e-10 0.001425 4.30736e-05
8.05853e-10 0.00143293 4.77034e-05
8.05954e-10 0.00144084 5.42927e-05
8.06056e-10 0.00144874 6.28821e-05
8.06157e-10 0.0014566 7.35116e-05
8.06258e-10 0.00146444 8.62202e-05
8.06359e-10 0.00147224 0.000101047
8.06461e-10 0.00148 0.000118028
8.06562e-10 0.00148771 0.000137202
8.06663e-10 0.00149538 0.000158603
8.06764e-10 0.00150298 0.000182267
8.06866e-10 0.00151053 0.000208228
8.06967e-10 0.00151801 0.000236519
8.07068e-10 0.00152543 0.000267171
8.07169e-10 0.00153276 0.000300217
8.07271e-10 0.00154002 0.000335684
8.07372e-10 0.00154719 0.000373602
8.07473e-10 0.00155427 0.000413999
8.07575e-10 0.00156125 0.000456899
8.07676e-10 0.00156813 0.00050233
8.07777e-10 0.00157491 0.000550313
8.07878e-10 0.00158158 0.00060087
8.0798e-10 0.00158813 0.000654024
8.08081e-10 0.00159456 0.000709793
8.08182e-10 0.00160087 0.000768195
8.08283e-10 0.00160704 0.000829247
8.08385e-10 0.00161308 0.000892963
8.08486e-10 0.00161898 0.000959357
8.08587e-10 0.00162474 0.00102844
8.08689e-10 0.00163035 0.00110022
8.0879e-10 0.0016358 0.00117472
8.08891e-10 0.0016411 0.00125192
8.08992e-10 0.00164624 0.00133185
8.09094e-10 0.00165121 0.0014145
8.09195e-10 0.00165601 0.00149987
8.09296e-10 0.00166063 0.00158797
8.09397e-10 0.00166508 0.00167878
8.09499e-10 0.00166935 0.00177232
8.096e-10 0.00167343 0.00186857
8.09701e-10 0.00167732 0.00196752
8.09803e-10 0.00168102 0.00206916
8.09904e-10 0.00168452 0.00217349
8.10005e-10 0.00168783 0.00228048
8.10106e-10 0.00169094 0.00239012
8.10208e-10 0.00169384 0.0025024
8.10309e-10 0.00169653 0.00261728
8.1041e-10 0.00169902 0.00273476
8.10511e-10 0.0017013 0.0028548
8.10613e-10 0.00170336 0.00297738
8.10714e-10 0.00170521 0.00310247
8.10815e-10 0.00170684 0.00323004
8.10916e-10 0.00170826 0.00336006
8.11018e-10 0.00170945 0.00349248
8.11119e-10 0.00171043 0.00362728
8.1122e-10 0.00171119 0.00376441
8.11322e-10 0.00171173 0.00390383
8.11423e-10 0.00171204 0.00404549
8.11524e-10 0.00171214 0.00418935
8.11625e-10 0.00171201 0.00433536
8.11727e-10 0.00171167 0.00448347
8.11828e-10 0.00171111 0.00463362
8.11929e-10 0.00171032 0.00478576
8.1203e-10 0.00170932 0.00493983
8.12132e-10 0.00170811 0.00509578
8.12233e-10 0.00170668 0.00525352
8.12334e-10 0.00170504 0.00541301
8.12436e-10 0.00170319 0.00557418
8.12537e-10 0.00170113 0.00573695
8.12638e-10 0.00169887 0.00590125
8.12739e-10 0.00169641 0.00606701
8.12841e-10 0.00169375 0.00623415
8.12942e-10 0.0016909 0.0064026
8.13043e-10 0.00168786 0.00657227
8.13144e-10 0.00168463 0.00674308
8.13246e-10 0.00168123 0.00691495
8.13347e-10 0.00167764 0.00708779
8.13448e-10 0.00167389 0.00726151
8.1355e-10 0.00166997 0.00743601
8.13651e-10 0.00166589 0.00761122
8.13752e-10 0.00166166 0.00778702
8.13853e-10 0.00165728 0.00796332
8.13955e-10 0.00165276 0.00814003
8.14056e-10 0.00164811 0.00831705
8.14157e-10 0.00164333 0.00849426
8.14258e-10 0.00163843 0.00867157
8.1436e-10 0.00163342 0.00884887
8.14461e-10 0.00162831 0.00902605
8.14562e-10 0.0016231 0.00920301
8.14663e-10 0.00161781 0.00937962
8.14765e-10 0.00161243 0.00955578
8.14866e-10 0.00160699 0.00973138
8.14967e-10 0.00160149 0.00990629
8.15069e-10 0.00159593 0.0100804
8.1517e-10 0.00159034 0.0102536
8.15271e-10 0.00158471 0.0104258
8.15372e-10 0.00157907 0.0105968
8.15474e-10 0.00157341 0.0107665
8.15575e-10 0.00156776 0.0109348
8.15676e-10 0.00156211 0.0111016
8.15777e-10 0.00155649 0.0112668
8.15879e-10 0.0015509 0.0114302
8.1598e-10 0.00154536 0.0115916
8.16081e-10 0.00153987 0.0117511
8.16183e-10 0.00153445 0.0119084
8.16284e-10 0.0015291 0.0120634
8.16385e-10 0.00152385 0.012216
8.16486e-10 0.0015187 0.0123661
8.16588e-10 0.00151367 0.0125135
8.16689e-10 0.00150876 0.0126581
8.1679e-10 0.001504 0.0127997
8.16891e-10 0.00149939 0.0129384
8.16993e-10 0.00149494 0.0130738
8.17094e-10 0.00149066 0.013206
8.17195e-10 0.00148658 0.0133347
8.17296e-10 0.0014827 0.0134599
8.17398e-10 0.00147903 0.0135814
8.17499e-10 0.00147559 0.0136991
8.176e-10 0.00147239 0.0138128
8.17702e-10 0.00146944 0.0139225
8.17803e-10 0.00146675 0.014028
8.17904e-10 0.00146434 0.0141293
8.18005e-10 0.00146222 0.0142261
8.18107e-10 0.0014604 0.0143184
8.18208e-10 0.00145889 0.014406
8.18309e-10 0.00145771 0.0144889
8.1841e-10 0.00145686 0.014567
8.18512e-10 0.00145636 0.01464
8.18613e-10 0.00145621 0.014708
8.18714e-10 0.00145644 0.0147708
8.18816e-10 0.00145705 0.0148283
8.18917e-10 0.00145804 0.0148804
8.19018e-10 0.00145944 0.0149271
8.19119e-10 0.00146125 0.0149681
8.19221e-10 0.00146348 0.0150036
8.19322e-10 0.00146614 0.0150332
8.19423e-10 0.00146924 0.015057
8.19524e-10 0.00147279 0.015075
8.19626e-10 0.00147679 0.0150869
8.19727e-10 0.00148126 0.0150928
8.19828e-10 0.0014862 0.0150925
8.1993e-10 0.00149162 0.0150861
8.20031e-10 0.00149753 0.0150734
8.20132e-10 0.00150392 0.0150544
8.20233e-10 0.00151082 0.0150291
8.20335e-10 0.00151822 0.0149974
8.20436e-10 0.00152613 0.0149592
8.20537e-10 0.00153455 0.0149146
8.20638e-10 0.00154349 0.0148635
8.2074e-10 0.00155295 0.0148058
8.20841e-10 0.00156293 0.0147417
8.20942e-10 0.00157344 0.0146709
8.21043e-10 0.00158447 0.0145936
8.21145e-10 0.00159603 0.0145098
8.21246e-10 0.00160812 0.0144194
8.21347e-10 0.00162074 0.0143224
8.21449e-10 0.00163388 0.014219
8.2155e-10 0.00164756 0.014109
8.21651e-10 0.00166175 0.0139926
8.21752e-10 0.00167647 0.0138698
8.21854e-10 0.00169171 0.0137405
8.21955e-10 0.00170746 0.013605
8.22056e-10 0.00172373 0.0134632
8.22157e-10 0.0017405 0.0133152
8.22259e-10 0.00175777 0.013161
8.2236e-10 0.00177553 0.0130009
8.22461e-10 0.00179378 0.0128348
8.22563e-10 0.00181252 0.0126628
8.22664e-10 0.00183172 0.0124851
8.22765e-10 0.00185138 0.0123018
8.22866e-10 0.0018715 0.012113
8.22968e-10 0.00189206 0.0119188
8.23069e-10 0.00191306 0.0117194
8.2317e-10 0.00193448 0.0115149
8.23271e-10 0.0019563 0.0113055
8.23373e-10 0.00197853 0.0110914
8.23474e-10 0.00200114 0.0108727
8.23575e-10 0.00202412 0.0106496
8.23677e-10 0.00204746 0.0104223
8.23778e-10 0.00207114 0.010191
8.23879e-10 0.00209516 0.00995593
8.2398e-10 0.00211948 0.00971731
8.24082e-10 0.00214411 0.00947536
8.24183e-10 0.00216902 0.00923032
8.24284e-10 0.0021942 0.00898244
8.24385e-10 0.00221962 0.00873199
8.24487e-10 0.00224528 0.00847922
8.24588e-10 0.00227116 0.00822442
8.24689e-10 0.00229723 0.00796787
8.2479e-10 0.00232349 0.00770987
8.24892e-10 0.00234991 0.00745072
8.24993e-10 0.00237648 0.00719073
8.25094e-10 0.00240318 0.00693024
8.25196e-10 0.00242999 0.00666957
8.25297e-10 0.00245689 0.00640907
8.25398e-10 0.00248387 0.00614908
8.25499e-10 0.00251091 0.00588997
8.25601e-10 0.00253799 0.0056321
8.25702e-10 0.0025651 0.00537586
8.25803e-10 0.00259221 0.00512163
8.25904e-10 0.00261932 0.0048698
8.26006e-10 0.00264641 0.00462078
8.26107e-10 0.00267345 0.00437499
8.26208e-10 0.00270045 0.00413283
8.2631e-10 0.00272738 0.00389475
8.26411e-10 0.00275423 0.00366117
8.26512e-10 0.00278098 0.00343254
8.26613e-10 0.00280764 0.00320931
8.26715e-10 0.00283417 0.00299194
8.26816e-10 0.00286059 0.0027809
8.26917e-10 0.00288686 0.00257666
8.27018e-10 0.002913 0.00237969
8.2712e-10 0.00293899 0.00219049
8.27221e-10 0.00296482 0.00200954
8.27322e-10 0.0029905 0.00183734
8.27424e-10 0.00301601 0.0016744
8.27525e-10 0.00304136 0.00152121
8.27626e-10 0.00306655 0.00137831
8.27727e-10 0.00309158 0.00124619
8.27829e-10 0.00311645 0.00112539
8.2793e-10 0.00314117 0.00101642
8.28031e-10 0.00316574 0.000919821
8.28132e-10 0.00319018 0.000836118
8.28234e-10 0.00321449 0.000765845
8.28335e-10 0.00323868 0.000709538
8.28436e-10 0.00326278 0.000667735
8.28537e-10 0.00328679 0.000640973
8.28639e-10 0.00331074 0.000629792
8.2874e-10 0.00333464 0.000634732
8.28841e-10 0.00335852 0.000656331
8.28943e-10 0.00338241 0.000695127
8.29044e-10 0.00340633 0.000751658
8.29145e-10 0.00343031 0.000826459
8.29246e-10 0.00345439 0.000920061
8.29348e-10 0.0034786 0.001033
8.29449e-10 0.00350298 0.00116579
8.2955e-10 0.00352756 0.00131896
8.29651e-10 0.00355239 0.00149302
8.29753e-10 0.00357752 0.00168849
8.29854e-10 0.00360298 0.00190588
8.29955e-10 0.00362884 0.00214567
8.30057e-10 0.00365515 0.00240837
8.30158e-10 0.00368195 0.00269445
8.30259e-10 0.00370931 0.00300438
8.3036e-10 0.00373729 0.00333864
8.30462e-10 0.00376595 0.00369767
8.30563e-10 0.00379535 0.00408193
8.30664e-10 0.00382557 0.00449183
8.30765e-10 0.00385666 0.0049278
8.30867e-10 0.00388871 0.00539025
8.30968e-10 0.00392178 0.00587956
8.31069e-10 0.00395596 0.00639612
8.31171e-10 0.00399132 0.00694028
8.31272e-10 0.00402794 0.00751239
8.31373e-10 0.0040659 0.00811278
8.31474e-10 0.00410529 0.00874176
8.31576e-10 0.00414619 0.00939962
8.31677e-10 0.00418869 0.0100866
8.31778e-10 0.00423287 0.010803
8.31879e-10 0.00427882 0.0115491
8.31981e-10 0.00432664 0.012325
8.32082e-10 0.00437641 0.0131309
8.32183e-10 0.00442822 0.013967
8.32284e-10 0.00448217 0.0148334
8.32386e-10 0.00453835 0.0157303
8.32487e-10 0.00459684 0.0166577
8.32588e-10 0.00465774 0.0176157
8.3269e-10 0.00472114 0.0186044
8.32791e-10 0.00478712 0.0196236
8.32892e-10 0.00485577 0.0206735
8.32993e-10 0.00492719 0.0217539
8.33095e-10 0.00500145 0.0228648
8.33196e-10 0.00507864 0.024006
8.33297e-10 0.00515883 0.0251775
8.33398e-10 0.00524211 0.0263789
8.335e-10 0.00532855 0.0276102
8.33601e-10 0.00541821 0.0288711
8.33702e-10 0.00551117 0.0301612
8.33804e-10 0.00560748 0.0314803
8.33905e-10 0.00570721 0.0328281
8.34006e-10 0.00581041 0.0342041
8.34107e-10 0.00591712 0.0356079
8.34209e-10 0.0060274 0.037039
8.3431e-10 0.00614126 0.038497
8.34411e-10 0.00625874 0.0399813
8.34512e-10 0.00637987 0.0414913
8.34614e-10 0.00650465 0.0430265
8.34715e-10 0.0066331 0.0445862
8.34816e-10 0.00676521 0.0461696
8.34917e-10 0.00690097 0.0477762
8.35019e-10 0.00704036 0.049405
8.3512e-10 0.00718335 0.0510552
8.35221e-10 0.00732991 0.0527261
8.35323e-10 0.00747998 0.0544168
8.35424e-10 0.0076335 0.0561262
8.35525e-10 0.00779041 0.0578536
8.35626e-10 0.00795061 0.0595977
8.35728e-10 0.00811402 0.0613577
8.35829e-10 0.00828052 0.0631323
8.3593e-10 0.00845 0.0649206
8.36031e-10 0.00862232 0.0667213
8.36133e-10 0.00879734 0.0685332
8.36234e-10 0.0089749 0.0703551
8.36335e-10 0.00915482 0.0721857
8.36437e-10 0.00933693 0.0740237
8.36538e-10 0.009521 0.0758679
8.36639e-10 0.00970684 0.0777167
8.3674e-10 0.00989421 0.0795688
8.36842e-10 0.0100829 0.0814228
8.36943e-10 0.0102726 0.0832771
8.37044e-10 0.010463 0.0851303
8.37145e-10 0.0106539 0.0869809
8.37247e-10 0.010845 0.0888273
8.37348e-10 0.0110359 0.0906678
8.37449e-10 0.0112263 0.092501
8.37551e-10 0.0114159 0.0943251
8.37652e-10 0.0116044 0.0961386
8.37753e-10 0.0117912 0.0979396
8.37854e-10 0.0119761 0.0997267
8.37956e-10 0.0121587 0.101498
8.38057e-10 0.0123385 0.103252
8.38158e-10 0.0125152 0.104986
8.38259e-10 0.0126882 0.1067
8.38361e-10 0.0128572 0.108391
8.38462e-10 0.0130217 0.110058
8.38563e-10 0.0131813 0.111698
8.38664e-10 0.0133355 0.11331
8.38766e-10 0.0134837 0.114893
8.38867e-10 0.0136256 0.116444
8.38968e-10 0.0137606 0.117962
8.3907e-10 0.0138883 0.119445
8.39171e-10 0.0140082 0.120892
8.39272e-10 0.0141198 0.1223
8.39373e-10 0.0142226 0.123667
8.39475e-10 0.0143161 0.124994
8.39576e-10 0.0143999 0.126276
8.39677e-10 0.0144734 0.127514
8.39778e-10 0.0145363 0.128705
8.3988e-10 0.014588 0.129849
