7e-10 0.0005221 0.00581611
7.0162e-10 0.000984785 0.00420393
7.03241e-10 0.000905997 0.00599897
7.04861e-10 0.00052238 0.00661944
7.06481e-10 0.000379712 0.00449155
7.08102e-10 0.000518356 0.00206431
7.09722e-10 0.000602477 0.00165906
7.11342e-10 0.000489147 0.00264925
7.12963e-10 0.000346711 0.00297851
7.14583e-10 0.000328072 0.00200139
7.16203e-10 0.000375622 0.000893304
7.17824e-10 0.000366075 0.000769461
7.19444e-10 0.000294116 0.00133583
7.21064e-10 0.000242763 0.0015564
7.22684e-10 0.000246167 0.00106671
7.24305e-10 0.000257866 0.000471676
7.25925e-10 0.000235394 0.000410074
7.27545e-10 0.000196227 0.000764788
7.29166e-10 0.0001785 0.000940795
7.30786e-10 0.000183889 0.000674482
7.32406e-10 0.000183697 0.000300751
7.34027e-10 0.000164785 0.000246606
7.35647e-10 0.000144182 0.000490353
7.37267e-10 0.000139352 0.000649157
7.38888e-10 0.000143771 0.000498168
7.40508e-10 0.000140166 0.000229339
7.42128e-10 0.000126339 0.000165997
7.43749e-10 0.000115807 0.000346647
7.45369e-10 0.000116431 0.000503425
7.46989e-10 0.000119986 0.000422467
7.4861e-10 0.000115708 0.000207006
7.5023e-10 0.000105837 0.000125976
7.5185e-10 0.000101091 0.000266091
7.53471e-10 0.000104526 0.000431931
7.55091e-10 0.00010768 0.000404331
7.56711e-10 0.000103484 0.000217988
7.58332e-10 9.64073e-05 0.000110879
7.59952e-10 9.54769e-05 0.000218823
7.61572e-10 0.000100963 0.000403736
7.63193e-10 0.000104114 0.000429556
7.64813e-10 0.000100044 0.000262671
7.66433e-10 9.49598e-05 0.000118336
7.68053e-10 9.7192e-05 0.000191267
7.69674e-10 0.000104899 0.000405012
7.71294e-10 0.000108372 0.000498814
7.72914e-10 0.000104114 0.00035445
7.74535e-10 0.000100523 0.000157755
7.76155e-10 0.000106224 0.000179216
7.77775e-10 0.000117086 0.00042977
7.79396e-10 0.000121158 0.00062423
7.81016e-10 0.000115941 0.000524944
7.82636e-10 0.000113476 0.000257784
7.84257e-10 0.000124033 0.000189418
7.85877e-10 0.000140089 0.000476229
7.87497e-10 0.000144941 0.000830995
7.89118e-10 0.00013691 0.000839244
7.90738e-10 0.000134958 0.000489235
7.92358e-10 0.000153538 0.000254206
7.93979e-10 0.000179038 0.00054779
7.95599e-10 0.00018452 0.00116269
7.97219e-10 0.000168812 0.00142997
7.9884e-10 0.000165246 0.00102528
8.0046e-10 0.000198536 0.000482233
8.0208e-10 0.00024303 0.000668082
8.03701e-10 0.000248166 0.00169106
8.05321e-10 0.000211248 0.00257043
8.06941e-10 0.000197672 0.00229944
8.08562e-10 0.000259561 0.00122456
8.10182e-10 0.000347297 0.000958989
8.11802e-10 0.000351578 0.00253872
8.13422e-10 0.000256094 0.00482534
8.15043e-10 0.000199526 0.00541903
8.16663e-10 0.000315117 0.00361752
8.18283e-10 0.000517225 0.00200175
8.19904e-10 0.000549708 0.00398198
8.21524e-10 0.000318036 0.00931479
8.23144e-10 9.77291e-05 0.0131474
8.24765e-10 0.000265826 0.01125
8.26385e-10 0.00080732 0.00637416
8.28005e-10 0.00123096 0.00710165
8.29626e-10 0.00106776 0.0178662
8.31246e-10 0.000416156 0.0310479
8.32866e-10 8.81038e-05 0.0334667
8.34487e-10 0.00140459 0.0234276
8.36107e-10 0.00527019 0.0171651
8.37727e-10 0.0100281 0.0311555
8.39348e-10 0.0108221 0.0585421
8.40968e-10 0.00580395 0.073385
8.42588e-10 0.00495289 0.0630328
8.44209e-10 0.0227631 0.0443645
8.45829e-10 0.0536756 0.0385056
8.47449e-10 0.0714927 0.044121
8.4907e-10 0.0668493 0.0481678
8.5069e-10 0.0555399 0.0440122
8.5231e-10 0.0437285 0.0300543
8.53931e-10 0.032273 0.0120723
8.55551e-10 0.0327251 0.0019095
8.57171e-10 0.0367444 0.000450588
8.58791e-10 0.0236993 0.000357101
8.60412e-10 0.00380857 3.58638e-05
8.62032e-10 0.00387099 4.71282e-05
8.63652e-10 0.0311005 0.00111331
8.65273e-10 0.06898 0.00553141
8.66893e-10 0.0915815 0.0119902
8.68513e-10 0.0818753 0.0158182
8.70134e-10 0.0498061 0.0150213
8.71754e-10 0.0343963 0.0143471
8.73374e-10 0.0665676 0.0237582
8.74995e-10 0.122508 0.0465147
8.76615e-10 0.140165 0.0678647
8.78235e-10 0.0943037 0.0667441
8.79856e-10 0.0325305 0.0437115
8.81476e-10 0.0203266 0.0272272
8.83096e-10 0.0642825 0.0426608
8.84717e-10 0.108003 0.079317
8.86337e-10 0.100253 0.0988698
8.87957e-10 0.0508923 0.0790621
8.89578e-10 0.0140605 0.0414901
8.91198e-10 0.0257727 0.0289649
8.92818e-10 0.0679438 0.0570782
8.94439e-10 0.0927446 0.0956698
8.96059e-10 0.0745948 0.102133
8.97679e-10 0.0342866 0.0691617
8.993e-10 0.0147567 0.032973
9.0092e-10 0.0368704 0.0328505
9.0254e-10 0.0791321 0.0677127
9.0416e-10 0.0994059 0.0981297
9.05781e-10 0.0771903 0.0905471
9.07401e-10 0.0358782 0.0535278
9.09021e-10 0.0215758 0.0263414
9.10642e-10 0.0559536 0.0347544
9.12262e-10 0.109913 0.0644606
9.13882e-10 0.129801 0.079922
9.15503e-10 0.0944449 0.0641341
9.17123e-10 0.042182 0.0340041
9.18743e-10 0.0327047 0.0177491
9.20364e-10 0.0810452 0.0240757
9.21984e-10 0.138468 0.0374122
9.23604e-10 0.145229 0.0391932
9.25225e-10 0.0958897 0.0270539
9.26845e-10 0.0421219 0.0124733
9.28465e-10 0.0327276 0.00538285
9.30086e-10 0.0632423 0.0055217
9.31706e-10 0.0896022 0.00687585
9.33326e-10 0.0808969 0.00575564
9.34947e-10 0.0468623 0.00302055
9.36567e-10 0.0167322 0.000896926
9.38187e-10 0.00512302 0.000113064
9.39808e-10 0.00504386 3.07177e-05
9.41428e-10 0.00525333 3.01045e-05
9.43048e-10 0.00286559 5.89326e-06
9.44669e-10 0.000388743 4.81862e-07
9.46289e-10 0.000983834 1.95039e-05
9.47909e-10 0.0093545 0.00021755
9.49529e-10 0.0283835 0.000826333
9.5115e-10 0.0494572 0.00165244
9.5277e-10 0.0542041 0.00196561
9.5439e-10 0.0364492 0.00156565
9.56011e-10 0.0195733 0.00209255
9.57631e-10 0.0378844 0.00611854
9.59251e-10 0.0934428 0.0135288
9.60872e-10 0.141162 0.0193915
9.62492e-10 0.131895 0.0181194
9.64112e-10 0.071852 0.0112808
9.65733e-10 0.02567 0.00903484
9.67353e-10 0.0494104 0.0200217
9.68973e-10 0.125255 0.0392991
9.70594e-10 0.175642 0.0501053
9.72214e-10 0.146363 0.0412773
9.73834e-10 0.0670859 0.0220621
9.75455e-10 0.020693 0.0152994
9.77075e-10 0.0545024 0.0332079
9.78695e-10 0.130581 0.0618109
9.80316e-10 0.167754 0.0733577
9.81936e-10 0.127688 0.0557045
9.83556e-10 0.0528369 0.0270657
9.85177e-10 0.0193387 0.018487
9.86797e-10 0.0580274 0.0411993
9.88417e-10 0.12574 0.0736507
9.90038e-10 0.152476 0.0830902
9.91658e-10 0.112408 0.0597228
9.93278e-10 0.0471439 0.0274058
9.94898e-10 0.0216637 0.0192174
9.96519e-10 0.0598394 0.0432883
9.98139e-10 0.122767 0.0745801
