2e-10 0.00014345 5.55737e-08
2.0162e-10 0.000152581 6.76039e-08
2.03241e-10 0.000693729 5.09995e-07
2.04861e-10 0.000943829 5.1688e-07
2.06481e-10 0.00250467 2.67136e-05
2.08102e-10 0.00785891 3.66037e-05
2.09722e-10 0.00548696 4.50394e-06
2.11342e-10 0.00377874 3.74486e-06
2.12963e-10 0.00657837 3.62494e-05
2.14583e-10 0.00345486 2.4195e-05
2.16203e-10 0.000243729 1.16227e-07
2.17824e-10 0.000542255 2.95045e-07
2.19444e-10 0.000141778 4.15336e-08
2.21064e-10 0.000156202 4.26652e-08
2.22684e-10 0.000115181 3.12809e-08
2.24305e-10 8.60033e-05 1.27638e-08
2.25925e-10 4.9544e-05 3.99042e-09
2.27545e-10 3.58755e-05 2.03402e-09
2.29166e-10 6.12874e-05 7.75338e-09
2.30786e-10 6.2523e-06 8.94537e-10
2.32406e-10 1.42925e-05 7.06376e-10
2.34027e-10 2.28824e-05 6.48071e-10
2.35647e-10 4.01463e-06 1.36702e-10
2.37267e-10 2.09154e-05 1.78645e-09
2.38888e-10 1.02281e-06 5.42789e-10
2.40508e-10 2.24197e-06 9.90569e-10
2.42128e-10 2.53748e-05 3.00344e-09
2.43749e-10 7.48723e-06 1.31593e-09
2.45369e-10 4.62107e-05 6.06359e-10
2.46989e-10 2.24921e-05 2.36041e-10
2.4861e-10 4.33855e-08 7.13701e-09
2.5023e-10 3.21894e-05 7.13501e-10
2.5185e-10 0.000135249 4.16393e-08
2.53471e-10 8.82254e-05 1.86178e-08
2.55091e-10 0.000190604 2.66954e-08
2.56711e-10 8.01165e-05 5.10251e-09
2.58332e-10 3.69808e-05 1.2542e-07
2.59952e-10 0.000130561 2.37317e-08
2.61572e-10 0.000908629 6.75981e-07
2.63193e-10 0.000607731 6.93212e-07
2.64813e-10 0.00083573 9.66233e-07
2.66433e-10 0.000385408 6.5938e-07
2.68053e-10 0.000622154 3.23624e-06
2.69674e-10 0.00211033 3.60574e-05
2.71294e-10 0.00472817 1.44423e-05
2.72914e-10 0.0203448 0.00048132
2.74535e-10 0.0107839 0.000357506
2.76155e-10 0.0481891 0.0007043
2.77775e-10 0.0283949 0.00115061
2.79396e-10 0.0372007 0.00101788
2.81016e-10 0.0454478 0.00105288
2.82636e-10 0.016023 0.000502271
2.84257e-10 0.0318956 0.000825448
2.85877e-10 0.00771198 0.000103999
2.87497e-10 0.00604149 5.97837e-05
2.89118e-10 0.00219163 2.3475e-05
2.90738e-10 0.000147458 2.4054e-08
2.92358e-10 0.00150777 3.08275e-06
2.93979e-10 0.00293116 1.08625e-05
2.95599e-10 0.00250556 9.68423e-06
2.97219e-10 0.00362091 8.80573e-06
2.9884e-10 0.00103343 1.20825e-06
3.0046e-10 0.00113293 1.4234e-06
3.0208e-10 0.000571098 2.72675e-07
3.03701e-10 0.000237237 1.98189e-07
3.05321e-10 0.000486786 1.66977e-07
3.06941e-10 0.00167254 1.82082e-06
3.08562e-10 0.00129134 2.72582e-06
3.10182e-10 0.00169311 2.86374e-06
3.11802e-10 0.00108477 1.41432e-06
3.13422e-10 0.000322125 9.14321e-08
3.15043e-10 0.000480457 1.56667e-07
3.16663e-10 0.000410043 2.11338e-08
3.18283e-10 0.00034998 3.32896e-07
3.19904e-10 0.000404598 2.0124e-07
3.21524e-10 0.00114105 6.42365e-07
3.23144e-10 0.00114384 1.36114e-06
3.24765e-10 0.00116305 1.64976e-06
3.26385e-10 0.00100594 1.19927e-06
3.28005e-10 0.000293479 2.14299e-07
3.29626e-10 0.000205621 3.1924e-08
3.31246e-10 0.00030832 1.75308e-08
3.32866e-10 0.000480333 1.65063e-07
3.34487e-10 0.000505793 5.16992e-07
3.36107e-10 0.000508229 4.25405e-07
3.37727e-10 0.000936158 4.77025e-07
3.39348e-10 0.00117987 1.06085e-06
3.40968e-10 0.00122573 1.57364e-06
3.42588e-10 0.00104722 1.35515e-06
3.44209e-10 0.000469807 4.81281e-07
3.45829e-10 0.000147037 3.17515e-08
3.47449e-10 0.000174599 1.7141e-08
3.4907e-10 0.000324454 3.14607e-08
3.5069e-10 0.000676632 4.03175e-07
3.5231e-10 0.00089986 1.1408e-06
3.53931e-10 0.000833122 1.26391e-06
3.55551e-10 0.000926386 7.67733e-07
3.57171e-10 0.00145088 1.26551e-06
3.58791e-10 0.00194694 2.78544e-06
3.60412e-10 0.00170195 3.06863e-06
3.62032e-10 0.000881609 1.60945e-06
3.63652e-10 0.00029543 3.22275e-07
3.65273e-10 0.000138176 7.01187e-09
3.66893e-10 0.000144275 8.88696e-09
3.68513e-10 0.000391174 6.87602e-08
3.70134e-10 0.0012116 1.25171e-06
3.71754e-10 0.00234346 5.09124e-06
3.73374e-10 0.0025444 8.80482e-06
3.74995e-10 0.00163681 6.32863e-06
3.76615e-10 0.00186981 2.31615e-06
3.78235e-10 0.00408431 8.00693e-06
3.79856e-10 0.00527582 1.68456e-05
3.81476e-10 0.00359043 1.48361e-05
3.83096e-10 0.00128877 6.16106e-06
3.84717e-10 0.000288201 9.68837e-07
3.86337e-10 4.69789e-05 1.83262e-08
3.87957e-10 3.70476e-05 6.12151e-07
3.89578e-10 0.000346846 3.84682e-07
3.91198e-10 0.00286171 6.80828e-06
3.92818e-10 0.0111608 8.75552e-05
3.94439e-10 0.0212059 0.000341351
3.96059e-10 0.019847 0.000593031
3.97679e-10 0.00803857 0.000401191
3.993e-10 0.0116956 6.90396e-05
4.0092e-10 0.0447389 0.000950794
4.0254e-10 0.0759095 0.00323589
4.0416e-10 0.0652282 0.00449107
4.05781e-10 0.0254525 0.00283145
4.07401e-10 0.0112057 0.000432211
4.09021e-10 0.0440017 0.000839612
4.10642e-10 0.0812792 0.00363758
4.12262e-10 0.0745043 0.00503855
4.13882e-10 0.0330406 0.00337028
4.15503e-10 0.00698897 0.00088674
4.17123e-10 0.0197867 3.63489e-05
4.18743e-10 0.044582 0.000582122
4.20364e-10 0.0467978 0.000990303
4.21984e-10 0.0259573 0.000718057
4.23604e-10 0.0059971 0.000260876
4.25225e-10 0.00094681 3.35484e-05
4.26845e-10 0.00453954 4.91819e-07
4.28465e-10 0.00624554 8.73523e-06
4.30086e-10 0.00402074 6.57286e-06
4.31706e-10 0.00129305 1.94477e-06
4.33326e-10 0.000115455 3.23601e-07
4.34947e-10 0.000228112 1.29762e-07
4.36567e-10 0.000986489 3.58812e-07
4.38187e-10 0.00173727 1.0812e-06
4.39808e-10 0.00169167 1.88283e-06
4.41428e-10 0.000787386 1.7749e-06
4.43048e-10 7.19379e-05 7.16985e-07
4.44669e-10 0.000502556 1.92257e-08
4.46289e-10 0.00172117 5.30007e-07
4.47909e-10 0.00248414 1.52809e-06
4.49529e-10 0.00207823 1.87403e-06
4.5115e-10 0.000959153 1.35036e-06
4.5277e-10 0.000118803 5.53e-07
4.5439e-10 0.000119835 7.53375e-08
4.56011e-10 0.000732232 7.3488e-08
4.57631e-10 0.0012853 3.28228e-07
4.59251e-10 0.00128663 5.11683e-07
4.60872e-10 0.000787926 4.5672e-07
4.62492e-10 0.000236358 2.49779e-07
4.64112e-10 4.97958e-06 7.47002e-08
4.65733e-10 9.36013e-05 9.04018e-09
4.67353e-10 0.000261777 6.61651e-09
4.68973e-10 0.000335919 1.17208e-08
4.70594e-10 0.000300113 1.74984e-08
4.72214e-10 0.000180724 3.47372e-08
4.73834e-10 3.05286e-05 4.34825e-08
4.75455e-10 5.47234e-05 1.20388e-08
4.77075e-10 0.000551177 5.24031e-08
4.78695e-10 0.00153229 5.22962e-07
4.80316e-10 0.0024599 1.67867e-06
4.81936e-10 0.00259 3.05455e-06
4.83556e-10 0.001725 3.56107e-06
4.85177e-10 0.000548616 2.61743e-06
4.86797e-10 5.90967e-05 9.9279e-07
4.88417e-10 0.000620626 4.82955e-08
4.90038e-10 0.00163229 2.32371e-07
4.91658e-10 0.00215803 7.91849e-07
4.93278e-10 0.00181709 9.08939e-07
4.94898e-10 0.00100795 5.6834e-07
4.96519e-10 0.00034843 2.07111e-07
4.98139e-10 7.10999e-05 4.13133e-08
4.99759e-10 3.14734e-05 2.36425e-09
5.0138e-10 0.000150409 1.08661e-08
5.03e-10 0.000590726 1.38648e-07
5.0462e-10 0.0013912 7.51962e-07
5.06241e-10 0.00208718 2.39055e-06
5.07861e-10 0.00198682 4.84459e-06
5.09481e-10 0.000999933 6.32258e-06
5.11102e-10 0.000116622 4.78631e-06
5.12722e-10 0.000804202 1.18592e-06
5.14342e-10 0.00366913 5.34835e-07
5.15963e-10 0.00760847 7.7402e-06
5.17583e-10 0.0103772 2.15455e-05
5.19203e-10 0.0102319 3.37973e-05
5.20824e-10 0.00728201 3.61445e-05
5.22444e-10 0.00338595 2.75301e-05
5.24064e-10 0.000695376 1.4526e-05
5.25685e-10 0.000106367 4.69055e-06
5.27305e-10 0.000880864 5.86664e-07
5.28925e-10 0.00160085 1.93738e-08
5.30546e-10 0.00145944 1.85369e-07
5.32166e-10 0.000726999 1.3917e-07
5.33786e-10 0.000137979 6.15183e-08
5.35407e-10 2.39268e-06 8.42921e-08
5.37027e-10 3.0448e-05 2.8275e-07
5.38647e-10 2.58227e-05 5.65314e-07
5.40267e-10 0.000611535 3.0218e-07
5.41888e-10 0.00301959 2.89477e-07
5.43508e-10 0.00788055 7.17417e-06
5.45128e-10 0.0140457 3.39099e-05
5.46749e-10 0.0186875 8.9741e-05
5.48369e-10 0.0189633 0.000164728
5.49989e-10 0.014171 0.000225488
5.5161e-10 0.00673487 0.000233732
5.5323e-10 0.00108673 0.000177273
5.5485e-10 0.00101751 8.61377e-05
5.56471e-10 0.00723483 1.51352e-05
5.58091e-10 0.0167897 4.03133e-06
5.59711e-10 0.0247885 4.86181e-05
5.61332e-10 0.0272732 0.000107371
5.62952e-10 0.0234002 0.000136369
5.64572e-10 0.0155767 0.000120885
5.66193e-10 0.00762856 7.84778e-05
5.67813e-10 0.0023777 3.70213e-05
5.69433e-10 0.00029785 1.21196e-05
5.71054e-10 1.7602e-05 2.52719e-06
5.72674e-10 2.53945e-05 2.65332e-07
5.74294e-10 7.16682e-05 8.75322e-09
5.75915e-10 0.00111298 7.33278e-07
5.77535e-10 0.00392744 6.04443e-06
5.79155e-10 0.00771947 2.79813e-05
5.80776e-10 0.010136 8.52773e-05
5.82396e-10 0.00899655 0.000184546
5.84016e-10 0.00455795 0.000293942
5.85636e-10 0.000476999 0.000342543
5.87257e-10 0.00238032 0.00027003
5.88877e-10 0.0145942 0.000104419
5.90497e-10 0.0369607 8.43275e-07
5.92118e-10 0.0638023 0.000182961
5.93738e-10 0.0859051 0.00079864
5.95358e-10 0.0946488 0.00178124
5.96979e-10 0.0861755 0.00282625
5.98599e-10 0.0634394 0.00352423
6.00219e-10 0.0350637 0.00358009
6.0184e-10 0.0115373 0.0029796
6.0346e-10 0.000575725 0.00199268
6.0508e-10 0.00386412 0.00101191
6.06701e-10 0.0167187 0.000336227
6.08321e-10 0.0307831 4.10845e-05
6.09941e-10 0.0383587 5.65536e-06
6.11562e-10 0.0361039 5.01109e-05
6.13182e-10 0.026139 6.45786e-05
6.14802e-10 0.0140285 4.06207e-05
6.16423e-10 0.00499319 1.43563e-05
6.18043e-10 0.000886901 3.97236e-06
6.19663e-10 3.97587e-05 4.56473e-06
6.21284e-10 6.9518e-05 1.87071e-05
6.22904e-10 0.00144956 5.51792e-05
6.24524e-10 0.00876655 8.59496e-05
6.26145e-10 0.0280985 5.08923e-05
6.27765e-10 0.0618936 2.36066e-06
6.29385e-10 0.104926 0.00033327
6.31005e-10 0.144571 0.00185862
6.32626e-10 0.165909 0.00552622
6.34246e-10 0.159032 0.0117844
6.35866e-10 0.124526 0.0199594
6.37487e-10 0.0742242 0.0281126
6.39107e-10 0.0270022 0.0336232
6.40727e-10 0.00172459 0.0343061
6.42348e-10 0.0104499 0.0295143
6.43968e-10 0.0543607 0.0206331
6.45588e-10 0.123465 0.0106562
6.47209e-10 0.199708 0.00299061
6.48829e-10 0.262267 1.29737e-05
6.50449e-10 0.293532 0.00204003
6.5207e-10 0.284336 0.00721616
6.5369e-10 0.237146 0.012429
6.5531e-10 0.166001 0.0148716
6.56931e-10 0.0922377 0.0134689
6.58551e-10 0.0361678 0.00931682
6.60171e-10 0.00743041 0.0047567
6.61792e-10 0.000212785 0.00167085
6.63412e-10 7.51381e-05 0.000377734
6.65032e-10 0.00113549 7.60359e-05
6.66653e-10 0.0176684 5.93137e-05
6.68273e-10 0.0710361 6.04404e-05
6.69893e-10 0.15818 2.9773e-05
6.71514e-10 0.238278 0.00156211
6.73134e-10 0.26149 0.0104409
6.74754e-10 0.213308 0.0354014
6.76374e-10 0.126231 0.0806543
6.77995e-10 0.0486139 0.138335
6.79615e-10 0.00765093 0.189942
6.81235e-10 0.000543716 0.217035
6.82856e-10 0.0100004 0.211796
6.84476e-10 0.0210548 0.179405
6.86096e-10 0.0271025 0.13277
6.87717e-10 0.0278324 0.0853244
6.89337e-10 0.0253643 0.0463444
6.90957e-10 0.0217968 0.019768
6.92578e-10 0.0183951 0.00529604
6.94198e-10 0.0156568 0.000248904
6.95818e-10 0.0136222 0.00120024
6.97439e-10 0.0121403 0.0050292
6.99059e-10 0.0110257 0.00941265
7.00679e-10 0.0101264 0.0129224
7.023e-10 0.00934046 0.0149026
7.0392e-10 0.00861012 0.0152601
7.0554e-10 0.00790895 0.0142479
7.07161e-10 0.00722958 0.0122845
7.08781e-10 0.00657447 0.00982149
7.10401e-10 0.0059499 0.0072598
7.12022e-10 0.0053625 0.00490599
7.13642e-10 0.00481754 0.00295836
7.15262e-10 0.0043183 0.00151301
7.16883e-10 0.00386606 0.000581217
7.18503e-10 0.00346039 0.000112092
7.20123e-10 0.00309954 1.56497e-05
7.21743e-10 0.00278084 0.000183668
7.23364e-10 0.00250104 0.00050661
7.24984e-10 0.00225662 0.00088604
7.26604e-10 0.00204396 0.00124254
7.28225e-10 0.00185952 0.00151963
7.29845e-10 0.00169995 0.00168436
7.31465e-10 0.00156213 0.00172541
7.33086e-10 0.00144323 0.00164949
7.34706e-10 0.0013407 0.00147678
7.36326e-10 0.00125227 0.00123606
7.37947e-10 0.00117596 0.000959986
7.39567e-10 0.00111002 0.000680942
7.41187e-10 0.00105296 0.000427685
7.42808e-10 0.0010035 0.000222908
7.44428e-10 0.00096052 8.17682e-05
7.46048e-10 0.000923099 1.13333e-05
7.47669e-10 0.000890448 1.08382e-05
7.49289e-10 0.000861912 7.26087e-05
7.50909e-10 0.000836945 0.000183483
7.5253e-10 0.000815102 0.000326556
7.5415e-10 0.000796023 0.000483064
7.5577e-10 0.000779424 0.000634258
7.57391e-10 0.000765084 0.000763126
7.59011e-10 0.000752842 0.000855838
7.60631e-10 0.000742588 0.000902851
7.62252e-10 0.000734256 0.000899598
7.63872e-10 0.000727826 0.000846753
7.65492e-10 0.00072331 0.00075008
7.67112e-10 0.000720761 0.00061987
7.68733e-10 0.000720261 0.000470057
7.70353e-10 0.000721927 0.000317046
7.71973e-10 0.000725905 0.000178357
7.73594e-10 0.000732371 7.11724e-05
7.75214e-10 0.000741532 1.08718e-05
7.76834e-10 0.000753623 9.66488e-06
7.78455e-10 0.000768908 7.5399e-05
7.80075e-10 0.000787678 0.000210632
7.81695e-10 0.000810253 0.000412035
7.83316e-10 0.000836973 0.000670193
7.84936e-10 0.000868201 0.00096983
7.86556e-10 0.000904317 0.0012905
7.88177e-10 0.000945706 0.00160771
7.89797e-10 0.000992751 0.00189457
7.91417e-10 0.00104582 0.00212372
7.93038e-10 0.00110523 0.00226974
7.94658e-10 0.00117126 0.00231174
7.96278e-10 0.00124405 0.00223616
7.97899e-10 0.00132363 0.0020396
7.99519e-10 0.00140979 0.00173154
8.01139e-10 0.00150205 0.00133676
8.0276e-10 0.00159956 0.000897249
8.0438e-10 0.00170094 0.000473472
8.06e-10 0.0018042 0.000144533
8.07621e-10 0.00190655 7.13256e-06
8.09241e-10 0.00200422 0.000172895
8.10861e-10 0.0020923 0.000763749
8.12481e-10 0.00216457 0.001905
8.14102e-10 0.00221344 0.00371576
8.15722e-10 0.00223008 0.00629641
8.17342e-10 0.00220478 0.00971301
8.18963e-10 0.0021279 0.0139786
8.20583e-10 0.0019918 0.0190323
8.22203e-10 0.00179396 0.0247166
8.23824e-10 0.00154247 0.0307564
8.25444e-10 0.0012643 0.036743
8.27064e-10 0.0010177 0.0421296
8.28685e-10 0.000909245 0.0462481
8.30305e-10 0.00111494 0.0483588
8.31925e-10 0.00190215 0.04775
8.33546e-10 0.00364249 0.0438992
8.35166e-10 0.00679559 0.0367016
8.36786e-10 0.0118283 0.0267435
8.38407e-10 0.0190218 0.0155498
8.40027e-10 0.0281289 0.00565516
8.41647e-10 0.0379243 0.000276016
8.43268e-10 0.0458909 0.00236186
8.44888e-10 0.0485797 0.0130347
8.46508e-10 0.0432775 0.0299924
8.48129e-10 0.0308424 0.0471508
8.49749e-10 0.0175834 0.0568178
8.51369e-10 0.0125775 0.054085
8.5299e-10 0.0197292 0.040451
8.5461e-10 0.0314052 0.0230429
8.5623e-10 0.0332559 0.00940951
8.5785e-10 0.0193478 0.00252138
8.59471e-10 0.0028313 0.000485155
8.61091e-10 0.00885902 0.000395148
8.62711e-10 0.0542596 0.00171165
8.64332e-10 0.132822 0.00592585
8.65952e-10 0.219129 0.0137847
8.67572e-10 0.285171 0.0235187
8.69193e-10 0.314569 0.031611
8.70813e-10 0.306159 0.034904
8.72433e-10 0.269275 0.0321979
8.74054e-10 0.216933 0.0245561
8.75674e-10 0.160912 0.014625
8.77294e-10 0.109605 0.00562229
8.78915e-10 0.0678354 0.000474945
8.80535e-10 0.0375896 0.00129153
8.82155e-10 0.0189511 0.00915656
8.83776e-10 0.0109033 0.0241532
8.85396e-10 0.0118975 0.0455154
8.87016e-10 0.0202081 0.071836
8.88637e-10 0.0341284 0.101283
8.90257e-10 0.0520609 0.131804
8.91877e-10 0.0725451 0.1613
8.93498e-10 0.0942519 0.187783
8.95118e-10 0.115965 0.2095
8.96738e-10 0.136559 0.225033
8.98359e-10 0.154984 0.233386
8.99979e-10 0.170264 0.234037
9.01599e-10 0.181501 0.226977
9.03219e-10 0.187908 0.212708
9.0484e-10 0.18885 0.192226
9.0646e-10 0.183913 0.166952
9.0808e-10 0.172976 0.138641
9.09701e-10 0.156305 0.109247
9.11321e-10 0.134639 0.080754
9.12941e-10 0.109248 0.0549984
9.14562e-10 0.081954 0.0334768
9.16182e-10 0.0550714 0.0171814
9.17802e-10 0.0312449 0.00648248
9.19423e-10 0.0131632 0.0010877
9.21043e-10 0.00315646 9.72448e-05
9.22663e-10 0.00271518 0.00216149
9.24284e-10 0.0120188 0.00572346
9.25904e-10 0.0296025 0.00930508
9.27524e-10 0.0523096 0.0117761
9.29145e-10 0.0756511 0.0125386
9.30765e-10 0.0946019 0.0115754
9.32385e-10 0.104723 0.00934705
9.34006e-10 0.10334 0.00656972
9.35626e-10 0.0904183 0.00394915
9.37246e-10 0.0687723 0.00196262
9.38867e-10 0.0434619 0.000760555
9.40487e-10 0.0204623 0.000209583
9.42107e-10 0.00501019 3.91205e-05
9.43728e-10 0.000157378 1.29509e-05
9.45348e-10 0.00600946 4.47833e-05
9.46968e-10 0.0198747 0.000211582
9.48588e-10 0.0372173 0.000671429
9.50209e-10 0.0530463 0.00153671
9.51829e-10 0.063269 0.0027689
9.53449e-10 0.065626 0.00414494
9.5507e-10 0.0600192 0.00530977
9.5669e-10 0.048265 0.00589273
9.5831e-10 0.0334568 0.00564421
9.59931e-10 0.019179 0.00454608
9.61551e-10 0.00878399 0.0028639
9.63171e-10 0.00486685 0.00113027
9.64792e-10 0.00898759 6.81409e-05
9.66412e-10 0.02162 0.000476514
9.68032e-10 0.0422702 0.00310469
9.69653e-10 0.0696938 0.00853892
9.71273e-10 0.102151 0.017118
9.72893e-10 0.137651 0.0288864
9.74514e-10 0.17416 0.0435857
9.76134e-10 0.20976 0.0606796
9.77754e-10 0.242753 0.0794052
9.79375e-10 0.271728 0.0988409
9.80995e-10 0.295587 0.117982
9.82615e-10 0.313544 0.13582
9.84236e-10 0.325114 0.151408
9.85856e-10 0.330086 0.163927
9.87476e-10 0.328493 0.172732
9.89097e-10 0.320587 0.177388
9.90717e-10 0.306803 0.177686
9.92337e-10 0.287745 0.173653
9.93957e-10 0.264156 0.165541
9.95578e-10 0.2369 0.153806
9.97198e-10 0.206948 0.139082
