7e-10 1.1615e-05 0.00714817
7.00101e-10 1.83305e-05 0.00692951
7.00203e-10 2.6336e-05 0.00672381
7.00304e-10 3.547e-05 0.00653153
7.00405e-10 4.55676e-05 0.00635299
7.00506e-10 5.64623e-05 0.00618841
7.00608e-10 6.79878e-05 0.00603789
7.00709e-10 7.99793e-05 0.00590145
7.0081e-10 9.22748e-05 0.00577899
7.00911e-10 0.000104717 0.0056703
7.01013e-10 0.000117154 0.00557509
7.01114e-10 0.000129442 0.005493
7.01215e-10 0.000141443 0.00542355
7.01317e-10 0.000153029 0.00536621
7.01418e-10 0.000164082 0.00532038
7.01519e-10 0.000174494 0.00528538
7.0162e-10 0.000184169 0.0052605
7.01722e-10 0.00019302 0.00524497
7.01823e-10 0.000200974 0.00523798
7.01924e-10 0.000207969 0.00523869
7.02025e-10 0.000213955 0.00524624
7.02127e-10 0.000218894 0.00525974
7.02228e-10 0.000222759 0.00527831
7.02329e-10 0.000225537 0.00530106
7.0243e-10 0.000227224 0.0053271
7.02532e-10 0.000227827 0.00535555
7.02633e-10 0.000227363 0.00538557
7.02734e-10 0.00022586 0.00541631
7.02836e-10 0.000223354 0.00544698
7.02937e-10 0.000219889 0.00547681
7.03038e-10 0.000215517 0.00550508
7.03139e-10 0.000210297 0.0055311
7.03241e-10 0.000204293 0.00555423
7.03342e-10 0.000197574 0.00557389
7.03443e-10 0.000190215 0.00558956
7.03544e-10 0.000182292 0.00560075
7.03646e-10 0.000173883 0.00560706
7.03747e-10 0.000165071 0.00560813
7.03848e-10 0.000155937 0.00560365
7.0395e-10 0.000146562 0.00559339
7.04051e-10 0.000137027 0.00557718
7.04152e-10 0.000127411 0.0055549
7.04253e-10 0.000117791 0.00552648
7.04355e-10 0.000108243 0.00549192
7.04456e-10 9.88351e-05 0.00545127
7.04557e-10 8.96359e-05 0.00540463
7.04658e-10 8.07074e-05 0.00535216
7.0476e-10 7.21073e-05 0.00529404
7.04861e-10 6.38881e-05 0.00523053
7.04962e-10 5.6097e-05 0.00516191
7.05064e-10 4.87754e-05 0.00508848
7.05165e-10 4.1959e-05 0.0050106
7.05266e-10 3.56776e-05 0.00492865
7.05367e-10 2.99549e-05 0.00484303
7.05469e-10 2.48091e-05 0.00475417
7.0557e-10 2.0252e-05 0.0046625
7.05671e-10 1.62901e-05 0.00456847
7.05772e-10 1.29243e-05 0.00447255
7.05874e-10 1.01499e-05 0.00437521
7.05975e-10 7.9574e-06 0.0042769
7.06076e-10 6.33238e-06 0.00417808
7.06177e-10 5.256e-06 0.00407923
7.06279e-10 4.7053e-06 0.00398078
7.0638e-10 4.65356e-06 0.00388316
7.06481e-10 5.07077e-06 0.0037868
7.06583e-10 5.92394e-06 0.00369208
7.06684e-10 7.17759e-06 0.00359939
7.06785e-10 8.79417e-06 0.00350907
7.06886e-10 1.07344e-05 0.00342146
7.06988e-10 1.29579e-05 0.00333685
7.07089e-10 1.54234e-05 0.00325551
7.0719e-10 1.80892e-05 0.00317768
7.07291e-10 2.09136e-05 0.00310357
7.07393e-10 2.38554e-05 0.00303335
7.07494e-10 2.6874e-05 0.00296717
7.07595e-10 2.99298e-05 0.00290514
7.07697e-10 3.2985e-05 0.00284734
7.07798e-10 3.6003e-05 0.00279381
7.07899e-10 3.89495e-05 0.00274457
7.08e-10 4.17923e-05 0.00269961
7.08102e-10 4.45015e-05 0.00265888
7.08203e-10 4.70499e-05 0.00262232
7.08304e-10 4.94129e-05 0.00258981
7.08405e-10 5.1569e-05 0.00256123
7.08507e-10 5.34992e-05 0.00253645
7.08608e-10 5.5188e-05 0.00251528
7.08709e-10 5.66224e-05 0.00249755
7.0881e-10 5.77928e-05 0.00248303
7.08912e-10 5.86922e-05 0.00247151
7.09013e-10 5.9317e-05 0.00246276
7.09114e-10 5.96658e-05 0.00245652
7.09216e-10 5.97406e-05 0.00245255
7.09317e-10 5.95454e-05 0.00245057
7.09418e-10 5.90871e-05 0.00245032
7.09519e-10 5.83747e-05 0.00245152
7.09621e-10 5.74194e-05 0.00245392
7.09722e-10 5.62342e-05 0.00245724
7.09823e-10 5.4834e-05 0.00246122
7.09924e-10 5.32351e-05 0.0024656
7.10026e-10 5.14553e-05 0.00247012
7.10127e-10 4.95133e-05 0.00247455
7.10228e-10 4.74288e-05 0.00247866
7.1033e-10 4.52221e-05 0.00248221
7.10431e-10 4.29141e-05 0.00248502
7.10532e-10 4.05257e-05 0.00248689
7.10633e-10 3.8078e-05 0.00248763
7.10735e-10 3.5592e-05 0.0024871
7.10836e-10 3.30881e-05 0.00248515
7.10937e-10 3.05865e-05 0.00248166
7.11038e-10 2.81063e-05 0.00247652
7.1114e-10 2.56662e-05 0.00246964
7.11241e-10 2.32836e-05 0.00246095
7.11342e-10 2.09749e-05 0.00245041
7.11444e-10 1.87552e-05 0.00243797
7.11545e-10 1.66383e-05 0.00242362
7.11646e-10 1.46367e-05 0.00240738
7.11747e-10 1.27612e-05 0.00238924
7.11849e-10 1.10215e-05 0.00236926
7.1195e-10 9.42521e-06 0.00234748
7.12051e-10 7.97881e-06 0.00232396
7.12152e-10 6.68702e-06 0.0022988
7.12254e-10 5.55304e-06 0.00227206
7.12355e-10 4.57856e-06 0.00224387
7.12456e-10 3.76375e-06 0.00221433
7.12557e-10 3.10736e-06 0.00218357
7.12659e-10 2.60677e-06 0.00215172
7.1276e-10 2.25804e-06 0.0021189
7.12861e-10 2.05603e-06 0.00208528
7.12963e-10 1.99446e-06 0.00205098
7.13064e-10 2.06601e-06 0.00201617
7.13165e-10 2.26246e-06 0.00198098
7.13266e-10 2.57475e-06 0.00194558
7.13368e-10 2.9931e-06 0.00191011
7.13469e-10 3.50717e-06 0.00187472
7.1357e-10 4.10612e-06 0.00183955
7.13671e-10 4.77875e-06 0.00180475
7.13773e-10 5.51362e-06 0.00177045
7.13874e-10 6.29917e-06 0.00173678
7.13975e-10 7.1238e-06 0.00170386
7.14077e-10 7.976e-06 0.00167181
7.14178e-10 8.84446e-06 0.00164073
7.14279e-10 9.71816e-06 0.00161072
7.1438e-10 1.05864e-05 0.00158187
7.14482e-10 1.14391e-05 0.00155425
7.14583e-10 1.22665e-05 0.00152794
7.14684e-10 1.30597e-05 0.00150298
7.14785e-10 1.38102e-05 0.00147942
7.14887e-10 1.45104e-05 0.0014573
7.14988e-10 1.51535e-05 0.00143665
7.15089e-10 1.57334e-05 0.00141747
7.15191e-10 1.6245e-05 0.00139976
7.15292e-10 1.66838e-05 0.00138353
7.15393e-10 1.70465e-05 0.00136875
7.15494e-10 1.73303e-05 0.00135539
7.15596e-10 1.75336e-05 0.00134342
7.15697e-10 1.76555e-05 0.0013328
7.15798e-10 1.76959e-05 0.00132346
7.15899e-10 1.76557e-05 0.00131534
7.16001e-10 1.75362e-05 0.00130839
7.16102e-10 1.73399e-05 0.00130252
7.16203e-10 1.70697e-05 0.00129766
7.16304e-10 1.67291e-05 0.00129371
7.16406e-10 1.63224e-05 0.0012906
7.16507e-10 1.58543e-05 0.00128823
7.16608e-10 1.53299e-05 0.0012865
7.1671e-10 1.4755e-05 0.00128533
7.16811e-10 1.41352e-05 0.0012846
7.16912e-10 1.3477e-05 0.00128424
7.17013e-10 1.27867e-05 0.00128413
7.17115e-10 1.20707e-05 0.00128419
7.17216e-10 1.13359e-05 0.00128431
7.17317e-10 1.05887e-05 0.00128443
7.17418e-10 9.83583e-06 0.00128443
7.1752e-10 9.08369e-06 0.00128425
7.17621e-10 8.33858e-06 0.00128379
7.17722e-10 7.60661e-06 0.001283
7.17824e-10 6.89357e-06 0.0012818
7.17925e-10 6.20496e-06 0.00128012
7.18026e-10 5.5459e-06 0.00127791
7.18127e-10 4.92113e-06 0.00127512
7.18229e-10 4.33494e-06 0.00127171
7.1833e-10 3.79118e-06 0.00126764
7.18431e-10 3.29319e-06 0.00126287
7.18532e-10 2.84385e-06 0.00125739
7.18634e-10 2.44548e-06 0.00125118
7.18735e-10 2.09991e-06 0.00124422
7.18836e-10 1.80845e-06 0.00123653
7.18938e-10 1.57186e-06 0.00122809
7.19039e-10 1.3904e-06 0.00121893
7.1914e-10 1.26384e-06 0.00120905
7.19241e-10 1.19142e-06 0.00119849
7.19343e-10 1.17195e-06 0.00118726
7.19444e-10 1.20378e-06 0.00117541
7.19545e-10 1.28482e-06 0.00116297
7.19646e-10 1.41262e-06 0.00114999
7.19748e-10 1.58434e-06 0.00113652
7.19849e-10 1.79685e-06 0.00112259
7.1995e-10 2.04669e-06 0.00110828
7.20051e-10 2.33019e-06 0.00109364
7.20153e-10 2.64345e-06 0.00107872
7.20254e-10 2.9824e-06 0.00106358
7.20355e-10 3.34285e-06 0.0010483
7.20457e-10 3.72051e-06 0.00103292
7.20558e-10 4.11107e-06 0.00101753
7.20659e-10 4.51017e-06 0.00100217
7.2076e-10 4.91353e-06 0.000986903
7.20862e-10 5.31691e-06 0.0009718
7.20963e-10 5.7162e-06 0.000956915
7.21064e-10 6.1074e-06 0.000942305
7.21165e-10 6.48672e-06 0.000928023
7.21267e-10 6.85055e-06 0.000914121
7.21368e-10 7.19554e-06 0.000900647
7.21469e-10 7.51856e-06 0.000887645
7.21571e-10 7.81679e-06 0.000875155
7.21672e-10 8.08771e-06 0.000863214
7.21773e-10 8.32909e-06 0.000851854
7.21874e-10 8.53905e-06 0.000841102
7.21976e-10 8.71604e-06 0.000830982
7.22077e-10 8.85886e-06 0.000821511
7.22178e-10 8.96665e-06 0.000812703
7.22279e-10 9.0389e-06 0.000804566
7.22381e-10 9.07545e-06 0.000797105
7.22482e-10 9.07647e-06 0.000790319
7.22583e-10 9.04246e-06 0.000784201
7.22684e-10 8.97425e-06 0.000778742
7.22786e-10 8.87296e-06 0.000773927
7.22887e-10 8.74003e-06 0.000769738
7.22988e-10 8.57712e-06 0.000766151
7.2309e-10 8.38618e-06 0.00076314
7.23191e-10 8.16938e-06 0.000760675
7.23292e-10 7.92907e-06 0.000758722
7.23393e-10 7.6678e-06 0.000757245
7.23495e-10 7.38828e-06 0.000756204
7.23596e-10 7.09333e-06 0.000755559
7.23697e-10 6.78586e-06 0.000755265
7.23798e-10 6.46887e-06 0.000755278
7.239e-10 6.1454e-06 0.000755551
7.24001e-10 5.81848e-06 0.000756038
7.24102e-10 5.49117e-06 0.00075669
7.24204e-10 5.16645e-06 0.000757458
7.24305e-10 4.84726e-06 0.000758297
7.24406e-10 4.53644e-06 0.000759156
7.24507e-10 4.23673e-06 0.000759992
7.24609e-10 3.95072e-06 0.000760756
7.2471e-10 3.68084e-06 0.000761407
7.24811e-10 3.42938e-06 0.000761902
7.24912e-10 3.19839e-06 0.0007622
7.25014e-10 2.98976e-06 0.000762265
7.25115e-10 2.80513e-06 0.00076206
7.25216e-10 2.64594e-06 0.000761554
7.25318e-10 2.51335e-06 0.000760717
7.25419e-10 2.40831e-06 0.000759522
7.2552e-10 2.3315e-06 0.000757948
7.25621e-10 2.28338e-06 0.000755975
7.25723e-10 2.26412e-06 0.000753586
7.25824e-10 2.27367e-06 0.00075077
7.25925e-10 2.31172e-06 0.000747517
7.26026e-10 2.37773e-06 0.000743824
7.26128e-10 2.47092e-06 0.000739688
7.26229e-10 2.59031e-06 0.000735112
7.2633e-10 2.73468e-06 0.000730101
7.26431e-10 2.90265e-06 0.000724666
7.26533e-10 3.09263e-06 0.000718818
7.26634e-10 3.30289e-06 0.000712573
7.26735e-10 3.53154e-06 0.000705952
7.26837e-10 3.77655e-06 0.000698974
7.26938e-10 4.03581e-06 0.000691666
7.27039e-10 4.30709e-06 0.000684053
7.2714e-10 4.5881e-06 0.000676166
7.27242e-10 4.8765e-06 0.000668035
7.27343e-10 5.16993e-06 0.000659694
7.27444e-10 5.46599e-06 0.000651177
7.27545e-10 5.76232e-06 0.00064252
7.27647e-10 6.05657e-06 0.00063376
7.27748e-10 6.34645e-06 0.000624935
7.27849e-10 6.62973e-06 0.000616082
7.27951e-10 6.90427e-06 0.00060724
7.28052e-10 7.16803e-06 0.000598446
7.28153e-10 7.41909e-06 0.000589739
7.28254e-10 7.65564e-06 0.000581154
7.28356e-10 7.87605e-06 0.000572729
7.28457e-10 8.07881e-06 0.000564497
7.28558e-10 8.26261e-06 0.000556492
7.28659e-10 8.42629e-06 0.000548747
7.28761e-10 8.56888e-06 0.000541289
7.28862e-10 8.6896e-06 0.000534149
7.28963e-10 8.78786e-06 0.00052735
7.29065e-10 8.86326e-06 0.000520917
7.29166e-10 8.91562e-06 0.00051487
7.29267e-10 8.94492e-06 0.000509227
7.29368e-10 8.95135e-06 0.000504003
7.2947e-10 8.93529e-06 0.00049921
7.29571e-10 8.89729e-06 0.000494858
7.29672e-10 8.83809e-06 0.000490954
7.29773e-10 8.7586e-06 0.000487501
7.29875e-10 8.65987e-06 0.000484499
7.29976e-10 8.54311e-06 0.000481946
7.30077e-10 8.40968e-06 0.000479836
7.30178e-10 8.26104e-06 0.000478162
7.3028e-10 8.09877e-06 0.000476911
7.30381e-10 7.92456e-06 0.000476071
7.30482e-10 7.74017e-06 0.000475625
7.30584e-10 7.54742e-06 0.000475554
7.30685e-10 7.34819e-06 0.000475837
7.30786e-10 7.1444e-06 0.000476451
7.30887e-10 6.93799e-06 0.00047737
7.30989e-10 6.73089e-06 0.000478568
7.3109e-10 6.52504e-06 0.000480015
7.31191e-10 6.32234e-06 0.000481682
7.31292e-10 6.12465e-06 0.000483537
7.31394e-10 5.93377e-06 0.000485549
7.31495e-10 5.75145e-06 0.000487685
7.31596e-10 5.57933e-06 0.00048991
7.31698e-10 5.41898e-06 0.000492192
7.31799e-10 5.27184e-06 0.000494496
7.319e-10 5.13926e-06 0.00049679
7.32001e-10 5.02244e-06 0.000499039
7.32103e-10 4.92245e-06 0.000501213
7.32204e-10 4.84023e-06 0.000503278
7.32305e-10 4.77657e-06 0.000505205
7.32406e-10 4.7321e-06 0.000506963
7.32508e-10 4.70729e-06 0.000508526
7.32609e-10 4.70246e-06 0.000509867
7.3271e-10 4.71778e-06 0.000510961
7.32812e-10 4.75324e-06 0.000511785
7.32913e-10 4.8087e-06 0.00051232
7.33014e-10 4.88383e-06 0.000512546
7.33115e-10 4.97818e-06 0.000512449
7.33217e-10 5.09114e-06 0.000512013
7.33318e-10 5.22196e-06 0.000511229
7.33419e-10 5.36977e-06 0.000510087
7.3352e-10 5.53355e-06 0.000508582
7.33622e-10 5.7122e-06 0.000506709
7.33723e-10 5.90448e-06 0.000504468
7.33824e-10 6.10908e-06 0.000501861
7.33925e-10 6.32458e-06 0.000498892
7.34027e-10 6.54951e-06 0.000495568
7.34128e-10 6.78233e-06 0.000491898
7.34229e-10 7.02145e-06 0.000487893
7.34331e-10 7.26525e-06 0.000483569
7.34432e-10 7.51208e-06 0.00047894
7.34533e-10 7.76028e-06 0.000474025
7.34634e-10 8.0082e-06 0.000468844
7.34736e-10 8.2542e-06 0.000463419
7.34837e-10 8.49666e-06 0.000457774
7.34938e-10 8.73402e-06 0.000451934
7.35039e-10 8.96475e-06 0.000445925
7.35141e-10 9.18739e-06 0.000439775
7.35242e-10 9.40056e-06 0.000433512
7.35343e-10 9.60295e-06 0.000427165
7.35445e-10 9.79336e-06 0.000420764
7.35546e-10 9.97066e-06 0.00041434
7.35647e-10 1.01339e-05 0.000407922
7.35748e-10 1.02821e-05 0.00040154
7.3585e-10 1.04145e-05 0.000395225
7.35951e-10 1.05306e-05 0.000389007
7.36052e-10 1.06297e-05 0.000382914
7.36153e-10 1.07116e-05 0.000376974
7.36255e-10 1.07759e-05 0.000371215
7.36356e-10 1.08226e-05 0.000365663
7.36457e-10 1.08516e-05 0.000360342
7.36559e-10 1.08631e-05 0.000355275
7.3666e-10 1.08575e-05 0.000350485
7.36761e-10 1.08351e-05 0.000345991
7.36862e-10 1.07964e-05 0.000341811
7.36964e-10 1.07422e-05 0.000337961
7.37065e-10 1.06731e-05 0.000334455
7.37166e-10 1.05902e-05 0.000331305
7.37267e-10 1.04942e-05 0.000328521
7.37369e-10 1.03864e-05 0.000326109
7.3747e-10 1.02678e-05 0.000324075
7.37571e-10 1.01397e-05 0.000322422
7.37672e-10 1.00034e-05 0.00032115
7.37774e-10 9.86012e-06 0.000320256
7.37875e-10 9.71137e-06 0.000319737
7.37976e-10 9.55851e-06 0.000319586
7.38078e-10 9.40299e-06 0.000319794
7.38179e-10 9.24626e-06 0.00032035
7.3828e-10 9.08977e-06 0.000321241
7.38381e-10 8.93495e-06 0.000322452
7.38483e-10 8.78323e-06 0.000323965
7.38584e-10 8.636e-06 0.000325762
7.38685e-10 8.4946e-06 0.000327823
7.38786e-10 8.36032e-06 0.000330126
7.38888e-10 8.23441e-06 0.000332646
7.38989e-10 8.11804e-06 0.00033536
7.3909e-10 8.01229e-06 0.000338242
7.39192e-10 7.91818e-06 0.000341265
7.39293e-10 7.83662e-06 0.000344402
7.39394e-10 7.76843e-06 0.000347624
7.39495e-10 7.71433e-06 0.000350904
7.39597e-10 7.67493e-06 0.000354212
7.39698e-10 7.65074e-06 0.000357521
7.39799e-10 7.64213e-06 0.000360802
7.399e-10 7.64939e-06 0.000364025
7.40002e-10 7.67266e-06 0.000367165
7.40103e-10 7.71199e-06 0.000370193
7.40204e-10 7.76729e-06 0.000373084
7.40305e-10 7.83837e-06 0.000375812
7.40407e-10 7.92492e-06 0.000378353
7.40508e-10 8.02652e-06 0.000380684
7.40609e-10 8.14265e-06 0.000382783
7.40711e-10 8.27268e-06 0.000384632
7.40812e-10 8.41588e-06 0.00038621
7.40913e-10 8.57144e-06 0.000387502
7.41014e-10 8.73846e-06 0.000388494
7.41116e-10 8.91595e-06 0.000389171
7.41217e-10 9.10287e-06 0.000389525
7.41318e-10 9.29811e-06 0.000389545
7.41419e-10 9.5005e-06 0.000389226
7.41521e-10 9.70882e-06 0.000388563
7.41622e-10 9.92183e-06 0.000387554
7.41723e-10 1.01383e-05 0.000386199
7.41825e-10 1.03568e-05 0.000384499
7.41926e-10 1.05762e-05 0.00038246
7.42027e-10 1.0795e-05 0.000380088
7.42128e-10 1.10121e-05 0.000377391
7.4223e-10 1.12262e-05 0.00037438
7.42331e-10 1.14359e-05 0.000371067
7.42432e-10 1.16402e-05 0.000367467
7.42533e-10 1.18378e-05 0.000363595
7.42635e-10 1.20276e-05 0.00035947
7.42736e-10 1.22085e-05 0.000355111
7.42837e-10 1.23797e-05 0.000350539
7.42939e-10 1.25401e-05 0.000345776
7.4304e-10 1.2689e-05 0.000340846
7.43141e-10 1.28257e-05 0.000335772
7.43242e-10 1.29493e-05 0.00033058
7.43344e-10 1.30595e-05 0.000325296
7.43445e-10 1.31558e-05 0.000319947
7.43546e-10 1.32377e-05 0.00031456
7.43647e-10 1.33051e-05 0.000309161
7.43749e-10 1.33578e-05 0.000303778
7.4385e-10 1.33957e-05 0.000298439
7.43951e-10 1.3419e-05 0.000293171
7.44052e-10 1.34277e-05 0.000287999
7.44154e-10 1.34222e-05 0.000282951
7.44255e-10 1.34028e-05 0.000278051
7.44356e-10 1.337e-05 0.000273324
7.44458e-10 1.33243e-05 0.000268794
7.44559e-10 1.32664e-05 0.000264483
7.4466e-10 1.3197e-05 0.000260411
7.44761e-10 1.3117e-05 0.000256599
7.44863e-10 1.30271e-05 0.000253065
7.44964e-10 1.29284e-05 0.000249825
7.45065e-10 1.28218e-05 0.000246894
7.45166e-10 1.27085e-05 0.000244285
7.45268e-10 1.25894e-05 0.000242009
7.45369e-10 1.24659e-05 0.000240076
7.4547e-10 1.23389e-05 0.000238492
7.45572e-10 1.22097e-05 0.000237263
7.45673e-10 1.20796e-05 0.000236392
7.45774e-10 1.19496e-05 0.00023588
7.45875e-10 1.18211e-05 0.000235726
7.45977e-10 1.16951e-05 0.000235927
7.46078e-10 1.15729e-05 0.000236477
7.46179e-10 1.14555e-05 0.00023737
7.4628e-10 1.13442e-05 0.000238597
7.46382e-10 1.12398e-05 0.000240146
7.46483e-10 1.11435e-05 0.000242004
7.46584e-10 1.10561e-05 0.000244157
7.46686e-10 1.09787e-05 0.000246589
7.46787e-10 1.09118e-05 0.000249281
7.46888e-10 1.08564e-05 0.000252214
7.46989e-10 1.08129e-05 0.000255368
7.47091e-10 1.07821e-05 0.00025872
7.47192e-10 1.07644e-05 0.000262247
7.47293e-10 1.07602e-05 0.000265925
7.47394e-10 1.07697e-05 0.00026973
7.47496e-10 1.07932e-05 0.000273635
7.47597e-10 1.08308e-05 0.000277614
7.47698e-10 1.08824e-05 0.000281641
7.47799e-10 1.09481e-05 0.000285689
7.47901e-10 1.10275e-05 0.000289732
7.48002e-10 1.11205e-05 0.000293741
7.48103e-10 1.12267e-05 0.000297691
7.48205e-10 1.13456e-05 0.000301555
7.48306e-10 1.14766e-05 0.000305309
7.48407e-10 1.16192e-05 0.000308926
7.48508e-10 1.17726e-05 0.000312382
7.4861e-10 1.19361e-05 0.000315655
7.48711e-10 1.21088e-05 0.000318722
7.48812e-10 1.22898e-05 0.000321563
7.48913e-10 1.24782e-05 0.000324157
7.49015e-10 1.2673e-05 0.000326487
7.49116e-10 1.28732e-05 0.000328536
7.49217e-10 1.30776e-05 0.000330289
7.49319e-10 1.32851e-05 0.000331733
7.4942e-10 1.34947e-05 0.000332857
7.49521e-10 1.37052e-05 0.000333651
7.49622e-10 1.39155e-05 0.000334108
7.49724e-10 1.41244e-05 0.000334222
7.49825e-10 1.43309e-05 0.000333988
7.49926e-10 1.45338e-05 0.000333407
7.50027e-10 1.4732e-05 0.000332478
7.50129e-10 1.49246e-05 0.000331203
7.5023e-10 1.51105e-05 0.000329587
7.50331e-10 1.52888e-05 0.000327637
7.50433e-10 1.54585e-05 0.00032536
7.50534e-10 1.5619e-05 0.000322768
7.50635e-10 1.57693e-05 0.000319872
7.50736e-10 1.59088e-05 0.000316685
7.50838e-10 1.60368e-05 0.000313225
7.50939e-10 1.61528e-05 0.000309507
7.5104e-10 1.62564e-05 0.00030555
7.51141e-10 1.63472e-05 0.000301375
7.51243e-10 1.64248e-05 0.000297003
7.51344e-10 1.64891e-05 0.000292456
7.51445e-10 1.654e-05 0.000287758
7.51546e-10 1.65774e-05 0.000282933
7.51648e-10 1.66014e-05 0.000278007
7.51749e-10 1.66122e-05 0.000273005
7.5185e-10 1.661e-05 0.000267953
7.51952e-10 1.65951e-05 0.000262879
7.52053e-10 1.6568e-05 0.000257809
7.52154e-10 1.65292e-05 0.00025277
7.52255e-10 1.64793e-05 0.000247788
7.52357e-10 1.64188e-05 0.000242891
7.52458e-10 1.63486e-05 0.000238104
7.52559e-10 1.62695e-05 0.000233452
7.5266e-10 1.61822e-05 0.000228961
7.52762e-10 1.60877e-05 0.000224654
7.52863e-10 1.5987e-05 0.000220555
7.52964e-10 1.5881e-05 0.000216684
7.53066e-10 1.57708e-05 0.000213064
7.53167e-10 1.56575e-05 0.000209712
7.53268e-10 1.5542e-05 0.000206647
7.53369e-10 1.54255e-05 0.000203885
7.53471e-10 1.53092e-05 0.000201441
7.53572e-10 1.51941e-05 0.000199327
7.53673e-10 1.50812e-05 0.000197555
7.53774e-10 1.49718e-05 0.000196134
7.53876e-10 1.48668e-05 0.000195071
7.53977e-10 1.47673e-05 0.000194371
7.54078e-10 1.46742e-05 0.000194039
7.54179e-10 1.45885e-05 0.000194074
7.54281e-10 1.45112e-05 0.000194477
7.54382e-10 1.4443e-05 0.000195245
7.54483e-10 1.43848e-05 0.000196373
7.54585e-10 1.43373e-05 0.000197855
7.54686e-10 1.43011e-05 0.000199681
7.54787e-10 1.42768e-05 0.000201843
7.54888e-10 1.4265e-05 0.000204326
7.5499e-10 1.4266e-05 0.000207117
7.55091e-10 1.42802e-05 0.000210201
7.55192e-10 1.43079e-05 0.000213559
7.55293e-10 1.43492e-05 0.000217173
7.55395e-10 1.44042e-05 0.000221023
7.55496e-10 1.44729e-05 0.000225087
7.55597e-10 1.45552e-05 0.000229342
7.55699e-10 1.46509e-05 0.000233764
7.558e-10 1.47598e-05 0.000238328
7.55901e-10 1.48815e-05 0.000243009
7.56002e-10 1.50156e-05 0.00024778
7.56104e-10 1.51615e-05 0.000252615
7.56205e-10 1.53187e-05 0.000257486
7.56306e-10 1.54865e-05 0.000262366
7.56407e-10 1.56641e-05 0.000267227
7.56509e-10 1.58508e-05 0.000272043
7.5661e-10 1.60458e-05 0.000276785
7.56711e-10 1.6248e-05 0.000281427
7.56813e-10 1.64566e-05 0.000285943
7.56914e-10 1.66706e-05 0.000290307
7.57015e-10 1.6889e-05 0.000294494
7.57116e-10 1.71106e-05 0.00029848
7.57218e-10 1.73344e-05 0.000302242
7.57319e-10 1.75593e-05 0.00030576
7.5742e-10 1.77843e-05 0.000309011
7.57521e-10 1.80082e-05 0.000311978
7.57623e-10 1.82299e-05 0.000314643
7.57724e-10 1.84484e-05 0.000316991
7.57825e-10 1.86626e-05 0.000319007
7.57926e-10 1.88715e-05 0.000320678
7.58028e-10 1.90741e-05 0.000321996
7.58129e-10 1.92694e-05 0.00032295
7.5823e-10 1.94566e-05 0.000323536
7.58332e-10 1.96347e-05 0.000323747
7.58433e-10 1.9803e-05 0.000323582
7.58534e-10 1.99608e-05 0.000323041
7.58635e-10 2.01073e-05 0.000322124
7.58737e-10 2.02421e-05 0.000320836
7.58838e-10 2.03646e-05 0.000319182
7.58939e-10 2.04743e-05 0.00031717
7.5904e-10 2.05709e-05 0.000314811
7.59142e-10 2.06541e-05 0.000312114
7.59243e-10 2.07239e-05 0.000309095
7.59344e-10 2.07799e-05 0.000305768
7.59446e-10 2.08224e-05 0.00030215
7.59547e-10 2.08512e-05 0.00029826
7.59648e-10 2.08667e-05 0.000294118
7.59749e-10 2.08691e-05 0.000289745
7.59851e-10 2.08587e-05 0.000285166
7.59952e-10 2.08359e-05 0.000280403
7.60053e-10 2.08012e-05 0.000275482
7.60154e-10 2.07553e-05 0.000270429
7.60256e-10 2.06989e-05 0.000265272
7.60357e-10 2.06325e-05 0.000260037
7.60458e-10 2.05571e-05 0.000254752
7.6056e-10 2.04734e-05 0.000249447
7.60661e-10 2.03825e-05 0.00024415
7.60762e-10 2.02852e-05 0.00023889
7.60863e-10 2.01825e-05 0.000233695
7.60965e-10 2.00756e-05 0.000228593
7.61066e-10 1.99655e-05 0.000223614
7.61167e-10 1.98533e-05 0.000218784
7.61268e-10 1.97401e-05 0.000214131
7.6137e-10 1.9627e-05 0.00020968
7.61471e-10 1.95152e-05 0.000205456
7.61572e-10 1.94057e-05 0.000201483
7.61673e-10 1.92998e-05 0.000197785
7.61775e-10 1.91985e-05 0.000194381
7.61876e-10 1.91029e-05 0.000191293
7.61977e-10 1.90141e-05 0.000188538
7.62079e-10 1.89329e-05 0.000186134
7.6218e-10 1.88605e-05 0.000184094
7.62281e-10 1.87977e-05 0.000182433
7.62382e-10 1.87454e-05 0.00018116
7.62484e-10 1.87044e-05 0.000180286
7.62585e-10 1.86753e-05 0.000179816
7.62686e-10 1.86589e-05 0.000179757
7.62787e-10 1.86558e-05 0.00018011
7.62889e-10 1.86664e-05 0.000180878
7.6299e-10 1.86911e-05 0.000182057
7.63091e-10 1.87304e-05 0.000183645
7.63193e-10 1.87844e-05 0.000185635
7.63294e-10 1.88532e-05 0.000188021
7.63395e-10 1.89371e-05 0.000190791
7.63496e-10 1.90359e-05 0.000193934
7.63598e-10 1.91496e-05 0.000197437
7.63699e-10 1.92778e-05 0.000201282
7.638e-10 1.94204e-05 0.000205453
7.63901e-10 1.95769e-05 0.000209931
7.64003e-10 1.97469e-05 0.000214693
7.64104e-10 1.99299e-05 0.000219717
7.64205e-10 2.01251e-05 0.00022498
7.64307e-10 2.03318e-05 0.000230456
7.64408e-10 2.05494e-05 0.000236118
7.64509e-10 2.07769e-05 0.00024194
7.6461e-10 2.10135e-05 0.000247891
7.64712e-10 2.12581e-05 0.000253943
7.64813e-10 2.15097e-05 0.000260067
7.64914e-10 2.17673e-05 0.000266231
7.65015e-10 2.20298e-05 0.000272405
7.65117e-10 2.22959e-05 0.000278559
7.65218e-10 2.25647e-05 0.00028466
7.65319e-10 2.28348e-05 0.00029068
7.6542e-10 2.31051e-05 0.000296587
7.65522e-10 2.33744e-05 0.000302351
7.65623e-10 2.36415e-05 0.000307944
7.65724e-10 2.39052e-05 0.000313337
7.65826e-10 2.41644e-05 0.000318502
7.65927e-10 2.44178e-05 0.000323413
7.66028e-10 2.46645e-05 0.000328045
7.66129e-10 2.49033e-05 0.000332375
7.66231e-10 2.51333e-05 0.000336378
7.66332e-10 2.53533e-05 0.000340036
7.66433e-10 2.55626e-05 0.000343329
7.66534e-10 2.57603e-05 0.000346239
7.66636e-10 2.59457e-05 0.000348752
7.66737e-10 2.61179e-05 0.000350854
7.66838e-10 2.62764e-05 0.000352535
7.6694e-10 2.64207e-05 0.000353784
7.67041e-10 2.65503e-05 0.000354595
7.67142e-10 2.66648e-05 0.000354964
7.67243e-10 2.6764e-05 0.000354889
7.67345e-10 2.68477e-05 0.000354368
7.67446e-10 2.69158e-05 0.000353405
7.67547e-10 2.69683e-05 0.000352004
7.67648e-10 2.70054e-05 0.000350172
7.6775e-10 2.70273e-05 0.000347918
7.67851e-10 2.70343e-05 0.000345254
7.67952e-10 2.70267e-05 0.000342192
7.68053e-10 2.70051e-05 0.00033875
7.68155e-10 2.69701e-05 0.000334943
7.68256e-10 2.69223e-05 0.000330793
7.68357e-10 2.68625e-05 0.000326321
7.68459e-10 2.67916e-05 0.000321549
7.6856e-10 2.67104e-05 0.000316503
7.68661e-10 2.662e-05 0.00031121
7.68762e-10 2.65213e-05 0.000305698
7.68864e-10 2.64155e-05 0.000299995
7.68965e-10 2.63037e-05 0.000294132
7.69066e-10 2.61872e-05 0.000288141
7.69167e-10 2.60672e-05 0.000282054
7.69269e-10 2.59449e-05 0.000275904
7.6937e-10 2.58216e-05 0.000269723
7.69471e-10 2.56987e-05 0.000263547
7.69573e-10 2.55774e-05 0.000257409
7.69674e-10 2.54592e-05 0.000251342
7.69775e-10 2.53452e-05 0.000245381
7.69876e-10 2.52367e-05 0.00023956
7.69978e-10 2.51352e-05 0.00023391
7.70079e-10 2.50417e-05 0.000228466
7.7018e-10 2.49574e-05 0.000223257
7.70281e-10 2.48837e-05 0.000218315
7.70383e-10 2.48214e-05 0.000213669
7.70484e-10 2.47718e-05 0.000209347
7.70585e-10 2.47357e-05 0.000205375
7.70687e-10 2.4714e-05 0.00020178
7.70788e-10 2.47076e-05 0.000198583
7.70889e-10 2.47173e-05 0.000195807
7.7099e-10 2.47436e-05 0.00019347
7.71092e-10 2.47871e-05 0.000191591
7.71193e-10 2.48483e-05 0.000190185
7.71294e-10 2.49276e-05 0.000189264
7.71395e-10 2.50252e-05 0.00018884
7.71497e-10 2.51413e-05 0.00018892
7.71598e-10 2.52759e-05 0.00018951
7.71699e-10 2.54289e-05 0.000190614
7.718e-10 2.56002e-05 0.000192233
7.71902e-10 2.57896e-05 0.000194364
7.72003e-10 2.59966e-05 0.000197004
7.72104e-10 2.62207e-05 0.000200145
7.72206e-10 2.64615e-05 0.000203779
7.72307e-10 2.67181e-05 0.000207893
7.72408e-10 2.69898e-05 0.000212474
7.72509e-10 2.72758e-05 0.000217505
7.72611e-10 2.75751e-05 0.000222966
7.72712e-10 2.78866e-05 0.000228836
7.72813e-10 2.82092e-05 0.000235094
7.72914e-10 2.85418e-05 0.000241712
7.73016e-10 2.8883e-05 0.000248663
7.73117e-10 2.92316e-05 0.00025592
7.73218e-10 2.95863e-05 0.000263451
7.7332e-10 2.99455e-05 0.000271223
7.73421e-10 3.0308e-05 0.000279204
7.73522e-10 3.06722e-05 0.000287358
7.73623e-10 3.10366e-05 0.00029565
7.73725e-10 3.13998e-05 0.000304042
7.73826e-10 3.17603e-05 0.000312498
7.73927e-10 3.21166e-05 0.00032098
7.74028e-10 3.24672e-05 0.000329449
7.7413e-10 3.28108e-05 0.000337867
7.74231e-10 3.31459e-05 0.000346196
7.74332e-10 3.34711e-05 0.000354397
7.74434e-10 3.37852e-05 0.000362433
7.74535e-10 3.40869e-05 0.000370266
7.74636e-10 3.4375e-05 0.00037786
7.74737e-10 3.46485e-05 0.000385181
7.74839e-10 3.49063e-05 0.000392193
7.7494e-10 3.51475e-05 0.000398864
7.75041e-10 3.53712e-05 0.000405162
7.75142e-10 3.55767e-05 0.000411058
7.75244e-10 3.57634e-05 0.000416523
7.75345e-10 3.59307e-05 0.000421533
7.75446e-10 3.60782e-05 0.000426063
7.75547e-10 3.62057e-05 0.00043009
7.75649e-10 3.63129e-05 0.000433597
7.7575e-10 3.63997e-05 0.000436567
7.75851e-10 3.64664e-05 0.000438984
7.75953e-10 3.65129e-05 0.000440838
7.76054e-10 3.65397e-05 0.000442119
7.76155e-10 3.65472e-05 0.000442821
7.76256e-10 3.65359e-05 0.000442942
7.76358e-10 3.65065e-05 0.00044248
7.76459e-10 3.64597e-05 0.000441439
7.7656e-10 3.63965e-05 0.000439822
7.76661e-10 3.63179e-05 0.00043764
7.76763e-10 3.62249e-05 0.000434902
7.76864e-10 3.61189e-05 0.000431623
7.76965e-10 3.60009e-05 0.000427819
7.77067e-10 3.58725e-05 0.000423509
7.77168e-10 3.57351e-05 0.000418717
7.77269e-10 3.55902e-05 0.000413465
7.7737e-10 3.54394e-05 0.000407782
7.77472e-10 3.52843e-05 0.000401696
7.77573e-10 3.51265e-05 0.00039524
7.77674e-10 3.49679e-05 0.000388447
7.77775e-10 3.48101e-05 0.000381352
7.77877e-10 3.46549e-05 0.000373993
7.77978e-10 3.4504e-05 0.000366409
7.78079e-10 3.43592e-05 0.00035864
7.78181e-10 3.42222e-05 0.000350728
7.78282e-10 3.40948e-05 0.000342715
7.78383e-10 3.39785e-05 0.000334646
7.78484e-10 3.38751e-05 0.000326563
7.78586e-10 3.37861e-05 0.000318513
7.78687e-10 3.3713e-05 0.000310539
7.78788e-10 3.36573e-05 0.000302687
7.78889e-10 3.36202e-05 0.000295001
7.78991e-10 3.36032e-05 0.000287526
7.79092e-10 3.36073e-05 0.000280305
7.79193e-10 3.36336e-05 0.000273381
7.79294e-10 3.3683e-05 0.000266796
7.79396e-10 3.37565e-05 0.00026059
7.79497e-10 3.38546e-05 0.000254803
7.79598e-10 3.3978e-05 0.000249472
7.797e-10 3.41271e-05 0.000244633
7.79801e-10 3.43022e-05 0.000240319
7.79902e-10 3.45035e-05 0.000236561
7.80003e-10 3.4731e-05 0.000233389
7.80105e-10 3.49846e-05 0.000230828
7.80206e-10 3.52639e-05 0.000228904
7.80307e-10 3.55687e-05 0.000227636
7.80408e-10 3.58983e-05 0.000227043
7.8051e-10 3.6252e-05 0.00022714
7.80611e-10 3.6629e-05 0.000227939
7.80712e-10 3.70283e-05 0.000229449
7.80814e-10 3.74488e-05 0.000231675
7.80915e-10 3.78893e-05 0.000234619
7.81016e-10 3.83484e-05 0.00023828
7.81117e-10 3.88247e-05 0.000242654
7.81219e-10 3.93165e-05 0.000247733
7.8132e-10 3.98223e-05 0.000253505
7.81421e-10 4.03401e-05 0.000259955
7.81522e-10 4.08683e-05 0.000267067
7.81624e-10 4.14048e-05 0.000274818
7.81725e-10 4.19477e-05 0.000283184
7.81826e-10 4.2495e-05 0.000292138
7.81928e-10 4.30446e-05 0.00030165
7.82029e-10 4.35943e-05 0.000311686
7.8213e-10 4.41421e-05 0.00032221
7.82231e-10 4.46858e-05 0.000333183
7.82333e-10 4.52233e-05 0.000344566
7.82434e-10 4.57526e-05 0.000356314
7.82535e-10 4.62715e-05 0.000368383
7.82636e-10 4.6778e-05 0.000380725
7.82738e-10 4.72701e-05 0.000393292
7.82839e-10 4.77459e-05 0.000406034
7.8294e-10 4.82037e-05 0.000418898
7.83041e-10 4.86415e-05 0.000431834
7.83143e-10 4.90579e-05 0.000444787
7.83244e-10 4.94512e-05 0.000457705
7.83345e-10 4.982e-05 0.000470534
7.83447e-10 5.01631e-05 0.000483219
7.83548e-10 5.04792e-05 0.000495707
7.83649e-10 5.07674e-05 0.000507946
7.8375e-10 5.10267e-05 0.000519882
7.83852e-10 5.12566e-05 0.000531465
7.83953e-10 5.14564e-05 0.000542644
7.84054e-10 5.16257e-05 0.000553371
7.84155e-10 5.17644e-05 0.0005636
7.84257e-10 5.18725e-05 0.000573285
7.84358e-10 5.195e-05 0.000582384
7.84459e-10 5.19974e-05 0.000590857
7.84561e-10 5.2015e-05 0.000598666
7.84662e-10 5.20037e-05 0.000605776
7.84763e-10 5.19642e-05 0.000612156
7.84864e-10 5.18976e-05 0.000617777
7.84966e-10 5.18051e-05 0.000622614
7.85067e-10 5.1688e-05 0.000626646
7.85168e-10 5.1548e-05 0.000629854
7.85269e-10 5.13866e-05 0.000632223
7.85371e-10 5.12056e-05 0.000633745
7.85472e-10 5.10071e-05 0.000634411
7.85573e-10 5.07932e-05 0.000634221
7.85674e-10 5.05659e-05 0.000633174
7.85776e-10 5.03278e-05 0.000631277
7.85877e-10 5.0081e-05 0.000628539
7.85978e-10 4.98282e-05 0.000624974
7.8608e-10 4.95719e-05 0.000620601
7.86181e-10 4.93147e-05 0.00061544
7.86282e-10 4.90592e-05 0.000609518
7.86383e-10 4.88083e-05 0.000602865
7.86485e-10 4.85644e-05 0.000595513
7.86586e-10 4.83305e-05 0.000587501
7.86687e-10 4.81091e-05 0.000578868
7.86788e-10 4.7903e-05 0.000569658
7.8689e-10 4.77146e-05 0.00055992
7.86991e-10 4.75467e-05 0.000549702
7.87092e-10 4.74017e-05 0.000539058
7.87194e-10 4.72819e-05 0.000528044
7.87295e-10 4.71898e-05 0.000516717
7.87396e-10 4.71274e-05 0.000505138
7.87497e-10 4.70968e-05 0.000493369
7.87599e-10 4.71e-05 0.000481473
7.877e-10 4.71386e-05 0.000469514
7.87801e-10 4.72143e-05 0.00045756
7.87902e-10 4.73286e-05 0.000445676
7.88004e-10 4.74825e-05 0.000433931
7.88105e-10 4.76773e-05 0.00042239
7.88206e-10 4.79136e-05 0.000411121
7.88308e-10 4.81922e-05 0.000400191
7.88409e-10 4.85135e-05 0.000389667
7.8851e-10 4.88775e-05 0.000379612
7.88611e-10 4.92844e-05 0.00037009
7.88713e-10 4.97338e-05 0.000361163
7.88814e-10 5.02253e-05 0.000352891
7.88915e-10 5.07582e-05 0.000345332
7.89016e-10 5.13314e-05 0.00033854
7.89118e-10 5.19439e-05 0.000332567
7.89219e-10 5.25942e-05 0.000327464
7.8932e-10 5.32807e-05 0.000323274
7.89421e-10 5.40017e-05 0.000320042
7.89523e-10 5.47551e-05 0.000317805
7.89624e-10 5.55386e-05 0.000316597
7.89725e-10 5.635e-05 0.000316448
7.89827e-10 5.71865e-05 0.000317385
7.89928e-10 5.80456e-05 0.000319428
7.90029e-10 5.89242e-05 0.000322594
7.9013e-10 5.98193e-05 0.000326895
7.90232e-10 6.07278e-05 0.000332336
7.90333e-10 6.16465e-05 0.000338921
7.90434e-10 6.2572e-05 0.000346644
7.90535e-10 6.35008e-05 0.000355499
7.90637e-10 6.44294e-05 0.000365471
7.90738e-10 6.53544e-05 0.000376542
7.90839e-10 6.62722e-05 0.000388687
7.90941e-10 6.71793e-05 0.000401879
7.91042e-10 6.8072e-05 0.000416083
7.91143e-10 6.8947e-05 0.00043126
7.91244e-10 6.98008e-05 0.000447367
7.91346e-10 7.063e-05 0.000464357
7.91447e-10 7.14313e-05 0.000482176
7.91548e-10 7.22016e-05 0.000500769
7.91649e-10 7.29379e-05 0.000520074
7.91751e-10 7.36372e-05 0.000540027
7.91852e-10 7.42969e-05 0.000560561
7.91953e-10 7.49144e-05 0.000581604
7.92055e-10 7.54874e-05 0.000603081
7.92156e-10 7.60137e-05 0.000624917
7.92257e-10 7.64915e-05 0.000647031
7.92358e-10 7.69191e-05 0.000669342
7.9246e-10 7.72952e-05 0.000691768
7.92561e-10 7.76185e-05 0.000714223
7.92662e-10 7.78883e-05 0.000736623
7.92763e-10 7.8104e-05 0.000758881
7.92865e-10 7.82652e-05 0.000780912
7.92966e-10 7.8372e-05 0.000802629
7.93067e-10 7.84247e-05 0.000823947
7.93168e-10 7.84239e-05 0.000844781
7.9327e-10 7.83705e-05 0.000865047
7.93371e-10 7.82659e-05 0.000884665
7.93472e-10 7.81114e-05 0.000903554
7.93574e-10 7.79089e-05 0.000921638
7.93675e-10 7.76605e-05 0.000938842
7.93776e-10 7.73687e-05 0.000955096
7.93877e-10 7.7036e-05 0.000970332
7.93979e-10 7.66656e-05 0.000984485
7.9408e-10 7.62604e-05 0.000997498
7.94181e-10 7.58241e-05 0.00100932
7.94282e-10 7.53603e-05 0.00101989
7.94384e-10 7.48729e-05 0.00102917
7.94485e-10 7.43659e-05 0.00103712
7.94586e-10 7.38436e-05 0.0010437
7.94688e-10 7.33104e-05 0.0010489
7.94789e-10 7.2771e-05 0.00105268
7.9489e-10 7.22299e-05 0.00105503
7.94991e-10 7.16919e-05 0.00105594
7.95093e-10 7.11619e-05 0.00105541
7.95194e-10 7.06447e-05 0.00105344
7.95295e-10 7.01452e-05 0.00105005
7.95396e-10 6.96684e-05 0.00104524
7.95498e-10 6.9219e-05 0.00103904
7.95599e-10 6.88019e-05 0.00103149
7.957e-10 6.84218e-05 0.00102261
7.95802e-10 6.80833e-05 0.00101246
7.95903e-10 6.77909e-05 0.00100108
7.96004e-10 6.75488e-05 0.00098853
7.96105e-10 6.73613e-05 0.000974869
7.96207e-10 6.72322e-05 0.000960167
7.96308e-10 6.71653e-05 0.000944497
7.96409e-10 6.7164e-05 0.000927939
7.9651e-10 6.72313e-05 0.000910576
7.96612e-10 6.73703e-05 0.000892498
7.96713e-10 6.75834e-05 0.000873799
7.96814e-10 6.78728e-05 0.000854577
7.96915e-10 6.82404e-05 0.000834933
7.97017e-10 6.86877e-05 0.000814972
7.97118e-10 6.92158e-05 0.000794803
7.97219e-10 6.98254e-05 0.000774535
7.97321e-10 7.05168e-05 0.000754283
7.97422e-10 7.12899e-05 0.00073416
7.97523e-10 7.21441e-05 0.000714281
7.97624e-10 7.30787e-05 0.000694764
7.97726e-10 7.40921e-05 0.000675725
7.97827e-10 7.51827e-05 0.000657279
7.97928e-10 7.63481e-05 0.000639542
7.98029e-10 7.75859e-05 0.000622628
7.98131e-10 7.88929e-05 0.000606649
7.98232e-10 8.02658e-05 0.000591715
7.98333e-10 8.17007e-05 0.000577933
7.98435e-10 8.31934e-05 0.000565406
7.98536e-10 8.47394e-05 0.000554235
7.98637e-10 8.63339e-05 0.000544513
7.98738e-10 8.79715e-05 0.000536333
7.9884e-10 8.96468e-05 0.000529779
7.98941e-10 9.1354e-05 0.000524931
7.99042e-10 9.3087e-05 0.000521862
7.99143e-10 9.48396e-05 0.00052064
7.99245e-10 9.66052e-05 0.000521325
7.99346e-10 9.83773e-05 0.000523968
7.99447e-10 0.000100149 0.000528617
7.99548e-10 0.000101914 0.000535308
7.9965e-10 0.000103664 0.00054407
7.99751e-10 0.000105394 0.000554925
7.99852e-10 0.000107095 0.000567885
7.99954e-10 0.000108761 0.000582954
8.00055e-10 0.000110385 0.000600127
8.00156e-10 0.000111961 0.000619389
8.00257e-10 0.000113481 0.000640718
8.00359e-10 0.000114939 0.000664082
8.0046e-10 0.000116329 0.000689439
8.00561e-10 0.000117645 0.00071674
8.00662e-10 0.000118882 0.000745926
8.00764e-10 0.000120033 0.000776928
8.00865e-10 0.000121094 0.000809672
8.00966e-10 0.000122061 0.000844072
8.01068e-10 0.000122928 0.000880037
8.01169e-10 0.000123693 0.000917465
8.0127e-10 0.000124351 0.000956249
8.01371e-10 0.000124901 0.000996275
8.01473e-10 0.000125339 0.00103742
8.01574e-10 0.000125664 0.00107956
8.01675e-10 0.000125875 0.00112255
8.01776e-10 0.000125971 0.00116626
8.01878e-10 0.000125953 0.00121055
8.01979e-10 0.00012582 0.00125527
8.0208e-10 0.000125573 0.00130026
8.02182e-10 0.000125215 0.00134537
8.02283e-10 0.000124749 0.00139044
8.02384e-10 0.000124176 0.00143532
8.02485e-10 0.0001235 0.00147985
8.02587e-10 0.000122727 0.00152385
8.02688e-10 0.00012186 0.00156718
8.02789e-10 0.000120904 0.00160967
8.0289e-10 0.000119867 0.00165117
8.02992e-10 0.000118754 0.00169152
8.03093e-10 0.000117572 0.00173057
8.03194e-10 0.000116328 0.00176816
8.03295e-10 0.000115032 0.00180416
8.03397e-10 0.00011369 0.00183842
8.03498e-10 0.000112312 0.00187081
8.03599e-10 0.000110907 0.00190121
8.03701e-10 0.000109484 0.00192949
8.03802e-10 0.000108054 0.00195554
8.03903e-10 0.000106625 0.00197925
8.04004e-10 0.000105209 0.00200054
8.04106e-10 0.000103815 0.00201931
8.04207e-10 0.000102454 0.00203548
8.04308e-10 0.000101137 0.002049
8.04409e-10 9.98736e-05 0.00205981
8.04511e-10 9.86743e-05 0.00206786
8.04612e-10 9.75496e-05 0.00207312
8.04713e-10 9.65096e-05 0.00207556
8.04815e-10 9.55642e-05 0.0020752
8.04916e-10 9.47231e-05 0.00207201
8.05017e-10 9.39955e-05 0.00206603
8.05118e-10 9.33905e-05 0.00205728
8.0522e-10 9.29165e-05 0.00204581
8.05321e-10 9.25816e-05 0.00203166
8.05422e-10 9.23934e-05 0.00201491
8.05523e-10 9.23588e-05 0.00199564
8.05625e-10 9.24842e-05 0.00197393
8.05726e-10 9.27753e-05 0.0019499
8.05827e-10 9.3237e-05 0.00192366
8.05929e-10 9.38736e-05 0.00189534
8.0603e-10 9.46886e-05 0.00186508
8.06131e-10 9.56848e-05 0.00183304
8.06232e-10 9.68639e-05 0.00179937
8.06334e-10 9.82269e-05 0.00176424
8.06435e-10 9.9774e-05 0.00172784
8.06536e-10 0.000101504 0.00169036
8.06637e-10 0.000103416 0.001652
8.06739e-10 0.000105507 0.00161296
8.0684e-10 0.000107774 0.00157346
8.06941e-10 0.000110211 0.00153371
8.07042e-10 0.000112814 0.00149394
8.07144e-10 0.000115577 0.00145438
8.07245e-10 0.000118492 0.00141526
8.07346e-10 0.000121551 0.00137682
8.07448e-10 0.000124745 0.00133929
8.07549e-10 0.000128065 0.00130291
8.0765e-10 0.0001315 0.00126791
8.07751e-10 0.000135038 0.00123453
8.07853e-10 0.000138668 0.00120301
8.07954e-10 0.000142377 0.00117358
8.08055e-10 0.000146152 0.00114645
8.08156e-10 0.000149978 0.00112185
8.08258e-10 0.000153842 0.0011
8.08359e-10 0.000157728 0.0010811
8.0846e-10 0.000161621 0.00106535
8.08562e-10 0.000165506 0.00105295
8.08663e-10 0.000169366 0.00104406
8.08764e-10 0.000173186 0.00103886
8.08865e-10 0.000176949 0.0010375
8.08967e-10 0.000180639 0.00104013
8.09068e-10 0.00018424 0.00104688
8.09169e-10 0.000187736 0.00105786
8.0927e-10 0.00019111 0.00107318
8.09372e-10 0.000194348 0.00109291
8.09473e-10 0.000197434 0.00111714
8.09574e-10 0.000200353 0.00114591
8.09676e-10 0.000203091 0.00117925
8.09777e-10 0.000205634 0.00121719
8.09878e-10 0.000207969 0.00125971
8.09979e-10 0.000210085 0.00130682
8.10081e-10 0.000211968 0.00135845
8.10182e-10 0.000213609 0.00141457
8.10283e-10 0.000214999 0.00147509
8.10384e-10 0.000216128 0.00153992
8.10486e-10 0.000216989 0.00160894
8.10587e-10 0.000217576 0.00168203
8.10688e-10 0.000217883 0.00175903
8.10789e-10 0.000217907 0.00183978
8.10891e-10 0.000217646 0.00192409
8.10992e-10 0.000217097 0.00201176
8.11093e-10 0.000216262 0.00210257
8.11195e-10 0.000215141 0.00219628
8.11296e-10 0.000213737 0.00229265
8.11397e-10 0.000212055 0.00239141
8.11498e-10 0.0002101 0.00249228
8.116e-10 0.000207881 0.00259496
8.11701e-10 0.000205405 0.00269917
8.11802e-10 0.000202682 0.00280457
8.11903e-10 0.000199724 0.00291086
8.12005e-10 0.000196544 0.0030177
8.12106e-10 0.000193156 0.00312474
8.12207e-10 0.000189576 0.00323165
8.12309e-10 0.000185819 0.00333808
8.1241e-10 0.000181906 0.00344368
8.12511e-10 0.000177853 0.00354808
8.12612e-10 0.000173682 0.00365094
8.12714e-10 0.000169414 0.00375191
8.12815e-10 0.000165071 0.00385063
8.12916e-10 0.000160676 0.00394676
8.13017e-10 0.000156252 0.00403996
8.13119e-10 0.000151825 0.00412988
8.1322e-10 0.000147418 0.00421622
8.13321e-10 0.000143058 0.00429866
8.13422e-10 0.000138771 0.00437688
8.13524e-10 0.000134581 0.00445061
8.13625e-10 0.000130516 0.00451956
8.13726e-10 0.000126601 0.00458348
8.13828e-10 0.000122863 0.00464212
8.13929e-10 0.000119326 0.00469527
8.1403e-10 0.000116017 0.00474271
8.14131e-10 0.000112961 0.00478427
8.14233e-10 0.000110181 0.00481978
8.14334e-10 0.000107702 0.00484912
8.14435e-10 0.000105545 0.00487216
8.14536e-10 0.000103733 0.00488881
8.14638e-10 0.000102285 0.00489903
8.14739e-10 0.000101223 0.00490277
8.1484e-10 0.000100562 0.00490002
8.14942e-10 0.000100321 0.00489081
8.15043e-10 0.000100513 0.00487519
8.15144e-10 0.000101152 0.00485323
8.15245e-10 0.000102251 0.00482504
8.15347e-10 0.000103818 0.00479077
8.15448e-10 0.000105862 0.00475057
8.15549e-10 0.000108388 0.00470464
8.1565e-10 0.0001114 0.0046532
8.15752e-10 0.0001149 0.00459651
8.15853e-10 0.000118888 0.00453484
8.15954e-10 0.00012336 0.00446851
8.16056e-10 0.000128313 0.00439784
8.16157e-10 0.000133738 0.0043232
8.16258e-10 0.000139627 0.00424498
8.16359e-10 0.000145967 0.00416358
8.16461e-10 0.000152745 0.00407943
8.16562e-10 0.000159945 0.00399299
8.16663e-10 0.000167548 0.00390472
8.16764e-10 0.000175534 0.00381513
8.16866e-10 0.00018388 0.00372471
8.16967e-10 0.000192561 0.003634
8.17068e-10 0.00020155 0.00354353
8.17169e-10 0.000210819 0.00345384
8.17271e-10 0.000220338 0.0033655
8.17372e-10 0.000230074 0.00327906
8.17473e-10 0.000239993 0.0031951
8.17575e-10 0.00025006 0.0031142
8.17676e-10 0.000260238 0.00303692
8.17777e-10 0.00027049 0.00296384
8.17878e-10 0.000280776 0.00289552
8.1798e-10 0.000291056 0.00283254
8.18081e-10 0.000301291 0.00277543
8.18182e-10 0.000311438 0.00272476
8.18283e-10 0.000321456 0.00268104
8.18385e-10 0.000331303 0.0026448
8.18486e-10 0.000340937 0.00261652
8.18587e-10 0.000350315 0.00259669
8.18689e-10 0.000359397 0.00258576
8.1879e-10 0.000368141 0.00258416
8.18891e-10 0.000376506 0.0025923
8.18992e-10 0.000384454 0.00261053
8.19094e-10 0.000391944 0.00263922
8.19195e-10 0.000398941 0.00267866
8.19296e-10 0.000405407 0.00272913
8.19397e-10 0.000411309 0.00279087
8.19499e-10 0.000416615 0.00286409
8.196e-10 0.000421292 0.00294893
8.19701e-10 0.000425314 0.00304552
8.19803e-10 0.000428654 0.00315393
8.19904e-10 0.000431288 0.0032742
8.20005e-10 0.000433196 0.00340631
8.20106e-10 0.000434358 0.00355021
8.20208e-10 0.000434759 0.00370579
8.20309e-10 0.000434387 0.00387291
8.2041e-10 0.000433232 0.00405137
8.20511e-10 0.000431289 0.00424093
8.20613e-10 0.000428553 0.00444129
8.20714e-10 0.000425027 0.00465212
8.20815e-10 0.000420712 0.00487304
8.20916e-10 0.000415618 0.00510362
8.21018e-10 0.000409753 0.00534339
8.21119e-10 0.000403134 0.00559183
8.2122e-10 0.000395777 0.0058484
8.21322e-10 0.000387704 0.00611248
8.21423e-10 0.00037894 0.00638345
8.21524e-10 0.000369514 0.00666062
8.21625e-10 0.000359456 0.0069433
8.21727e-10 0.000348802 0.00723073
8.21828e-10 0.00033759 0.00752215
8.21929e-10 0.000325861 0.00781675
8.2203e-10 0.000313661 0.00811371
8.22132e-10 0.000301036 0.00841217
8.22233e-10 0.000288038 0.00871127
8.22334e-10 0.000274718 0.00901012
8.22436e-10 0.000261132 0.00930782
8.22537e-10 0.000247338 0.00960347
8.22638e-10 0.000233395 0.00989615
8.22739e-10 0.000219366 0.0101849
8.22841e-10 0.000205314 0.0104689
8.22942e-10 0.000191304 0.0107472
8.23043e-10 0.000177403 0.0110188
8.23144e-10 0.000163677 0.0112829
8.23246e-10 0.000150196 0.0115386
8.23347e-10 0.000137027 0.0117851
8.23448e-10 0.000124242 0.0120215
8.2355e-10 0.000111908 0.012247
8.23651e-10 0.000100096 0.0124609
8.23752e-10 8.88747e-05 0.0126623
8.23853e-10 7.8312e-05 0.0128507
8.23955e-10 6.84757e-05 0.0130253
8.24056e-10 5.94324e-05 0.0131855
8.24157e-10 5.12473e-05 0.0133308
8.24258e-10 4.39838e-05 0.0134607
8.2436e-10 3.77039e-05 0.0135747
8.24461e-10 3.24673e-05 0.0136725
8.24562e-10 2.83314e-05 0.0137536
8.24663e-10 2.53514e-05 0.0138179
8.24765e-10 2.35795e-05 0.013865
8.24866e-10 2.30653e-05 0.0138951
8.24967e-10 2.38552e-05 0.0139078
8.25069e-10 2.59924e-05 0.0139033
8.2517e-10 2.95167e-05 0.0138817
8.25271e-10 3.44643e-05 0.013843
8.25372e-10 4.08678e-05 0.0137877
8.25474e-10 4.87558e-05 0.0137159
8.25575e-10 5.81531e-05 0.013628
8.25676e-10 6.90805e-05 0.0135247
8.25777e-10 8.15543e-05 0.0134063
8.25879e-10 9.5587e-05 0.0132735
8.2598e-10 0.000111187 0.0131271
8.26081e-10 0.000128356 0.0129677
8.26183e-10 0.000147096 0.0127964
8.26284e-10 0.0001674 0.0126139
8.26385e-10 0.00018926 0.0124213
8.26486e-10 0.00021266 0.0122196
8.26588e-10 0.000237582 0.0120099
8.26689e-10 0.000264004 0.0117935
8.2679e-10 0.000291898 0.0115716
8.26891e-10 0.000321232 0.0113454
8.26993e-10 0.000351971 0.0111164
8.27094e-10 0.000384075 0.0108859
8.27195e-10 0.000417498 0.0106552
8.27296e-10 0.000452193 0.010426
8.27398e-10 0.000488107 0.0101997
8.27499e-10 0.000525184 0.00997771
8.276e-10 0.000563363 0.0097617
8.27702e-10 0.000602581 0.00955319
8.27803e-10 0.000642771 0.00935374
8.27904e-10 0.00068386 0.0091649
8.28005e-10 0.000725775 0.00898824
8.28107e-10 0.000768439 0.0088253
8.28208e-10 0.00081177 0.00867761
8.28309e-10 0.000855684 0.00854668
8.2841e-10 0.000900096 0.00843399
8.28512e-10 0.000944915 0.00834099
8.28613e-10 0.000990049 0.00826905
8.28714e-10 0.0010354 0.00821955
8.28816e-10 0.00108088 0.00819377
8.28917e-10 0.00112639 0.00819294
8.29018e-10 0.00117181 0.00821822
8.29119e-10 0.00121706 0.00827072
8.29221e-10 0.00126202 0.00835143
8.29322e-10 0.0013066 0.00846129
8.29423e-10 0.00135067 0.00860112
8.29524e-10 0.00139413 0.00877166
8.29626e-10 0.00143687 0.00897357
8.29727e-10 0.00147877 0.00920736
8.29828e-10 0.00151974 0.00947346
8.2993e-10 0.00155964 0.00977218
8.30031e-10 0.00159837 0.0101037
8.30132e-10 0.00163581 0.0104682
8.30233e-10 0.00167185 0.0108654
8.30335e-10 0.00170637 0.0112954
8.30436e-10 0.00173927 0.0117577
8.30537e-10 0.00177041 0.012252
8.30638e-10 0.0017997 0.0127777
8.3074e-10 0.00182703 0.0133341
8.30841e-10 0.00185227 0.0139205
8.30942e-10 0.00187533 0.0145358
8.31043e-10 0.0018961 0.0151791
8.31145e-10 0.00191447 0.0158491
8.31246e-10 0.00193035 0.0165446
8.31347e-10 0.00194364 0.0172641
8.31449e-10 0.00195425 0.0180061
8.3155e-10 0.00196209 0.018769
8.31651e-10 0.00196707 0.0195511
8.31752e-10 0.00196913 0.0203504
8.31854e-10 0.00196819 0.021165
8.31955e-10 0.0019642 0.0219929
8.32056e-10 0.00195708 0.0228321
8.32157e-10 0.00194681 0.0236803
8.32259e-10 0.00193333 0.0245353
8.3236e-10 0.00191664 0.0253947
8.32461e-10 0.0018967 0.0262563
8.32563e-10 0.00187352 0.0271177
8.32664e-10 0.00184711 0.0279763
8.32765e-10 0.00181748 0.0288298
8.32866e-10 0.00178468 0.0296757
8.32968e-10 0.00174876 0.0305116
8.33069e-10 0.0017098 0.0313349
8.3317e-10 0.00166787 0.0321434
8.33271e-10 0.00162309 0.0329344
8.33373e-10 0.00157558 0.0337058
8.33474e-10 0.00152549 0.0344551
8.33575e-10 0.00147298 0.0351801
8.33677e-10 0.00141826 0.0358787
8.33778e-10 0.00136153 0.0365486
8.33879e-10 0.00130303 0.037188
8.3398e-10 0.00124303 0.0377948
8.34082e-10 0.00118182 0.0383673
8.34183e-10 0.0011197 0.0389038
8.34284e-10 0.00105704 0.0394027
8.34385e-10 0.00099419 0.0398626
8.34487e-10 0.00093156 0.0402823
8.34588e-10 0.000869575 0.0406605
8.34689e-10 0.000808692 0.0409963
8.3479e-10 0.000749395 0.041289
8.34892e-10 0.000692198 0.0415378
8.34993e-10 0.000637643 0.0417424
8.35094e-10 0.000586299 0.0419024
8.35196e-10 0.000538763 0.0420178
8.35297e-10 0.00049566 0.0420886
8.35398e-10 0.000457636 0.0421152
8.35499e-10 0.000425366 0.042098
8.35601e-10 0.000399546 0.0420377
8.35702e-10 0.000380893 0.041935
8.35803e-10 0.000370144 0.0417912
8.35904e-10 0.000368054 0.0416073
8.36006e-10 0.000375391 0.0413849
8.36107e-10 0.000392939 0.0411254
8.36208e-10 0.000421489 0.0408307
8.3631e-10 0.00046184 0.0405027
8.36411e-10 0.000514795 0.0401435
8.36512e-10 0.000581156 0.0397553
8.36613e-10 0.000661722 0.0393406
8.36715e-10 0.000757285 0.0389018
8.36816e-10 0.000868626 0.0384417
8.36917e-10 0.000996507 0.037963
8.37018e-10 0.00114167 0.0374686
8.3712e-10 0.00130484 0.0369614
8.37221e-10 0.0014867 0.0364446
8.37322e-10 0.00168791 0.0359212
8.37424e-10 0.00190907 0.0353944
8.37525e-10 0.00215077 0.0348675
8.37626e-10 0.0024135 0.0343437
8.37727e-10 0.00269775 0.0338262
8.37829e-10 0.0030039 0.0333183
8.3793e-10 0.0033323 0.0328233
8.38031e-10 0.00368321 0.0323442
8.38132e-10 0.00405681 0.0318844
8.38234e-10 0.00445321 0.0314468
8.38335e-10 0.00487244 0.0310344
8.38436e-10 0.00531442 0.0306503
8.38537e-10 0.00577899 0.0302971
8.38639e-10 0.00626588 0.0299775
8.3874e-10 0.00677473 0.0296941
8.38841e-10 0.00730507 0.0294493
8.38943e-10 0.00785631 0.0292453
8.39044e-10 0.00842778 0.0290842
8.39145e-10 0.00901866 0.0289678
8.39246e-10 0.00962805 0.0288979
8.39348e-10 0.0102549 0.0288758
8.39449e-10 0.0108981 0.0289028
8.3955e-10 0.0115564 0.0289801
8.39651e-10 0.0122283 0.0291083
8.39753e-10 0.0129125 0.0292882
8.39854e-10 0.0136074 0.0295199
8.39955e-10 0.0143112 0.0298038
8.40057e-10 0.0150222 0.0301395
8.40158e-10 0.0157385 0.0305268
8.40259e-10 0.0164581 0.0309651
8.4036e-10 0.017179 0.0314535
8.40462e-10 0.0178991 0.0319909
8.40563e-10 0.0186162 0.0325761
8.40664e-10 0.019328 0.0332075
8.40765e-10 0.0200324 0.0338835
8.40867e-10 0.0207269 0.034602
8.40968e-10 0.0214093 0.035361
8.41069e-10 0.0220772 0.0361581
8.41171e-10 0.0227282 0.0369908
8.41272e-10 0.0233602 0.0378565
8.41373e-10 0.0239707 0.0387524
8.41474e-10 0.0245575 0.0396756
8.41576e-10 0.0251185 0.040623
8.41677e-10 0.0256515 0.0415915
8.41778e-10 0.0261546 0.0425778
8.41879e-10 0.0266258 0.0435786
8.41981e-10 0.0270633 0.0445907
8.42082e-10 0.0274655 0.0456105
8.42183e-10 0.0278309 0.0466348
8.42284e-10 0.0281581 0.04766
8.42386e-10 0.028446 0.0486829
8.42487e-10 0.0286936 0.0497
8.42588e-10 0.0289 0.0507081
8.4269e-10 0.0290649 0.051704
8.42791e-10 0.0291877 0.0526844
8.42892e-10 0.0292685 0.0536465
8.42993e-10 0.0293073 0.0545871
8.43095e-10 0.0293045 0.0555036
8.43196e-10 0.0292607 0.0563932
8.43297e-10 0.0291768 0.0572535
8.43398e-10 0.0290541 0.0580821
8.435e-10 0.0288937 0.0588768
8.43601e-10 0.0286975 0.0596356
8.43702e-10 0.0284672 0.0603566
8.43804e-10 0.0282051 0.0610383
8.43905e-10 0.0279135 0.0616793
8.44006e-10 0.027595 0.0622781
8.44107e-10 0.0272524 0.0628339
8.44209e-10 0.0268887 0.0633457
8.4431e-10 0.0265073 0.0638129
8.44411e-10 0.0261113 0.064235
8.44512e-10 0.0257044 0.0646117
8.44614e-10 0.0252902 0.0649428
8.44715e-10 0.0248725 0.0652285
8.44816e-10 0.0244551 0.0654689
8.44917e-10 0.024042 0.0656644
8.45019e-10 0.0236371 0.0658155
8.4512e-10 0.0232443 0.0659228
8.45221e-10 0.0228675 0.0659871
8.45323e-10 0.0225108 0.0660092
8.45424e-10 0.0221778 0.0659901
8.45525e-10 0.0218723 0.0659308
8.45626e-10 0.0215978 0.0658324
8.45728e-10 0.0213579 0.0656961
8.45829e-10 0.0211556 0.0655229
8.4593e-10 0.0209941 0.0653141
8.46031e-10 0.0208761 0.0650708
8.46133e-10 0.0208041 0.0647944
8.46234e-10 0.0207804 0.0644859
8.46335e-10 0.0208069 0.0641465
8.46437e-10 0.0208852 0.0637773
8.46538e-10 0.0210167 0.0633795
8.46639e-10 0.0212021 0.0629539
8.4674e-10 0.0214422 0.0625015
8.46842e-10 0.0217371 0.0620233
8.46943e-10 0.0220867 0.06152
8.47044e-10 0.0224905 0.0609923
8.47145e-10 0.0229474 0.0604409
8.47247e-10 0.0234564 0.0598664
8.47348e-10 0.0240157 0.0592691
8.47449e-10 0.0246235 0.0586496
8.47551e-10 0.0252774 0.0580082
8.47652e-10 0.0259748 0.0573451
8.47753e-10 0.0267128 0.0566604
8.47854e-10 0.0274884 0.0559545
8.47956e-10 0.0282981 0.0552273
8.48057e-10 0.0291383 0.054479
8.48158e-10 0.0300052 0.0537096
8.48259e-10 0.030895 0.052919
8.48361e-10 0.0318035 0.0521074
8.48462e-10 0.0327267 0.0512747
8.48563e-10 0.0336604 0.050421
8.48664e-10 0.0346004 0.0495465
8.48766e-10 0.0355426 0.0486511
8.48867e-10 0.0364829 0.0477352
8.48968e-10 0.0374175 0.0467989
8.4907e-10 0.0383425 0.0458427
8.49171e-10 0.0392542 0.044867
8.49272e-10 0.0401492 0.0438722
8.49373e-10 0.0410243 0.0428591
8.49475e-10 0.0418767 0.0418285
8.49576e-10 0.0427036 0.0407811
8.49677e-10 0.0435027 0.0397182
8.49778e-10 0.0442721 0.0386407
8.4988e-10 0.0450101 0.03755
8.49981e-10 0.0457154 0.0364475
8.50082e-10 0.0463871 0.0353347
8.50184e-10 0.0470245 0.0342134
8.50285e-10 0.0476276 0.0330853
8.50386e-10 0.0481964 0.0319523
8.50487e-10 0.0487316 0.0308165
8.50589e-10 0.0492338 0.02968
8.5069e-10 0.0497044 0.028545
8.50791e-10 0.0501448 0.0274138
8.50892e-10 0.0505567 0.0262886
8.50994e-10 0.0509422 0.0251719
8.51095e-10 0.0513034 0.024066
8.51196e-10 0.0516429 0.0229735
8.51298e-10 0.051963 0.0218966
8.51399e-10 0.0522666 0.0208377
8.515e-10 0.0525563 0.0197993
8.51601e-10 0.052835 0.0187834
8.51703e-10 0.0531054 0.0177925
8.51804e-10 0.0533702 0.0168284
8.51905e-10 0.0536321 0.0158933
8.52006e-10 0.0538935 0.0149888
8.52108e-10 0.0541569 0.0141169
8.52209e-10 0.0544244 0.0132789
8.5231e-10 0.0546979 0.0124762
8.52411e-10 0.054979 0.01171
8.52513e-10 0.055269 0.0109813
8.52614e-10 0.0555691 0.0102909
8.52715e-10 0.0558797 0.00963938
8.52817e-10 0.0562013 0.00902705
8.52918e-10 0.0565337 0.00845408
8.53019e-10 0.0568765 0.00792041
8.5312e-10 0.0572288 0.00742577
8.53222e-10 0.0575893 0.00696967
8.53323e-10 0.0579564 0.00655142
8.53424e-10 0.058328 0.00617014
8.53525e-10 0.0587016 0.00582477
8.53627e-10 0.0590746 0.00551405
8.53728e-10 0.0594437 0.0052366
8.53829e-10 0.0598055 0.00499085
8.53931e-10 0.0601562 0.00477511
8.54032e-10 0.060492 0.0045876
8.54133e-10 0.0608086 0.00442639
8.54234e-10 0.0611015 0.00428952
8.54336e-10 0.0613664 0.00417493
8.54437e-10 0.0615985 0.00408053
8.54538e-10 0.0617933 0.00400421
8.54639e-10 0.0619459 0.00394383
8.54741e-10 0.0620518 0.00389728
8.54842e-10 0.0621065 0.00386248
8.54943e-10 0.0621054 0.00383739
8.55045e-10 0.0620444 0.00382002
8.55146e-10 0.0619195 0.00380847
8.55247e-10 0.0617268 0.00380094
8.55348e-10 0.0614629 0.00379572
8.5545e-10 0.0611247 0.00379121
8.55551e-10 0.0607095 0.00378595
8.55652e-10 0.0602149 0.00377861
8.55753e-10 0.0596391 0.00376799
8.55855e-10 0.0589807 0.00375304
8.55956e-10 0.0582386 0.00373286
8.56057e-10 0.0574126 0.0037067
8.56158e-10 0.0565027 0.00367395
8.5626e-10 0.0555095 0.00363416
8.56361e-10 0.0544342 0.00358702
8.56462e-10 0.0532785 0.00353235
8.56564e-10 0.0520445 0.00347012
8.56665e-10 0.0507352 0.0034004
8.56766e-10 0.0493536 0.0033234
8.56867e-10 0.0479035 0.00323943
8.56969e-10 0.0463892 0.0031489
8.5707e-10 0.0448153 0.00305229
8.57171e-10 0.0431869 0.00295019
8.57272e-10 0.0415094 0.0028432
8.57374e-10 0.0397887 0.00273202
8.57475e-10 0.0380308 0.00261737
8.57576e-10 0.0362423 0.00249998
8.57678e-10 0.0344298 0.00238063
8.57779e-10 0.0326 0.00226007
8.5788e-10 0.0307602 0.00213905
8.57981e-10 0.0289173 0.00201832
8.58083e-10 0.0270785 0.00189859
8.58184e-10 0.0252512 0.00178053
8.58285e-10 0.0234425 0.00166478
8.58386e-10 0.0216596 0.00155192
8.58488e-10 0.0199095 0.00144248
8.58589e-10 0.0181992 0.00133694
8.5869e-10 0.0165355 0.00123569
8.58791e-10 0.0149248 0.0011391
8.58893e-10 0.0133735 0.00104744
8.58994e-10 0.0118876 0.000960921
8.59095e-10 0.0104728 0.000879708
8.59197e-10 0.0091346 0.000803894
8.59298e-10 0.00787795 0.000733514
8.59399e-10 0.00670754 0.000668553
8.595e-10 0.00562768 0.000608948
8.59602e-10 0.00464222 0.000554593
8.59703e-10 0.00375465 0.000505343
8.59804e-10 0.002968 0.000461026
8.59905e-10 0.00228488 0.000421445
8.60007e-10 0.00170748 0.000386388
8.60108e-10 0.00123753 0.000355632
8.60209e-10 0.000876342 0.000328954
8.60311e-10 0.000624812 0.000306135
8.60412e-10 0.000483401 0.000286965
8.60513e-10 0.000452163 0.000271256
8.60614e-10 0.000530754 0.00025884
8.60716e-10 0.000718438 0.000249579
8.60817e-10 0.00101411 0.00024337
8.60918e-10 0.0014163 0.000240146
8.61019e-10 0.0019232 0.000239883
8.61121e-10 0.00253268 0.000242597
8.61222e-10 0.0032423 0.000248353
8.61323e-10 0.00404933 0.000257262
8.61425e-10 0.00495079 0.000269479
8.61526e-10 0.00594343 0.000285208
8.61627e-10 0.00702379 0.000304695
8.61728e-10 0.0081882 0.000328231
8.6183e-10 0.0094328 0.000356143
8.61931e-10 0.0107536 0.000388797
8.62032e-10 0.0121463 0.000426589
8.62133e-10 0.0136068 0.000469942
8.62235e-10 0.0151305 0.000519302
8.62336e-10 0.016713 0.00057513
8.62437e-10 0.0183498 0.000637898
8.62538e-10 0.0200361 0.000708081
8.6264e-10 0.0217674 0.000786155
8.62741e-10 0.023539 0.000872584
8.62842e-10 0.025346 0.00096782
8.62944e-10 0.027184 0.00107229
8.63045e-10 0.0290481 0.00118641
8.63146e-10 0.0309338 0.00131053
8.63247e-10 0.0328364 0.001445
8.63349e-10 0.0347515 0.00159011
8.6345e-10 0.0366745 0.00174609
8.63551e-10 0.038601 0.00191314
8.63652e-10 0.0405267 0.0020914
8.63754e-10 0.0424474 0.00228095
8.63855e-10 0.0443589 0.0024818
8.63956e-10 0.0462573 0.00269392
8.64058e-10 0.0481385 0.0029172
8.64159e-10 0.0499988 0.00315146
8.6426e-10 0.0518345 0.00339649
8.64361e-10 0.053642 0.00365198
8.64463e-10 0.0554179 0.00391759
8.64564e-10 0.0571588 0.0041929
8.64665e-10 0.0588615 0.00447744
8.64766e-10 0.0605231 0.0047707
8.64868e-10 0.0621405 0.0050721
8.64969e-10 0.0637109 0.00538102
8.6507e-10 0.0652318 0.00569681
8.65172e-10 0.0667005 0.00601877
8.65273e-10 0.0681146 0.00634617
8.65374e-10 0.0694719 0.00667825
8.65475e-10 0.0707702 0.00701424
8.65577e-10 0.0720075 0.00735334
8.65678e-10 0.0731819 0.00769472
8.65779e-10 0.0742915 0.00803758
8.6588e-10 0.0753349 0.0083811
8.65982e-10 0.0763103 0.00872444
8.66083e-10 0.0772165 0.00906678
8.66184e-10 0.0780521 0.00940734
8.66285e-10 0.0788159 0.0097453
8.66387e-10 0.0795069 0.0100799
8.66488e-10 0.0801241 0.0104104
8.66589e-10 0.0806667 0.010736
8.66691e-10 0.081134 0.011056
8.66792e-10 0.0815254 0.0113699
8.66893e-10 0.0818404 0.0116768
8.66994e-10 0.0820786 0.0119763
8.67096e-10 0.0822399 0.0122677
8.67197e-10 0.082324 0.0125506
8.67298e-10 0.082331 0.0128243
8.67399e-10 0.0822611 0.0130885
8.67501e-10 0.0821144 0.0133427
8.67602e-10 0.0818915 0.0135865
8.67703e-10 0.0815928 0.0138196
8.67805e-10 0.0812191 0.0140417
8.67906e-10 0.0807711 0.0142526
8.68007e-10 0.08025 0.0144519
8.68108e-10 0.0796568 0.0146395
8.6821e-10 0.0789928 0.0148152
8.68311e-10 0.0782597 0.014979
8.68412e-10 0.077459 0.0151307
8.68513e-10 0.0765925 0.0152704
8.68615e-10 0.0756625 0.0153979
8.68716e-10 0.074671 0.0155134
8.68817e-10 0.0736204 0.0156169
8.68919e-10 0.0725135 0.0157085
8.6902e-10 0.0713531 0.0157883
8.69121e-10 0.0701421 0.0158565
8.69222e-10 0.0688838 0.0159134
8.69324e-10 0.0675817 0.0159592
8.69425e-10 0.0662393 0.0159942
8.69526e-10 0.0648606 0.0160187
8.69627e-10 0.0634495 0.0160331
8.69729e-10 0.0620104 0.0160378
8.6983e-10 0.0605476 0.0160332
8.69931e-10 0.0590657 0.01602
8.70032e-10 0.0575696 0.0159985
8.70134e-10 0.0560643 0.0159694
8.70235e-10 0.0545548 0.0159334
8.70336e-10 0.0530464 0.0158911
8.70438e-10 0.0515445 0.0158432
8.70539e-10 0.0500547 0.0157906
8.7064e-10 0.0485825 0.0157341
8.70741e-10 0.0471337 0.0156747
8.70843e-10 0.0457141 0.0156131
8.70944e-10 0.0443296 0.0155505
8.71045e-10 0.0429859 0.0154878
8.71146e-10 0.0416889 0.0154263
8.71248e-10 0.0404446 0.015367
8.71349e-10 0.0392587 0.0153112
8.7145e-10 0.0381371 0.0152601
8.71552e-10 0.0370854 0.0152151
8.71653e-10 0.0361091 0.0151775
8.71754e-10 0.0352138 0.0151486
8.71855e-10 0.0344047 0.01513
8.71957e-10 0.0336869 0.0151231
8.72058e-10 0.0330654 0.0151295
8.72159e-10 0.0325448 0.0151506
8.7226e-10 0.0321295 0.0151881
8.72362e-10 0.0318236 0.0152435
8.72463e-10 0.031631 0.0153185
8.72564e-10 0.0315552 0.0154147
8.72665e-10 0.0315993 0.0155336
8.72767e-10 0.0317661 0.0156769
8.72868e-10 0.032058 0.0158462
8.72969e-10 0.0324771 0.0160431
8.73071e-10 0.0330248 0.0162692
8.73172e-10 0.0337023 0.016526
8.73273e-10 0.0345103 0.0168149
8.73374e-10 0.035449 0.0171374
8.73476e-10 0.0365182 0.0174949
8.73577e-10 0.0377172 0.0178887
8.73678e-10 0.0390447 0.0183201
8.73779e-10 0.0404991 0.0187902
8.73881e-10 0.0420782 0.0193
8.73982e-10 0.0437793 0.0198506
8.74083e-10 0.0455992 0.0204428
8.74185e-10 0.0475344 0.0210774
8.74286e-10 0.0495807 0.021755
8.74387e-10 0.0517336 0.0224761
8.74488e-10 0.0539879 0.023241
8.7459e-10 0.0563383 0.02405
8.74691e-10 0.0587789 0.0249032
8.74792e-10 0.0613034 0.0258004
8.74893e-10 0.0639051 0.0267415
8.74995e-10 0.0665769 0.027726
8.75096e-10 0.0693114 0.0287534
8.75197e-10 0.072101 0.0298229
8.75299e-10 0.0749376 0.0309337
8.754e-10 0.077813 0.0320846
8.75501e-10 0.0807187 0.0332743
8.75602e-10 0.0836458 0.0345016
8.75704e-10 0.0865857 0.0357646
8.75805e-10 0.0895291 0.0370617
8.75906e-10 0.092467 0.038391
8.76007e-10 0.0953901 0.0397502
8.76109e-10 0.0982892 0.0411371
8.7621e-10 0.101155 0.0425493
8.76311e-10 0.103978 0.0439841
8.76412e-10 0.10675 0.0454389
8.76514e-10 0.10946 0.0469106
8.76615e-10 0.112101 0.0483963
8.76716e-10 0.114663 0.0498929
8.76818e-10 0.117138 0.051397
8.76919e-10 0.119518 0.0529053
8.7702e-10 0.121793 0.0544142
8.77121e-10 0.123957 0.0559203
8.77223e-10 0.126002 0.0574199
8.77324e-10 0.127921 0.0589093
8.77425e-10 0.129706 0.0603848
8.77526e-10 0.131352 0.0618424
8.77628e-10 0.132853 0.0632785
8.77729e-10 0.134202 0.0646891
8.7783e-10 0.135396 0.0660705
8.77932e-10 0.136429 0.0674188
8.78033e-10 0.137297 0.0687303
8.78134e-10 0.137997 0.0700012
8.78235e-10 0.138526 0.0712278
8.78337e-10 0.138882 0.0724065
8.78438e-10 0.139062 0.0735338
8.78539e-10 0.139065 0.0746062
8.7864e-10 0.13889 0.0756205
8.78742e-10 0.138538 0.0765735
8.78843e-10 0.138008 0.0774621
8.78944e-10 0.137302 0.0782834
8.79046e-10 0.136421 0.0790348
8.79147e-10 0.135367 0.0797136
8.79248e-10 0.134143 0.0803175
8.79349e-10 0.132752 0.0808444
8.79451e-10 0.131198 0.0812924
8.79552e-10 0.129484 0.0816596
8.79653e-10 0.127617 0.0819447
8.79754e-10 0.1256 0.0821463
8.79856e-10 0.12344 0.0822634
8.79957e-10 0.121143 0.0822954
8.80058e-10 0.118715 0.0822416
8.80159e-10 0.116164 0.0821019
8.80261e-10 0.113496 0.0818763
8.80362e-10 0.11072 0.0815651
8.80463e-10 0.107844 0.0811689
8.80565e-10 0.104876 0.0806884
8.80666e-10 0.101825 0.0801248
8.80767e-10 0.0986988 0.0794795
8.80868e-10 0.0955076 0.0787542
8.8097e-10 0.0922605 0.0779507
8.81071e-10 0.0889668 0.0770713
8.81172e-10 0.0856361 0.0761184
8.81273e-10 0.0822782 0.0750946
8.81375e-10 0.0789026 0.0740029
8.81476e-10 0.0755191 0.0728466
8.81577e-10 0.0721375 0.0716289
8.81679e-10 0.0687675 0.0703536
8.8178e-10 0.0654186 0.0690244
8.81881e-10 0.0621005 0.0676455
8.81982e-10 0.0588225 0.066221
8.82084e-10 0.0555938 0.0647553
8.82185e-10 0.0524234 0.063253
8.82286e-10 0.0493203 0.0617189
8.82387e-10 0.0462929 0.0601577
8.82489e-10 0.0433496 0.0585745
8.8259e-10 0.0404985 0.0569742
8.82691e-10 0.0377471 0.0553622
8.82793e-10 0.0351028 0.0537436
8.82894e-10 0.0325726 0.0521237
8.82995e-10 0.0301632 0.0505079
8.83096e-10 0.0278807 0.0489014
8.83198e-10 0.0257309 0.0473098
8.83299e-10 0.023719 0.0457382
8.834e-10 0.0218502 0.0441922
8.83501e-10 0.0201286 0.0426768
8.83603e-10 0.0185584 0.0411974
8.83704e-10 0.0171429 0.039759
8.83805e-10 0.0158852 0.0383668
8.83906e-10 0.0147877 0.0370256
8.84008e-10 0.0138525 0.0357403
8.84109e-10 0.013081 0.0345154
8.8421e-10 0.0124741 0.0333555
8.84312e-10 0.0120324 0.0322649
8.84413e-10 0.0117559 0.0312477
8.84514e-10 0.0116439 0.0303079
8.84615e-10 0.0116955 0.029449
8.84717e-10 0.0119092 0.0286747
8.84818e-10 0.012283 0.0279881
8.84919e-10 0.0128144 0.0273921
8.8502e-10 0.0135006 0.0268896
8.85122e-10 0.0143381 0.0264829
8.85223e-10 0.0153232 0.0261742
8.85324e-10 0.0164517 0.0259654
8.85426e-10 0.017719 0.0258579
8.85527e-10 0.01912 0.0258532
8.85628e-10 0.0206495 0.025952
8.85729e-10 0.0223018 0.0261552
8.85831e-10 0.0240707 0.0264629
8.85932e-10 0.0259501 0.0268752
8.86033e-10 0.0279332 0.0273917
8.86134e-10 0.0300132 0.0280119
8.86236e-10 0.032183 0.0287348
8.86337e-10 0.0344352 0.029559
8.86438e-10 0.0367624 0.0304831
8.8654e-10 0.0391568 0.0315052
8.86641e-10 0.0416107 0.0326229
8.86742e-10 0.044116 0.0338339
8.86843e-10 0.0466647 0.0351352
8.86945e-10 0.0492488 0.036524
8.87046e-10 0.0518599 0.0379967
8.87147e-10 0.0544901 0.0395498
8.87248e-10 0.057131 0.0411793
8.8735e-10 0.0597746 0.0428812
8.87451e-10 0.0624127 0.0446512
8.87552e-10 0.0650374 0.0464845
8.87653e-10 0.0676407 0.0483764
8.87755e-10 0.0702148 0.050322
8.87856e-10 0.072752 0.052316
8.87957e-10 0.0752449 0.0543532
8.88059e-10 0.0776862 0.056428
8.8816e-10 0.0800687 0.0585348
8.88261e-10 0.0823856 0.060668
8.88362e-10 0.0846301 0.0628217
8.88464e-10 0.0867961 0.0649899
8.88565e-10 0.0888772 0.0671668
8.88666e-10 0.0908677 0.0693462
8.88767e-10 0.0927622 0.0715222
8.88869e-10 0.0945553 0.0736887
8.8897e-10 0.0962422 0.0758396
8.89071e-10 0.0978184 0.0779689
8.89173e-10 0.0992797 0.0800706
8.89274e-10 0.100622 0.0821388
8.89375e-10 0.101843 0.0841676
8.89476e-10 0.102938 0.0861514
8.89578e-10 0.103905 0.0880845
8.89679e-10 0.104742 0.0899613
8.8978e-10 0.105447 0.0917766
8.89881e-10 0.106018 0.0935251
8.89983e-10 0.106454 0.0952018
8.90084e-10 0.106754 0.0968019
8.90185e-10 0.106919 0.0983209
8.90286e-10 0.106947 0.0997542
8.90388e-10 0.10684 0.101098
8.90489e-10 0.106598 0.102348
8.9059e-10 0.106222 0.1035
8.90692e-10 0.105714 0.104553
8.90793e-10 0.105076 0.105501
8.90894e-10 0.104309 0.106343
8.90995e-10 0.103418 0.107075
8.91097e-10 0.102403 0.107697
8.91198e-10 0.101269 0.108205
8.91299e-10 0.100019 0.108599
8.914e-10 0.0986576 0.108876
8.91502e-10 0.0971878 0.109037
8.91603e-10 0.0956145 0.109081
8.91704e-10 0.0939424 0.109007
8.91806e-10 0.0921762 0.108815
8.91907e-10 0.0903212 0.108506
8.92008e-10 0.0883825 0.108081
8.92109e-10 0.0863659 0.10754
8.92211e-10 0.0842769 0.106886
8.92312e-10 0.0821214 0.106119
8.92413e-10 0.0799054 0.105242
8.92514e-10 0.0776351 0.104258
8.92616e-10 0.0753167 0.103168
8.92717e-10 0.0729566 0.101977
8.92818e-10 0.0705612 0.100686
8.9292e-10 0.0681369 0.0993004
8.93021e-10 0.0656903 0.0978233
8.93122e-10 0.0632279 0.0962588
8.93223e-10 0.0607563 0.0946112
8.93325e-10 0.058282 0.0928852
8.93426e-10 0.0558115 0.0910856
8.93527e-10 0.0533513 0.0892172
8.93628e-10 0.0509078 0.0872854
8.9373e-10 0.0484874 0.0852955
8.93831e-10 0.0460961 0.083253
8.93932e-10 0.0437403 0.0811637
8.94033e-10 0.0414259 0.0790333
8.94135e-10 0.0391587 0.0768679
8.94236e-10 0.0369445 0.0746734
8.94337e-10 0.0347889 0.0724559
8.94439e-10 0.0326972 0.0702218
8.9454e-10 0.0306746 0.0679771
8.94641e-10 0.0287261 0.0657282
8.94742e-10 0.0268564 0.0634814
8.94844e-10 0.0250702 0.0612428
8.94945e-10 0.0233717 0.0590189
8.95046e-10 0.021765 0.0568157
8.95147e-10 0.020254 0.0546395
8.95249e-10 0.0188421 0.0524962
8.9535e-10 0.0175328 0.050392
8.95451e-10 0.016329 0.0483326
8.95553e-10 0.0152334 0.0463238
8.95654e-10 0.0142487 0.0443712
8.95755e-10 0.0133768 0.0424803
8.95856e-10 0.0126198 0.0406562
8.95958e-10 0.0119793 0.0389041
8.96059e-10 0.0114565 0.0372289
8.9616e-10 0.0110524 0.0356352
8.96261e-10 0.0107678 0.0341274
8.96363e-10 0.0106031 0.0327098
8.96464e-10 0.0105585 0.0313862
8.96565e-10 0.0106336 0.0301603
8.96667e-10 0.0108281 0.0290355
8.96768e-10 0.0111412 0.0280149
8.96869e-10 0.011572 0.0271013
8.9697e-10 0.0121189 0.0262973
8.97072e-10 0.0127806 0.0256051
8.97173e-10 0.013555 0.0250264
8.97274e-10 0.01444 0.024563
8.97375e-10 0.0154334 0.0242161
8.97477e-10 0.0165323 0.0239865
8.97578e-10 0.017734 0.0238749
8.97679e-10 0.0190353 0.0238816
8.9778e-10 0.0204328 0.0240064
8.97882e-10 0.021923 0.0242491
8.97983e-10 0.023502 0.0246089
8.98084e-10 0.025166 0.0250847
8.98186e-10 0.0269107 0.0256752
8.98287e-10 0.0287318 0.0263787
8.98388e-10 0.0306247 0.0271932
8.98489e-10 0.0325848 0.0281164
8.98591e-10 0.0346072 0.0291456
8.98692e-10 0.036687 0.0302781
8.98793e-10 0.0388192 0.0315106
8.98894e-10 0.0409984 0.0328397
8.98996e-10 0.0432195 0.0342616
8.99097e-10 0.045477 0.0357724
8.99198e-10 0.0477656 0.0373679
8.993e-10 0.0500797 0.0390435
8.99401e-10 0.0524137 0.0407947
8.99502e-10 0.0547621 0.0426166
8.99603e-10 0.0571192 0.0445041
8.99705e-10 0.0594795 0.046452
8.99806e-10 0.0618373 0.0484549
8.99907e-10 0.064187 0.0505072
9.00008e-10 0.0665231 0.0526032
9.0011e-10 0.06884 0.0547373
9.00211e-10 0.0711323 0.0569034
9.00312e-10 0.0733944 0.0590956
9.00414e-10 0.0756212 0.0613079
9.00515e-10 0.0778074 0.0635342
9.00616e-10 0.0799478 0.0657684
9.00717e-10 0.0820374 0.0680043
9.00819e-10 0.0840712 0.0702359
9.0092e-10 0.0860446 0.0724569
9.01021e-10 0.0879529 0.0746614
9.01122e-10 0.0897916 0.0768432
9.01224e-10 0.0915565 0.0789966
9.01325e-10 0.0932433 0.0811155
9.01426e-10 0.0948482 0.0831943
9.01527e-10 0.0963673 0.0852272
9.01629e-10 0.0977972 0.0872088
9.0173e-10 0.0991345 0.0891338
9.01831e-10 0.100376 0.0909968
9.01933e-10 0.101519 0.0927929
9.02034e-10 0.102561 0.0945173
9.02135e-10 0.103498 0.0961652
9.02236e-10 0.10433 0.0977323
9.02338e-10 0.105054 0.0992145
9.02439e-10 0.105668 0.100608
9.0254e-10 0.106172 0.101908
9.02641e-10 0.106563 0.103112
9.02743e-10 0.10684 0.104218
9.02844e-10 0.107004 0.10522
9.02945e-10 0.107054 0.106118
9.03047e-10 0.106989 0.106909
9.03148e-10 0.10681 0.107591
9.03249e-10 0.106517 0.108161
9.0335e-10 0.106111 0.108619
9.03452e-10 0.105593 0.108964
9.03553e-10 0.104964 0.109194
9.03654e-10 0.104225 0.10931
9.03755e-10 0.103378 0.10931
9.03857e-10 0.102426 0.109195
9.03958e-10 0.10137 0.108965
9.04059e-10 0.100213 0.108622
9.0416e-10 0.0989572 0.108166
9.04262e-10 0.0976063 0.107598
9.04363e-10 0.0961634 0.10692
9.04464e-10 0.0946317 0.106134
9.04566e-10 0.093015 0.105243
9.04667e-10 0.0913172 0.104248
9.04768e-10 0.0895424 0.103152
9.04869e-10 0.0876949 0.101958
9.04971e-10 0.0857791 0.10067
9.05072e-10 0.0837997 0.0992912
9.05173e-10 0.0817616 0.097825
9.05274e-10 0.0796697 0.0962755
9.05376e-10 0.0775293 0.0946468
9.05477e-10 0.0753455 0.0929433
9.05578e-10 0.0731239 0.0911694
9.0568e-10 0.07087 0.08933
9.05781e-10 0.0685894 0.0874297
9.05882e-10 0.0662878 0.0854737
9.05983e-10 0.0639711 0.0834671
9.06085e-10 0.0616451 0.081415
9.06186e-10 0.0593159 0.0793229
9.06287e-10 0.0569894 0.0771961
9.06388e-10 0.0546716 0.0750401
9.0649e-10 0.0523685 0.0728605
9.06591e-10 0.0500862 0.0706629
9.06692e-10 0.0478307 0.0684529
9.06794e-10 0.045608 0.066236
9.06895e-10 0.043424 0.0640179
9.06996e-10 0.0412848 0.0618041
9.07097e-10 0.039196 0.0596003
9.07199e-10 0.0371634 0.0574118
9.073e-10 0.0351928 0.0552442
9.07401e-10 0.0332896 0.0531026
9.07502e-10 0.0314593 0.0509925
9.07604e-10 0.0297071 0.0489188
9.07705e-10 0.0280383 0.0468867
9.07806e-10 0.0264577 0.0449009
9.07907e-10 0.0249703 0.0429661
9.08009e-10 0.0235805 0.041087
9.0811e-10 0.0222928 0.0392679
9.08211e-10 0.0211115 0.0375129
9.08313e-10 0.0200405 0.0358261
9.08414e-10 0.0190835 0.0342112
9.08515e-10 0.018244 0.0326718
9.08616e-10 0.0175253 0.0312112
9.08718e-10 0.0169304 0.0298326
9.08819e-10 0.016462 0.0285388
9.0892e-10 0.0161224 0.0273324
9.09021e-10 0.0159139 0.0262158
9.09123e-10 0.0158382 0.0251912
9.09224e-10 0.0158969 0.0242602
9.09325e-10 0.0160912 0.0234246
9.09427e-10 0.016422 0.0226856
9.09528e-10 0.01689 0.0220443
9.09629e-10 0.0174952 0.0215015
9.0973e-10 0.0182378 0.0210576
9.09832e-10 0.0191172 0.0207128
9.09933e-10 0.0201328 0.0204671
9.10034e-10 0.0212835 0.0203202
9.10135e-10 0.0225679 0.0202715
9.10237e-10 0.0239843 0.0203202
9.10338e-10 0.0255306 0.020465
9.10439e-10 0.0272044 0.0207048
9.10541e-10 0.029003 0.0210377
9.10642e-10 0.0309234 0.0214621
9.10743e-10 0.0329623 0.0219757
9.10844e-10 0.0351159 0.0225763
9.10946e-10 0.0373804 0.0232612
9.11047e-10 0.0397515 0.0240278
9.11148e-10 0.0422245 0.0248731
9.11249e-10 0.0447948 0.0257938
9.11351e-10 0.0474572 0.0267867
9.11452e-10 0.0502063 0.0278481
9.11553e-10 0.0530366 0.0289745
9.11654e-10 0.0559421 0.030162
9.11756e-10 0.058917 0.0314066
9.11857e-10 0.0619548 0.0327041
9.11958e-10 0.0650491 0.0340504
9.1206e-10 0.0681933 0.0354412
9.12161e-10 0.0713805 0.0368719
9.12262e-10 0.0746038 0.0383382
9.12363e-10 0.077856 0.0398354
9.12465e-10 0.08113 0.0413589
9.12566e-10 0.0844185 0.0429041
9.12667e-10 0.087714 0.0444663
9.12768e-10 0.091009 0.0460408
9.1287e-10 0.0942961 0.0476229
9.12971e-10 0.0975677 0.049208
9.13072e-10 0.100816 0.0507913
9.13174e-10 0.104034 0.0523683
9.13275e-10 0.107214 0.0539344
9.13376e-10 0.110348 0.0554851
9.13477e-10 0.11343 0.0570161
9.13579e-10 0.116451 0.0585229
9.1368e-10 0.119404 0.0600013
9.13781e-10 0.122283 0.0614472
9.13882e-10 0.125081 0.0628567
9.13984e-10 0.12779 0.0642258
9.14085e-10 0.130404 0.0655508
9.14186e-10 0.132917 0.0668281
9.14288e-10 0.135323 0.0680543
9.14389e-10 0.137615 0.0692261
9.1449e-10 0.139788 0.0703405
9.14591e-10 0.141836 0.0713946
9.14693e-10 0.143755 0.0723856
9.14794e-10 0.145539 0.0733109
9.14895e-10 0.147184 0.0741684
9.14996e-10 0.148686 0.0749558
9.15098e-10 0.15004 0.0756712
9.15199e-10 0.151244 0.076313
9.153e-10 0.152294 0.0768795
9.15401e-10 0.153187 0.0773696
9.15503e-10 0.153921 0.0777821
9.15604e-10 0.154494 0.0781163
9.15705e-10 0.154904 0.0783714
9.15807e-10 0.15515 0.0785471
9.15908e-10 0.155231 0.0786432
9.16009e-10 0.155147 0.0786596
9.1611e-10 0.154898 0.0785965
9.16212e-10 0.154483 0.0784545
9.16313e-10 0.153905 0.0782341
9.16414e-10 0.153163 0.0779362
9.16515e-10 0.152261 0.0775617
9.16617e-10 0.151199 0.077112
9.16718e-10 0.149981 0.0765883
9.16819e-10 0.148609 0.0759924
9.16921e-10 0.147087 0.0753259
9.17022e-10 0.145418 0.0745907
9.17123e-10 0.143606 0.073789
9.17224e-10 0.141655 0.072923
9.17326e-10 0.139572 0.071995
9.17427e-10 0.13736 0.0710075
9.17528e-10 0.135025 0.0699632
9.17629e-10 0.132573 0.0688647
9.17731e-10 0.13001 0.0677151
9.17832e-10 0.127342 0.0665171
9.17933e-10 0.124577 0.0652739
9.18034e-10 0.121721 0.0639886
9.18136e-10 0.118781 0.0626642
9.18237e-10 0.115765 0.0613042
9.18338e-10 0.112681 0.0599117
9.1844e-10 0.109535 0.0584902
9.18541e-10 0.106337 0.0570428
9.18642e-10 0.103095 0.0555732
9.18743e-10 0.0998158 0.0540845
9.18845e-10 0.0965089 0.0525802
9.18946e-10 0.0931824 0.0510637
9.19047e-10 0.0898449 0.0495383
9.19148e-10 0.0865049 0.0480074
9.1925e-10 0.0831709 0.0464742
9.19351e-10 0.0798515 0.044942
9.19452e-10 0.0765552 0.043414
9.19554e-10 0.0732905 0.0418933
9.19655e-10 0.0700656 0.0403829
9.19756e-10 0.0668889 0.0388858
9.19857e-10 0.0637684 0.0374049
9.19959e-10 0.0607122 0.0359431
9.2006e-10 0.0577281 0.0345029
9.20161e-10 0.0548236 0.033087
9.20262e-10 0.0520062 0.0316978
9.20364e-10 0.0492831 0.0303378
9.20465e-10 0.0466611 0.0290092
9.20566e-10 0.0441469 0.027714
9.20668e-10 0.0417469 0.0264543
9.20769e-10 0.0394671 0.0252319
9.2087e-10 0.0373132 0.0240485
9.20971e-10 0.0352905 0.0229058
9.21073e-10 0.0334043 0.0218051
9.21174e-10 0.0316589 0.0207477
9.21275e-10 0.0300589 0.0197349
9.21376e-10 0.0286079 0.0187676
9.21478e-10 0.0273096 0.0178466
9.21579e-10 0.0261669 0.0169728
9.2168e-10 0.0251825 0.0161466
9.21781e-10 0.0243586 0.0153685
9.21883e-10 0.023697 0.0146389
9.21984e-10 0.023199 0.0139578
9.22085e-10 0.0228656 0.0133253
9.22187e-10 0.0226972 0.0127412
9.22288e-10 0.0226937 0.0122054
9.22389e-10 0.0228549 0.0117174
9.2249e-10 0.0231797 0.0112767
9.22592e-10 0.0236669 0.0108828
9.22693e-10 0.0243148 0.0105349
9.22794e-10 0.0251211 0.0102321
9.22895e-10 0.0260833 0.00997344
9.22997e-10 0.0271984 0.00975797
9.23098e-10 0.028463 0.00958448
9.23199e-10 0.0298732 0.00945173
9.23301e-10 0.0314249 0.0093584
9.23402e-10 0.0331135 0.00930309
9.23503e-10 0.0349342 0.00928431
9.23604e-10 0.0368816 0.00930053
9.23706e-10 0.0389502 0.00935012
9.23807e-10 0.0411341 0.00943144
9.23908e-10 0.0434272 0.00954277
9.24009e-10 0.045823 0.00968236
9.24111e-10 0.0483147 0.00984843
9.24212e-10 0.0508955 0.0100391
9.24313e-10 0.0535583 0.0102527
9.24415e-10 0.0562956 0.0104871
9.24516e-10 0.0590999 0.0107407
9.24617e-10 0.0619637 0.0110114
9.24718e-10 0.064879 0.0112975
9.2482e-10 0.067838 0.011597
9.24921e-10 0.0708327 0.0119082
9.25022e-10 0.073855 0.012229
9.25123e-10 0.0768969 0.0125578
9.25225e-10 0.0799503 0.0128928
9.25326e-10 0.0830069 0.0132321
9.25427e-10 0.0860589 0.0135741
9.25528e-10 0.0890981 0.013917
9.2563e-10 0.0921166 0.0142593
9.25731e-10 0.0951065 0.0145993
9.25832e-10 0.0980601 0.0149355
9.25934e-10 0.10097 0.0152665
9.26035e-10 0.103828 0.0155908
9.26136e-10 0.106628 0.015907
9.26237e-10 0.109362 0.0162139
9.26339e-10 0.112023 0.0165102
9.2644e-10 0.114605 0.0167948
9.26541e-10 0.117102 0.0170666
9.26642e-10 0.119506 0.0173245
9.26744e-10 0.121813 0.0175677
9.26845e-10 0.124017 0.0177953
9.26946e-10 0.126113 0.0180065
9.27048e-10 0.128095 0.0182006
9.27149e-10 0.129959 0.0183769
9.2725e-10 0.131701 0.0185348
9.27351e-10 0.133316 0.018674
9.27453e-10 0.134802 0.018794
9.27554e-10 0.136155 0.0188944
9.27655e-10 0.137372 0.018975
9.27756e-10 0.13845 0.0190356
9.27858e-10 0.139388 0.0190761
9.27959e-10 0.140184 0.0190964
9.2806e-10 0.140837 0.0190966
9.28162e-10 0.141345 0.0190767
9.28263e-10 0.141708 0.0190369
9.28364e-10 0.141925 0.0189773
9.28465e-10 0.141998 0.0188983
9.28567e-10 0.141925 0.0188001
9.28668e-10 0.141709 0.0186832
9.28769e-10 0.141351 0.018548
9.2887e-10 0.140851 0.0183948
9.28972e-10 0.140213 0.0182243
9.29073e-10 0.139437 0.018037
9.29174e-10 0.138527 0.0178335
9.29275e-10 0.137486 0.0176144
9.29377e-10 0.136317 0.0173803
9.29478e-10 0.135023 0.017132
9.29579e-10 0.133607 0.0168703
9.29681e-10 0.132075 0.0165957
9.29782e-10 0.130429 0.0163091
9.29883e-10 0.128675 0.0160113
9.29984e-10 0.126818 0.015703
9.30086e-10 0.124861 0.015385
9.30187e-10 0.12281 0.0150582
9.30288e-10 0.12067 0.0147234
9.30389e-10 0.118447 0.0143813
9.30491e-10 0.116146 0.0140328
9.30592e-10 0.113772 0.0136787
9.30693e-10 0.111331 0.0133198
9.30795e-10 0.108829 0.0129569
9.30896e-10 0.106272 0.0125907
9.30997e-10 0.103665 0.0122221
9.31098e-10 0.101014 0.0118518
9.312e-10 0.0983253 0.0114805
9.31301e-10 0.0956046 0.011109
9.31402e-10 0.0928575 0.010738
9.31503e-10 0.09009 0.0103681
9.31605e-10 0.0873076 0.00999995
9.31706e-10 0.0845159 0.00963426
9.31807e-10 0.0817206 0.00927159
9.31908e-10 0.078927 0.00891252
9.3201e-10 0.0761404 0.0085576
9.32111e-10 0.0733661 0.00820734
9.32212e-10 0.070609 0.00786225
9.32314e-10 0.067874 0.00752278
9.32415e-10 0.0651659 0.00718935
9.32516e-10 0.0624891 0.00686237
9.32617e-10 0.059848 0.00654221
9.32719e-10 0.0572468 0.0062292
9.3282e-10 0.0546893 0.00592364
9.32921e-10 0.0521793 0.00562582
9.33022e-10 0.0497204 0.00533598
9.33124e-10 0.0473158 0.00505433
9.33225e-10 0.0449685 0.00478106
9.33326e-10 0.0426814 0.00451631
9.33428e-10 0.0404571 0.00426023
9.33529e-10 0.0382979 0.00401291
9.3363e-10 0.0362059 0.00377441
9.33731e-10 0.034183 0.00354479
9.33833e-10 0.0322308 0.00332406
9.33934e-10 0.0303507 0.00311222
9.34035e-10 0.0285438 0.00290925
9.34136e-10 0.026811 0.00271509
9.34238e-10 0.0251531 0.00252967
9.34339e-10 0.0235704 0.0023529
9.3444e-10 0.0220632 0.00218467
9.34542e-10 0.0206314 0.00202485
9.34643e-10 0.0192749 0.0018733
9.34744e-10 0.0179933 0.00172985
9.34845e-10 0.0167858 0.00159433
9.34947e-10 0.0156517 0.00146656
9.35048e-10 0.01459 0.00134633
9.35149e-10 0.0135995 0.00123343
9.3525e-10 0.0126789 0.00112764
9.35352e-10 0.0118266 0.00102874
9.35453e-10 0.011041 0.00093649
9.35554e-10 0.0103203 0.000850648
9.35655e-10 0.00966256 0.000770968
9.35757e-10 0.00906576 0.000697202
9.35858e-10 0.00852775 0.000629095
9.35959e-10 0.00804628 0.000566395
9.36061e-10 0.00761901 0.000508845
9.36162e-10 0.00724354 0.000456191
9.36263e-10 0.00691739 0.000408178
9.36364e-10 0.00663805 0.000364554
9.36466e-10 0.00640293 0.000325069
9.36567e-10 0.00620944 0.000289477
9.36668e-10 0.00605495 0.000257536
9.36769e-10 0.00593683 0.000229008
9.36871e-10 0.00585243 0.00020366
9.36972e-10 0.00579914 0.000181266
9.37073e-10 0.00577434 0.000161606
9.37175e-10 0.00577545 0.000144466
9.37276e-10 0.00579992 0.000129641
9.37377e-10 0.00584524 0.00011693
9.37478e-10 0.00590896 0.000106145
9.3758e-10 0.00598869 9.71005e-05
9.37681e-10 0.0060821 8.96235e-05
9.37782e-10 0.00618695 8.35476e-05
9.37883e-10 0.00630107 7.87155e-05
9.37985e-10 0.00642236 7.49783e-05
9.38086e-10 0.00654883 7.21959e-05
9.38187e-10 0.00667858 7.0237e-05
9.38289e-10 0.00680982 6.89789e-05
9.3839e-10 0.00694084 6.83075e-05
9.38491e-10 0.00707006 6.81172e-05
9.38592e-10 0.00719599 6.83107e-05
9.38694e-10 0.00731727 6.8799e-05
9.38795e-10 0.00743263 6.95011e-05
9.38896e-10 0.00754092 7.03437e-05
9.38997e-10 0.00764111 7.12612e-05
9.39099e-10 0.00773229 7.21951e-05
9.392e-10 0.00781364 7.30941e-05
9.39301e-10 0.00788447 7.39135e-05
9.39402e-10 0.00794418 7.4615e-05
9.39504e-10 0.0079923 7.51666e-05
9.39605e-10 0.00802846 7.55417e-05
9.39706e-10 0.00805237 7.57195e-05
9.39808e-10 0.00806386 7.56842e-05
9.39909e-10 0.00806286 7.54245e-05
9.4001e-10 0.00804936 7.49337e-05
9.40111e-10 0.00802348 7.42091e-05
9.40213e-10 0.00798537 7.32518e-05
9.40314e-10 0.00793531 7.20659e-05
9.40415e-10 0.00787361 7.06589e-05
9.40516e-10 0.00780067 6.90408e-05
9.40618e-10 0.00771693 6.72238e-05
9.40719e-10 0.00762292 6.52222e-05
9.4082e-10 0.00751918 6.30522e-05
9.40922e-10 0.00740631 6.07311e-05
9.41023e-10 0.00728495 5.82774e-05
9.41124e-10 0.00715578 5.57106e-05
9.41225e-10 0.00701948 5.30505e-05
9.41327e-10 0.00687678 5.03173e-05
9.41428e-10 0.0067284 4.75315e-05
9.41529e-10 0.00657508 4.47131e-05
9.4163e-10 0.00641757 4.18821e-05
9.41732e-10 0.0062566 3.90576e-05
9.41833e-10 0.00609291 3.62583e-05
9.41934e-10 0.00592721 3.35019e-05
9.42036e-10 0.00576022 3.0805e-05
9.42137e-10 0.00559262 2.81832e-05
9.42238e-10 0.00542506 2.56509e-05
9.42339e-10 0.00525818 2.32209e-05
9.42441e-10 0.00509256 2.09048e-05
9.42542e-10 0.00492878 1.87127e-05
9.42643e-10 0.00476736 1.66532e-05
9.42744e-10 0.00460877 1.47331e-05
9.42846e-10 0.00445346 1.29579e-05
9.42947e-10 0.00430183 1.13315e-05
9.43048e-10 0.00415422 9.85607e-06
9.43149e-10 0.00401093 8.53239e-06
9.43251e-10 0.00387222 7.3597e-06
9.43352e-10 0.00373831 6.33579e-06
9.43453e-10 0.00360934 5.45706e-06
9.43555e-10 0.00348544 4.71861e-06
9.43656e-10 0.00336667 4.11433e-06
9.43757e-10 0.00325305 3.63696e-06
9.43858e-10 0.00314458 3.27824e-06
9.4396e-10 0.00304119 3.02897e-06
9.44061e-10 0.00294279 2.87919e-06
9.44162e-10 0.00284924 2.81828e-06
9.44263e-10 0.00276039 2.83509e-06
9.44365e-10 0.00267604 2.91811e-06
9.44466e-10 0.00259597 3.0556e-06
9.44567e-10 0.00251994 3.23574e-06
9.44669e-10 0.00244771 3.4468e-06
9.4477e-10 0.002379 3.67732e-06
9.44871e-10 0.00231353 3.91625e-06
9.44972e-10 0.00225102 4.15313e-06
9.45074e-10 0.00219119 4.37825e-06
9.45175e-10 0.00213376 4.58288e-06
9.45276e-10 0.00207847 4.75936e-06
9.45377e-10 0.00202506 4.90135e-06
9.45479e-10 0.00197331 5.00395e-06
9.4558e-10 0.00192301 5.06393e-06
9.45681e-10 0.00187398 5.07987e-06
9.45783e-10 0.00182607 5.05232e-06
9.45884e-10 0.00177918 4.98403e-06
9.45985e-10 0.00173326 4.88004e-06
9.46086e-10 0.00168828 4.74791e-06
9.46188e-10 0.00164428 4.59785e-06
9.46289e-10 0.00160137 4.44289e-06
9.4639e-10 0.00155968 4.29899e-06
9.46491e-10 0.00151945 4.18526e-06
9.46593e-10 0.00148094 4.12402e-06
9.46694e-10 0.00144451 4.141e-06
9.46795e-10 0.00141059 4.26539e-06
9.46896e-10 0.00137967 4.53005e-06
9.46998e-10 0.00135231 4.97152e-06
9.47099e-10 0.00132917 5.63016e-06
9.472e-10 0.00131097 6.55027e-06
9.47302e-10 0.00129852 7.7801e-06
9.47403e-10 0.0012927 9.37194e-06
9.47504e-10 0.00129446 1.13822e-05
9.47605e-10 0.00130486 1.38714e-05
9.47707e-10 0.001325 1.69042e-05
9.47808e-10 0.00135608 2.05495e-05
9.47909e-10 0.00139936 2.48803e-05
9.4801e-10 0.00145617 2.99737e-05
9.48112e-10 0.00152792 3.59109e-05
9.48213e-10 0.00161608 4.27772e-05
9.48314e-10 0.00172217 5.06619e-05
9.48416e-10 0.00184779 5.9658e-05
9.48517e-10 0.00199456 6.98624e-05
9.48618e-10 0.00216418 8.13757e-05
9.48719e-10 0.00235837 9.43016e-05
9.48821e-10 0.00257889 0.000108748
9.48922e-10 0.00282755 0.000124824
9.49023e-10 0.00310615 0.000142644
9.49124e-10 0.00341653 0.000162324
9.49226e-10 0.00376054 0.000183981
9.49327e-10 0.00414002 0.000207737
9.49428e-10 0.00455682 0.000233714
9.49529e-10 0.00501276 0.000262035
9.49631e-10 0.00550966 0.000292825
9.49732e-10 0.00604929 0.00032621
9.49833e-10 0.0066334 0.000362316
9.49935e-10 0.00726369 0.000401269
9.50036e-10 0.0079418 0.000443194
9.50137e-10 0.00866931 0.000488217
9.50238e-10 0.00944774 0.00053646
9.5034e-10 0.0102785 0.000588046
9.50441e-10 0.011163 0.000643092
9.50542e-10 0.0121024 0.000701715
9.50643e-10 0.0130979 0.000764029
9.50745e-10 0.0141506 0.000830141
9.50846e-10 0.0152612 0.000900156
9.50947e-10 0.0164308 0.000974174
9.51049e-10 0.0176597 0.00105229
9.5115e-10 0.0189487 0.00113458
9.51251e-10 0.0202981 0.00122114
9.51352e-10 0.021708 0.00131204
9.51454e-10 0.0231785 0.00140734
9.51555e-10 0.0247095 0.00150709
9.51656e-10 0.0263007 0.00161135
9.51757e-10 0.0279517 0.00172015
9.51859e-10 0.0296618 0.00183352
9.5196e-10 0.0314301 0.00195147
9.52061e-10 0.0332557 0.00207402
9.52163e-10 0.0351374 0.00220114
9.52264e-10 0.0370737 0.00233282
9.52365e-10 0.0390631 0.00246904
9.52466e-10 0.0411038 0.00260973
9.52568e-10 0.0431939 0.00275485
9.52669e-10 0.0453311 0.00290431
9.5277e-10 0.0475131 0.00305803
9.52871e-10 0.0497375 0.0032159
9.52973e-10 0.0520013 0.00337781
9.53074e-10 0.0543018 0.00354362
9.53175e-10 0.0566358 0.00371317
9.53276e-10 0.0590001 0.0038863
9.53378e-10 0.0613913 0.00406283
9.53479e-10 0.0638057 0.00424256
9.5358e-10 0.0662395 0.00442528
9.53682e-10 0.068689 0.00461075
9.53783e-10 0.0711499 0.00479873
9.53884e-10 0.0736182 0.00498895
9.53985e-10 0.0760894 0.00518115
9.54087e-10 0.0785593 0.00537502
9.54188e-10 0.0810233 0.00557026
9.54289e-10 0.0834766 0.00576655
9.5439e-10 0.0859147 0.00596356
9.54492e-10 0.0883327 0.00616093
9.54593e-10 0.0907258 0.00635831
9.54694e-10 0.093089 0.00655532
9.54796e-10 0.0954176 0.00675158
9.54897e-10 0.0977064 0.0069467
9.54998e-10 0.0999505 0.00714028
9.55099e-10 0.102145 0.0073319
9.55201e-10 0.104285 0.00752114
9.55302e-10 0.106365 0.00770759
9.55403e-10 0.108382 0.00789082
9.55504e-10 0.110329 0.00807039
9.55606e-10 0.112202 0.00824586
9.55707e-10 0.113996 0.00841681
9.55808e-10 0.115708 0.0085828
9.5591e-10 0.117332 0.00874339
9.56011e-10 0.118864 0.00889816
9.56112e-10 0.120301 0.00904668
9.56213e-10 0.121638 0.00918853
9.56315e-10 0.122871 0.0093233
9.56416e-10 0.123996 0.00945059
9.56517e-10 0.125011 0.00957002
9.56618e-10 0.125913 0.00968119
9.5672e-10 0.126697 0.00978376
9.56821e-10 0.127362 0.00987738
9.56922e-10 0.127904 0.00996171
9.57023e-10 0.128323 0.0100365
9.57125e-10 0.128615 0.0101013
9.57226e-10 0.128779 0.010156
9.57327e-10 0.128813 0.0102004
9.57429e-10 0.128717 0.0102341
9.5753e-10 0.12849 0.0102571
9.57631e-10 0.128131 0.0102691
9.57732e-10 0.12764 0.0102701
9.57834e-10 0.127018 0.0102599
9.57935e-10 0.126264 0.0102385
9.58036e-10 0.125379 0.0102058
9.58137e-10 0.124365 0.0101619
9.58239e-10 0.123223 0.0101067
9.5834e-10 0.121955 0.0100405
9.58441e-10 0.120562 0.00996327
9.58543e-10 0.119048 0.00987521
9.58644e-10 0.117416 0.00977651
9.58745e-10 0.115667 0.00966742
9.58846e-10 0.113806 0.00954823
9.58948e-10 0.111837 0.00941925
9.59049e-10 0.109763 0.00928085
9.5915e-10 0.107589 0.00913344
9.59251e-10 0.10532 0.00897747
9.59353e-10 0.10296 0.00881343
9.59454e-10 0.100515 0.00864187
9.59555e-10 0.0979907 0.00846334
9.59657e-10 0.095392 0.00827848
9.59758e-10 0.0927255 0.00808793
9.59859e-10 0.0899972 0.00789239
9.5996e-10 0.0872138 0.0076926
9.60062e-10 0.0843818 0.00748932
9.60163e-10 0.0815082 0.00728337
9.60264e-10 0.0786 0.00707558
9.60365e-10 0.0756645 0.00686683
9.60467e-10 0.072709 0.00665803
9.60568e-10 0.069741 0.00645011
9.60669e-10 0.066768 0.00624404
9.6077e-10 0.0637979 0.0060408
9.60872e-10 0.0608383 0.00584141
9.60973e-10 0.0578972 0.00564691
9.61074e-10 0.0549822 0.00545834
9.61176e-10 0.0521014 0.00527677
9.61277e-10 0.0492626 0.0051033
9.61378e-10 0.0464736 0.00493901
9.61479e-10 0.0437423 0.004785
9.61581e-10 0.0410763 0.00464239
9.61682e-10 0.0384834 0.00451227
9.61783e-10 0.0359711 0.00439577
9.61884e-10 0.0335469 0.00429399
9.61986e-10 0.031218 0.00420802
9.62087e-10 0.0289916 0.00413896
9.62188e-10 0.0268746 0.00408787
9.6229e-10 0.0248737 0.00405582
9.62391e-10 0.0229955 0.00404384
9.62492e-10 0.0212464 0.00405294
9.62593e-10 0.0196322 0.00408412
9.62695e-10 0.0181589 0.00413833
9.62796e-10 0.0168319 0.00421649
9.62897e-10 0.0156563 0.00431949
9.62998e-10 0.0146371 0.00444818
9.631e-10 0.0137787 0.00460337
9.63201e-10 0.0130854 0.0047858
9.63302e-10 0.012561 0.0049962
9.63403e-10 0.0122089 0.00523521
9.63505e-10 0.0120323 0.00550345
9.63606e-10 0.0120337 0.00580145
9.63707e-10 0.0122155 0.0061297
9.63809e-10 0.0125796 0.00648862
9.6391e-10 0.0131274 0.00687857
9.64011e-10 0.0138599 0.00729984
9.64112e-10 0.0147779 0.00775264
9.64214e-10 0.0158813 0.00823712
9.64315e-10 0.01717 0.00875336
9.64416e-10 0.0186433 0.00930136
9.64517e-10 0.0203 0.00988104
9.64619e-10 0.0221386 0.0104922
9.6472e-10 0.024157 0.0111347
9.64821e-10 0.0263529 0.0118082
9.64923e-10 0.0287233 0.0125123
9.65024e-10 0.0312649 0.0132464
9.65125e-10 0.033974 0.0140102
9.65226e-10 0.0368465 0.0148028
9.65328e-10 0.0398778 0.0156236
9.65429e-10 0.043063 0.0164718
9.6553e-10 0.0463967 0.0173466
9.65631e-10 0.0498733 0.0182469
9.65733e-10 0.0534867 0.0191717
9.65834e-10 0.0572304 0.02012
9.65935e-10 0.0610977 0.0210905
9.66037e-10 0.0650815 0.0220819
9.66138e-10 0.0691745 0.0230929
9.66239e-10 0.0733688 0.0241222
9.6634e-10 0.0776566 0.0251682
9.66442e-10 0.0820296 0.0262295
9.66543e-10 0.0864795 0.0273043
9.66644e-10 0.0909974 0.0283911
9.66745e-10 0.0955745 0.0294882
9.66847e-10 0.100202 0.0305937
9.66948e-10 0.10487 0.0317059
9.67049e-10 0.10957 0.0328229
9.6715e-10 0.114292 0.0339428
9.67252e-10 0.119026 0.0350636
9.67353e-10 0.123763 0.0361835
9.67454e-10 0.128493 0.0373003
9.67556e-10 0.133207 0.0384121
9.67657e-10 0.137895 0.0395168
9.67758e-10 0.142546 0.0406123
9.67859e-10 0.147151 0.0416967
9.67961e-10 0.151702 0.0427677
9.68062e-10 0.156187 0.0438234
9.68163e-10 0.160598 0.0448616
9.68264e-10 0.164926 0.0458802
9.68366e-10 0.16916 0.0468774
9.68467e-10 0.173293 0.0478509
9.68568e-10 0.177315 0.0487988
9.6867e-10 0.181218 0.0497191
9.68771e-10 0.184994 0.0506099
9.68872e-10 0.188634 0.0514693
9.68973e-10 0.19213 0.0522954
9.69075e-10 0.195475 0.0530864
9.69176e-10 0.198663 0.0538405
9.69277e-10 0.201685 0.0545561
9.69378e-10 0.204535 0.0552314
9.6948e-10 0.207208 0.0558651
9.69581e-10 0.209697 0.0564555
9.69682e-10 0.211996 0.0570013
9.69784e-10 0.214102 0.057501
9.69885e-10 0.216008 0.0579536
9.69986e-10 0.217712 0.0583577
9.70087e-10 0.219208 0.0587125
9.70189e-10 0.220494 0.0590168
9.7029e-10 0.221567 0.0592698
9.70391e-10 0.222425 0.0594708
9.70492e-10 0.223064 0.059619
9.70594e-10 0.223485 0.0597141
9.70695e-10 0.223685 0.0597554
9.70796e-10 0.223665 0.0597427
9.70897e-10 0.223423 0.0596758
9.70999e-10 0.222961 0.0595546
9.711e-10 0.222279 0.059379
9.71201e-10 0.221378 0.0591493
9.71303e-10 0.220261 0.0588657
9.71404e-10 0.218929 0.0585286
9.71505e-10 0.217385 0.0581385
9.71606e-10 0.215632 0.0576961
9.71708e-10 0.213675 0.0572019
9.71809e-10 0.211516 0.056657
9.7191e-10 0.20916 0.0560624
9.72011e-10 0.206612 0.055419
9.72113e-10 0.203878 0.0547282
9.72214e-10 0.200963 0.0539912
9.72315e-10 0.197873 0.0532096
9.72417e-10 0.194614 0.0523848
9.72518e-10 0.191193 0.0515185
9.72619e-10 0.187618 0.0506126
9.7272e-10 0.183895 0.0496688
9.72822e-10 0.180033 0.0486892
9.72923e-10 0.17604 0.0476758
9.73024e-10 0.171923 0.0466308
9.73125e-10 0.167691 0.0455564
9.73227e-10 0.163354 0.0444549
9.73328e-10 0.158919 0.0433287
9.73429e-10 0.154397 0.0421804
9.73531e-10 0.149797 0.0410125
9.73632e-10 0.145127 0.0398275
9.73733e-10 0.140398 0.0386282
9.73834e-10 0.13562 0.0374172
9.73936e-10 0.130802 0.0361974
9.74037e-10 0.125955 0.0349715
9.74138e-10 0.121087 0.0337424
9.74239e-10 0.11621 0.032513
9.74341e-10 0.111333 0.0312861
9.74442e-10 0.106467 0.0300647
9.74543e-10 0.10162 0.0288517
9.74644e-10 0.0968035 0.02765
9.74746e-10 0.0920266 0.0264626
9.74847e-10 0.0872993 0.0252923
9.74948e-10 0.0826309 0.0241421
9.7505e-10 0.0780311 0.0230149
9.75151e-10 0.073509 0.0219135
9.75252e-10 0.0690737 0.0208407
9.75353e-10 0.0647341 0.0197992
9.75455e-10 0.0604989 0.018792
9.75556e-10 0.0563765 0.0178215
9.75657e-10 0.052375 0.0168904
9.75758e-10 0.0485023 0.0160013
9.7586e-10 0.0447662 0.0151567
9.75961e-10 0.0411738 0.014359
9.76062e-10 0.0377321 0.0136104
9.76164e-10 0.0344479 0.0129132
9.76265e-10 0.0313275 0.0122695
9.76366e-10 0.0283767 0.0116815
9.76467e-10 0.0256012 0.011151
9.76569e-10 0.0230063 0.0106798
9.7667e-10 0.0205967 0.0102696
9.76771e-10 0.0183768 0.00992211
9.76872e-10 0.0163508 0.00963872
9.76974e-10 0.0145222 0.0094208
9.77075e-10 0.0128941 0.00926956
9.77176e-10 0.0114695 0.00918608
9.77277e-10 0.0102505 0.00917132
9.77379e-10 0.00923922 0.00922608
9.7748e-10 0.00843702 0.00935103
9.77581e-10 0.00784498 0.0095467
9.77683e-10 0.00746369 0.00981347
9.77784e-10 0.00729334 0.0101516
9.77885e-10 0.00733366 0.0105611
9.77986e-10 0.00758396 0.011042
9.78088e-10 0.00804312 0.0115941
9.78189e-10 0.00870959 0.0122169
9.7829e-10 0.00958141 0.01291
9.78391e-10 0.0106562 0.0136728
9.78493e-10 0.0119312 0.0145044
9.78594e-10 0.0134031 0.0154038
9.78695e-10 0.0150685 0.01637
9.78797e-10 0.0169233 0.0174018
9.78898e-10 0.0189632 0.0184977
9.78999e-10 0.0211836 0.0196562
9.791e-10 0.0235793 0.0208757
9.79202e-10 0.026145 0.0221543
9.79303e-10 0.0288749 0.0234901
9.79404e-10 0.0317631 0.0248812
9.79505e-10 0.0348032 0.0263252
9.79607e-10 0.0379885 0.0278199
9.79708e-10 0.0413123 0.0293628
9.79809e-10 0.0447673 0.0309515
9.79911e-10 0.0483462 0.0325834
9.80012e-10 0.0520414 0.0342555
9.80113e-10 0.055845 0.0359653
9.80214e-10 0.0597491 0.0377096
9.80316e-10 0.0637455 0.0394856
9.80417e-10 0.0678258 0.04129
9.80518e-10 0.0719815 0.0431199
9.80619e-10 0.0762042 0.0449719
9.80721e-10 0.080485 0.0468427
9.80822e-10 0.0848152 0.048729
9.80923e-10 0.089186 0.0506275
9.81024e-10 0.0935884 0.0525346
9.81126e-10 0.0980136 0.054447
9.81227e-10 0.102453 0.0563612
9.81328e-10 0.106896 0.0582736
9.8143e-10 0.111336 0.0601807
9.81531e-10 0.115763 0.0620791
9.81632e-10 0.120168 0.0639651
9.81733e-10 0.124543 0.0658353
9.81835e-10 0.128879 0.0676861
9.81936e-10 0.133167 0.0695142
9.82037e-10 0.137399 0.0713161
9.82138e-10 0.141567 0.0730883
9.8224e-10 0.145662 0.0748276
9.82341e-10 0.149677 0.0765305
9.82442e-10 0.153604 0.078194
9.82544e-10 0.157436 0.0798147
9.82645e-10 0.161165 0.0813896
9.82746e-10 0.164784 0.0829157
9.82847e-10 0.168286 0.08439
9.82949e-10 0.171665 0.0858096
9.8305e-10 0.174914 0.0871719
9.83151e-10 0.178027 0.0884741
9.83252e-10 0.180999 0.0897137
9.83354e-10 0.183824 0.0908883
9.83455e-10 0.186497 0.0919957
9.83556e-10 0.189013 0.0930335
9.83658e-10 0.191368 0.0939997
9.83759e-10 0.193557 0.0948925
9.8386e-10 0.195577 0.09571
9.83961e-10 0.197424 0.0964506
9.84063e-10 0.199095 0.0971128
9.84164e-10 0.200587 0.0976952
9.84265e-10 0.201898 0.0981967
9.84366e-10 0.203026 0.0986162
9.84468e-10 0.203968 0.0989528
9.84569e-10 0.204724 0.0992057
9.8467e-10 0.205293 0.0993745
9.84771e-10 0.205673 0.0994587
9.84873e-10 0.205866 0.099458
9.84974e-10 0.20587 0.0993724
9.85075e-10 0.205686 0.099202
9.85177e-10 0.205316 0.0989469
9.85278e-10 0.204759 0.0986077
9.85379e-10 0.204019 0.0981848
9.8548e-10 0.203096 0.097679
9.85582e-10 0.201993 0.0970913
9.85683e-10 0.200712 0.0964226
9.85784e-10 0.199256 0.0956742
9.85885e-10 0.197629 0.0948474
9.85987e-10 0.195833 0.0939437
9.86088e-10 0.193873 0.0929649
9.86189e-10 0.191753 0.0919128
9.86291e-10 0.189476 0.0907893
9.86392e-10 0.187048 0.0895964
9.86493e-10 0.184474 0.0883366
9.86594e-10 0.181758 0.087012
9.86696e-10 0.178907 0.0856253
9.86797e-10 0.175925 0.084179
9.86898e-10 0.172818 0.0826758
9.86999e-10 0.169593 0.0811187
9.87101e-10 0.166256 0.0795106
9.87202e-10 0.162813 0.0778545
9.87303e-10 0.159271 0.0761535
9.87405e-10 0.155637 0.074411
9.87506e-10 0.151917 0.0726303
9.87607e-10 0.148118 0.0708147
9.87708e-10 0.144248 0.0689677
9.8781e-10 0.140314 0.0670928
9.87911e-10 0.136322 0.0651937
9.88012e-10 0.132282 0.063274
9.88113e-10 0.128199 0.0613373
9.88215e-10 0.124082 0.0593874
9.88316e-10 0.119938 0.057428
9.88417e-10 0.115774 0.0554629
9.88518e-10 0.111599 0.0534958
9.8862e-10 0.107419 0.0515306
9.88721e-10 0.103243 0.049571
9.88822e-10 0.0990767 0.0476207
9.88924e-10 0.0949289 0.0456836
9.89025e-10 0.0908065 0.0437634
9.89126e-10 0.0867168 0.0418637
9.89227e-10 0.082667 0.0399882
9.89329e-10 0.0786643 0.0381406
9.8943e-10 0.0747155 0.0363245
9.89531e-10 0.0708277 0.0345432
9.89632e-10 0.0670074 0.0328003
9.89734e-10 0.0632612 0.0310991
9.89835e-10 0.0595956 0.0294429
9.89936e-10 0.0560168 0.027835
9.90038e-10 0.0525308 0.0262783
9.90139e-10 0.0491435 0.0247761
9.9024e-10 0.0458606 0.023331
9.90341e-10 0.0426875 0.0219461
9.90443e-10 0.0396294 0.0206238
9.90544e-10 0.0366914 0.0193669
9.90645e-10 0.0338783 0.0181778
9.90746e-10 0.0311945 0.0170587
9.90848e-10 0.0286445 0.0160118
9.90949e-10 0.0262321 0.0150393
9.9105e-10 0.0239612 0.0141429
9.91152e-10 0.0218353 0.0133245
9.91253e-10 0.0198576 0.0125857
9.91354e-10 0.0180311 0.0119278
9.91455e-10 0.0163586 0.0113523
9.91557e-10 0.0148423 0.0108602
9.91658e-10 0.0134845 0.0104526
9.91759e-10 0.0122869 0.0101302
9.9186e-10 0.0112512 0.00989379
9.91962e-10 0.0103786 0.00974378
9.92063e-10 0.00967011 0.00968053
9.92164e-10 0.00912637 0.00970422
9.92265e-10 0.0087478 0.00981484
9.92367e-10 0.00853453 0.0100122
9.92468e-10 0.00848638 0.0102961
9.92569e-10 0.00860289 0.0106659
9.92671e-10 0.00888332 0.011121
9.92772e-10 0.00932666 0.0116606
9.92873e-10 0.0099316 0.0122838
9.92974e-10 0.0106966 0.0129893
9.93076e-10 0.0116198 0.013776
9.93177e-10 0.012699 0.0146423
9.93278e-10 0.0139321 0.0155867
9.93379e-10 0.0153162 0.0166074
9.93481e-10 0.0168486 0.0177026
9.93582e-10 0.0185261 0.0188703
9.93683e-10 0.0203455 0.0201082
9.93785e-10 0.0223031 0.0214142
9.93886e-10 0.0243951 0.0227857
9.93987e-10 0.0266176 0.0242203
9.94088e-10 0.0289663 0.0257153
9.9419e-10 0.0314368 0.0272679
9.94291e-10 0.0340245 0.0288753
9.94392e-10 0.0367246 0.0305344
9.94493e-10 0.0395322 0.0322423
9.94595e-10 0.0424421 0.0339957
9.94696e-10 0.0454491 0.0357915
9.94797e-10 0.0485477 0.0376262
9.94898e-10 0.0517325 0.0394965
9.95e-10 0.0549976 0.041399
9.95101e-10 0.0583373 0.0433301
9.95202e-10 0.0617457 0.0452863
9.95304e-10 0.0652169 0.0472639
9.95405e-10 0.0687446 0.0492593
9.95506e-10 0.0723228 0.0512689
9.95607e-10 0.0759453 0.0532889
9.95709e-10 0.0796057 0.0553156
9.9581e-10 0.0832978 0.0573453
9.95911e-10 0.0870152 0.0593742
9.96012e-10 0.0907515 0.0613987
9.96114e-10 0.0945004 0.063415
9.96215e-10 0.0982554 0.0654194
9.96316e-10 0.10201 0.0674082
9.96418e-10 0.105758 0.0693779
9.96519e-10 0.109494 0.0713248
9.9662e-10 0.11321 0.0732453
9.96721e-10 0.116901 0.075136
9.96823e-10 0.12056 0.0769934
9.96924e-10 0.124181 0.0788142
9.97025e-10 0.127759 0.080595
9.97126e-10 0.131287 0.0823326
9.97228e-10 0.13476 0.0840239
9.97329e-10 0.138172 0.0856658
9.9743e-10 0.141516 0.0872553
9.97532e-10 0.144788 0.0887896
9.97633e-10 0.147983 0.090266
9.97734e-10 0.151095 0.0916817
9.97835e-10 0.154119 0.0930344
9.97937e-10 0.15705 0.0943214
9.98038e-10 0.159883 0.0955406
9.98139e-10 0.162614 0.0966899
9.9824e-10 0.165239 0.097767
9.98342e-10 0.167753 0.0987703
9.98443e-10 0.170152 0.0996979
9.98544e-10 0.172432 0.100548
9.98645e-10 0.17459 0.10132
9.98747e-10 0.176623 0.102011
9.98848e-10 0.178527 0.102621
9.98949e-10 0.180299 0.103149
9.99051e-10 0.181936 0.103594
9.99152e-10 0.183436 0.103955
9.99253e-10 0.184797 0.104231
9.99354e-10 0.186016 0.104423
9.99456e-10 0.187091 0.104529
9.99557e-10 0.188022 0.10455
9.99658e-10 0.188807 0.104486
9.99759e-10 0.189443 0.104337
9.99861e-10 0.189932 0.104103
