7e-10 0.00195351 0.00776601
7.0162e-10 0.00134265 0.0101498
7.03241e-10 0.000800067 0.00821796
7.04861e-10 0.00082515 0.00402437
7.06481e-10 0.00108731 0.00170319
7.08102e-10 0.00110974 0.00241021
7.09722e-10 0.000868811 0.00391288
7.11342e-10 0.000657328 0.0038624
7.12963e-10 0.000636183 0.0022689
7.14583e-10 0.000696014 0.00084547
7.16203e-10 0.000675731 0.000763773
7.17824e-10 0.00056552 0.00155425
7.19444e-10 0.000468911 0.00198072
7.21064e-10 0.000446892 0.00149725
7.22684e-10 0.000459711 0.000655886
7.24305e-10 0.000442377 0.000293039
7.25925e-10 0.000387221 0.000598636
7.27545e-10 0.000336883 0.00104275
7.29166e-10 0.000320884 0.0010577
7.30786e-10 0.000323949 0.000631525
7.32406e-10 0.000314398 0.000224469
7.34027e-10 0.000284944 0.000214743
7.35647e-10 0.00025577 0.000517887
7.37267e-10 0.000244794 0.000739462
7.38888e-10 0.000246677 0.000624427
7.40508e-10 0.000243238 0.000303137
7.42128e-10 0.00022713 0.000110868
7.43749e-10 0.000208727 0.000218143
7.45369e-10 0.000200989 0.000470232
7.46989e-10 0.000203505 0.000576483
7.4861e-10 0.000204568 0.00042198
7.5023e-10 0.000196431 0.000173277
7.5185e-10 0.000184148 8.76344e-05
7.53471e-10 0.00017826 0.00024167
7.55091e-10 0.000181604 0.000460689
7.56711e-10 0.000186358 0.000509152
7.58332e-10 0.000184071 0.000336014
7.59952e-10 0.0001759 0.000123305
7.61572e-10 0.000170874 9.46938e-05
7.63193e-10 0.000174736 0.000284066
7.64813e-10 0.000182975 0.000499913
7.66433e-10 0.000186287 0.00052065
7.68053e-10 0.00018187 0.000323084
7.69674e-10 0.000177035 0.000112217
7.71294e-10 0.000180654 0.000118043
7.72914e-10 0.000192375 0.000359061
7.74535e-10 0.000202485 0.000611591
7.76155e-10 0.000203187 0.000625721
7.77775e-10 0.000198415 0.000382098
7.79396e-10 0.000200207 0.000131142
7.81016e-10 0.000214779 0.000158791
7.82636e-10 0.000234134 0.000494355
7.84257e-10 0.000244064 0.000852389
7.85877e-10 0.000240928 0.000891465
7.87497e-10 0.000238018 0.000561578
7.89118e-10 0.000252087 0.000197058
7.90738e-10 0.000283157 0.0002272
7.92358e-10 0.000311126 0.000746125
7.93979e-10 0.00031664 0.0013596
7.95599e-10 0.000305678 0.00150964
7.97219e-10 0.000308395 0.00102673
7.9884e-10 0.000347523 0.000386214
8.0046e-10 0.000407708 0.000349645
8.0208e-10 0.000443962 0.0012342
8.03701e-10 0.000429651 0.00248043
8.05321e-10 0.000396055 0.0030299
8.06941e-10 0.000411767 0.00231579
8.08562e-10 0.000508389 0.000997529
8.10182e-10 0.00062715 0.00061424
8.11802e-10 0.00065999 0.00222153
8.13422e-10 0.000567266 0.00513714
8.15043e-10 0.00045355 0.00713317
8.16663e-10 0.000492138 0.00632312
8.18283e-10 0.000735467 0.00331592
8.19904e-10 0.00100245 0.00146478
8.21524e-10 0.00100889 0.00428663
8.23144e-10 0.000669708 0.0117678
8.24765e-10 0.000270031 0.0190762
8.26385e-10 0.000268707 0.0199838
8.28005e-10 0.000875351 0.0131667
8.29626e-10 0.0018339 0.00569938
8.31246e-10 0.00263086 0.00875446
8.32866e-10 0.00281618 0.0270171
8.34487e-10 0.00209986 0.051024
8.36107e-10 0.000687958 0.0623099
8.37727e-10 0.000570417 0.0506035
8.39348e-10 0.00636529 0.0275953
8.40968e-10 0.0218148 0.0195803
8.42588e-10 0.0418197 0.0410145
8.44209e-10 0.0508055 0.0764275
8.45829e-10 0.0385834 0.0949176
8.47449e-10 0.0189963 0.0824902
8.4907e-10 0.0188359 0.0522617
8.5069e-10 0.0449115 0.0245476
8.5231e-10 0.0779943 0.00912829
8.53931e-10 0.0951726 0.00488577
8.55551e-10 0.0834928 0.0047162
8.57171e-10 0.0483975 0.00301221
8.58791e-10 0.0142943 0.000797801
8.60412e-10 0.00132689 8.25822e-05
8.62032e-10 0.0127047 0.000190133
8.63652e-10 0.044954 0.00176811
8.65273e-10 0.0870843 0.00665162
8.66893e-10 0.113458 0.0140164
8.68513e-10 0.0991544 0.0194326
8.70134e-10 0.0511161 0.0180352
8.71754e-10 0.0154502 0.0117297
8.73374e-10 0.0378058 0.0127448
8.74995e-10 0.11247 0.0333836
8.76615e-10 0.180215 0.0691871
8.78235e-10 0.182613 0.0965795
8.79856e-10 0.116864 0.0926117
8.81476e-10 0.0369304 0.0587089
8.83096e-10 0.00405183 0.0235247
8.84717e-10 0.0359092 0.0198236
8.86337e-10 0.0976105 0.055573
8.87957e-10 0.135674 0.105384
8.89578e-10 0.1214 0.130489
8.91198e-10 0.0689323 0.110618
8.92818e-10 0.0190185 0.0611049
8.94439e-10 0.00629122 0.0210479
8.96059e-10 0.0359012 0.0222079
8.97679e-10 0.0835822 0.0638095
8.993e-10 0.114953 0.113311
9.0092e-10 0.108837 0.132219
9.0254e-10 0.0701664 0.106169
9.0416e-10 0.0262568 0.0555211
9.05781e-10 0.00951008 0.0185875
9.07401e-10 0.0361682 0.0214367
9.09021e-10 0.0935085 0.0584129
9.10642e-10 0.145133 0.098222
9.12262e-10 0.154343 0.109531
9.13882e-10 0.112068 0.0847719
9.15503e-10 0.0481651 0.0435297
9.17123e-10 0.013086 0.0145875
9.18743e-10 0.0395435 0.0130368
9.20364e-10 0.113765 0.03121
9.21984e-10 0.182771 0.0487055
9.23604e-10 0.195307 0.0503727
9.25225e-10 0.143059 0.0363569
9.26845e-10 0.0661074 0.017867
9.28465e-10 0.0178775 0.00559558
9.30086e-10 0.0217101 0.00217336
9.31706e-10 0.0572954 0.0034757
9.33326e-10 0.085115 0.0045966
9.34947e-10 0.0818593 0.00379453
9.36567e-10 0.0541912 0.00205396
9.38187e-10 0.0240572 0.000710447
9.39808e-10 0.0062017 0.00013536
9.41428e-10 0.000434194 9.30771e-06
9.43048e-10 0.000537149 1.15795e-06
9.44669e-10 0.00418761 1.80181e-05
9.46289e-10 0.0119014 9.81835e-05
9.47909e-10 0.0199028 0.000230845
9.49529e-10 0.020189 0.000273947
9.5115e-10 0.0111306 0.000194715
9.5277e-10 0.00618681 0.00061198
9.5439e-10 0.0264142 0.00288516
9.56011e-10 0.0788848 0.00790908
9.57631e-10 0.141371 0.014257
9.59251e-10 0.172789 0.0179815
9.60872e-10 0.146121 0.015618
9.62492e-10 0.0764924 0.00851407
9.64112e-10 0.0165856 0.00396372
9.65733e-10 0.0182602 0.0104376
9.67353e-10 0.09006 0.0297369
9.68973e-10 0.186558 0.0529903
9.70594e-10 0.240396 0.0653964
9.72214e-10 0.212755 0.0573917
9.73834e-10 0.122817 0.0336254
9.75455e-10 0.0336937 0.0116976
9.77075e-10 0.00635161 0.0102544
9.78695e-10 0.0566278 0.0347802
9.80316e-10 0.146176 0.0720462
9.81936e-10 0.211673 0.0982175
9.83556e-10 0.209264 0.0954292
9.85177e-10 0.14269 0.0649913
9.86797e-10 0.0575994 0.0274099
9.88417e-10 0.00889081 0.00874667
9.90038e-10 0.0248135 0.0226809
9.91658e-10 0.0910285 0.0608467
9.93278e-10 0.162623 0.0982816
9.94898e-10 0.193944 0.110273
9.96519e-10 0.166539 0.0889957
9.98139e-10 0.0988121 0.0485737
