7e-10 0.000231313 0.00939983
7.0162e-10 0.000489135 0.00414124
7.03241e-10 0.000648635 0.00575418
7.04861e-10 0.000236178 0.00594127
7.06481e-10 0.000231603 0.00289279
7.08102e-10 0.000345188 0.00255868
7.09722e-10 0.000181044 0.0034555
7.11342e-10 0.000119934 0.00228873
7.12963e-10 0.000179532 0.00134548
7.14583e-10 0.000124382 0.00185027
7.16203e-10 6.87719e-05 0.00174776
7.17824e-10 9.21415e-05 0.000979204
7.19444e-10 8.07696e-05 0.000965468
7.21064e-10 4.36735e-05 0.00120354
7.22684e-10 4.70729e-05 0.000862275
7.24305e-10 5.01876e-05 0.000587221
7.25925e-10 2.99839e-05 0.000746024
7.27545e-10 2.44877e-05 0.00073748
7.29166e-10 2.96783e-05 0.00048499
7.30786e-10 2.13026e-05 0.000456182
7.32406e-10 1.36463e-05 0.0005588
7.34027e-10 1.64962e-05 0.000464533
7.35647e-10 1.48897e-05 0.000338697
7.37267e-10 8.66324e-06 0.000384649
7.38888e-10 8.57391e-06 0.000416562
7.40508e-10 9.72817e-06 0.00032442
7.42128e-10 6.26474e-06 0.000281455
7.43749e-10 4.33418e-06 0.00033069
7.45369e-10 5.62534e-06 0.000323826
7.46989e-10 4.69139e-06 0.000259797
7.4861e-10 2.45784e-06 0.000256908
7.5023e-10 2.70739e-06 0.000291305
7.5185e-10 3.18261e-06 0.000272345
7.53471e-10 1.78775e-06 0.0002354
7.55091e-10 1.05895e-06 0.000247027
7.56711e-10 1.68223e-06 0.000268491
7.58332e-10 1.41185e-06 0.000252032
7.59952e-10 4.76475e-07 0.000234017
7.61572e-10 5.30552e-07 0.000248134
7.63193e-10 8.62544e-07 0.000263626
7.64813e-10 4.30791e-07 0.000256386
7.66433e-10 4.85883e-08 0.000249592
7.68053e-10 2.41836e-07 0.000261715
7.69674e-10 3.41468e-07 0.000278513
7.71294e-10 1.40788e-07 0.000284055
7.72914e-10 1.2488e-08 0.000283023
7.74535e-10 6.45254e-08 0.000292051
7.76155e-10 2.70102e-07 0.000317397
7.77775e-10 3.86126e-07 0.000339699
7.79396e-10 1.22135e-07 0.000341121
7.81016e-10 8.978e-08 0.000346935
7.82636e-10 8.04916e-07 0.000389455
7.84257e-10 1.06359e-06 0.000436234
7.85877e-10 2.90061e-07 0.000438775
7.87497e-10 5.24477e-07 0.00044064
7.89118e-10 2.18744e-06 0.000512876
7.90738e-10 2.15775e-06 0.000600515
7.92358e-10 4.92546e-07 0.000605786
7.93979e-10 1.71683e-06 0.000600563
7.95599e-10 4.90071e-06 0.000722901
7.97219e-10 3.75165e-06 0.000886297
7.9884e-10 6.72688e-07 0.000903237
8.0046e-10 4.29757e-06 0.000882333
8.0208e-10 1.00187e-05 0.00108909
8.03701e-10 6.1434e-06 0.00140316
8.05321e-10 6.25882e-07 0.0014622
8.06941e-10 9.52748e-06 0.0014064
8.08562e-10 2.03095e-05 0.00175472
8.10182e-10 1.08249e-05 0.002382
8.11802e-10 1.6259e-07 0.0025771
8.13422e-10 2.02716e-05 0.00245158
8.15043e-10 4.47793e-05 0.00303221
8.16663e-10 2.73386e-05 0.00432512
8.18283e-10 2.80285e-06 0.00493089
8.19904e-10 4.46969e-05 0.00469937
8.21524e-10 0.000121214 0.00564682
8.23144e-10 0.000119516 0.00834342
8.24765e-10 5.02626e-05 0.0100958
8.26385e-10 0.000116655 0.00982657
8.28005e-10 0.000442837 0.0113435
8.29626e-10 0.00071433 0.016803
8.31246e-10 0.000500882 0.0212571
8.32866e-10 0.000458523 0.0213874
8.34487e-10 0.00211464 0.0239058
8.36107e-10 0.00450379 0.0336041
8.37727e-10 0.00399276 0.0414977
8.39348e-10 0.00309594 0.041839
8.40968e-10 0.0112748 0.0461676
8.42588e-10 0.0238275 0.0571861
8.44209e-10 0.0231283 0.0573512
8.45829e-10 0.0226194 0.049296
8.47449e-10 0.0482605 0.0529977
8.4907e-10 0.0666071 0.0524099
8.5069e-10 0.0536081 0.0297116
8.5231e-10 0.0596714 0.0130571
8.53931e-10 0.0739748 0.012849
8.55551e-10 0.0416064 0.00833014
8.57171e-10 0.00826067 0.00160217
8.58791e-10 0.0105844 3.55506e-05
8.60412e-10 0.00705229 2.69396e-06
8.62032e-10 0.00131791 2.76736e-05
8.63652e-10 0.0272674 0.000969405
8.65273e-10 0.057927 0.00529476
8.66893e-10 0.0593152 0.00930283
8.68513e-10 0.0543773 0.00970041
8.70134e-10 0.0648573 0.0141805
8.71754e-10 0.0780785 0.0258819
8.73374e-10 0.0861526 0.036867
8.74995e-10 0.0859985 0.0415813
8.76615e-10 0.0693858 0.0410677
8.78235e-10 0.0506875 0.0406071
8.79856e-10 0.0564029 0.0475018
8.81476e-10 0.0753374 0.0602264
8.83096e-10 0.0706264 0.0646736
8.84717e-10 0.043028 0.0546486
8.86337e-10 0.032439 0.0465206
8.87957e-10 0.0522879 0.0564386
8.89578e-10 0.0677291 0.0724479
8.91198e-10 0.052171 0.0704335
8.92818e-10 0.0287655 0.052707
8.94439e-10 0.0329559 0.0466927
8.96059e-10 0.0577826 0.0627111
8.97679e-10 0.06547 0.0768471
8.993e-10 0.044885 0.067165
9.0092e-10 0.0281009 0.0475871
9.0254e-10 0.0427079 0.0468233
9.0416e-10 0.0704741 0.064903
9.05781e-10 0.0730293 0.0736714
9.07401e-10 0.048343 0.0592157
9.09021e-10 0.0357766 0.041392
9.10642e-10 0.0595844 0.0430743
9.12262e-10 0.0914646 0.0574451
9.13882e-10 0.0894433 0.0604071
9.15503e-10 0.0594395 0.0456753
9.17123e-10 0.0484949 0.0307555
9.18743e-10 0.077039 0.0300076
9.20364e-10 0.108992 0.0367398
9.21984e-10 0.103158 0.0361437
9.23604e-10 0.0698334 0.0255583
9.25225e-10 0.0530866 0.014744
9.26845e-10 0.0697902 0.0111279
9.28465e-10 0.0913589 0.0120358
9.30086e-10 0.0853297 0.0110605
9.31706e-10 0.0550814 0.00674718
9.33326e-10 0.0296881 0.00254643
9.34947e-10 0.0252747 0.00090646
9.36567e-10 0.0299484 0.000824849
9.38187e-10 0.0258862 0.000641468
9.39808e-10 0.0125753 0.000230037
9.41428e-10 0.00196604 2.87363e-05
9.43048e-10 0.00041472 2.70237e-06
9.44669e-10 0.00361394 1.22538e-05
9.46289e-10 0.00495621 2.7514e-05
9.47909e-10 0.00439331 3.21308e-05
9.49529e-10 0.010163 0.000334041
9.5115e-10 0.0292838 0.00137105
9.5277e-10 0.0532608 0.00271726
9.5439e-10 0.0609707 0.00320763
9.56011e-10 0.0457952 0.00291732
9.57631e-10 0.0333325 0.00425547
9.59251e-10 0.0544969 0.00936149
9.60872e-10 0.0994193 0.0160034
9.62492e-10 0.119301 0.0184058
9.64112e-10 0.0881772 0.0147625
9.65733e-10 0.0455143 0.012263
9.67353e-10 0.0515099 0.0196825
9.68973e-10 0.105534 0.0341126
9.70594e-10 0.140545 0.0411045
9.72214e-10 0.109593 0.0327262
9.73834e-10 0.0506653 0.0209593
9.75455e-10 0.0393391 0.0249477
9.77075e-10 0.0898092 0.0451883
9.78695e-10 0.136027 0.059632
9.80316e-10 0.117755 0.050752
9.81936e-10 0.0577928 0.0299108
9.83556e-10 0.0311139 0.0251592
9.85177e-10 0.0689978 0.0455395
9.86797e-10 0.12157 0.0678509
9.88417e-10 0.122612 0.0648355
9.90038e-10 0.071481 0.0400215
9.91658e-10 0.0312781 0.024363
9.93278e-10 0.0501055 0.0378842
9.94898e-10 0.103894 0.064425
9.96519e-10 0.127552 0.0714456
9.98139e-10 0.0934021 0.0501651
