7e-10 0.0147204 0.0315147
7.00101e-10 0.0146224 0.0311219
7.00203e-10 0.0145247 0.0307345
7.00304e-10 0.0144272 0.0303525
7.00405e-10 0.01433 0.0299756
7.00506e-10 0.0142331 0.029604
7.00608e-10 0.0141365 0.0292375
7.00709e-10 0.0140401 0.028876
7.0081e-10 0.0139441 0.0285196
7.00911e-10 0.0138484 0.028168
7.01013e-10 0.0137531 0.0278212
7.01114e-10 0.013658 0.0274793
7.01215e-10 0.0135634 0.027142
7.01317e-10 0.0134691 0.0268094
7.01418e-10 0.0133752 0.0264814
7.01519e-10 0.0132816 0.0261579
7.0162e-10 0.0131885 0.0258388
7.01722e-10 0.0130957 0.0255242
7.01823e-10 0.0130034 0.0252138
7.01924e-10 0.0129114 0.0249078
7.02025e-10 0.0128199 0.0246059
7.02127e-10 0.0127288 0.0243082
7.02228e-10 0.0126382 0.0240146
7.02329e-10 0.0125479 0.023725
7.0243e-10 0.0124582 0.0234394
7.02532e-10 0.0123689 0.0231578
7.02633e-10 0.01228 0.0228799
7.02734e-10 0.0121916 0.0226059
7.02836e-10 0.0121037 0.0223357
7.02937e-10 0.0120162 0.0220691
7.03038e-10 0.0119292 0.0218063
7.03139e-10 0.0118427 0.021547
7.03241e-10 0.0117567 0.0212912
7.03342e-10 0.0116711 0.021039
7.03443e-10 0.0115861 0.0207902
7.03544e-10 0.0115015 0.0205448
7.03646e-10 0.0114175 0.0203027
7.03747e-10 0.0113339 0.020064
7.03848e-10 0.0112508 0.0198285
7.0395e-10 0.0111683 0.0195962
7.04051e-10 0.0110862 0.0193671
7.04152e-10 0.0110047 0.0191411
7.04253e-10 0.0109236 0.0189181
7.04355e-10 0.0108431 0.0186982
7.04456e-10 0.0107631 0.0184813
7.04557e-10 0.0106836 0.0182673
7.04658e-10 0.0106046 0.0180562
7.0476e-10 0.0105261 0.017848
7.04861e-10 0.0104482 0.0176425
7.04962e-10 0.0103707 0.0174399
7.05064e-10 0.0102938 0.01724
7.05165e-10 0.0102174 0.0170428
7.05266e-10 0.0101415 0.0168482
7.05367e-10 0.0100661 0.0166563
7.05469e-10 0.00999126 0.0164669
7.0557e-10 0.00991692 0.0162801
7.05671e-10 0.0098431 0.0160958
7.05772e-10 0.0097698 0.015914
7.05874e-10 0.00969701 0.0157346
7.05975e-10 0.00962473 0.0155576
7.06076e-10 0.00955298 0.015383
7.06177e-10 0.00948173 0.0152107
7.06279e-10 0.009411 0.0150407
7.0638e-10 0.00934078 0.0148729
7.06481e-10 0.00927106 0.0147074
7.06583e-10 0.00920186 0.0145441
7.06684e-10 0.00913317 0.014383
7.06785e-10 0.00906498 0.014224
7.06886e-10 0.0089973 0.0140671
7.06988e-10 0.00893013 0.0139123
7.07089e-10 0.00886345 0.0137595
7.0719e-10 0.00879728 0.0136088
7.07291e-10 0.0087316 0.01346
7.07393e-10 0.00866642 0.0133132
7.07494e-10 0.00860174 0.0131683
7.07595e-10 0.00853755 0.0130253
7.07697e-10 0.00847385 0.0128842
7.07798e-10 0.00841065 0.012745
7.07899e-10 0.00834792 0.0126076
7.08e-10 0.00828569 0.0124719
7.08102e-10 0.00822394 0.0123381
7.08203e-10 0.00816266 0.012206
7.08304e-10 0.00810187 0.0120756
7.08405e-10 0.00804155 0.0119469
7.08507e-10 0.00798171 0.0118198
7.08608e-10 0.00792234 0.0116945
7.08709e-10 0.00786344 0.0115707
7.0881e-10 0.007805 0.0114486
7.08912e-10 0.00774703 0.011328
7.09013e-10 0.00768952 0.011209
7.09114e-10 0.00763247 0.0110915
7.09216e-10 0.00757587 0.0109755
7.09317e-10 0.00751974 0.010861
7.09418e-10 0.00746405 0.010748
7.09519e-10 0.00740881 0.0106364
7.09621e-10 0.00735402 0.0105263
7.09722e-10 0.00729967 0.0104175
7.09823e-10 0.00724576 0.0103102
7.09924e-10 0.00719229 0.0102042
7.10026e-10 0.00713926 0.0100996
7.10127e-10 0.00708666 0.00999628
7.10228e-10 0.00703449 0.00989429
7.1033e-10 0.00698274 0.00979359
7.10431e-10 0.00693142 0.00969417
7.10532e-10 0.00688053 0.009596
7.10633e-10 0.00683005 0.00949907
7.10735e-10 0.00677999 0.00940336
7.10836e-10 0.00673034 0.00930885
7.10937e-10 0.0066811 0.00921553
7.11038e-10 0.00663227 0.00912338
7.1114e-10 0.00658385 0.00903238
7.11241e-10 0.00653582 0.00894253
7.11342e-10 0.0064882 0.00885379
7.11444e-10 0.00644098 0.00876616
7.11545e-10 0.00639414 0.00867962
7.11646e-10 0.0063477 0.00859415
7.11747e-10 0.00630165 0.00850975
7.11849e-10 0.00625598 0.00842639
7.1195e-10 0.0062107 0.00834406
7.12051e-10 0.00616579 0.00826275
7.12152e-10 0.00612126 0.00818244
7.12254e-10 0.00607711 0.00810312
7.12355e-10 0.00603333 0.00802478
7.12456e-10 0.00598991 0.0079474
7.12557e-10 0.00594686 0.00787096
7.12659e-10 0.00590418 0.00779546
7.1276e-10 0.00586185 0.00772089
7.12861e-10 0.00581988 0.00764722
7.12963e-10 0.00577827 0.00757445
7.13064e-10 0.00573701 0.00750257
7.13165e-10 0.0056961 0.00743156
7.13266e-10 0.00565553 0.00736141
7.13368e-10 0.00561531 0.0072921
7.13469e-10 0.00557543 0.00722364
7.1357e-10 0.00553589 0.007156
7.13671e-10 0.00549668 0.00708918
7.13773e-10 0.00545781 0.00702316
7.13874e-10 0.00541927 0.00695793
7.13975e-10 0.00538105 0.00689349
7.14077e-10 0.00534316 0.00682982
7.14178e-10 0.00530559 0.0067669
7.14279e-10 0.00526835 0.00670474
7.1438e-10 0.00523142 0.00664332
7.14482e-10 0.0051948 0.00658263
7.14583e-10 0.0051585 0.00652266
7.14684e-10 0.0051225 0.0064634
7.14785e-10 0.00508681 0.00640484
7.14887e-10 0.00505143 0.00634698
7.14988e-10 0.00501635 0.0062898
7.15089e-10 0.00498157 0.00623329
7.15191e-10 0.00494708 0.00617744
7.15292e-10 0.00491289 0.00612225
7.15393e-10 0.00487899 0.00606771
7.15494e-10 0.00484538 0.00601381
7.15596e-10 0.00481206 0.00596053
7.15697e-10 0.00477902 0.00590788
7.15798e-10 0.00474627 0.00585584
7.15899e-10 0.00471379 0.00580441
7.16001e-10 0.00468159 0.00575357
7.16102e-10 0.00464967 0.00570332
7.16203e-10 0.00461802 0.00565366
7.16304e-10 0.00458664 0.00560456
7.16406e-10 0.00455552 0.00555604
7.16507e-10 0.00452468 0.00550807
7.16608e-10 0.00449409 0.00546065
7.1671e-10 0.00446377 0.00541378
7.16811e-10 0.00443371 0.00536745
7.16912e-10 0.0044039 0.00532164
7.17013e-10 0.00437435 0.00527636
7.17115e-10 0.00434505 0.00523159
7.17216e-10 0.004316 0.00518734
7.17317e-10 0.00428719 0.00514358
7.17418e-10 0.00425864 0.00510033
7.1752e-10 0.00423032 0.00505756
7.17621e-10 0.00420225 0.00501527
7.17722e-10 0.00417442 0.00497347
7.17824e-10 0.00414682 0.00493213
7.17925e-10 0.00411946 0.00489126
7.18026e-10 0.00409234 0.00485085
7.18127e-10 0.00406544 0.0048109
7.18229e-10 0.00403877 0.00477139
7.1833e-10 0.00401233 0.00473232
7.18431e-10 0.00398612 0.00469368
7.18532e-10 0.00396013 0.00465548
7.18634e-10 0.00393436 0.00461771
7.18735e-10 0.0039088 0.00458035
7.18836e-10 0.00388347 0.00454341
7.18938e-10 0.00385835 0.00450687
7.19039e-10 0.00383344 0.00447074
7.1914e-10 0.00380875 0.00443501
7.19241e-10 0.00378426 0.00439967
7.19343e-10 0.00375998 0.00436472
7.19444e-10 0.00373591 0.00433016
7.19545e-10 0.00371204 0.00429597
7.19646e-10 0.00368838 0.00426216
7.19748e-10 0.00366491 0.00422871
7.19849e-10 0.00364165 0.00419563
7.1995e-10 0.00361858 0.00416292
7.20051e-10 0.0035957 0.00413055
7.20153e-10 0.00357302 0.00409854
7.20254e-10 0.00355053 0.00406688
7.20355e-10 0.00352823 0.00403556
7.20457e-10 0.00350612 0.00400457
7.20558e-10 0.00348419 0.00397392
7.20659e-10 0.00346245 0.00394361
7.2076e-10 0.00344089 0.00391361
7.20862e-10 0.00341951 0.00388394
7.20963e-10 0.00339832 0.00385459
7.21064e-10 0.0033773 0.00382555
7.21165e-10 0.00335646 0.00379682
7.21267e-10 0.00333579 0.0037684
7.21368e-10 0.0033153 0.00374028
7.21469e-10 0.00329498 0.00371246
7.21571e-10 0.00327483 0.00368493
7.21672e-10 0.00325484 0.0036577
7.21773e-10 0.00323503 0.00363075
7.21874e-10 0.00321538 0.00360409
7.21976e-10 0.0031959 0.00357771
7.22077e-10 0.00317658 0.0035516
7.22178e-10 0.00315742 0.00352578
7.22279e-10 0.00313842 0.00350022
7.22381e-10 0.00311958 0.00347493
7.22482e-10 0.00310089 0.00344991
7.22583e-10 0.00308236 0.00342514
7.22684e-10 0.00306399 0.00340064
7.22786e-10 0.00304577 0.00337639
7.22887e-10 0.0030277 0.00335239
7.22988e-10 0.00300978 0.00332864
7.2309e-10 0.00299201 0.00330514
7.23191e-10 0.00297439 0.00328188
7.23292e-10 0.00295691 0.00325886
7.23393e-10 0.00293958 0.00323608
7.23495e-10 0.00292239 0.00321353
7.23596e-10 0.00290534 0.00319122
7.23697e-10 0.00288844 0.00316913
7.23798e-10 0.00287167 0.00314727
7.239e-10 0.00285505 0.00312564
7.24001e-10 0.00283856 0.00310422
7.24102e-10 0.00282221 0.00308303
7.24204e-10 0.00280599 0.00306205
7.24305e-10 0.0027899 0.00304128
7.24406e-10 0.00277395 0.00302073
7.24507e-10 0.00275813 0.00300038
7.24609e-10 0.00274244 0.00298024
7.2471e-10 0.00272688 0.0029603
7.24811e-10 0.00271144 0.00294057
7.24912e-10 0.00269613 0.00292103
7.25014e-10 0.00268095 0.00290169
7.25115e-10 0.00266589 0.00288255
7.25216e-10 0.00265096 0.00286359
7.25318e-10 0.00263615 0.00284483
7.25419e-10 0.00262146 0.00282626
7.2552e-10 0.00260688 0.00280787
7.25621e-10 0.00259243 0.00278966
7.25723e-10 0.0025781 0.00277164
7.25824e-10 0.00256388 0.00275379
7.25925e-10 0.00254978 0.00273612
7.26026e-10 0.00253579 0.00271863
7.26128e-10 0.00252192 0.00270131
7.26229e-10 0.00250816 0.00268417
7.2633e-10 0.00249451 0.00266719
7.26431e-10 0.00248097 0.00265038
7.26533e-10 0.00246754 0.00263373
7.26634e-10 0.00245422 0.00261725
7.26735e-10 0.00244101 0.00260093
7.26837e-10 0.0024279 0.00258477
7.26938e-10 0.00241491 0.00256877
7.27039e-10 0.00240201 0.00255293
7.2714e-10 0.00238922 0.00253724
7.27242e-10 0.00237653 0.0025217
7.27343e-10 0.00236395 0.00250632
7.27444e-10 0.00235147 0.00249108
7.27545e-10 0.00233908 0.002476
7.27647e-10 0.0023268 0.00246106
7.27748e-10 0.00231462 0.00244626
7.27849e-10 0.00230253 0.00243161
7.27951e-10 0.00229054 0.0024171
7.28052e-10 0.00227865 0.00240273
7.28153e-10 0.00226685 0.0023885
7.28254e-10 0.00225514 0.0023744
7.28356e-10 0.00224353 0.00236044
7.28457e-10 0.00223202 0.00234662
7.28558e-10 0.00222059 0.00233293
7.28659e-10 0.00220926 0.00231936
7.28761e-10 0.00219801 0.00230593
7.28862e-10 0.00218686 0.00229263
7.28963e-10 0.00217579 0.00227945
7.29065e-10 0.00216482 0.0022664
7.29166e-10 0.00215393 0.00225348
7.29267e-10 0.00214312 0.00224067
7.29368e-10 0.0021324 0.00222799
7.2947e-10 0.00212177 0.00221543
7.29571e-10 0.00211122 0.00220299
7.29672e-10 0.00210076 0.00219066
7.29773e-10 0.00209038 0.00217846
7.29875e-10 0.00208008 0.00216636
7.29976e-10 0.00206986 0.00215439
7.30077e-10 0.00205972 0.00214252
7.30178e-10 0.00204966 0.00213077
7.3028e-10 0.00203968 0.00211912
7.30381e-10 0.00202978 0.00210759
7.30482e-10 0.00201996 0.00209616
7.30584e-10 0.00201022 0.00208485
7.30685e-10 0.00200055 0.00207363
7.30786e-10 0.00199096 0.00206252
7.30887e-10 0.00198144 0.00205152
7.30989e-10 0.001972 0.00204062
7.3109e-10 0.00196263 0.00202982
7.31191e-10 0.00195334 0.00201912
7.31292e-10 0.00194412 0.00200852
7.31394e-10 0.00193497 0.00199802
7.31495e-10 0.00192589 0.00198762
7.31596e-10 0.00191689 0.00197731
7.31698e-10 0.00190795 0.0019671
7.31799e-10 0.00189908 0.00195698
7.319e-10 0.00189029 0.00194696
7.32001e-10 0.00188156 0.00193702
7.32103e-10 0.0018729 0.00192719
7.32204e-10 0.0018643 0.00191744
7.32305e-10 0.00185578 0.00190778
7.32406e-10 0.00184732 0.00189821
7.32508e-10 0.00183892 0.00188873
7.32609e-10 0.00183059 0.00187933
7.3271e-10 0.00182233 0.00187002
7.32812e-10 0.00181413 0.0018608
7.32913e-10 0.00180599 0.00185166
7.33014e-10 0.00179792 0.00184261
7.33115e-10 0.00178991 0.00183363
7.33217e-10 0.00178196 0.00182474
7.33318e-10 0.00177407 0.00181594
7.33419e-10 0.00176625 0.00180721
7.3352e-10 0.00175848 0.00179856
7.33622e-10 0.00175077 0.00178999
7.33723e-10 0.00174313 0.0017815
7.33824e-10 0.00173554 0.00177308
7.33925e-10 0.00172801 0.00176475
7.34027e-10 0.00172054 0.00175648
7.34128e-10 0.00171313 0.0017483
7.34229e-10 0.00170577 0.00174018
7.34331e-10 0.00169847 0.00173215
7.34432e-10 0.00169123 0.00172418
7.34533e-10 0.00168404 0.00171629
7.34634e-10 0.0016769 0.00170846
7.34736e-10 0.00166983 0.00170071
7.34837e-10 0.0016628 0.00169303
7.34938e-10 0.00165583 0.00168542
7.35039e-10 0.00164892 0.00167788
7.35141e-10 0.00164205 0.0016704
7.35242e-10 0.00163524 0.00166299
7.35343e-10 0.00162848 0.00165565
7.35445e-10 0.00162178 0.00164838
7.35546e-10 0.00161512 0.00164117
7.35647e-10 0.00160852 0.00163403
7.35748e-10 0.00160196 0.00162695
7.3585e-10 0.00159546 0.00161993
7.35951e-10 0.001589 0.00161298
7.36052e-10 0.0015826 0.00160609
7.36153e-10 0.00157624 0.00159926
7.36255e-10 0.00156994 0.0015925
7.36356e-10 0.00156368 0.00158579
7.36457e-10 0.00155746 0.00157914
7.36559e-10 0.0015513 0.00157256
7.3666e-10 0.00154518 0.00156603
7.36761e-10 0.00153911 0.00155957
7.36862e-10 0.00153309 0.00155316
7.36964e-10 0.00152711 0.0015468
7.37065e-10 0.00152117 0.00154051
7.37166e-10 0.00151529 0.00153427
7.37267e-10 0.00150944 0.00152809
7.37369e-10 0.00150364 0.00152196
7.3747e-10 0.00149789 0.00151589
7.37571e-10 0.00149218 0.00150987
7.37672e-10 0.00148651 0.00150391
7.37774e-10 0.00148088 0.001498
7.37875e-10 0.0014753 0.00149215
7.37976e-10 0.00146976 0.00148634
7.38078e-10 0.00146427 0.00148059
7.38179e-10 0.00145881 0.00147489
7.3828e-10 0.0014534 0.00146924
7.38381e-10 0.00144802 0.00146364
7.38483e-10 0.00144269 0.0014581
7.38584e-10 0.0014374 0.0014526
7.38685e-10 0.00143215 0.00144715
7.38786e-10 0.00142693 0.00144175
7.38888e-10 0.00142176 0.0014364
7.38989e-10 0.00141663 0.0014311
7.3909e-10 0.00141153 0.00142585
7.39192e-10 0.00140648 0.00142064
7.39293e-10 0.00140146 0.00141548
7.39394e-10 0.00139648 0.00141036
7.39495e-10 0.00139154 0.0014053
7.39597e-10 0.00138663 0.00140028
7.39698e-10 0.00138177 0.0013953
7.39799e-10 0.00137694 0.00139037
7.399e-10 0.00137214 0.00138548
7.40002e-10 0.00136739 0.00138064
7.40103e-10 0.00136267 0.00137584
7.40204e-10 0.00135798 0.00137109
7.40305e-10 0.00135333 0.00136637
7.40407e-10 0.00134872 0.00136171
7.40508e-10 0.00134414 0.00135708
7.40609e-10 0.00133959 0.00135249
7.40711e-10 0.00133508 0.00134795
7.40812e-10 0.00133061 0.00134345
7.40913e-10 0.00132616 0.00133899
7.41014e-10 0.00132176 0.00133457
7.41116e-10 0.00131738 0.00133019
7.41217e-10 0.00131304 0.00132585
7.41318e-10 0.00130873 0.00132155
7.41419e-10 0.00130446 0.00131729
7.41521e-10 0.00130021 0.00131307
7.41622e-10 0.001296 0.00130889
7.41723e-10 0.00129182 0.00130475
7.41825e-10 0.00128768 0.00130064
7.41926e-10 0.00128356 0.00129657
7.42027e-10 0.00127948 0.00129254
7.42128e-10 0.00127543 0.00128855
7.4223e-10 0.0012714 0.00128459
7.42331e-10 0.00126741 0.00128068
7.42432e-10 0.00126345 0.00127679
7.42533e-10 0.00125952 0.00127295
7.42635e-10 0.00125562 0.00126914
7.42736e-10 0.00125175 0.00126536
7.42837e-10 0.00124791 0.00126162
7.42939e-10 0.0012441 0.00125792
7.4304e-10 0.00124031 0.00125425
7.43141e-10 0.00123656 0.00125061
7.43242e-10 0.00123284 0.00124701
7.43344e-10 0.00122914 0.00124345
7.43445e-10 0.00122547 0.00123991
7.43546e-10 0.00122183 0.00123641
7.43647e-10 0.00121822 0.00123295
7.43749e-10 0.00121464 0.00122951
7.4385e-10 0.00121108 0.00122611
7.43951e-10 0.00120755 0.00122275
7.44052e-10 0.00120405 0.00121941
7.44154e-10 0.00120058 0.00121611
7.44255e-10 0.00119713 0.00121283
7.44356e-10 0.00119371 0.00120959
7.44458e-10 0.00119031 0.00120639
7.44559e-10 0.00118695 0.00120321
7.4466e-10 0.0011836 0.00120006
7.44761e-10 0.00118029 0.00119695
7.44863e-10 0.001177 0.00119386
7.44964e-10 0.00117373 0.0011908
7.45065e-10 0.00117049 0.00118778
7.45166e-10 0.00116728 0.00118478
7.45268e-10 0.00116409 0.00118182
7.45369e-10 0.00116093 0.00117888
7.4547e-10 0.00115779 0.00117598
7.45572e-10 0.00115467 0.0011731
7.45673e-10 0.00115158 0.00117025
7.45774e-10 0.00114852 0.00116743
7.45875e-10 0.00114547 0.00116464
7.45977e-10 0.00114246 0.00116187
7.46078e-10 0.00113946 0.00115914
7.46179e-10 0.00113649 0.00115643
7.4628e-10 0.00113354 0.00115375
7.46382e-10 0.00113062 0.0011511
7.46483e-10 0.00112772 0.00114847
7.46584e-10 0.00112484 0.00114588
7.46686e-10 0.00112199 0.00114331
7.46787e-10 0.00111916 0.00114076
7.46888e-10 0.00111635 0.00113825
7.46989e-10 0.00111356 0.00113576
7.47091e-10 0.00111079 0.00113329
7.47192e-10 0.00110805 0.00113085
7.47293e-10 0.00110533 0.00112844
7.47394e-10 0.00110263 0.00112606
7.47496e-10 0.00109996 0.0011237
7.47597e-10 0.0010973 0.00112136
7.47698e-10 0.00109467 0.00111905
7.47799e-10 0.00109205 0.00111677
7.47901e-10 0.00108946 0.00111451
7.48002e-10 0.00108689 0.00111227
7.48103e-10 0.00108434 0.00111006
7.48205e-10 0.00108182 0.00110788
7.48306e-10 0.00107931 0.00110572
7.48407e-10 0.00107682 0.00110358
7.48508e-10 0.00107435 0.00110147
7.4861e-10 0.00107191 0.00109938
7.48711e-10 0.00106948 0.00109732
7.48812e-10 0.00106708 0.00109528
7.48913e-10 0.00106469 0.00109326
7.49015e-10 0.00106232 0.00109127
7.49116e-10 0.00105998 0.0010893
7.49217e-10 0.00105765 0.00108736
7.49319e-10 0.00105534 0.00108543
7.4942e-10 0.00105305 0.00108353
7.49521e-10 0.00105078 0.00108166
7.49622e-10 0.00104853 0.0010798
7.49724e-10 0.0010463 0.00107797
7.49825e-10 0.00104409 0.00107616
7.49926e-10 0.0010419 0.00107438
7.50027e-10 0.00103972 0.00107261
7.50129e-10 0.00103757 0.00107087
7.5023e-10 0.00103543 0.00106915
7.50331e-10 0.00103331 0.00106745
7.50433e-10 0.00103121 0.00106578
7.50534e-10 0.00102913 0.00106412
7.50635e-10 0.00102706 0.00106249
7.50736e-10 0.00102502 0.00106088
7.50838e-10 0.00102299 0.00105929
7.50939e-10 0.00102098 0.00105772
7.5104e-10 0.00101899 0.00105618
7.51141e-10 0.00101701 0.00105465
7.51243e-10 0.00101505 0.00105315
7.51344e-10 0.00101311 0.00105166
7.51445e-10 0.00101119 0.0010502
7.51546e-10 0.00100928 0.00104876
7.51648e-10 0.00100739 0.00104734
7.51749e-10 0.00100552 0.00104594
7.5185e-10 0.00100367 0.00104456
7.51952e-10 0.00100183 0.0010432
7.52053e-10 0.00100001 0.00104186
7.52154e-10 0.000998201 0.00104054
7.52255e-10 0.000996413 0.00103924
7.52357e-10 0.000994641 0.00103796
7.52458e-10 0.000992885 0.0010367
7.52559e-10 0.000991146 0.00103546
7.5266e-10 0.000989423 0.00103424
7.52762e-10 0.000987716 0.00103304
7.52863e-10 0.000986026 0.00103186
7.52964e-10 0.000984351 0.0010307
7.53066e-10 0.000982692 0.00102956
7.53167e-10 0.000981049 0.00102844
7.53268e-10 0.000979422 0.00102734
7.53369e-10 0.00097781 0.00102625
7.53471e-10 0.000976214 0.00102519
7.53572e-10 0.000974633 0.00102415
7.53673e-10 0.000973068 0.00102312
7.53774e-10 0.000971519 0.00102212
7.53876e-10 0.000969984 0.00102113
7.53977e-10 0.000968465 0.00102016
7.54078e-10 0.000966961 0.00101921
7.54179e-10 0.000965472 0.00101828
7.54281e-10 0.000963998 0.00101737
7.54382e-10 0.000962538 0.00101648
7.54483e-10 0.000961094 0.0010156
7.54585e-10 0.000959665 0.00101474
7.54686e-10 0.00095825 0.00101391
7.54787e-10 0.00095685 0.00101309
7.54888e-10 0.000955464 0.00101229
7.5499e-10 0.000954093 0.0010115
7.55091e-10 0.000952737 0.00101074
7.55192e-10 0.000951394 0.00100999
7.55293e-10 0.000950066 0.00100927
7.55395e-10 0.000948753 0.00100856
7.55496e-10 0.000947453 0.00100787
7.55597e-10 0.000946168 0.00100719
7.55699e-10 0.000944897 0.00100654
7.558e-10 0.00094364 0.0010059
7.55901e-10 0.000942396 0.00100528
7.56002e-10 0.000941167 0.00100468
7.56104e-10 0.000939952 0.00100409
7.56205e-10 0.00093875 0.00100353
7.56306e-10 0.000937562 0.00100298
7.56407e-10 0.000936387 0.00100245
7.56509e-10 0.000935227 0.00100194
7.5661e-10 0.00093408 0.00100144
7.56711e-10 0.000932946 0.00100096
7.56813e-10 0.000931826 0.0010005
7.56914e-10 0.000930719 0.00100006
7.57015e-10 0.000929625 0.000999634
7.57116e-10 0.000928545 0.000999226
7.57218e-10 0.000927478 0.000998836
7.57319e-10 0.000926424 0.000998463
7.5742e-10 0.000925383 0.000998107
7.57521e-10 0.000924356 0.000997769
7.57623e-10 0.000923341 0.000997449
7.57724e-10 0.000922339 0.000997145
7.57825e-10 0.000921351 0.000996859
7.57926e-10 0.000920375 0.00099659
7.58028e-10 0.000919412 0.000996338
7.58129e-10 0.000918462 0.000996104
7.5823e-10 0.000917524 0.000995887
7.58332e-10 0.000916599 0.000995686
7.58433e-10 0.000915687 0.000995504
7.58534e-10 0.000914788 0.000995338
7.58635e-10 0.000913901 0.000995189
7.58737e-10 0.000913026 0.000995058
7.58838e-10 0.000912165 0.000994943
7.58939e-10 0.000911315 0.000994846
7.5904e-10 0.000910478 0.000994765
7.59142e-10 0.000909653 0.000994702
7.59243e-10 0.000908841 0.000994656
7.59344e-10 0.000908041 0.000994627
7.59446e-10 0.000907253 0.000994615
7.59547e-10 0.000906477 0.00099462
7.59648e-10 0.000905713 0.000994642
7.59749e-10 0.000904962 0.00099468
7.59851e-10 0.000904223 0.000994736
7.59952e-10 0.000903495 0.000994809
7.60053e-10 0.00090278 0.000994899
7.60154e-10 0.000902077 0.000995006
7.60256e-10 0.000901385 0.00099513
7.60357e-10 0.000900706 0.000995271
7.60458e-10 0.000900038 0.000995429
7.6056e-10 0.000899382 0.000995604
7.60661e-10 0.000898738 0.000995796
7.60762e-10 0.000898106 0.000996005
7.60863e-10 0.000897485 0.000996231
7.60965e-10 0.000896877 0.000996474
7.61066e-10 0.000896279 0.000996734
7.61167e-10 0.000895694 0.000997011
7.61268e-10 0.00089512 0.000997305
7.6137e-10 0.000894558 0.000997616
7.61471e-10 0.000894007 0.000997944
7.61572e-10 0.000893468 0.000998289
7.61673e-10 0.00089294 0.000998651
7.61775e-10 0.000892424 0.00099903
7.61876e-10 0.000891919 0.000999427
7.61977e-10 0.000891425 0.00099984
7.62079e-10 0.000890943 0.00100027
7.6218e-10 0.000890472 0.00100072
7.62281e-10 0.000890013 0.00100118
7.62382e-10 0.000889565 0.00100167
7.62484e-10 0.000889128 0.00100217
7.62585e-10 0.000888702 0.00100268
7.62686e-10 0.000888288 0.00100322
7.62787e-10 0.000887885 0.00100377
7.62889e-10 0.000887493 0.00100433
7.6299e-10 0.000887112 0.00100492
7.63091e-10 0.000886742 0.00100552
7.63193e-10 0.000886384 0.00100614
7.63294e-10 0.000886036 0.00100678
7.63395e-10 0.0008857 0.00100744
7.63496e-10 0.000885374 0.00100811
7.63598e-10 0.00088506 0.0010088
7.63699e-10 0.000884756 0.00100951
7.638e-10 0.000884464 0.00101023
7.63901e-10 0.000884183 0.00101097
7.64003e-10 0.000883912 0.00101173
7.64104e-10 0.000883653 0.00101251
7.64205e-10 0.000883404 0.00101331
7.64307e-10 0.000883166 0.00101412
7.64408e-10 0.000882939 0.00101495
7.64509e-10 0.000882723 0.0010158
7.6461e-10 0.000882518 0.00101667
7.64712e-10 0.000882324 0.00101755
7.64813e-10 0.00088214 0.00101845
7.64914e-10 0.000881967 0.00101937
7.65015e-10 0.000881805 0.00102031
7.65117e-10 0.000881654 0.00102127
7.65218e-10 0.000881514 0.00102224
7.65319e-10 0.000881384 0.00102324
7.6542e-10 0.000881265 0.00102425
7.65522e-10 0.000881157 0.00102527
7.65623e-10 0.000881059 0.00102632
7.65724e-10 0.000880972 0.00102739
7.65826e-10 0.000880896 0.00102847
7.65927e-10 0.00088083 0.00102957
7.66028e-10 0.000880775 0.00103069
7.66129e-10 0.000880731 0.00103183
7.66231e-10 0.000880697 0.00103299
7.66332e-10 0.000880674 0.00103417
7.66433e-10 0.000880662 0.00103536
7.66534e-10 0.00088066 0.00103657
7.66636e-10 0.000880668 0.00103781
7.66737e-10 0.000880688 0.00103906
7.66838e-10 0.000880717 0.00104033
7.6694e-10 0.000880758 0.00104162
7.67041e-10 0.000880809 0.00104293
7.67142e-10 0.00088087 0.00104425
7.67243e-10 0.000880942 0.0010456
7.67345e-10 0.000881025 0.00104697
7.67446e-10 0.000881118 0.00104835
7.67547e-10 0.000881222 0.00104976
7.67648e-10 0.000881336 0.00105118
7.6775e-10 0.000881461 0.00105262
7.67851e-10 0.000881596 0.00105409
7.67952e-10 0.000881742 0.00105557
7.68053e-10 0.000881898 0.00105707
7.68155e-10 0.000882064 0.00105859
7.68256e-10 0.000882242 0.00106013
7.68357e-10 0.000882429 0.0010617
7.68459e-10 0.000882627 0.00106328
7.6856e-10 0.000882836 0.00106488
7.68661e-10 0.000883055 0.0010665
7.68762e-10 0.000883285 0.00106815
7.68864e-10 0.000883525 0.00106981
7.68965e-10 0.000883775 0.00107149
7.69066e-10 0.000884037 0.0010732
7.69167e-10 0.000884308 0.00107492
7.69269e-10 0.00088459 0.00107667
7.6937e-10 0.000884883 0.00107843
7.69471e-10 0.000885185 0.00108022
7.69573e-10 0.000885499 0.00108203
7.69674e-10 0.000885823 0.00108386
7.69775e-10 0.000886157 0.00108571
7.69876e-10 0.000886502 0.00108758
7.69978e-10 0.000886857 0.00108947
7.70079e-10 0.000887223 0.00109139
7.7018e-10 0.0008876 0.00109333
7.70281e-10 0.000887987 0.00109528
7.70383e-10 0.000888384 0.00109726
7.70484e-10 0.000888792 0.00109926
7.70585e-10 0.00088921 0.00110129
7.70687e-10 0.000889639 0.00110333
7.70788e-10 0.000890078 0.0011054
7.70889e-10 0.000890528 0.00110749
7.7099e-10 0.000890989 0.0011096
7.71092e-10 0.00089146 0.00111174
7.71193e-10 0.000891941 0.0011139
7.71294e-10 0.000892433 0.00111608
7.71395e-10 0.000892936 0.00111828
7.71497e-10 0.000893449 0.00112051
7.71598e-10 0.000893973 0.00112276
7.71699e-10 0.000894507 0.00112503
7.718e-10 0.000895052 0.00112733
7.71902e-10 0.000895608 0.00112965
7.72003e-10 0.000896174 0.00113199
7.72104e-10 0.00089675 0.00113436
7.72206e-10 0.000897338 0.00113675
7.72307e-10 0.000897936 0.00113916
7.72408e-10 0.000898544 0.0011416
7.72509e-10 0.000899164 0.00114406
7.72611e-10 0.000899793 0.00114655
7.72712e-10 0.000900434 0.00114906
7.72813e-10 0.000901085 0.0011516
7.72914e-10 0.000901747 0.00115416
7.73016e-10 0.00090242 0.00115675
7.73117e-10 0.000903103 0.00115936
7.73218e-10 0.000903797 0.001162
7.7332e-10 0.000904502 0.00116466
7.73421e-10 0.000905218 0.00116735
7.73522e-10 0.000905944 0.00117006
7.73623e-10 0.000906681 0.0011728
7.73725e-10 0.000907429 0.00117556
7.73826e-10 0.000908188 0.00117835
7.73927e-10 0.000908958 0.00118117
7.74028e-10 0.000909738 0.00118401
7.7413e-10 0.00091053 0.00118689
7.74231e-10 0.000911332 0.00118978
7.74332e-10 0.000912145 0.00119271
7.74434e-10 0.000912969 0.00119566
7.74535e-10 0.000913804 0.00119864
7.74636e-10 0.00091465 0.00120164
7.74737e-10 0.000915506 0.00120468
7.74839e-10 0.000916374 0.00120774
7.7494e-10 0.000917253 0.00121083
7.75041e-10 0.000918143 0.00121394
7.75142e-10 0.000919043 0.00121709
7.75244e-10 0.000919955 0.00122026
7.75345e-10 0.000920878 0.00122347
7.75446e-10 0.000921812 0.0012267
7.75547e-10 0.000922757 0.00122996
7.75649e-10 0.000923713 0.00123325
7.7575e-10 0.000924681 0.00123657
7.75851e-10 0.000925659 0.00123991
7.75953e-10 0.000926649 0.00124329
7.76054e-10 0.00092765 0.0012467
7.76155e-10 0.000928662 0.00125014
7.76256e-10 0.000929685 0.00125361
7.76358e-10 0.00093072 0.00125711
7.76459e-10 0.000931766 0.00126064
7.7656e-10 0.000932823 0.0012642
7.76661e-10 0.000933891 0.00126779
7.76763e-10 0.000934971 0.00127142
7.76864e-10 0.000936062 0.00127507
7.76965e-10 0.000937165 0.00127876
7.77067e-10 0.000938279 0.00128248
7.77168e-10 0.000939405 0.00128623
7.77269e-10 0.000940542 0.00129001
7.7737e-10 0.00094169 0.00129383
7.77472e-10 0.00094285 0.00129768
7.77573e-10 0.000944022 0.00130156
7.77674e-10 0.000945205 0.00130548
7.77775e-10 0.000946399 0.00130943
7.77877e-10 0.000947606 0.00131341
7.77978e-10 0.000948824 0.00131743
7.78079e-10 0.000950053 0.00132148
7.78181e-10 0.000951295 0.00132557
7.78282e-10 0.000952548 0.00132969
7.78383e-10 0.000953813 0.00133385
7.78484e-10 0.000955089 0.00133804
7.78586e-10 0.000956378 0.00134227
7.78687e-10 0.000957678 0.00134653
7.78788e-10 0.00095899 0.00135083
7.78889e-10 0.000960314 0.00135517
7.78991e-10 0.00096165 0.00135954
7.79092e-10 0.000962998 0.00136395
7.79193e-10 0.000964358 0.0013684
7.79294e-10 0.00096573 0.00137288
7.79396e-10 0.000967113 0.0013774
7.79497e-10 0.000968509 0.00138196
7.79598e-10 0.000969918 0.00138656
7.797e-10 0.000971338 0.0013912
7.79801e-10 0.00097277 0.00139587
7.79902e-10 0.000974215 0.00140059
7.80003e-10 0.000975671 0.00140534
7.80105e-10 0.000977141 0.00141014
7.80206e-10 0.000978622 0.00141497
7.80307e-10 0.000980115 0.00141985
7.80408e-10 0.000981621 0.00142476
7.8051e-10 0.00098314 0.00142972
7.80611e-10 0.000984671 0.00143472
7.80712e-10 0.000986214 0.00143975
7.80814e-10 0.00098777 0.00144484
7.80915e-10 0.000989338 0.00144996
7.81016e-10 0.000990919 0.00145513
7.81117e-10 0.000992512 0.00146033
7.81219e-10 0.000994118 0.00146559
7.8132e-10 0.000995736 0.00147088
7.81421e-10 0.000997368 0.00147622
7.81522e-10 0.000999012 0.00148161
7.81624e-10 0.00100067 0.00148704
7.81725e-10 0.00100234 0.00149251
7.81826e-10 0.00100402 0.00149803
7.81928e-10 0.00100572 0.00150359
7.82029e-10 0.00100742 0.00150921
7.8213e-10 0.00100914 0.00151486
7.82231e-10 0.00101088 0.00152057
7.82333e-10 0.00101263 0.00152632
7.82434e-10 0.00101439 0.00153212
7.82535e-10 0.00101616 0.00153796
7.82636e-10 0.00101795 0.00154386
7.82738e-10 0.00101974 0.0015498
7.82839e-10 0.00102156 0.0015558
7.8294e-10 0.00102338 0.00156184
7.83041e-10 0.00102522 0.00156793
7.83143e-10 0.00102707 0.00157408
7.83244e-10 0.00102894 0.00158027
7.83345e-10 0.00103082 0.00158651
7.83447e-10 0.00103271 0.00159281
7.83548e-10 0.00103462 0.00159916
7.83649e-10 0.00103654 0.00160556
7.8375e-10 0.00103847 0.00161201
7.83852e-10 0.00104042 0.00161852
7.83953e-10 0.00104238 0.00162508
7.84054e-10 0.00104435 0.0016317
7.84155e-10 0.00104634 0.00163837
7.84257e-10 0.00104834 0.00164509
7.84358e-10 0.00105036 0.00165187
7.84459e-10 0.00105238 0.00165871
7.84561e-10 0.00105443 0.0016656
7.84662e-10 0.00105648 0.00167256
7.84763e-10 0.00105855 0.00167956
7.84864e-10 0.00106064 0.00168663
7.84966e-10 0.00106274 0.00169375
7.85067e-10 0.00106485 0.00170094
7.85168e-10 0.00106698 0.00170818
7.85269e-10 0.00106912 0.00171548
7.85371e-10 0.00107127 0.00172285
7.85472e-10 0.00107344 0.00173027
7.85573e-10 0.00107562 0.00173776
7.85674e-10 0.00107782 0.00174531
7.85776e-10 0.00108003 0.00175292
7.85877e-10 0.00108226 0.00176059
7.85978e-10 0.0010845 0.00176833
7.8608e-10 0.00108676 0.00177613
7.86181e-10 0.00108903 0.001784
7.86282e-10 0.00109131 0.00179193
7.86383e-10 0.00109361 0.00179993
7.86485e-10 0.00109592 0.001808
7.86586e-10 0.00109825 0.00181613
7.86687e-10 0.0011006 0.00182433
7.86788e-10 0.00110295 0.0018326
7.8689e-10 0.00110533 0.00184093
7.86991e-10 0.00110771 0.00184934
7.87092e-10 0.00111012 0.00185782
7.87194e-10 0.00111253 0.00186637
7.87295e-10 0.00111497 0.00187499
7.87396e-10 0.00111741 0.00188368
7.87497e-10 0.00111988 0.00189244
7.87599e-10 0.00112235 0.00190128
7.877e-10 0.00112485 0.00191019
7.87801e-10 0.00112735 0.00191918
7.87902e-10 0.00112988 0.00192824
7.88004e-10 0.00113242 0.00193738
7.88105e-10 0.00113497 0.0019466
7.88206e-10 0.00113754 0.00195589
7.88308e-10 0.00114012 0.00196526
7.88409e-10 0.00114272 0.00197471
7.8851e-10 0.00114534 0.00198424
7.88611e-10 0.00114797 0.00199385
7.88713e-10 0.00115062 0.00200354
7.88814e-10 0.00115328 0.00201331
7.88915e-10 0.00115596 0.00202317
7.89016e-10 0.00115865 0.00203311
7.89118e-10 0.00116136 0.00204313
7.89219e-10 0.00116408 0.00205324
7.8932e-10 0.00116683 0.00206343
7.89421e-10 0.00116958 0.00207371
7.89523e-10 0.00117235 0.00208408
7.89624e-10 0.00117514 0.00209454
7.89725e-10 0.00117795 0.00210508
7.89827e-10 0.00118077 0.00211571
7.89928e-10 0.0011836 0.00212644
7.90029e-10 0.00118646 0.00213725
7.9013e-10 0.00118933 0.00214816
7.90232e-10 0.00119221 0.00215917
7.90333e-10 0.00119511 0.00217026
7.90434e-10 0.00119803 0.00218145
7.90535e-10 0.00120096 0.00219274
7.90637e-10 0.00120391 0.00220412
7.90738e-10 0.00120688 0.0022156
7.90839e-10 0.00120986 0.00222718
7.90941e-10 0.00121286 0.00223886
7.91042e-10 0.00121588 0.00225064
7.91143e-10 0.00121891 0.00226252
7.91244e-10 0.00122196 0.00227451
7.91346e-10 0.00122503 0.0022866
7.91447e-10 0.00122811 0.00229879
7.91548e-10 0.00123121 0.00231108
7.91649e-10 0.00123432 0.00232349
7.91751e-10 0.00123746 0.002336
7.91852e-10 0.00124061 0.00234862
7.91953e-10 0.00124377 0.00236135
7.92055e-10 0.00124695 0.00237419
7.92156e-10 0.00125015 0.00238714
7.92257e-10 0.00125337 0.0024002
7.92358e-10 0.0012566 0.00241338
7.9246e-10 0.00125986 0.00242668
7.92561e-10 0.00126312 0.00244009
7.92662e-10 0.00126641 0.00245361
7.92763e-10 0.00126971 0.00246726
7.92865e-10 0.00127303 0.00248102
7.92966e-10 0.00127636 0.00249491
7.93067e-10 0.00127972 0.00250891
7.93168e-10 0.00128309 0.00252305
7.9327e-10 0.00128647 0.0025373
7.93371e-10 0.00128988 0.00255168
7.93472e-10 0.0012933 0.00256619
7.93574e-10 0.00129674 0.00258082
7.93675e-10 0.0013002 0.00259559
7.93776e-10 0.00130367 0.00261049
7.93877e-10 0.00130716 0.00262551
7.93979e-10 0.00131067 0.00264067
7.9408e-10 0.0013142 0.00265597
7.94181e-10 0.00131774 0.0026714
7.94282e-10 0.0013213 0.00268697
7.94384e-10 0.00132488 0.00270268
7.94485e-10 0.00132847 0.00271853
7.94586e-10 0.00133209 0.00273452
7.94688e-10 0.00133572 0.00275065
7.94789e-10 0.00133936 0.00276693
7.9489e-10 0.00134303 0.00278335
7.94991e-10 0.00134671 0.00279992
7.95093e-10 0.00135041 0.00281664
7.95194e-10 0.00135413 0.00283351
7.95295e-10 0.00135787 0.00285053
7.95396e-10 0.00136162 0.00286771
7.95498e-10 0.00136539 0.00288504
7.95599e-10 0.00136918 0.00290253
7.957e-10 0.00137299 0.00292017
7.95802e-10 0.00137681 0.00293798
7.95903e-10 0.00138065 0.00295594
7.96004e-10 0.00138451 0.00297407
7.96105e-10 0.00138838 0.00299237
7.96207e-10 0.00139228 0.00301083
7.96308e-10 0.00139619 0.00302946
7.96409e-10 0.00140012 0.00304826
7.9651e-10 0.00140406 0.00306723
7.96612e-10 0.00140803 0.00308638
7.96713e-10 0.00141201 0.0031057
7.96814e-10 0.00141601 0.0031252
7.96915e-10 0.00142003 0.00314488
7.97017e-10 0.00142406 0.00316473
7.97118e-10 0.00142811 0.00318478
7.97219e-10 0.00143218 0.003205
7.97321e-10 0.00143626 0.00322542
7.97422e-10 0.00144037 0.00324602
7.97523e-10 0.00144449 0.00326681
7.97624e-10 0.00144863 0.0032878
7.97726e-10 0.00145278 0.00330898
7.97827e-10 0.00145696 0.00333035
7.97928e-10 0.00146115 0.00335193
7.98029e-10 0.00146535 0.00337371
7.98131e-10 0.00146958 0.00339569
7.98232e-10 0.00147382 0.00341787
7.98333e-10 0.00147808 0.00344027
7.98435e-10 0.00148235 0.00346287
7.98536e-10 0.00148664 0.00348569
7.98637e-10 0.00149095 0.00350872
7.98738e-10 0.00149528 0.00353196
7.9884e-10 0.00149962 0.00355543
7.98941e-10 0.00150398 0.00357911
7.99042e-10 0.00150836 0.00360302
7.99143e-10 0.00151275 0.00362716
7.99245e-10 0.00151716 0.00365152
7.99346e-10 0.00152159 0.00367612
7.99447e-10 0.00152603 0.00370095
7.99548e-10 0.00153049 0.00372601
7.9965e-10 0.00153497 0.00375132
7.99751e-10 0.00153946 0.00377686
7.99852e-10 0.00154397 0.00380265
7.99954e-10 0.00154849 0.00382869
8.00055e-10 0.00155303 0.00385497
8.00156e-10 0.00155759 0.00388151
8.00257e-10 0.00156216 0.0039083
8.00359e-10 0.00156674 0.00393535
8.0046e-10 0.00157135 0.00396265
8.00561e-10 0.00157596 0.00399023
8.00662e-10 0.0015806 0.00401806
8.00764e-10 0.00158525 0.00404617
8.00865e-10 0.00158991 0.00407455
8.00966e-10 0.00159459 0.0041032
8.01068e-10 0.00159928 0.00413213
8.01169e-10 0.00160399 0.00416135
8.0127e-10 0.00160871 0.00419084
8.01371e-10 0.00161345 0.00422063
8.01473e-10 0.0016182 0.0042507
8.01574e-10 0.00162297 0.00428107
8.01675e-10 0.00162775 0.00431174
8.01776e-10 0.00163254 0.0043427
8.01878e-10 0.00163735 0.00437397
8.01979e-10 0.00164217 0.00440555
8.0208e-10 0.001647 0.00443744
8.02182e-10 0.00165185 0.00446964
8.02283e-10 0.00165671 0.00450216
8.02384e-10 0.00166158 0.004535
8.02485e-10 0.00166647 0.00456816
8.02587e-10 0.00167137 0.00460166
8.02688e-10 0.00167628 0.00463548
8.02789e-10 0.0016812 0.00466965
8.0289e-10 0.00168614 0.00470415
8.02992e-10 0.00169108 0.00473899
8.03093e-10 0.00169604 0.00477419
8.03194e-10 0.00170101 0.00480973
8.03295e-10 0.00170599 0.00484563
8.03397e-10 0.00171098 0.00488189
8.03498e-10 0.00171598 0.00491851
8.03599e-10 0.00172099 0.00495551
8.03701e-10 0.00172601 0.00499287
8.03802e-10 0.00173104 0.00503061
8.03903e-10 0.00173608 0.00506873
8.04004e-10 0.00174113 0.00510723
8.04106e-10 0.00174619 0.00514613
8.04207e-10 0.00175126 0.00518542
8.04308e-10 0.00175633 0.00522511
8.04409e-10 0.00176141 0.0052652
8.04511e-10 0.0017665 0.0053057
8.04612e-10 0.0017716 0.00534661
8.04713e-10 0.00177671 0.00538794
8.04815e-10 0.00178182 0.00542969
8.04916e-10 0.00178694 0.00547186
8.05017e-10 0.00179206 0.00551447
8.05118e-10 0.00179719 0.00555752
8.0522e-10 0.00180233 0.00560101
8.05321e-10 0.00180747 0.00564495
8.05422e-10 0.00181261 0.00568933
8.05523e-10 0.00181776 0.00573418
8.05625e-10 0.00182291 0.00577949
8.05726e-10 0.00182807 0.00582527
8.05827e-10 0.00183323 0.00587152
8.05929e-10 0.00183839 0.00591826
8.0603e-10 0.00184355 0.00596548
8.06131e-10 0.00184872 0.00601319
8.06232e-10 0.00185388 0.00606139
8.06334e-10 0.00185905 0.0061101
8.06435e-10 0.00186421 0.00615932
8.06536e-10 0.00186938 0.00620906
8.06637e-10 0.00187455 0.00625931
8.06739e-10 0.00187971 0.00631009
8.0684e-10 0.00188488 0.00636141
8.06941e-10 0.00189004 0.00641326
8.07042e-10 0.00189519 0.00646567
8.07144e-10 0.00190035 0.00651862
8.07245e-10 0.0019055 0.00657213
8.07346e-10 0.00191065 0.00662621
8.07448e-10 0.00191579 0.00668087
8.07549e-10 0.00192092 0.0067361
8.0765e-10 0.00192605 0.00679192
8.07751e-10 0.00193117 0.00684833
8.07853e-10 0.00193629 0.00690535
8.07954e-10 0.0019414 0.00696297
8.08055e-10 0.00194649 0.00702121
8.08156e-10 0.00195158 0.00708007
8.08258e-10 0.00195666 0.00713957
8.08359e-10 0.00196173 0.0071997
8.0846e-10 0.00196678 0.00726047
8.08562e-10 0.00197183 0.0073219
8.08663e-10 0.00197686 0.00738399
8.08764e-10 0.00198188 0.00744676
8.08865e-10 0.00198688 0.0075102
8.08967e-10 0.00199187 0.00757432
8.09068e-10 0.00199684 0.00763914
8.09169e-10 0.00200179 0.00770467
8.0927e-10 0.00200673 0.0077709
8.09372e-10 0.00201165 0.00783786
8.09473e-10 0.00201655 0.00790554
8.09574e-10 0.00202143 0.00797397
8.09676e-10 0.00202629 0.00804314
8.09777e-10 0.00203112 0.00811306
8.09878e-10 0.00203594 0.00818376
8.09979e-10 0.00204073 0.00825523
8.10081e-10 0.00204549 0.00832748
8.10182e-10 0.00205023 0.00840053
8.10283e-10 0.00205494 0.00847438
8.10384e-10 0.00205963 0.00854904
8.10486e-10 0.00206429 0.00862453
8.10587e-10 0.00206891 0.00870086
8.10688e-10 0.00207351 0.00877803
8.10789e-10 0.00207807 0.00885605
8.10891e-10 0.0020826 0.00893494
8.10992e-10 0.0020871 0.00901471
8.11093e-10 0.00209156 0.00909537
8.11195e-10 0.00209599 0.00917692
8.11296e-10 0.00210038 0.00925938
8.11397e-10 0.00210473 0.00934277
8.11498e-10 0.00210904 0.00942709
8.116e-10 0.00211331 0.00951235
8.11701e-10 0.00211754 0.00959857
8.11802e-10 0.00212172 0.00968576
8.11903e-10 0.00212586 0.00977393
8.12005e-10 0.00212995 0.00986309
8.12106e-10 0.002134 0.00995325
8.12207e-10 0.00213799 0.0100444
8.12309e-10 0.00214194 0.0101367
8.1241e-10 0.00214583 0.0102299
8.12511e-10 0.00214968 0.0103242
8.12612e-10 0.00215346 0.0104196
8.12714e-10 0.0021572 0.0105161
8.12815e-10 0.00216087 0.0106137
8.12916e-10 0.00216449 0.0107123
8.13017e-10 0.00216804 0.0108121
8.13119e-10 0.00217154 0.0109131
8.1322e-10 0.00217497 0.0110152
8.13321e-10 0.00217834 0.0111184
8.13422e-10 0.00218164 0.0112229
8.13524e-10 0.00218487 0.0113286
8.13625e-10 0.00218803 0.0114354
8.13726e-10 0.00219112 0.0115435
8.13828e-10 0.00219413 0.0116528
8.13929e-10 0.00219708 0.0117634
8.1403e-10 0.00219994 0.0118753
8.14131e-10 0.00220273 0.0119885
8.14233e-10 0.00220543 0.012103
8.14334e-10 0.00220806 0.0122188
8.14435e-10 0.0022106 0.0123359
8.14536e-10 0.00221305 0.0124544
8.14638e-10 0.00221542 0.0125743
8.14739e-10 0.0022177 0.0126956
8.1484e-10 0.00221988 0.0128183
8.14942e-10 0.00222197 0.0129425
8.15043e-10 0.00222397 0.013068
8.15144e-10 0.00222587 0.0131951
8.15245e-10 0.00222767 0.0133236
8.15347e-10 0.00222936 0.0134537
8.15448e-10 0.00223096 0.0135853
8.15549e-10 0.00223244 0.0137184
8.1565e-10 0.00223382 0.0138531
8.15752e-10 0.00223509 0.0139893
8.15853e-10 0.00223624 0.0141272
8.15954e-10 0.00223729 0.0142667
8.16056e-10 0.00223821 0.0144079
8.16157e-10 0.00223901 0.0145507
8.16258e-10 0.00223969 0.0146952
8.16359e-10 0.00224025 0.0148415
8.16461e-10 0.00224068 0.0149894
8.16562e-10 0.00224099 0.0151392
8.16663e-10 0.00224116 0.0152907
8.16764e-10 0.0022412 0.015444
8.16866e-10 0.0022411 0.0155991
8.16967e-10 0.00224086 0.0157561
8.17068e-10 0.00224048 0.015915
8.17169e-10 0.00223996 0.0160757
8.17271e-10 0.00223929 0.0162384
8.17372e-10 0.00223848 0.0164031
8.17473e-10 0.00223751 0.0165697
8.17575e-10 0.00223638 0.0167383
8.17676e-10 0.00223511 0.0169089
8.17777e-10 0.00223367 0.0170816
8.17878e-10 0.00223207 0.0172564
8.1798e-10 0.0022303 0.0174332
8.18081e-10 0.00222837 0.0176122
8.18182e-10 0.00222626 0.0177934
8.18283e-10 0.00222399 0.0179768
8.18385e-10 0.00222154 0.0181623
8.18486e-10 0.00221891 0.0183502
8.18587e-10 0.00221609 0.0185402
8.18689e-10 0.0022131 0.0187326
8.1879e-10 0.00220991 0.0189274
8.18891e-10 0.00220654 0.0191245
8.18992e-10 0.00220297 0.019324
8.19094e-10 0.00219921 0.0195259
8.19195e-10 0.00219525 0.0197303
8.19296e-10 0.00219109 0.0199371
8.19397e-10 0.00218673 0.0201465
8.19499e-10 0.00218215 0.0203585
8.196e-10 0.00217737 0.020573
8.19701e-10 0.00217238 0.0207901
8.19803e-10 0.00216716 0.02101
8.19904e-10 0.00216173 0.0212325
8.20005e-10 0.00215608 0.0214577
8.20106e-10 0.0021502 0.0216857
8.20208e-10 0.0021441 0.0219165
8.20309e-10 0.00213777 0.0221501
8.2041e-10 0.0021312 0.0223866
8.20511e-10 0.0021244 0.0226259
8.20613e-10 0.00211735 0.0228683
8.20714e-10 0.00211007 0.0231136
8.20815e-10 0.00210254 0.0233619
8.20916e-10 0.00209477 0.0236133
8.21018e-10 0.00208674 0.0238678
8.21119e-10 0.00207847 0.0241254
8.2122e-10 0.00206993 0.0243863
8.21322e-10 0.00206114 0.0246503
8.21423e-10 0.00205209 0.0249176
8.21524e-10 0.00204278 0.0251882
8.21625e-10 0.0020332 0.0254621
8.21727e-10 0.00202335 0.0257394
8.21828e-10 0.00201323 0.0260202
8.21929e-10 0.00200284 0.0263044
8.2203e-10 0.00199218 0.0265921
8.22132e-10 0.00198123 0.0268835
8.22233e-10 0.00197001 0.0271784
8.22334e-10 0.00195851 0.027477
8.22436e-10 0.00194672 0.0277792
8.22537e-10 0.00193465 0.0280853
8.22638e-10 0.00192229 0.0283951
8.22739e-10 0.00190964 0.0287087
8.22841e-10 0.0018967 0.0290263
8.22942e-10 0.00188347 0.0293478
8.23043e-10 0.00186994 0.0296733
8.23144e-10 0.00185612 0.0300028
8.23246e-10 0.00184201 0.0303364
8.23347e-10 0.0018276 0.0306742
8.23448e-10 0.00181289 0.0310162
8.2355e-10 0.00179788 0.0313624
8.23651e-10 0.00178257 0.0317129
8.23752e-10 0.00176696 0.0320677
8.23853e-10 0.00175106 0.032427
8.23955e-10 0.00173485 0.0327907
8.24056e-10 0.00171835 0.033159
8.24157e-10 0.00170154 0.0335318
8.24258e-10 0.00168444 0.0339092
8.2436e-10 0.00166704 0.0342914
8.24461e-10 0.00164934 0.0346782
8.24562e-10 0.00163135 0.0350699
8.24663e-10 0.00161306 0.0354664
8.24765e-10 0.00159448 0.0358679
8.24866e-10 0.00157561 0.0362743
8.24967e-10 0.00155645 0.0366857
8.25069e-10 0.001537 0.0371023
8.2517e-10 0.00151727 0.037524
8.25271e-10 0.00149727 0.0379509
8.25372e-10 0.00147698 0.0383831
8.25474e-10 0.00145643 0.0388206
8.25575e-10 0.0014356 0.0392636
8.25676e-10 0.00141452 0.039712
8.25777e-10 0.00139317 0.0401659
8.25879e-10 0.00137157 0.0406255
8.2598e-10 0.00134973 0.0410907
8.26081e-10 0.00132764 0.0415616
8.26183e-10 0.00130532 0.0420383
8.26284e-10 0.00128277 0.0425209
8.26385e-10 0.00126 0.0430094
8.26486e-10 0.00123703 0.0435039
8.26588e-10 0.00121385 0.0440044
8.26689e-10 0.00119047 0.0445111
8.2679e-10 0.00116692 0.045024
8.26891e-10 0.00114319 0.0455431
8.26993e-10 0.00111929 0.0460686
8.27094e-10 0.00109525 0.0466004
8.27195e-10 0.00107107 0.0471388
8.27296e-10 0.00104677 0.0476836
8.27398e-10 0.00102236 0.0482351
8.27499e-10 0.000997844 0.0487933
8.276e-10 0.000973251 0.0493582
8.27702e-10 0.000948593 0.0499299
8.27803e-10 0.000923886 0.0505086
8.27904e-10 0.000899149 0.0510941
8.28005e-10 0.000874399 0.0516868
8.28107e-10 0.000849656 0.0522865
8.28208e-10 0.000824941 0.0528934
8.28309e-10 0.000800274 0.0535076
8.2841e-10 0.000775679 0.054129
8.28512e-10 0.000751177 0.0547579
8.28613e-10 0.000726794 0.0553942
8.28714e-10 0.000702555 0.0560381
8.28816e-10 0.000678487 0.0566895
8.28917e-10 0.000654617 0.0573487
8.29018e-10 0.000630974 0.0580156
8.29119e-10 0.000607589 0.0586903
8.29221e-10 0.000584493 0.0593729
8.29322e-10 0.000561718 0.0600634
8.29423e-10 0.000539299 0.060762
8.29524e-10 0.000517271 0.0614687
8.29626e-10 0.000495671 0.0621835
8.29727e-10 0.000474538 0.0629066
8.29828e-10 0.000453911 0.063638
8.2993e-10 0.000433833 0.0643777
8.30031e-10 0.000414345 0.0651259
8.30132e-10 0.000395493 0.0658826
8.30233e-10 0.000377324 0.0666478
8.30335e-10 0.000359885 0.0674217
8.30436e-10 0.000343227 0.0682043
8.30537e-10 0.000327401 0.0689956
8.30638e-10 0.000312462 0.0697957
8.3074e-10 0.000298465 0.0706047
8.30841e-10 0.000285469 0.0714227
8.30942e-10 0.000273532 0.0722496
8.31043e-10 0.000262717 0.0730855
8.31145e-10 0.000253089 0.0739306
8.31246e-10 0.000244713 0.0747848
8.31347e-10 0.000237658 0.0756483
8.31449e-10 0.000231997 0.0765209
8.3155e-10 0.000227801 0.0774029
8.31651e-10 0.000225148 0.0782942
8.31752e-10 0.000224115 0.0791949
8.31854e-10 0.000224784 0.0801051
8.31955e-10 0.000227239 0.0810247
8.32056e-10 0.000231567 0.0819538
8.32157e-10 0.000237856 0.0828924
8.32259e-10 0.000246199 0.0838407
8.3236e-10 0.000256691 0.0847985
8.32461e-10 0.000269431 0.0857659
8.32563e-10 0.00028452 0.086743
8.32664e-10 0.000302061 0.0877297
8.32765e-10 0.000322163 0.0887262
8.32866e-10 0.000344937 0.0897323
8.32968e-10 0.000370496 0.0907481
8.33069e-10 0.000398958 0.0917737
8.3317e-10 0.000430444 0.092809
8.33271e-10 0.00046508 0.0938539
8.33373e-10 0.000502992 0.0949086
8.33474e-10 0.000544313 0.095973
8.33575e-10 0.000589179 0.097047
8.33677e-10 0.000637729 0.0981307
8.33778e-10 0.000690106 0.099224
8.33879e-10 0.000746457 0.100327
8.3398e-10 0.000806934 0.101439
8.34082e-10 0.000871692 0.102562
8.34183e-10 0.000940891 0.103693
8.34284e-10 0.00101469 0.104834
8.34385e-10 0.00109327 0.105984
8.34487e-10 0.00117679 0.107144
8.34588e-10 0.00126543 0.108313
8.34689e-10 0.00135937 0.109491
8.3479e-10 0.0014588 0.110678
8.34892e-10 0.0015639 0.111874
8.34993e-10 0.00167488 0.113079
8.35094e-10 0.00179193 0.114293
8.35196e-10 0.00191525 0.115515
8.35297e-10 0.00204506 0.116746
8.35398e-10 0.00218156 0.117986
8.35499e-10 0.00232498 0.119234
8.35601e-10 0.00247553 0.12049
8.35702e-10 0.00263345 0.121753
8.35803e-10 0.00279897 0.123025
8.35904e-10 0.00297232 0.124305
8.36006e-10 0.00315375 0.125591
8.36107e-10 0.00334351 0.126886
8.36208e-10 0.00354183 0.128187
8.3631e-10 0.003749 0.129495
8.36411e-10 0.00396525 0.13081
8.36512e-10 0.00419087 0.132131
8.36613e-10 0.00442611 0.133458
8.36715e-10 0.00467127 0.134791
8.36816e-10 0.00492661 0.13613
8.36917e-10 0.00519242 0.137474
8.37018e-10 0.005469 0.138824
8.3712e-10 0.00575663 0.140178
8.37221e-10 0.00605561 0.141536
8.37322e-10 0.00636625 0.142899
8.37424e-10 0.00668886 0.144265
8.37525e-10 0.00702374 0.145635
8.37626e-10 0.00737121 0.147008
8.37727e-10 0.00773159 0.148384
8.37829e-10 0.0081052 0.149762
8.3793e-10 0.00849237 0.151142
8.38031e-10 0.00889342 0.152523
8.38132e-10 0.0093087 0.153905
8.38234e-10 0.00973852 0.155288
8.38335e-10 0.0101832 0.156671
8.38436e-10 0.0106432 0.158054
8.38537e-10 0.0111187 0.159435
8.38639e-10 0.0116101 0.160816
8.3874e-10 0.0121178 0.162194
8.38841e-10 0.0126422 0.16357
8.38943e-10 0.0131834 0.164943
8.39044e-10 0.013742 0.166312
8.39145e-10 0.0143182 0.167678
8.39246e-10 0.0149125 0.169038
8.39348e-10 0.0155251 0.170393
8.39449e-10 0.0161564 0.171742
8.3955e-10 0.0168067 0.173084
8.39651e-10 0.0174765 0.174419
8.39753e-10 0.0181659 0.175746
8.39854e-10 0.0188755 0.177064
8.39955e-10 0.0196054 0.178372
8.40057e-10 0.0203561 0.179671
8.40158e-10 0.0211279 0.180958
8.40259e-10 0.021921 0.182234
8.4036e-10 0.0227359 0.183497
8.40462e-10 0.0235728 0.184747
8.40563e-10 0.024432 0.185983
8.40664e-10 0.0253138 0.187204
8.40765e-10 0.0262185 0.188409
8.40867e-10 0.0271464 0.189597
8.40968e-10 0.0280978 0.190768
8.41069e-10 0.0290728 0.191921
8.41171e-10 0.0300719 0.193055
8.41272e-10 0.0310951 0.194168
8.41373e-10 0.0321427 0.19526
8.41474e-10 0.033215 0.196331
8.41576e-10 0.034312 0.197378
8.41677e-10 0.0354341 0.198402
8.41778e-10 0.0365813 0.199401
8.41879e-10 0.0377538 0.200374
8.41981e-10 0.0389517 0.20132
8.42082e-10 0.0401752 0.202239
8.42183e-10 0.0414243 0.203129
8.42284e-10 0.0426991 0.20399
8.42386e-10 0.0439996 0.20482
8.42487e-10 0.0453258 0.205618
8.42588e-10 0.0466778 0.206384
8.4269e-10 0.0480555 0.207116
8.42791e-10 0.0494589 0.207814
8.42892e-10 0.0508878 0.208476
8.42993e-10 0.0523422 0.209101
8.43095e-10 0.053822 0.209689
8.43196e-10 0.0553269 0.210239
8.43297e-10 0.0568568 0.210749
8.43398e-10 0.0584114 0.211219
8.435e-10 0.0599905 0.211647
8.43601e-10 0.0615937 0.212033
8.43702e-10 0.0632208 0.212376
8.43804e-10 0.0648714 0.212675
8.43905e-10 0.066545 0.212929
8.44006e-10 0.0682413 0.213137
8.44107e-10 0.0699597 0.213299
8.44209e-10 0.0716998 0.213413
8.4431e-10 0.0734609 0.213478
8.44411e-10 0.0752425 0.213495
8.44512e-10 0.077044 0.213461
8.44614e-10 0.0788646 0.213377
8.44715e-10 0.0807036 0.213242
8.44816e-10 0.0825603 0.213055
8.44917e-10 0.0844339 0.212815
8.45019e-10 0.0863235 0.212522
8.4512e-10 0.0882282 0.212176
8.45221e-10 0.0901471 0.211775
8.45323e-10 0.0920791 0.211319
8.45424e-10 0.0940234 0.210808
8.45525e-10 0.0959788 0.210242
8.45626e-10 0.0979441 0.20962
8.45728e-10 0.0999183 0.208942
8.45829e-10 0.1019 0.208207
8.4593e-10 0.103888 0.207416
8.46031e-10 0.105882 0.206568
8.46133e-10 0.107879 0.205663
8.46234e-10 0.109878 0.204701
8.46335e-10 0.111878 0.203682
8.46437e-10 0.113878 0.202606
8.46538e-10 0.115876 0.201474
8.46639e-10 0.11787 0.200286
8.4674e-10 0.11986 0.199041
8.46842e-10 0.121842 0.19774
8.46943e-10 0.123816 0.196384
8.47044e-10 0.12578 0.194972
8.47145e-10 0.127733 0.193506
8.47247e-10 0.129672 0.191987
8.47348e-10 0.131595 0.190413
8.47449e-10 0.133502 0.188787
8.47551e-10 0.135389 0.187109
8.47652e-10 0.137256 0.18538
8.47753e-10 0.1391 0.183601
8.47854e-10 0.14092 0.181773
8.47956e-10 0.142713 0.179896
8.48057e-10 0.144478 0.177972
8.48158e-10 0.146212 0.176002
8.48259e-10 0.147914 0.173988
8.48361e-10 0.149582 0.17193
8.48462e-10 0.151214 0.169829
8.48563e-10 0.152808 0.167688
8.48664e-10 0.154361 0.165507
8.48766e-10 0.155873 0.163288
8.48867e-10 0.15734 0.161033
8.48968e-10 0.158762 0.158743
8.4907e-10 0.160135 0.156419
8.49171e-10 0.161459 0.154064
8.49272e-10 0.162731 0.151679
8.49373e-10 0.163949 0.149267
8.49475e-10 0.165112 0.146827
8.49576e-10 0.166218 0.144364
8.49677e-10 0.167265 0.141877
8.49778e-10 0.168251 0.13937
8.4988e-10 0.169174 0.136845
8.49981e-10 0.170034 0.134302
8.50082e-10 0.170827 0.131745
8.50184e-10 0.171553 0.129174
8.50285e-10 0.172211 0.126593
8.50386e-10 0.172798 0.124002
8.50487e-10 0.173313 0.121405
8.50589e-10 0.173755 0.118803
8.5069e-10 0.174123 0.116198
8.50791e-10 0.174415 0.113592
8.50892e-10 0.17463 0.110987
8.50994e-10 0.174768 0.108385
8.51095e-10 0.174827 0.105788
8.51196e-10 0.174806 0.103199
8.51298e-10 0.174704 0.100618
8.51399e-10 0.174522 0.0980477
8.515e-10 0.174257 0.0954905
8.51601e-10 0.173911 0.0929478
8.51703e-10 0.173481 0.0904215
8.51804e-10 0.172968 0.0879133
8.51905e-10 0.172371 0.0854251
8.52006e-10 0.171691 0.0829585
8.52108e-10 0.170927 0.0805151
8.52209e-10 0.170079 0.0780966
8.5231e-10 0.169148 0.0757045
8.52411e-10 0.168133 0.0733404
8.52513e-10 0.167036 0.0710055
8.52614e-10 0.165855 0.0687014
8.52715e-10 0.164593 0.0664294
8.52817e-10 0.16325 0.0641907
8.52918e-10 0.161826 0.0619866
8.53019e-10 0.160323 0.0598181
8.5312e-10 0.158742 0.0576864
8.53222e-10 0.157083 0.0555925
8.53323e-10 0.155348 0.0535372
8.53424e-10 0.153538 0.0515215
8.53525e-10 0.151655 0.0495462
8.53627e-10 0.149701 0.047612
8.53728e-10 0.147676 0.0457196
8.53829e-10 0.145584 0.0438696
8.53931e-10 0.143425 0.0420624
8.54032e-10 0.141202 0.0402986
8.54133e-10 0.138917 0.0385786
8.54234e-10 0.136573 0.0369026
8.54336e-10 0.134171 0.0352709
8.54437e-10 0.131714 0.0336837
8.54538e-10 0.129205 0.0321411
8.54639e-10 0.126646 0.0306431
8.54741e-10 0.12404 0.0291898
8.54842e-10 0.121389 0.0277811
8.54943e-10 0.118698 0.0264168
8.55045e-10 0.115968 0.0250967
8.55146e-10 0.113203 0.0238206
8.55247e-10 0.110406 0.0225882
8.55348e-10 0.107581 0.0213991
8.5545e-10 0.10473 0.0202528
8.55551e-10 0.101856 0.019149
8.55652e-10 0.0989641 0.018087
8.55753e-10 0.0960568 0.0170664
8.55855e-10 0.0931379 0.0160866
8.55956e-10 0.0902108 0.0151468
8.56057e-10 0.0872793 0.0142463
8.56158e-10 0.084347 0.0133846
8.5626e-10 0.0814176 0.0125607
8.56361e-10 0.0784949 0.011774
8.56462e-10 0.0755825 0.0110236
8.56564e-10 0.0726843 0.0103086
8.56665e-10 0.0698042 0.00962816
8.56766e-10 0.0669457 0.00898143
8.56867e-10 0.0641129 0.00836748
8.56969e-10 0.0613095 0.00778537
8.5707e-10 0.0585392 0.00723417
8.57171e-10 0.0558059 0.00671293
8.57272e-10 0.0531134 0.00622068
8.57374e-10 0.0504653 0.00575647
8.57475e-10 0.0478655 0.00531932
8.57576e-10 0.0453175 0.00490826
8.57678e-10 0.0428251 0.00452233
8.57779e-10 0.0403919 0.00416057
8.5788e-10 0.0380214 0.00382202
8.57981e-10 0.0357171 0.00350573
8.58083e-10 0.0334825 0.00321076
8.58184e-10 0.0313209 0.00293621
8.58285e-10 0.0292358 0.00268115
8.58386e-10 0.0272302 0.0024447
8.58488e-10 0.0253075 0.002226
8.58589e-10 0.0234706 0.00202419
8.5869e-10 0.0217227 0.00183846
8.58791e-10 0.0200665 0.00166802
8.58893e-10 0.018505 0.00151208
8.58994e-10 0.0170409 0.00136992
8.59095e-10 0.0156767 0.00124082
8.59197e-10 0.014415 0.00112412
8.59298e-10 0.0132582 0.00101915
8.59399e-10 0.0122085 0.000925328
8.595e-10 0.0112683 0.000842068
8.59602e-10 0.0104395 0.000768837
8.59703e-10 0.00972399 0.000705137
8.59804e-10 0.0091237 0.000650511
8.59905e-10 0.00864028 0.000604536
8.60007e-10 0.00827529 0.000566835
8.60108e-10 0.00803015 0.000537065
8.60209e-10 0.00790616 0.000514929
8.60311e-10 0.00790448 0.000500167
8.60412e-10 0.00802614 0.000492561
8.60513e-10 0.00827203 0.000491934
8.60614e-10 0.00864289 0.000498149
8.60716e-10 0.00913933 0.000511111
8.60817e-10 0.00976182 0.000530762
8.60918e-10 0.0105107 0.000557085
8.61019e-10 0.0113861 0.000590102
8.61121e-10 0.0123882 0.000629873
8.61222e-10 0.0135168 0.000676494
8.61323e-10 0.0147717 0.000730098
8.61425e-10 0.0161525 0.000790853
8.61526e-10 0.0176586 0.000858962
8.61627e-10 0.0192896 0.000934657
8.61728e-10 0.0210445 0.00101821
8.6183e-10 0.0229225 0.00110991
8.61931e-10 0.0249224 0.00121008
8.62032e-10 0.0270432 0.00131908
8.62133e-10 0.0292834 0.00143728
8.62235e-10 0.0316417 0.00156508
8.62336e-10 0.0341164 0.0017029
8.62437e-10 0.0367059 0.00185119
8.62538e-10 0.0394083 0.00201041
8.6264e-10 0.0422218 0.00218103
8.62741e-10 0.0451443 0.00236354
8.62842e-10 0.0481736 0.00255845
8.62944e-10 0.0513074 0.00276627
8.63045e-10 0.0545435 0.00298752
8.63146e-10 0.0578793 0.00322273
8.63247e-10 0.0613123 0.00347243
8.63349e-10 0.0648398 0.00373717
8.6345e-10 0.068459 0.00401747
8.63551e-10 0.0721673 0.00431388
8.63652e-10 0.0759615 0.00462693
8.63754e-10 0.0798389 0.00495714
8.63855e-10 0.0837963 0.00530504
8.63956e-10 0.0878306 0.00567114
8.64058e-10 0.0919386 0.00605594
8.64159e-10 0.0961171 0.00645994
8.6426e-10 0.100363 0.00688362
8.64361e-10 0.104673 0.00732743
8.64463e-10 0.109043 0.00779183
8.64564e-10 0.11347 0.00827725
8.64665e-10 0.117951 0.00878409
8.64766e-10 0.122482 0.00931276
8.64868e-10 0.12706 0.00986361
8.64969e-10 0.131681 0.010437
8.6507e-10 0.136342 0.0110332
8.65172e-10 0.141039 0.0116527
8.65273e-10 0.145769 0.0122955
8.65374e-10 0.150528 0.012962
8.65475e-10 0.155312 0.0136525
8.65577e-10 0.160119 0.014367
8.65678e-10 0.164944 0.0151058
8.65779e-10 0.169784 0.015869
8.6588e-10 0.174636 0.0166568
8.65982e-10 0.179496 0.0174691
8.66083e-10 0.184361 0.0183061
8.66184e-10 0.189227 0.0191678
8.66285e-10 0.194092 0.0200542
8.66387e-10 0.198952 0.0209653
8.66488e-10 0.203803 0.0219009
8.66589e-10 0.208643 0.0228611
8.66691e-10 0.213468 0.0238456
8.66792e-10 0.218275 0.0248544
8.66893e-10 0.223062 0.0258873
8.66994e-10 0.227825 0.0269441
8.67096e-10 0.232561 0.0280245
8.67197e-10 0.237269 0.0291284
8.67298e-10 0.241944 0.0302554
8.67399e-10 0.246584 0.0314053
8.67501e-10 0.251187 0.0325777
8.67602e-10 0.25575 0.0337723
8.67703e-10 0.260271 0.0349887
8.67805e-10 0.264747 0.0362266
8.67906e-10 0.269176 0.0374855
8.68007e-10 0.273556 0.038765
8.68108e-10 0.277884 0.0400647
8.6821e-10 0.282159 0.041384
8.68311e-10 0.286379 0.0427227
8.68412e-10 0.290541 0.04408
8.68513e-10 0.294644 0.0454556
8.68615e-10 0.298687 0.0468489
8.68716e-10 0.302667 0.0482593
8.68817e-10 0.306583 0.0496864
8.68919e-10 0.310433 0.0511296
8.6902e-10 0.314217 0.0525882
8.69121e-10 0.317933 0.0540618
8.69222e-10 0.321579 0.0555498
8.69324e-10 0.325155 0.0570515
8.69425e-10 0.32866 0.0585663
8.69526e-10 0.332091 0.0600938
8.69627e-10 0.33545 0.0616331
8.69729e-10 0.338734 0.0631838
8.6983e-10 0.341943 0.0647453
8.69931e-10 0.345077 0.0663169
8.70032e-10 0.348134 0.0678979
8.70134e-10 0.351115 0.0694879
8.70235e-10 0.354019 0.0710861
8.70336e-10 0.356844 0.072692
8.70438e-10 0.359592 0.074305
8.70539e-10 0.362262 0.0759244
8.7064e-10 0.364854 0.0775496
8.70741e-10 0.367367 0.0791801
8.70843e-10 0.369802 0.0808152
8.70944e-10 0.372158 0.0824544
8.71045e-10 0.374436 0.084097
8.71146e-10 0.376636 0.0857426
8.71248e-10 0.378757 0.0873904
8.71349e-10 0.380801 0.0890401
8.7145e-10 0.382767 0.0906909
8.71552e-10 0.384656 0.0923423
8.71653e-10 0.386469 0.0939939
8.71754e-10 0.388204 0.0956451
8.71855e-10 0.389864 0.0972953
8.71957e-10 0.391448 0.0989441
8.72058e-10 0.392958 0.100591
8.72159e-10 0.394393 0.102235
8.7226e-10 0.395754 0.103877
8.72362e-10 0.397043 0.105515
8.72463e-10 0.398259 0.107149
8.72564e-10 0.399404 0.108779
8.72665e-10 0.400477 0.110404
8.72767e-10 0.401481 0.112024
8.72868e-10 0.402416 0.113639
8.72969e-10 0.403282 0.115247
8.73071e-10 0.40408 0.116849
8.73172e-10 0.404812 0.118445
8.73273e-10 0.405479 0.120033
8.73374e-10 0.40608 0.121614
8.73476e-10 0.406617 0.123187
8.73577e-10 0.407092 0.124752
8.73678e-10 0.407505 0.126308
8.73779e-10 0.407856 0.127856
8.73881e-10 0.408148 0.129394
8.73982e-10 0.408381 0.130923
8.74083e-10 0.408556 0.132443
8.74185e-10 0.408673 0.133952
8.74286e-10 0.408735 0.135452
8.74387e-10 0.408742 0.13694
8.74488e-10 0.408695 0.138419
8.7459e-10 0.408596 0.139886
8.74691e-10 0.408444 0.141343
8.74792e-10 0.408242 0.142788
8.74893e-10 0.407991 0.144222
8.74995e-10 0.40769 0.145644
8.75096e-10 0.407342 0.147054
8.75197e-10 0.406948 0.148452
8.75299e-10 0.406508 0.149838
8.754e-10 0.406024 0.151212
8.75501e-10 0.405496 0.152574
8.75602e-10 0.404926 0.153923
8.75704e-10 0.404315 0.155259
8.75805e-10 0.403663 0.156583
8.75906e-10 0.402972 0.157894
8.76007e-10 0.402243 0.159192
8.76109e-10 0.401476 0.160477
8.7621e-10 0.400673 0.161749
8.76311e-10 0.399835 0.163008
8.76412e-10 0.398962 0.164253
8.76514e-10 0.398056 0.165486
8.76615e-10 0.397118 0.166705
8.76716e-10 0.396148 0.167911
8.76818e-10 0.395148 0.169103
8.76919e-10 0.394118 0.170283
8.7702e-10 0.393059 0.171448
8.77121e-10 0.391973 0.172601
8.77223e-10 0.390859 0.17374
8.77324e-10 0.38972 0.174866
8.77425e-10 0.388555 0.175978
8.77526e-10 0.387366 0.177077
8.77628e-10 0.386154 0.178163
8.77729e-10 0.384919 0.179236
8.7783e-10 0.383662 0.180295
8.77932e-10 0.382384 0.181341
8.78033e-10 0.381086 0.182374
8.78134e-10 0.379769 0.183394
8.78235e-10 0.378433 0.1844
8.78337e-10 0.377079 0.185394
8.78438e-10 0.375708 0.186374
8.78539e-10 0.37432 0.187342
8.7864e-10 0.372917 0.188297
8.78742e-10 0.371498 0.189239
8.78843e-10 0.370066 0.190168
8.78944e-10 0.368619 0.191085
8.79046e-10 0.36716 0.191989
8.79147e-10 0.365688 0.19288
8.79248e-10 0.364205 0.193759
8.79349e-10 0.36271 0.194626
8.79451e-10 0.361206 0.195481
8.79552e-10 0.359691 0.196323
8.79653e-10 0.358167 0.197153
8.79754e-10 0.356634 0.197971
8.79856e-10 0.355094 0.198778
8.79957e-10 0.353545 0.199573
8.80058e-10 0.35199 0.200355
8.80159e-10 0.350428 0.201127
8.80261e-10 0.348861 0.201887
8.80362e-10 0.347287 0.202635
8.80463e-10 0.345709 0.203372
8.80565e-10 0.344127 0.204098
8.80666e-10 0.34254 0.204813
8.80767e-10 0.34095 0.205517
8.80868e-10 0.339357 0.20621
8.8097e-10 0.337761 0.206893
8.81071e-10 0.336163 0.207564
8.81172e-10 0.334563 0.208226
8.81273e-10 0.332962 0.208876
8.81375e-10 0.33136 0.209517
8.81476e-10 0.329757 0.210147
8.81577e-10 0.328154 0.210767
8.81679e-10 0.326551 0.211377
8.8178e-10 0.324949 0.211977
8.81881e-10 0.323347 0.212568
8.81982e-10 0.321747 0.213149
8.82084e-10 0.320149 0.21372
8.82185e-10 0.318552 0.214282
8.82286e-10 0.316957 0.214835
8.82387e-10 0.315365 0.215378
8.82489e-10 0.313776 0.215912
8.8259e-10 0.31219 0.216438
8.82691e-10 0.310607 0.216954
8.82793e-10 0.309028 0.217462
8.82894e-10 0.307453 0.217961
8.82995e-10 0.305882 0.218451
8.83096e-10 0.304315 0.218933
8.83198e-10 0.302753 0.219407
8.83299e-10 0.301196 0.219873
8.834e-10 0.299645 0.22033
8.83501e-10 0.298098 0.22078
8.83603e-10 0.296557 0.221221
8.83704e-10 0.295022 0.221655
8.83805e-10 0.293493 0.222081
8.83906e-10 0.291971 0.222499
8.84008e-10 0.290454 0.22291
8.84109e-10 0.288944 0.223314
8.8421e-10 0.287441 0.22371
8.84312e-10 0.285945 0.2241
8.84413e-10 0.284456 0.224482
8.84514e-10 0.282975 0.224857
8.84615e-10 0.2815 0.225225
8.84717e-10 0.280034 0.225586
8.84818e-10 0.278575 0.225941
8.84919e-10 0.277124 0.226289
8.8502e-10 0.275681 0.226631
8.85122e-10 0.274246 0.226966
8.85223e-10 0.272819 0.227295
8.85324e-10 0.271401 0.227618
8.85426e-10 0.269991 0.227935
8.85527e-10 0.26859 0.228245
8.85628e-10 0.267198 0.22855
8.85729e-10 0.265815 0.228849
8.85831e-10 0.264441 0.229142
8.85932e-10 0.263075 0.229429
8.86033e-10 0.261719 0.229711
8.86134e-10 0.260372 0.229987
8.86236e-10 0.259035 0.230258
8.86337e-10 0.257707 0.230523
8.86438e-10 0.256388 0.230783
8.8654e-10 0.255079 0.231038
8.86641e-10 0.25378 0.231288
8.86742e-10 0.252491 0.231532
8.86843e-10 0.251211 0.231772
8.86945e-10 0.249941 0.232007
8.87046e-10 0.248681 0.232237
8.87147e-10 0.247432 0.232462
8.87248e-10 0.246192 0.232683
8.8735e-10 0.244962 0.232899
8.87451e-10 0.243743 0.23311
8.87552e-10 0.242534 0.233317
8.87653e-10 0.241335 0.23352
8.87755e-10 0.240147 0.233718
8.87856e-10 0.238969 0.233912
8.87957e-10 0.237801 0.234102
8.88059e-10 0.236644 0.234287
8.8816e-10 0.235497 0.234469
8.88261e-10 0.234361 0.234646
8.88362e-10 0.233236 0.23482
8.88464e-10 0.232121 0.234989
8.88565e-10 0.231016 0.235155
8.88666e-10 0.229923 0.235317
8.88767e-10 0.22884 0.235475
8.88869e-10 0.227768 0.23563
8.8897e-10 0.226707 0.235781
8.89071e-10 0.225656 0.235928
8.89173e-10 0.224616 0.236072
8.89274e-10 0.223587 0.236212
8.89375e-10 0.222569 0.236349
8.89476e-10 0.221562 0.236483
8.89578e-10 0.220566 0.236613
8.89679e-10 0.219581 0.23674
8.8978e-10 0.218606 0.236864
8.89881e-10 0.217643 0.236984
8.89983e-10 0.21669 0.237102
8.90084e-10 0.215749 0.237216
8.90185e-10 0.214818 0.237327
8.90286e-10 0.213899 0.237436
8.90388e-10 0.21299 0.237541
8.90489e-10 0.212093 0.237643
8.9059e-10 0.211206 0.237743
8.90692e-10 0.210331 0.237839
8.90793e-10 0.209466 0.237933
8.90894e-10 0.208613 0.238024
8.90995e-10 0.20777 0.238112
8.91097e-10 0.206939 0.238198
8.91198e-10 0.206119 0.238281
8.91299e-10 0.20531 0.238361
8.914e-10 0.204512 0.238438
8.91502e-10 0.203725 0.238513
8.91603e-10 0.202949 0.238586
8.91704e-10 0.202184 0.238655
8.91806e-10 0.20143 0.238723
8.91907e-10 0.200687 0.238788
8.92008e-10 0.199956 0.23885
8.92109e-10 0.199235 0.23891
8.92211e-10 0.198526 0.238968
8.92312e-10 0.197827 0.239023
8.92413e-10 0.19714 0.239076
8.92514e-10 0.196464 0.239126
8.92616e-10 0.195799 0.239175
8.92717e-10 0.195144 0.239221
8.92818e-10 0.194501 0.239264
8.9292e-10 0.19387 0.239306
8.93021e-10 0.193249 0.239345
8.93122e-10 0.192639 0.239382
8.93223e-10 0.19204 0.239417
8.93325e-10 0.191453 0.239449
8.93426e-10 0.190876 0.23948
8.93527e-10 0.190311 0.239508
8.93628e-10 0.189757 0.239534
8.9373e-10 0.189213 0.239558
8.93831e-10 0.188681 0.23958
8.93932e-10 0.18816 0.2396
8.94033e-10 0.18765 0.239618
8.94135e-10 0.187151 0.239634
8.94236e-10 0.186663 0.239647
8.94337e-10 0.186186 0.239659
8.94439e-10 0.18572 0.239668
8.9454e-10 0.185265 0.239676
8.94641e-10 0.184822 0.239681
8.94742e-10 0.184389 0.239685
8.94844e-10 0.183967 0.239686
8.94945e-10 0.183557 0.239685
8.95046e-10 0.183157 0.239683
8.95147e-10 0.182769 0.239678
8.95249e-10 0.182391 0.239672
8.9535e-10 0.182025 0.239663
8.95451e-10 0.181669 0.239652
8.95553e-10 0.181325 0.23964
8.95654e-10 0.180992 0.239625
8.95755e-10 0.180669 0.239608
8.95856e-10 0.180358 0.23959
8.95958e-10 0.180058 0.239569
8.96059e-10 0.179769 0.239546
8.9616e-10 0.179491 0.239522
8.96261e-10 0.179224 0.239495
8.96363e-10 0.178967 0.239467
8.96464e-10 0.178722 0.239436
8.96565e-10 0.178488 0.239403
8.96667e-10 0.178265 0.239369
8.96768e-10 0.178054 0.239332
8.96869e-10 0.177853 0.239293
8.9697e-10 0.177663 0.239252
8.97072e-10 0.177484 0.23921
8.97173e-10 0.177316 0.239165
8.97274e-10 0.177159 0.239118
8.97375e-10 0.177014 0.239069
8.97477e-10 0.176879 0.239018
8.97578e-10 0.176755 0.238965
8.97679e-10 0.176643 0.238909
8.9778e-10 0.176541 0.238852
8.97882e-10 0.17645 0.238792
8.97983e-10 0.176371 0.238731
8.98084e-10 0.176302 0.238667
8.98186e-10 0.176245 0.238601
8.98287e-10 0.176199 0.238533
8.98388e-10 0.176163 0.238462
8.98489e-10 0.176139 0.23839
8.98591e-10 0.176126 0.238315
8.98692e-10 0.176123 0.238238
8.98793e-10 0.176132 0.238159
8.98894e-10 0.176152 0.238077
8.98996e-10 0.176183 0.237994
8.99097e-10 0.176225 0.237908
8.99198e-10 0.176278 0.237819
8.993e-10 0.176342 0.237728
8.99401e-10 0.176417 0.237635
8.99502e-10 0.176503 0.23754
8.99603e-10 0.176601 0.237442
8.99705e-10 0.176709 0.237342
8.99806e-10 0.176828 0.237239
8.99907e-10 0.176958 0.237134
9.00008e-10 0.1771 0.237026
9.0011e-10 0.177252 0.236916
9.00211e-10 0.177416 0.236803
9.00312e-10 0.177591 0.236688
9.00414e-10 0.177776 0.23657
9.00515e-10 0.177973 0.23645
9.00616e-10 0.178181 0.236327
9.00717e-10 0.178399 0.236201
9.00819e-10 0.178629 0.236073
9.0092e-10 0.17887 0.235942
9.01021e-10 0.179122 0.235808
9.01122e-10 0.179385 0.235672
9.01224e-10 0.179659 0.235533
9.01325e-10 0.179944 0.235391
9.01426e-10 0.18024 0.235246
9.01527e-10 0.180547 0.235098
9.01629e-10 0.180866 0.234948
9.0173e-10 0.181195 0.234794
9.01831e-10 0.181535 0.234638
9.01933e-10 0.181886 0.234479
9.02034e-10 0.182248 0.234316
9.02135e-10 0.182622 0.234151
9.02236e-10 0.183006 0.233983
9.02338e-10 0.183401 0.233811
9.02439e-10 0.183807 0.233637
9.0254e-10 0.184224 0.233459
9.02641e-10 0.184652 0.233278
9.02743e-10 0.185092 0.233094
9.02844e-10 0.185542 0.232907
9.02945e-10 0.186002 0.232716
9.03047e-10 0.186474 0.232523
9.03148e-10 0.186957 0.232325
9.03249e-10 0.187451 0.232125
9.0335e-10 0.187955 0.231921
9.03452e-10 0.188471 0.231714
9.03553e-10 0.188997 0.231503
9.03654e-10 0.189534 0.231289
9.03755e-10 0.190082 0.231071
9.03857e-10 0.190641 0.23085
9.03958e-10 0.19121 0.230625
9.04059e-10 0.19179 0.230396
9.0416e-10 0.192381 0.230164
9.04262e-10 0.192983 0.229928
9.04363e-10 0.193595 0.229688
9.04464e-10 0.194218 0.229445
9.04566e-10 0.194852 0.229198
9.04667e-10 0.195497 0.228947
9.04768e-10 0.196151 0.228692
9.04869e-10 0.196817 0.228433
9.04971e-10 0.197493 0.228171
9.05072e-10 0.19818 0.227904
9.05173e-10 0.198877 0.227633
9.05274e-10 0.199584 0.227358
9.05376e-10 0.200302 0.22708
9.05477e-10 0.20103 0.226797
9.05578e-10 0.201769 0.226509
9.0568e-10 0.202518 0.226218
9.05781e-10 0.203277 0.225923
9.05882e-10 0.204046 0.225623
9.05983e-10 0.204826 0.225319
9.06085e-10 0.205616 0.22501
9.06186e-10 0.206416 0.224697
9.06287e-10 0.207225 0.22438
9.06388e-10 0.208045 0.224059
9.0649e-10 0.208875 0.223732
9.06591e-10 0.209715 0.223402
9.06692e-10 0.210564 0.223067
9.06794e-10 0.211424 0.222727
9.06895e-10 0.212293 0.222382
9.06996e-10 0.213171 0.222033
9.07097e-10 0.21406 0.221679
9.07199e-10 0.214958 0.221321
9.073e-10 0.215865 0.220957
9.07401e-10 0.216782 0.220589
9.07502e-10 0.217708 0.220216
9.07604e-10 0.218643 0.219838
9.07705e-10 0.219588 0.219455
9.07806e-10 0.220542 0.219068
9.07907e-10 0.221505 0.218675
9.08009e-10 0.222476 0.218277
9.0811e-10 0.223457 0.217874
9.08211e-10 0.224447 0.217466
9.08313e-10 0.225445 0.217053
9.08414e-10 0.226452 0.216635
9.08515e-10 0.227467 0.216212
9.08616e-10 0.228491 0.215783
9.08718e-10 0.229523 0.215349
9.08819e-10 0.230564 0.21491
9.0892e-10 0.231612 0.214465
9.09021e-10 0.232669 0.214015
9.09123e-10 0.233734 0.21356
9.09224e-10 0.234806 0.213099
9.09325e-10 0.235887 0.212633
9.09427e-10 0.236975 0.212162
9.09528e-10 0.23807 0.211684
9.09629e-10 0.239173 0.211202
9.0973e-10 0.240283 0.210713
9.09832e-10 0.241401 0.210219
9.09933e-10 0.242525 0.20972
9.10034e-10 0.243656 0.209214
9.10135e-10 0.244794 0.208703
9.10237e-10 0.245939 0.208187
9.10338e-10 0.247091 0.207664
9.10439e-10 0.248248 0.207136
9.10541e-10 0.249412 0.206602
9.10642e-10 0.250582 0.206062
9.10743e-10 0.251758 0.205517
9.10844e-10 0.25294 0.204965
9.10946e-10 0.254127 0.204408
9.11047e-10 0.25532 0.203844
9.11148e-10 0.256518 0.203275
9.11249e-10 0.257721 0.2027
9.11351e-10 0.258929 0.202118
9.11452e-10 0.260142 0.201531
9.11553e-10 0.26136 0.200938
9.11654e-10 0.262582 0.200338
9.11756e-10 0.263809 0.199733
9.11857e-10 0.265039 0.199122
9.11958e-10 0.266274 0.198504
9.1206e-10 0.267512 0.19788
9.12161e-10 0.268754 0.19725
9.12262e-10 0.269999 0.196615
9.12363e-10 0.271247 0.195972
9.12465e-10 0.272498 0.195324
9.12566e-10 0.273752 0.19467
9.12667e-10 0.275009 0.194009
9.12768e-10 0.276267 0.193342
9.1287e-10 0.277528 0.192669
9.12971e-10 0.278791 0.19199
9.13072e-10 0.280055 0.191305
9.13174e-10 0.281321 0.190613
9.13275e-10 0.282588 0.189915
9.13376e-10 0.283856 0.189211
9.13477e-10 0.285125 0.188501
9.13579e-10 0.286394 0.187784
9.1368e-10 0.287664 0.187061
9.13781e-10 0.288933 0.186333
9.13882e-10 0.290203 0.185597
9.13984e-10 0.291471 0.184856
9.14085e-10 0.292739 0.184108
9.14186e-10 0.294006 0.183355
9.14288e-10 0.295272 0.182595
9.14389e-10 0.296536 0.181828
9.1449e-10 0.297798 0.181056
9.14591e-10 0.299059 0.180277
9.14693e-10 0.300317 0.179493
9.14794e-10 0.301572 0.178702
9.14895e-10 0.302824 0.177905
9.14996e-10 0.304073 0.177102
9.15098e-10 0.305319 0.176293
9.15199e-10 0.30656 0.175478
9.153e-10 0.307798 0.174657
9.15401e-10 0.309031 0.173829
9.15503e-10 0.31026 0.172996
9.15604e-10 0.311483 0.172157
9.15705e-10 0.312702 0.171312
9.15807e-10 0.313914 0.170461
9.15908e-10 0.315121 0.169604
9.16009e-10 0.316321 0.168741
9.1611e-10 0.317515 0.167873
9.16212e-10 0.318702 0.166998
9.16313e-10 0.319882 0.166118
9.16414e-10 0.321054 0.165232
9.16515e-10 0.322218 0.164341
9.16617e-10 0.323374 0.163444
9.16718e-10 0.324521 0.162541
9.16819e-10 0.32566 0.161633
9.16921e-10 0.326789 0.160719
9.17022e-10 0.327909 0.1598
9.17123e-10 0.329018 0.158876
9.17224e-10 0.330118 0.157946
9.17326e-10 0.331207 0.157011
9.17427e-10 0.332285 0.15607
9.17528e-10 0.333351 0.155125
9.17629e-10 0.334406 0.154174
9.17731e-10 0.335449 0.153218
9.17832e-10 0.336479 0.152258
9.17933e-10 0.337496 0.151292
9.18034e-10 0.338501 0.150322
9.18136e-10 0.339492 0.149346
9.18237e-10 0.340469 0.148366
9.18338e-10 0.341431 0.147382
9.1844e-10 0.342379 0.146393
9.18541e-10 0.343312 0.145399
9.18642e-10 0.34423 0.144401
9.18743e-10 0.345132 0.143398
9.18845e-10 0.346018 0.142391
9.18946e-10 0.346888 0.14138
9.19047e-10 0.34774 0.140365
9.19148e-10 0.348576 0.139346
9.1925e-10 0.349394 0.138323
9.19351e-10 0.350193 0.137296
9.19452e-10 0.350975 0.136265
9.19554e-10 0.351738 0.135231
9.19655e-10 0.352481 0.134193
9.19756e-10 0.353206 0.133151
9.19857e-10 0.35391 0.132106
9.19959e-10 0.354594 0.131058
9.2006e-10 0.355258 0.130007
9.20161e-10 0.355901 0.128952
9.20262e-10 0.356522 0.127895
9.20364e-10 0.357122 0.126835
9.20465e-10 0.357699 0.125772
9.20566e-10 0.358255 0.124706
9.20668e-10 0.358787 0.123638
9.20769e-10 0.359297 0.122567
9.2087e-10 0.359782 0.121494
9.20971e-10 0.360244 0.120419
9.21073e-10 0.360682 0.119341
9.21174e-10 0.361096 0.118262
9.21275e-10 0.361484 0.117181
9.21376e-10 0.361847 0.116098
9.21478e-10 0.362185 0.115013
9.21579e-10 0.362496 0.113927
9.2168e-10 0.362782 0.112839
9.21781e-10 0.36304 0.111751
9.21883e-10 0.363272 0.110661
9.21984e-10 0.363477 0.10957
9.22085e-10 0.363654 0.108478
9.22187e-10 0.363803 0.107386
9.22288e-10 0.363924 0.106293
9.22389e-10 0.364017 0.105199
9.2249e-10 0.364081 0.104105
9.22592e-10 0.364115 0.103011
9.22693e-10 0.364121 0.101917
9.22794e-10 0.364096 0.100823
9.22895e-10 0.364042 0.0997295
9.22997e-10 0.363958 0.098636
9.23098e-10 0.363843 0.097543
9.23199e-10 0.363697 0.0964507
9.23301e-10 0.363521 0.0953591
9.23402e-10 0.363313 0.0942684
9.23503e-10 0.363073 0.0931788
9.23604e-10 0.362802 0.0920904
9.23706e-10 0.362499 0.0910033
9.23807e-10 0.362164 0.0899177
9.23908e-10 0.361797 0.0888338
9.24009e-10 0.361397 0.0877516
9.24111e-10 0.360964 0.0866714
9.24212e-10 0.360498 0.0855932
9.24313e-10 0.359999 0.0845172
9.24415e-10 0.359467 0.0834437
9.24516e-10 0.358902 0.0823726
9.24617e-10 0.358302 0.0813042
9.24718e-10 0.357669 0.0802385
9.2482e-10 0.357003 0.0791759
9.24921e-10 0.356302 0.0781163
9.25022e-10 0.355567 0.07706
9.25123e-10 0.354798 0.076007
9.25225e-10 0.353994 0.0749576
9.25326e-10 0.353156 0.0739119
9.25427e-10 0.352284 0.07287
9.25528e-10 0.351377 0.0718321
9.2563e-10 0.350435 0.0707982
9.25731e-10 0.349459 0.0697687
9.25832e-10 0.348448 0.0687435
9.25934e-10 0.347402 0.0677229
9.26035e-10 0.346322 0.066707
9.26136e-10 0.345207 0.0656959
9.26237e-10 0.344057 0.0646898
9.26339e-10 0.342872 0.0636887
9.2644e-10 0.341653 0.0626929
9.26541e-10 0.340399 0.0617025
9.26642e-10 0.339111 0.0607176
9.26744e-10 0.337788 0.0597384
9.26845e-10 0.33643 0.0587649
9.26946e-10 0.335039 0.0577974
9.27048e-10 0.333613 0.0568359
9.27149e-10 0.332153 0.0558806
9.2725e-10 0.330659 0.0549315
9.27351e-10 0.329131 0.0539889
9.27453e-10 0.32757 0.0530529
9.27554e-10 0.325975 0.0521235
9.27655e-10 0.324346 0.0512009
9.27756e-10 0.322685 0.0502852
9.27858e-10 0.32099 0.0493765
9.27959e-10 0.319263 0.048475
9.2806e-10 0.317503 0.0475807
9.28162e-10 0.315711 0.0466938
9.28263e-10 0.313887 0.0458144
9.28364e-10 0.312031 0.0449425
9.28465e-10 0.310144 0.0440783
9.28567e-10 0.308226 0.0432219
9.28668e-10 0.306276 0.0423734
9.28769e-10 0.304296 0.0415329
9.2887e-10 0.302286 0.0407004
9.28972e-10 0.300246 0.0398761
9.29073e-10 0.298177 0.03906
9.29174e-10 0.296078 0.0382523
9.29275e-10 0.29395 0.037453
9.29377e-10 0.291794 0.0366622
9.29478e-10 0.28961 0.0358799
9.29579e-10 0.287399 0.0351063
9.29681e-10 0.28516 0.0343415
9.29782e-10 0.282894 0.0335854
9.29883e-10 0.280602 0.0328382
9.29984e-10 0.278285 0.0320999
9.30086e-10 0.275942 0.0313706
9.30187e-10 0.273574 0.0306503
9.30288e-10 0.271181 0.0299391
9.30389e-10 0.268765 0.0292371
9.30491e-10 0.266326 0.0285442
9.30592e-10 0.263863 0.0278606
9.30693e-10 0.261379 0.0271862
9.30795e-10 0.258872 0.0265212
9.30896e-10 0.256345 0.0258655
9.30997e-10 0.253797 0.0252191
9.31098e-10 0.251228 0.0245822
9.312e-10 0.248641 0.0239547
9.31301e-10 0.246034 0.0233366
9.31402e-10 0.24341 0.022728
9.31503e-10 0.240767 0.0221289
9.31605e-10 0.238108 0.0215393
9.31706e-10 0.235433 0.0209592
9.31807e-10 0.232741 0.0203885
9.31908e-10 0.230035 0.0198274
9.3201e-10 0.227315 0.0192757
9.32111e-10 0.22458 0.0187336
9.32212e-10 0.221833 0.0182009
9.32314e-10 0.219073 0.0176777
9.32415e-10 0.216302 0.0171639
9.32516e-10 0.213519 0.0166596
9.32617e-10 0.210727 0.0161647
9.32719e-10 0.207925 0.0156791
9.3282e-10 0.205114 0.0152029
9.32921e-10 0.202295 0.014736
9.33022e-10 0.199469 0.0142784
9.33124e-10 0.196636 0.01383
9.33225e-10 0.193797 0.0133909
9.33326e-10 0.190953 0.0129608
9.33428e-10 0.188104 0.0125399
9.33529e-10 0.185252 0.0121281
9.3363e-10 0.182398 0.0117252
9.33731e-10 0.179541 0.0113312
9.33833e-10 0.176682 0.0109462
9.33934e-10 0.173823 0.0105699
9.34035e-10 0.170964 0.0102024
9.34136e-10 0.168107 0.00984352
9.34238e-10 0.165251 0.00949327
9.34339e-10 0.162397 0.00915154
9.3444e-10 0.159547 0.00881826
9.34542e-10 0.1567 0.00849334
9.34643e-10 0.153859 0.00817671
9.34744e-10 0.151023 0.00786826
9.34845e-10 0.148193 0.00756793
9.34947e-10 0.145371 0.00727561
9.35048e-10 0.142556 0.00699122
9.35149e-10 0.139751 0.00671465
9.3525e-10 0.136954 0.00644581
9.35352e-10 0.134168 0.00618461
9.35453e-10 0.131393 0.00593094
9.35554e-10 0.12863 0.00568469
9.35655e-10 0.125879 0.00544577
9.35757e-10 0.123142 0.00521406
9.35858e-10 0.120418 0.00498946
9.35959e-10 0.11771 0.00477185
9.36061e-10 0.115017 0.00456114
9.36162e-10 0.11234 0.00435719
9.36263e-10 0.10968 0.0041599
9.36364e-10 0.107039 0.00396916
9.36466e-10 0.104415 0.00378484
9.36567e-10 0.101811 0.00360683
9.36668e-10 0.0992268 0.003435
9.36769e-10 0.0966633 0.00326925
9.36871e-10 0.0941212 0.00310944
9.36972e-10 0.0916011 0.00295547
9.37073e-10 0.0891038 0.00280719
9.37175e-10 0.08663 0.0026645
9.37276e-10 0.0841803 0.00252727
9.37377e-10 0.0817554 0.00239538
9.37478e-10 0.079356 0.0022687
9.3758e-10 0.0769828 0.00214711
9.37681e-10 0.0746363 0.00203048
9.37782e-10 0.0723172 0.0019187
9.37883e-10 0.0700261 0.00181163
9.37985e-10 0.0677638 0.00170916
9.38086e-10 0.0655307 0.00161116
9.38187e-10 0.0633274 0.00151751
9.38289e-10 0.0611547 0.00142808
9.3839e-10 0.059013 0.00134276
9.38491e-10 0.0569029 0.00126142
9.38592e-10 0.054825 0.00118394
9.38694e-10 0.0527799 0.0011102
9.38795e-10 0.050768 0.00104009
9.38896e-10 0.0487899 0.000973484
9.38997e-10 0.0468461 0.000910268
9.39099e-10 0.0449372 0.000850326
9.392e-10 0.0430636 0.000793543
9.39301e-10 0.0412258 0.000739807
9.39402e-10 0.0394242 0.000689005
9.39504e-10 0.0376594 0.000641029
9.39605e-10 0.0359318 0.00059577
9.39706e-10 0.0342418 0.00055312
9.39808e-10 0.0325898 0.000512974
9.39909e-10 0.0309763 0.00047523
9.4001e-10 0.0294016 0.000439785
9.40111e-10 0.0278661 0.00040654
9.40213e-10 0.0263703 0.000375398
9.40314e-10 0.0249144 0.000346262
9.40415e-10 0.0234988 0.00031904
9.40516e-10 0.0221239 0.00029364
9.40618e-10 0.02079 0.000269972
9.40719e-10 0.0194973 0.000247951
9.4082e-10 0.0182462 0.000227492
9.40922e-10 0.0170369 0.000208512
9.41023e-10 0.0158697 0.000190933
9.41124e-10 0.014745 0.000174677
9.41225e-10 0.0136628 0.000159669
9.41327e-10 0.0126235 0.000145839
9.41428e-10 0.0116272 0.000133115
9.41529e-10 0.0106743 0.000121433
9.4163e-10 0.00976472 0.000110727
9.41732e-10 0.0088988 0.000100937
9.41833e-10 0.00807668 9.20039e-05
9.41934e-10 0.00729849 8.38724e-05
9.42036e-10 0.00656437 7.64897e-05
9.42137e-10 0.00587445 6.98056e-05
9.42238e-10 0.00522884 6.37732e-05
9.42339e-10 0.00462762 5.83482e-05
9.42441e-10 0.00407089 5.34893e-05
9.42542e-10 0.00355871 4.9158e-05
9.42643e-10 0.00309114 4.53189e-05
9.42744e-10 0.00266823 4.19395e-05
9.42846e-10 0.00229 3.89901e-05
9.42947e-10 0.00195648 3.64441e-05
9.43048e-10 0.00166766 3.42778e-05
9.43149e-10 0.00142354 3.24704e-05
9.43251e-10 0.00122411 3.10041e-05
9.43352e-10 0.00106933 2.9864e-05
9.43453e-10 0.000959154 2.90382e-05
9.43555e-10 0.000893527 2.85175e-05
9.43656e-10 0.00087238 2.8296e-05
9.43757e-10 0.000895633 2.83702e-05
9.43858e-10 0.000963191 2.87398e-05
9.4396e-10 0.00107495 2.94073e-05
9.44061e-10 0.0012308 3.03779e-05
9.44162e-10 0.0014306 3.16597e-05
9.44263e-10 0.00167422 3.32635e-05
9.44365e-10 0.0019615 3.5203e-05
9.44466e-10 0.00229229 3.74944e-05
9.44567e-10 0.00266641 4.01567e-05
9.44669e-10 0.00308367 4.32115e-05
9.4477e-10 0.00354389 4.6683e-05
9.44871e-10 0.00404686 5.0598e-05
9.44972e-10 0.00459235 5.49858e-05
9.45074e-10 0.00518015 5.98781e-05
9.45175e-10 0.00581001 6.53091e-05
9.45276e-10 0.0064817 7.13155e-05
9.45377e-10 0.00719495 7.79361e-05
9.45479e-10 0.00794949 8.52121e-05
9.4558e-10 0.00874506 9.31871e-05
9.45681e-10 0.00958136 0.000101906
9.45783e-10 0.0104581 0.000111418
9.45884e-10 0.011375 0.000121772
9.45985e-10 0.0123317 0.000133019
9.46086e-10 0.0133279 0.000145214
9.46188e-10 0.0143633 0.000158413
9.46289e-10 0.0154375 0.000172672
9.4639e-10 0.0165502 0.000188051
9.46491e-10 0.0177011 0.000204612
9.46593e-10 0.0188897 0.000222416
9.46694e-10 0.0201157 0.000241527
9.46795e-10 0.0213788 0.000262012
9.46896e-10 0.0226785 0.000283938
9.46998e-10 0.0240144 0.000307373
9.47099e-10 0.0253862 0.000332387
9.472e-10 0.0267934 0.000359051
9.47302e-10 0.0282357 0.000387436
9.47403e-10 0.0297125 0.000417618
9.47504e-10 0.0312236 0.000449669
9.47605e-10 0.0327684 0.000483666
9.47707e-10 0.0343465 0.000519683
9.47808e-10 0.0359575 0.0005578
9.47909e-10 0.037601 0.000598092
9.4801e-10 0.0392764 0.000640639
9.48112e-10 0.0409833 0.000685519
9.48213e-10 0.0427213 0.000732813
9.48314e-10 0.0444898 0.0007826
9.48416e-10 0.0462885 0.00083496
9.48517e-10 0.0481168 0.000889975
9.48618e-10 0.0499742 0.000947726
9.48719e-10 0.0518603 0.00100829
9.48821e-10 0.0537746 0.00107176
9.48922e-10 0.0557166 0.0011382
9.49023e-10 0.0576857 0.00120771
9.49124e-10 0.0596815 0.00128036
9.49226e-10 0.0617035 0.00135623
9.49327e-10 0.0637512 0.0014354
9.49428e-10 0.065824 0.00151796
9.49529e-10 0.0679215 0.00160398
9.49631e-10 0.0700431 0.00169355
9.49732e-10 0.0721883 0.00178675
9.49833e-10 0.0743566 0.00188364
9.49935e-10 0.0765475 0.00198432
9.50036e-10 0.0787605 0.00208885
9.50137e-10 0.080995 0.00219733
9.50238e-10 0.0832504 0.00230981
9.5034e-10 0.0855264 0.00242638
9.50441e-10 0.0878223 0.00254711
9.50542e-10 0.0901376 0.00267208
9.50643e-10 0.0924718 0.00280136
9.50745e-10 0.0948243 0.00293501
9.50846e-10 0.0971946 0.00307311
9.50947e-10 0.0995823 0.00321573
9.51049e-10 0.101987 0.00336294
9.5115e-10 0.104407 0.0035148
9.51251e-10 0.106844 0.00367138
9.51352e-10 0.109295 0.00383275
9.51454e-10 0.111761 0.00399896
9.51555e-10 0.114241 0.00417007
9.51656e-10 0.116735 0.00434616
9.51757e-10 0.119242 0.00452727
9.51859e-10 0.121761 0.00471346
9.5196e-10 0.124292 0.00490479
9.52061e-10 0.126835 0.00510131
9.52163e-10 0.129388 0.00530307
9.52264e-10 0.131952 0.00551013
9.52365e-10 0.134526 0.00572254
9.52466e-10 0.137109 0.00594033
9.52568e-10 0.139702 0.00616356
9.52669e-10 0.142302 0.00639227
9.5277e-10 0.14491 0.0066265
9.52871e-10 0.147525 0.00686629
9.52973e-10 0.150148 0.00711169
9.53074e-10 0.152776 0.00736272
9.53175e-10 0.15541 0.00761942
9.53276e-10 0.15805 0.00788182
9.53378e-10 0.160694 0.00814996
9.53479e-10 0.163342 0.00842386
9.5358e-10 0.165995 0.00870355
9.53682e-10 0.16865 0.00898906
9.53783e-10 0.171309 0.0092804
9.53884e-10 0.173969 0.00957761
9.53985e-10 0.176632 0.00988069
9.54087e-10 0.179295 0.0101897
9.54188e-10 0.18196 0.0105046
9.54289e-10 0.184625 0.0108254
9.5439e-10 0.18729 0.0111521
9.54492e-10 0.189955 0.0114848
9.54593e-10 0.192618 0.0118235
9.54694e-10 0.19528 0.0121681
9.54796e-10 0.19794 0.0125187
9.54897e-10 0.200598 0.0128752
9.54998e-10 0.203253 0.0132377
9.55099e-10 0.205905 0.0136062
9.55201e-10 0.208553 0.0139806
9.55302e-10 0.211197 0.014361
9.55403e-10 0.213837 0.0147474
9.55504e-10 0.216471 0.0151396
9.55606e-10 0.2191 0.0155378
9.55707e-10 0.221724 0.0159419
9.55808e-10 0.224341 0.0163519
9.5591e-10 0.226952 0.0167678
9.56011e-10 0.229556 0.0171895
9.56112e-10 0.232153 0.0176171
9.56213e-10 0.234741 0.0180505
9.56315e-10 0.237322 0.0184897
9.56416e-10 0.239894 0.0189346
9.56517e-10 0.242458 0.0193853
9.56618e-10 0.245012 0.0198417
9.5672e-10 0.247556 0.0203038
9.56821e-10 0.250091 0.0207715
9.56922e-10 0.252615 0.0212449
9.57023e-10 0.255129 0.0217238
9.57125e-10 0.257632 0.0222083
9.57226e-10 0.260123 0.0226982
9.57327e-10 0.262603 0.0231937
9.57429e-10 0.265071 0.0236945
9.5753e-10 0.267527 0.0242008
9.57631e-10 0.26997 0.0247123
9.57732e-10 0.2724 0.0252292
9.57834e-10 0.274817 0.0257513
9.57935e-10 0.277221 0.0262786
9.58036e-10 0.279611 0.026811
9.58137e-10 0.281987 0.0273485
9.58239e-10 0.284348 0.0278911
9.5834e-10 0.286695 0.0284386
9.58441e-10 0.289027 0.0289911
9.58543e-10 0.291344 0.0295485
9.58644e-10 0.293646 0.0301107
9.58745e-10 0.295932 0.0306776
9.58846e-10 0.298202 0.0312493
9.58948e-10 0.300456 0.0318255
9.59049e-10 0.302694 0.0324064
9.5915e-10 0.304915 0.0329918
9.59251e-10 0.30712 0.0335816
9.59353e-10 0.309307 0.0341759
9.59454e-10 0.311478 0.0347744
9.59555e-10 0.313631 0.0353773
9.59657e-10 0.315766 0.0359843
9.59758e-10 0.317884 0.0365955
9.59859e-10 0.319983 0.0372107
9.5996e-10 0.322065 0.0378299
9.60062e-10 0.324128 0.038453
9.60163e-10 0.326173 0.03908
9.60264e-10 0.328199 0.0397108
9.60365e-10 0.330206 0.0403453
9.60467e-10 0.332194 0.0409835
9.60568e-10 0.334163 0.0416252
9.60669e-10 0.336113 0.0422704
9.6077e-10 0.338043 0.042919
9.60872e-10 0.339954 0.043571
9.60973e-10 0.341846 0.0442263
9.61074e-10 0.343717 0.0448848
9.61176e-10 0.345569 0.0455464
9.61277e-10 0.3474 0.046211
9.61378e-10 0.349212 0.0468787
9.61479e-10 0.351003 0.0475493
9.61581e-10 0.352774 0.0482226
9.61682e-10 0.354525 0.0488988
9.61783e-10 0.356255 0.0495776
9.61884e-10 0.357965 0.0502591
9.61986e-10 0.359654 0.050943
9.62087e-10 0.361322 0.0516294
9.62188e-10 0.362969 0.0523182
9.6229e-10 0.364596 0.0530093
9.62391e-10 0.366202 0.0537027
9.62492e-10 0.367787 0.0543981
9.62593e-10 0.369351 0.0550957
9.62695e-10 0.370893 0.0557952
9.62796e-10 0.372415 0.0564967
9.62897e-10 0.373916 0.0572
9.62998e-10 0.375395 0.0579051
9.631e-10 0.376854 0.0586119
9.63201e-10 0.378291 0.0593203
9.63302e-10 0.379707 0.0600303
9.63403e-10 0.381102 0.0607417
9.63505e-10 0.382475 0.0614545
9.63606e-10 0.383828 0.0621687
9.63707e-10 0.385159 0.0628841
9.63809e-10 0.386469 0.0636006
9.6391e-10 0.387758 0.0643183
9.64011e-10 0.389025 0.065037
9.64112e-10 0.390272 0.0657567
9.64214e-10 0.391497 0.0664772
9.64315e-10 0.392701 0.0671986
9.64416e-10 0.393884 0.0679207
9.64517e-10 0.395046 0.0686435
9.64619e-10 0.396187 0.0693669
9.6472e-10 0.397307 0.0700908
9.64821e-10 0.398406 0.0708151
9.64923e-10 0.399484 0.0715399
9.65024e-10 0.400541 0.072265
9.65125e-10 0.401577 0.0729903
9.65226e-10 0.402593 0.0737158
9.65328e-10 0.403587 0.0744415
9.65429e-10 0.404562 0.0751672
9.6553e-10 0.405515 0.0758928
9.65631e-10 0.406448 0.0766184
9.65733e-10 0.407361 0.0773439
9.65834e-10 0.408253 0.0780692
9.65935e-10 0.409125 0.0787942
9.66037e-10 0.409977 0.0795188
9.66138e-10 0.410809 0.0802431
9.66239e-10 0.41162 0.0809669
9.6634e-10 0.412412 0.0816901
9.66442e-10 0.413184 0.0824128
9.66543e-10 0.413936 0.0831349
9.66644e-10 0.414668 0.0838563
9.66745e-10 0.41538 0.0845769
9.66847e-10 0.416074 0.0852967
9.66948e-10 0.416747 0.0860156
9.67049e-10 0.417402 0.0867336
9.6715e-10 0.418037 0.0874506
9.67252e-10 0.418653 0.0881665
9.67353e-10 0.41925 0.0888814
9.67454e-10 0.419828 0.0895951
9.67556e-10 0.420388 0.0903077
9.67657e-10 0.420929 0.0910189
9.67758e-10 0.421451 0.0917289
9.67859e-10 0.421955 0.0924375
9.67961e-10 0.42244 0.0931447
9.68062e-10 0.422908 0.0938504
9.68163e-10 0.423357 0.0945547
9.68264e-10 0.423789 0.0952574
9.68366e-10 0.424202 0.0959585
9.68467e-10 0.424598 0.0966579
9.68568e-10 0.424976 0.0973556
9.6867e-10 0.425337 0.0980516
9.68771e-10 0.425681 0.0987459
9.68872e-10 0.426007 0.0994383
9.68973e-10 0.426317 0.100129
9.69075e-10 0.42661 0.100817
9.69176e-10 0.426885 0.101504
9.69277e-10 0.427145 0.102189
9.69378e-10 0.427387 0.102871
9.6948e-10 0.427614 0.103552
9.69581e-10 0.427824 0.10423
9.69682e-10 0.428018 0.104907
9.69784e-10 0.428196 0.105581
9.69885e-10 0.428358 0.106253
9.69986e-10 0.428505 0.106922
9.70087e-10 0.428636 0.107589
9.70189e-10 0.428752 0.108254
9.7029e-10 0.428853 0.108917
9.70391e-10 0.428939 0.109577
9.70492e-10 0.429009 0.110235
9.70594e-10 0.429065 0.11089
9.70695e-10 0.429106 0.111543
9.70796e-10 0.429133 0.112193
9.70897e-10 0.429146 0.112841
9.70999e-10 0.429144 0.113486
9.711e-10 0.429128 0.114129
9.71201e-10 0.429099 0.114768
9.71303e-10 0.429056 0.115406
9.71404e-10 0.428999 0.11604
9.71505e-10 0.428928 0.116672
9.71606e-10 0.428845 0.117301
9.71708e-10 0.428748 0.117927
9.71809e-10 0.428638 0.118551
9.7191e-10 0.428516 0.119171
9.72011e-10 0.42838 0.119789
9.72113e-10 0.428233 0.120404
9.72214e-10 0.428072 0.121016
9.72315e-10 0.4279 0.121625
9.72417e-10 0.427715 0.122231
9.72518e-10 0.427519 0.122834
9.72619e-10 0.427311 0.123435
9.7272e-10 0.427091 0.124032
9.72822e-10 0.42686 0.124626
9.72923e-10 0.426617 0.125217
9.73024e-10 0.426363 0.125806
9.73125e-10 0.426098 0.126391
9.73227e-10 0.425822 0.126973
9.73328e-10 0.425536 0.127552
9.73429e-10 0.425239 0.128128
9.73531e-10 0.424931 0.1287
9.73632e-10 0.424613 0.12927
9.73733e-10 0.424285 0.129836
9.73834e-10 0.423947 0.1304
9.73936e-10 0.423599 0.13096
9.74037e-10 0.423242 0.131516
9.74138e-10 0.422874 0.13207
9.74239e-10 0.422498 0.132621
9.74341e-10 0.422112 0.133168
9.74442e-10 0.421717 0.133712
9.74543e-10 0.421313 0.134253
9.74644e-10 0.4209 0.13479
9.74746e-10 0.420478 0.135325
9.74847e-10 0.420048 0.135856
9.74948e-10 0.41961 0.136383
9.7505e-10 0.419163 0.136908
9.75151e-10 0.418708 0.137429
9.75252e-10 0.418245 0.137947
9.75353e-10 0.417774 0.138461
9.75455e-10 0.417295 0.138973
9.75556e-10 0.416809 0.139481
9.75657e-10 0.416315 0.139985
9.75758e-10 0.415814 0.140486
9.7586e-10 0.415306 0.140984
9.75961e-10 0.414791 0.141479
9.76062e-10 0.414269 0.14197
9.76164e-10 0.41374 0.142458
9.76265e-10 0.413204 0.142943
9.76366e-10 0.412662 0.143424
9.76467e-10 0.412114 0.143902
9.76569e-10 0.411559 0.144376
9.7667e-10 0.410998 0.144848
9.76771e-10 0.410431 0.145315
9.76872e-10 0.409858 0.14578
9.76974e-10 0.40928 0.146241
9.77075e-10 0.408696 0.146699
9.77176e-10 0.408106 0.147153
9.77277e-10 0.407511 0.147604
9.77379e-10 0.406911 0.148052
9.7748e-10 0.406306 0.148496
9.77581e-10 0.405695 0.148937
9.77683e-10 0.40508 0.149375
9.77784e-10 0.40446 0.149809
9.77885e-10 0.403835 0.15024
9.77986e-10 0.403206 0.150667
9.78088e-10 0.402573 0.151092
9.78189e-10 0.401935 0.151512
9.7829e-10 0.401293 0.15193
9.78391e-10 0.400647 0.152344
9.78493e-10 0.399997 0.152755
9.78594e-10 0.399343 0.153162
9.78695e-10 0.398685 0.153567
9.78797e-10 0.398024 0.153967
9.78898e-10 0.39736 0.154365
9.78999e-10 0.396692 0.154759
9.791e-10 0.39602 0.15515
9.79202e-10 0.395346 0.155537
9.79303e-10 0.394668 0.155922
9.79404e-10 0.393988 0.156303
9.79505e-10 0.393305 0.15668
9.79607e-10 0.392619 0.157054
9.79708e-10 0.39193 0.157426
9.79809e-10 0.391239 0.157793
9.79911e-10 0.390545 0.158158
9.80012e-10 0.389849 0.158519
9.80113e-10 0.389151 0.158877
9.80214e-10 0.388451 0.159232
9.80316e-10 0.387749 0.159583
9.80417e-10 0.387044 0.159931
9.80518e-10 0.386338 0.160276
9.80619e-10 0.38563 0.160618
9.80721e-10 0.384921 0.160956
9.80822e-10 0.38421 0.161291
9.80923e-10 0.383498 0.161624
9.81024e-10 0.382784 0.161952
9.81126e-10 0.382069 0.162278
9.81227e-10 0.381353 0.1626
9.81328e-10 0.380636 0.16292
9.8143e-10 0.379917 0.163236
9.81531e-10 0.379198 0.163548
9.81632e-10 0.378478 0.163858
9.81733e-10 0.377758 0.164165
9.81835e-10 0.377036 0.164468
9.81936e-10 0.376314 0.164768
9.82037e-10 0.375592 0.165065
9.82138e-10 0.374869 0.165359
9.8224e-10 0.374146 0.16565
9.82341e-10 0.373423 0.165938
9.82442e-10 0.3727 0.166222
9.82544e-10 0.371976 0.166504
9.82645e-10 0.371253 0.166782
9.82746e-10 0.370529 0.167057
9.82847e-10 0.369806 0.16733
9.82949e-10 0.369083 0.167599
9.8305e-10 0.368361 0.167865
9.83151e-10 0.367639 0.168128
9.83252e-10 0.366917 0.168388
9.83354e-10 0.366196 0.168645
9.83455e-10 0.365476 0.168899
9.83556e-10 0.364756 0.16915
9.83658e-10 0.364037 0.169398
9.83759e-10 0.363319 0.169642
9.8386e-10 0.362602 0.169884
9.83961e-10 0.361886 0.170123
9.84063e-10 0.361171 0.170359
9.84164e-10 0.360457 0.170592
9.84265e-10 0.359744 0.170822
9.84366e-10 0.359032 0.171049
9.84468e-10 0.358322 0.171273
9.84569e-10 0.357614 0.171494
9.8467e-10 0.356906 0.171712
9.84771e-10 0.3562 0.171927
9.84873e-10 0.355496 0.172139
9.84974e-10 0.354794 0.172349
9.85075e-10 0.354093 0.172555
9.85177e-10 0.353394 0.172759
9.85278e-10 0.352697 0.172959
9.85379e-10 0.352002 0.173157
9.8548e-10 0.351308 0.173352
9.85582e-10 0.350617 0.173544
9.85683e-10 0.349928 0.173733
9.85784e-10 0.349241 0.17392
9.85885e-10 0.348556 0.174103
9.85987e-10 0.347873 0.174284
9.86088e-10 0.347193 0.174462
9.86189e-10 0.346515 0.174637
9.86291e-10 0.345839 0.174809
9.86392e-10 0.345166 0.174978
9.86493e-10 0.344495 0.175145
9.86594e-10 0.343827 0.175308
9.86696e-10 0.343162 0.175469
9.86797e-10 0.342499 0.175628
9.86898e-10 0.341839 0.175783
9.86999e-10 0.341182 0.175936
9.87101e-10 0.340528 0.176086
9.87202e-10 0.339876 0.176233
9.87303e-10 0.339228 0.176377
9.87405e-10 0.338582 0.176519
9.87506e-10 0.337939 0.176658
9.87607e-10 0.3373 0.176794
9.87708e-10 0.336663 0.176927
9.8781e-10 0.33603 0.177058
9.87911e-10 0.3354 0.177186
9.88012e-10 0.334773 0.177311
9.88113e-10 0.33415 0.177434
9.88215e-10 0.333529 0.177554
9.88316e-10 0.332913 0.177671
9.88417e-10 0.332299 0.177786
9.88518e-10 0.331689 0.177898
9.8862e-10 0.331083 0.178007
9.88721e-10 0.33048 0.178114
9.88822e-10 0.32988 0.178218
9.88924e-10 0.329285 0.178319
9.89025e-10 0.328693 0.178418
9.89126e-10 0.328104 0.178514
9.89227e-10 0.327519 0.178607
9.89329e-10 0.326939 0.178698
9.8943e-10 0.326361 0.178786
9.89531e-10 0.325788 0.178871
9.89632e-10 0.325219 0.178954
9.89734e-10 0.324653 0.179035
9.89835e-10 0.324092 0.179112
9.89936e-10 0.323534 0.179187
9.90038e-10 0.322981 0.17926
9.90139e-10 0.322431 0.17933
9.9024e-10 0.321886 0.179397
9.90341e-10 0.321345 0.179462
9.90443e-10 0.320808 0.179524
9.90544e-10 0.320275 0.179584
9.90645e-10 0.319746 0.179641
9.90746e-10 0.319222 0.179695
9.90848e-10 0.318701 0.179747
9.90949e-10 0.318185 0.179796
9.9105e-10 0.317674 0.179843
9.91152e-10 0.317167 0.179888
9.91253e-10 0.316664 0.179929
9.91354e-10 0.316165 0.179969
9.91455e-10 0.315671 0.180005
9.91557e-10 0.315182 0.180039
9.91658e-10 0.314697 0.180071
9.91759e-10 0.314216 0.1801
9.9186e-10 0.31374 0.180127
9.91962e-10 0.313269 0.180151
9.92063e-10 0.312802 0.180172
9.92164e-10 0.31234 0.180191
9.92265e-10 0.311883 0.180208
9.92367e-10 0.31143 0.180222
9.92468e-10 0.310982 0.180233
9.92569e-10 0.310538 0.180242
9.92671e-10 0.3101 0.180248
9.92772e-10 0.309666 0.180252
9.92873e-10 0.309237 0.180254
9.92974e-10 0.308812 0.180253
9.93076e-10 0.308393 0.180249
9.93177e-10 0.307978 0.180243
9.93278e-10 0.307568 0.180235
9.93379e-10 0.307163 0.180224
9.93481e-10 0.306763 0.180211
9.93582e-10 0.306368 0.180195
9.93683e-10 0.305978 0.180176
9.93785e-10 0.305593 0.180155
9.93886e-10 0.305213 0.180132
9.93987e-10 0.304837 0.180106
9.94088e-10 0.304467 0.180078
9.9419e-10 0.304102 0.180047
9.94291e-10 0.303742 0.180014
9.94392e-10 0.303387 0.179978
9.94493e-10 0.303036 0.17994
9.94595e-10 0.302691 0.179899
9.94696e-10 0.302352 0.179856
9.94797e-10 0.302017 0.17981
9.94898e-10 0.301687 0.179762
9.95e-10 0.301363 0.179712
9.95101e-10 0.301043 0.179658
9.95202e-10 0.300729 0.179603
9.95304e-10 0.30042 0.179545
9.95405e-10 0.300116 0.179485
9.95506e-10 0.299818 0.179422
9.95607e-10 0.299524 0.179356
9.95709e-10 0.299236 0.179288
9.9581e-10 0.298953 0.179218
9.95911e-10 0.298675 0.179145
9.96012e-10 0.298403 0.17907
9.96114e-10 0.298136 0.178992
9.96215e-10 0.297874 0.178912
9.96316e-10 0.297617 0.17883
9.96418e-10 0.297366 0.178745
9.96519e-10 0.297119 0.178657
9.9662e-10 0.296879 0.178567
9.96721e-10 0.296643 0.178474
9.96823e-10 0.296413 0.178379
9.96924e-10 0.296188 0.178282
9.97025e-10 0.295968 0.178182
9.97126e-10 0.295754 0.17808
9.97228e-10 0.295545 0.177975
9.97329e-10 0.295341 0.177867
9.9743e-10 0.295143 0.177757
9.97532e-10 0.29495 0.177645
9.97633e-10 0.294762 0.17753
9.97734e-10 0.29458 0.177413
9.97835e-10 0.294403 0.177293
9.97937e-10 0.294231 0.177171
9.98038e-10 0.294065 0.177046
9.98139e-10 0.293904 0.176919
9.9824e-10 0.293748 0.176789
9.98342e-10 0.293598 0.176657
9.98443e-10 0.293453 0.176522
9.98544e-10 0.293314 0.176385
9.98645e-10 0.293179 0.176246
9.98747e-10 0.29305 0.176103
9.98848e-10 0.292927 0.175959
9.98949e-10 0.292808 0.175811
9.99051e-10 0.292695 0.175662
9.99152e-10 0.292588 0.17551
9.99253e-10 0.292485 0.175355
9.99354e-10 0.292388 0.175198
9.99456e-10 0.292297 0.175038
9.99557e-10 0.29221 0.174876
9.99658e-10 0.292129 0.174711
9.99759e-10 0.292053 0.174544
9.99861e-10 0.291983 0.174374
