6.9e-10 0.0144961 0.0910389
6.90101e-10 0.0143331 0.0898779
6.90203e-10 0.0141742 0.0887098
6.90304e-10 0.0140193 0.0875355
6.90405e-10 0.0138683 0.0863555
6.90506e-10 0.0137211 0.0851707
6.90608e-10 0.0135777 0.0839818
6.90709e-10 0.0134381 0.0827894
6.9081e-10 0.0133022 0.0815942
6.90911e-10 0.0131698 0.0803969
6.91013e-10 0.0130411 0.0791982
6.91114e-10 0.0129159 0.0779985
6.91215e-10 0.0127942 0.0767987
6.91317e-10 0.0126759 0.0755992
6.91418e-10 0.012561 0.0744007
6.91519e-10 0.0124495 0.0732037
6.9162e-10 0.0123412 0.0720088
6.91722e-10 0.0122363 0.0708165
6.91823e-10 0.0121346 0.0696274
6.91924e-10 0.0120361 0.0684419
6.92025e-10 0.0119407 0.0672606
6.92127e-10 0.0118484 0.066084
6.92228e-10 0.0117592 0.0649125
6.92329e-10 0.011673 0.0637465
6.9243e-10 0.0115898 0.0625865
6.92532e-10 0.0115095 0.0614329
6.92633e-10 0.0114321 0.0602861
6.92734e-10 0.0113575 0.0591465
6.92836e-10 0.0112857 0.0580145
6.92937e-10 0.0112167 0.0568904
6.93038e-10 0.0111504 0.0557747
6.93139e-10 0.0110867 0.0546675
6.93241e-10 0.0110257 0.0535692
6.93342e-10 0.0109672 0.0524802
6.93443e-10 0.0109112 0.0514007
6.93544e-10 0.0108577 0.0503309
6.93646e-10 0.0108066 0.0492713
6.93747e-10 0.0107578 0.0482219
6.93848e-10 0.0107113 0.0471831
6.9395e-10 0.0106671 0.046155
6.94051e-10 0.010625 0.0451379
6.94152e-10 0.0105851 0.044132
6.94253e-10 0.0105473 0.0431374
6.94355e-10 0.0105115 0.0421544
6.94456e-10 0.0104776 0.041183
6.94557e-10 0.0104457 0.0402235
6.94658e-10 0.0104156 0.039276
6.9476e-10 0.0103873 0.0383406
6.94861e-10 0.0103608 0.0374174
6.94962e-10 0.0103359 0.0365066
6.95064e-10 0.0103126 0.0356081
6.95165e-10 0.0102909 0.0347223
6.95266e-10 0.0102707 0.033849
6.95367e-10 0.010252 0.0329884
6.95469e-10 0.0102346 0.0321405
6.9557e-10 0.0102186 0.0313054
6.95671e-10 0.0102038 0.0304831
6.95772e-10 0.0101902 0.0296737
6.95874e-10 0.0101778 0.0288772
6.95975e-10 0.0101665 0.0280936
6.96076e-10 0.0101562 0.0273229
6.96177e-10 0.0101468 0.0265651
6.96279e-10 0.0101385 0.0258202
6.9638e-10 0.0101309 0.0250882
6.96481e-10 0.0101242 0.0243691
6.96583e-10 0.0101183 0.0236629
6.96684e-10 0.010113 0.0229695
6.96785e-10 0.0101084 0.0222889
6.96886e-10 0.0101044 0.021621
6.96988e-10 0.0101009 0.0209658
6.97089e-10 0.010098 0.0203233
6.9719e-10 0.0100954 0.0196933
6.97291e-10 0.0100933 0.0190758
6.97393e-10 0.0100915 0.0184708
6.97494e-10 0.01009 0.0178782
6.97595e-10 0.0100888 0.0172979
6.97697e-10 0.0100878 0.0167298
6.97798e-10 0.0100869 0.0161738
6.97899e-10 0.0100861 0.0156299
6.98e-10 0.0100855 0.0150979
6.98102e-10 0.0100848 0.0145777
6.98203e-10 0.0100842 0.0140693
6.98304e-10 0.0100835 0.0135725
6.98405e-10 0.0100827 0.0130872
6.98507e-10 0.0100818 0.0126134
6.98608e-10 0.0100807 0.0121509
6.98709e-10 0.0100795 0.0116995
6.9881e-10 0.010078 0.0112593
6.98912e-10 0.0100763 0.01083
6.99013e-10 0.0100743 0.0104115
6.99114e-10 0.0100719 0.0100037
6.99216e-10 0.0100692 0.00960655
6.99317e-10 0.0100661 0.00921981
6.99418e-10 0.0100627 0.0088434
6.99519e-10 0.0100588 0.00847719
6.99621e-10 0.0100544 0.00812103
6.99722e-10 0.0100495 0.0077748
6.99823e-10 0.0100442 0.00743837
6.99924e-10 0.0100383 0.00711159
7.00026e-10 0.0100319 0.00679433
7.00127e-10 0.0100249 0.00648646
7.00228e-10 0.0100174 0.00618783
7.0033e-10 0.0100092 0.00589832
7.00431e-10 0.0100004 0.00561777
7.00532e-10 0.00999104 0.00534605
7.00633e-10 0.009981 0.00508302
7.00735e-10 0.0099703 0.00482855
7.00836e-10 0.00995894 0.00458248
7.00937e-10 0.0099469 0.00434469
7.01038e-10 0.00993416 0.00411503
7.0114e-10 0.00992073 0.00389336
7.01241e-10 0.0099066 0.00367954
7.01342e-10 0.00989175 0.00347344
7.01444e-10 0.00987619 0.00327491
7.01545e-10 0.0098599 0.00308382
7.01646e-10 0.00984288 0.00290002
7.01747e-10 0.00982512 0.00272339
7.01849e-10 0.00980664 0.00255378
7.0195e-10 0.00978741 0.00239106
7.02051e-10 0.00976745 0.00223508
7.02152e-10 0.00974675 0.00208573
7.02254e-10 0.0097253 0.00194286
7.02355e-10 0.00970312 0.00180633
7.02456e-10 0.00968021 0.00167603
7.02557e-10 0.00965656 0.00155181
7.02659e-10 0.00963217 0.00143354
7.0276e-10 0.00960706 0.00132109
7.02861e-10 0.00958123 0.00121435
7.02963e-10 0.00955467 0.00111317
7.03064e-10 0.00952741 0.00101743
7.03165e-10 0.00949943 0.000927014
7.03266e-10 0.00947075 0.000841787
7.03368e-10 0.00944138 0.000761629
7.03469e-10 0.00941133 0.000686419
7.0357e-10 0.00938059 0.000616036
7.03671e-10 0.00934918 0.00055036
7.03773e-10 0.00931711 0.000489273
7.03874e-10 0.00928439 0.000432659
7.03975e-10 0.00925103 0.000380402
7.04077e-10 0.00921703 0.000332387
7.04178e-10 0.00918241 0.000288503
7.04279e-10 0.00914718 0.000248637
7.0438e-10 0.00911134 0.00021268
7.04482e-10 0.00907492 0.000180521
7.04583e-10 0.00903792 0.000152056
7.04684e-10 0.00900035 0.000127176
7.04785e-10 0.00896223 0.000105778
7.04887e-10 0.00892356 8.77584e-05
7.04988e-10 0.00888437 7.30157e-05
7.05089e-10 0.00884466 6.14496e-05
7.05191e-10 0.00880444 5.29611e-05
7.05292e-10 0.00876374 4.74529e-05
7.05393e-10 0.00872255 4.4829e-05
7.05494e-10 0.00868091 4.49949e-05
7.05596e-10 0.00863881 4.78574e-05
7.05697e-10 0.00859627 5.3325e-05
7.05798e-10 0.00855332 6.13075e-05
7.05899e-10 0.00850995 7.1716e-05
7.06001e-10 0.00846619 8.44634e-05
7.06102e-10 0.00842204 9.94637e-05
7.06203e-10 0.00837753 0.000116633
7.06304e-10 0.00833266 0.000135887
7.06406e-10 0.00828746 0.000157145
7.06507e-10 0.00824193 0.000180327
7.06608e-10 0.00819609 0.000205355
7.0671e-10 0.00814995 0.00023215
7.06811e-10 0.00810352 0.000260637
7.06912e-10 0.00805683 0.000290741
7.07013e-10 0.00800988 0.00032239
7.07115e-10 0.00796269 0.000355511
7.07216e-10 0.00791527 0.000390035
7.07317e-10 0.00786764 0.000425892
7.07418e-10 0.00781981 0.000463014
7.0752e-10 0.00777179 0.000501336
7.07621e-10 0.0077236 0.000540793
7.07722e-10 0.00767524 0.00058132
7.07824e-10 0.00762674 0.000622856
7.07925e-10 0.00757811 0.00066534
7.08026e-10 0.00752936 0.000708712
7.08127e-10 0.0074805 0.000752914
7.08229e-10 0.00743154 0.000797888
7.0833e-10 0.0073825 0.000843579
7.08431e-10 0.00733339 0.000889932
7.08532e-10 0.00728423 0.000936894
7.08634e-10 0.00723502 0.000984412
7.08735e-10 0.00718577 0.00103244
7.08836e-10 0.00713651 0.00108092
7.08938e-10 0.00708723 0.00112981
7.09039e-10 0.00703796 0.00117905
7.0914e-10 0.0069887 0.00122862
7.09241e-10 0.00693947 0.00127845
7.09343e-10 0.00689027 0.00132851
7.09444e-10 0.00684112 0.00137875
7.09545e-10 0.00679202 0.00142913
7.09646e-10 0.00674299 0.00147961
7.09748e-10 0.00669404 0.00153015
7.09849e-10 0.00664518 0.00158072
7.0995e-10 0.00659641 0.00163127
7.10051e-10 0.00654775 0.00168177
7.10153e-10 0.00649921 0.00173219
7.10254e-10 0.00645079 0.00178248
7.10355e-10 0.0064025 0.00183262
7.10457e-10 0.00635436 0.00188257
7.10558e-10 0.00630638 0.00193231
7.10659e-10 0.00625855 0.0019818
7.1076e-10 0.00621089 0.00203102
7.10862e-10 0.00616341 0.00207993
7.10963e-10 0.00611611 0.0021285
7.11064e-10 0.006069 0.00217672
7.11165e-10 0.00602209 0.00222455
7.11267e-10 0.00597539 0.00227197
7.11368e-10 0.00592891 0.00231896
7.11469e-10 0.00588264 0.0023655
7.11571e-10 0.0058366 0.00241155
7.11672e-10 0.00579079 0.0024571
7.11773e-10 0.00574522 0.00250213
7.11874e-10 0.0056999 0.00254663
7.11976e-10 0.00565483 0.00259056
7.12077e-10 0.00561001 0.00263391
7.12178e-10 0.00556546 0.00267667
7.12279e-10 0.00552117 0.00271881
7.12381e-10 0.00547715 0.00276033
7.12482e-10 0.00543341 0.0028012
7.12583e-10 0.00538995 0.00284142
7.12684e-10 0.00534678 0.00288096
7.12786e-10 0.0053039 0.00291982
7.12887e-10 0.00526131 0.00295798
7.12988e-10 0.00521901 0.00299542
7.1309e-10 0.00517702 0.00303215
7.13191e-10 0.00513533 0.00306815
7.13292e-10 0.00509395 0.0031034
7.13393e-10 0.00505289 0.0031379
7.13495e-10 0.00501213 0.00317164
7.13596e-10 0.00497169 0.00320461
7.13697e-10 0.00493157 0.00323681
7.13798e-10 0.00489177 0.00326822
7.139e-10 0.0048523 0.00329885
7.14001e-10 0.00481315 0.00332867
7.14102e-10 0.00477433 0.0033577
7.14204e-10 0.00473583 0.00338591
7.14305e-10 0.00469767 0.00341332
7.14406e-10 0.00465984 0.00343991
7.14507e-10 0.00462235 0.00346569
7.14609e-10 0.00458518 0.00349064
7.1471e-10 0.00454836 0.00351476
7.14811e-10 0.00451187 0.00353806
7.14912e-10 0.00447572 0.00356054
7.15014e-10 0.00443991 0.00358218
7.15115e-10 0.00440443 0.00360299
7.15216e-10 0.0043693 0.00362297
7.15318e-10 0.0043345 0.00364212
7.15419e-10 0.00430004 0.00366044
7.1552e-10 0.00426592 0.00367793
7.15621e-10 0.00423214 0.00369459
7.15723e-10 0.0041987 0.00371042
7.15824e-10 0.0041656 0.00372543
7.15925e-10 0.00413283 0.00373961
7.16026e-10 0.00410041 0.00375297
7.16128e-10 0.00406831 0.00376551
7.16229e-10 0.00403656 0.00377724
7.1633e-10 0.00400514 0.00378815
7.16431e-10 0.00397405 0.00379826
7.16533e-10 0.00394329 0.00380756
7.16634e-10 0.00391287 0.00381606
7.16735e-10 0.00388277 0.00382376
7.16837e-10 0.00385301 0.00383068
7.16938e-10 0.00382357 0.0038368
7.17039e-10 0.00379446 0.00384215
7.1714e-10 0.00376567 0.00384672
7.17242e-10 0.0037372 0.00385052
7.17343e-10 0.00370905 0.00385356
7.17444e-10 0.00368122 0.00385584
7.17545e-10 0.00365371 0.00385737
7.17647e-10 0.00362652 0.00385815
7.17748e-10 0.00359963 0.0038582
7.17849e-10 0.00357306 0.00385752
7.17951e-10 0.00354679 0.00385611
7.18052e-10 0.00352083 0.00385398
7.18153e-10 0.00349518 0.00385115
7.18254e-10 0.00346982 0.00384761
7.18356e-10 0.00344477 0.00384339
7.18457e-10 0.00342001 0.00383847
7.18558e-10 0.00339554 0.00383288
7.18659e-10 0.00337137 0.00382662
7.18761e-10 0.00334748 0.0038197
7.18862e-10 0.00332389 0.00381213
7.18963e-10 0.00330057 0.00380391
7.19065e-10 0.00327754 0.00379506
7.19166e-10 0.00325479 0.00378558
7.19267e-10 0.00323231 0.00377548
7.19368e-10 0.0032101 0.00376478
7.1947e-10 0.00318816 0.00375347
7.19571e-10 0.00316649 0.00374158
7.19672e-10 0.00314509 0.0037291
7.19773e-10 0.00312395 0.00371606
7.19875e-10 0.00310306 0.00370245
7.19976e-10 0.00308243 0.00368829
7.20077e-10 0.00306206 0.00367358
7.20178e-10 0.00304193 0.00365835
7.2028e-10 0.00302205 0.00364259
7.20381e-10 0.00300241 0.00362631
7.20482e-10 0.00298302 0.00360953
7.20584e-10 0.00296386 0.00359226
7.20685e-10 0.00294494 0.0035745
7.20786e-10 0.00292625 0.00355627
7.20887e-10 0.00290778 0.00353757
7.20989e-10 0.00288955 0.00351841
7.2109e-10 0.00287153 0.00349882
7.21191e-10 0.00285374 0.00347878
7.21292e-10 0.00283616 0.00345832
7.21394e-10 0.0028188 0.00343745
7.21495e-10 0.00280165 0.00341617
7.21596e-10 0.00278471 0.00339449
7.21698e-10 0.00276797 0.00337243
7.21799e-10 0.00275143 0.00334999
7.219e-10 0.00273509 0.00332719
7.22001e-10 0.00271895 0.00330403
7.22103e-10 0.002703 0.00328053
7.22204e-10 0.00268724 0.00325669
7.22305e-10 0.00267167 0.00323252
7.22406e-10 0.00265628 0.00320804
7.22508e-10 0.00264107 0.00318325
7.22609e-10 0.00262604 0.00315816
7.2271e-10 0.00261119 0.00313279
7.22812e-10 0.00259651 0.00310714
7.22913e-10 0.002582 0.00308122
7.23014e-10 0.00256766 0.00305504
7.23115e-10 0.00255348 0.00302862
7.23217e-10 0.00253946 0.00300195
7.23318e-10 0.0025256 0.00297506
7.23419e-10 0.0025119 0.00294795
7.2352e-10 0.00249835 0.00292062
7.23622e-10 0.00248495 0.0028931
7.23723e-10 0.0024717 0.00286538
7.23824e-10 0.0024586 0.00283748
7.23925e-10 0.00244564 0.00280941
7.24027e-10 0.00243282 0.00278117
7.24128e-10 0.00242013 0.00275278
7.24229e-10 0.00240758 0.00272424
7.24331e-10 0.00239517 0.00269556
7.24432e-10 0.00238288 0.00266676
7.24533e-10 0.00237072 0.00263783
7.24634e-10 0.00235869 0.00260879
7.24736e-10 0.00234678 0.00257966
7.24837e-10 0.00233499 0.00255042
7.24938e-10 0.00232332 0.0025211
7.25039e-10 0.00231177 0.00249171
7.25141e-10 0.00230033 0.00246224
7.25242e-10 0.002289 0.00243271
7.25343e-10 0.00227778 0.00240314
7.25445e-10 0.00226667 0.00237351
7.25546e-10 0.00225566 0.00234385
7.25647e-10 0.00224476 0.00231417
7.25748e-10 0.00223396 0.00228446
7.2585e-10 0.00222325 0.00225473
7.25951e-10 0.00221265 0.00222501
7.26052e-10 0.00220214 0.00219528
7.26153e-10 0.00219172 0.00216557
7.26255e-10 0.00218139 0.00213587
7.26356e-10 0.00217115 0.00210619
7.26457e-10 0.002161 0.00207655
7.26559e-10 0.00215093 0.00204695
7.2666e-10 0.00214095 0.00201739
7.26761e-10 0.00213105 0.00198788
7.26862e-10 0.00212123 0.00195843
7.26964e-10 0.00211149 0.00192905
7.27065e-10 0.00210183 0.00189974
7.27166e-10 0.00209224 0.00187051
7.27267e-10 0.00208272 0.00184137
7.27369e-10 0.00207328 0.00181232
7.2747e-10 0.00206391 0.00178336
7.27571e-10 0.0020546 0.00175451
7.27672e-10 0.00204537 0.00172577
7.27774e-10 0.0020362 0.00169715
7.27875e-10 0.0020271 0.00166865
7.27976e-10 0.00201806 0.00164028
7.28078e-10 0.00200908 0.00161204
7.28179e-10 0.00200016 0.00158394
7.2828e-10 0.0019913 0.00155598
7.28381e-10 0.0019825 0.00152817
7.28483e-10 0.00197376 0.00150052
7.28584e-10 0.00196508 0.00147303
7.28685e-10 0.00195644 0.00144571
7.28786e-10 0.00194787 0.00141855
7.28888e-10 0.00193934 0.00139157
7.28989e-10 0.00193087 0.00136477
7.2909e-10 0.00192245 0.00133815
7.29192e-10 0.00191407 0.00131173
7.29293e-10 0.00190575 0.00128549
7.29394e-10 0.00189747 0.00125946
7.29495e-10 0.00188924 0.00123362
7.29597e-10 0.00188106 0.00120799
7.29698e-10 0.00187292 0.00118258
7.29799e-10 0.00186482 0.00115738
7.299e-10 0.00185677 0.00113239
7.30002e-10 0.00184876 0.00110763
7.30103e-10 0.00184079 0.00108309
7.30204e-10 0.00183286 0.00105878
7.30305e-10 0.00182498 0.00103471
7.30407e-10 0.00181713 0.00101087
7.30508e-10 0.00180932 0.000987267
7.30609e-10 0.00180155 0.00096391
7.30711e-10 0.00179382 0.000940797
7.30812e-10 0.00178612 0.000917934
7.30913e-10 0.00177846 0.000895322
7.31014e-10 0.00177084 0.000872964
7.31116e-10 0.00176325 0.000850862
7.31217e-10 0.0017557 0.000829021
7.31318e-10 0.00174818 0.000807442
7.31419e-10 0.00174069 0.000786127
7.31521e-10 0.00173324 0.000765079
7.31622e-10 0.00172582 0.0007443
7.31723e-10 0.00171844 0.000723792
7.31825e-10 0.00171109 0.000703558
7.31926e-10 0.00170376 0.000683599
7.32027e-10 0.00169648 0.000663917
7.32128e-10 0.00168922 0.000644514
7.3223e-10 0.00168199 0.000625392
7.32331e-10 0.00167479 0.000606552
7.32432e-10 0.00166763 0.000587996
7.32533e-10 0.00166049 0.000569725
7.32635e-10 0.00165339 0.000551741
7.32736e-10 0.00164631 0.000534044
7.32837e-10 0.00163926 0.000516637
7.32939e-10 0.00163225 0.00049952
7.3304e-10 0.00162526 0.000482695
7.33141e-10 0.0016183 0.000466162
7.33242e-10 0.00161137 0.000449921
7.33344e-10 0.00160447 0.000433975
7.33445e-10 0.0015976 0.000418323
7.33546e-10 0.00159075 0.000402967
7.33647e-10 0.00158394 0.000387906
7.33749e-10 0.00157715 0.000373141
7.3385e-10 0.00157039 0.000358673
7.33951e-10 0.00156366 0.000344502
7.34052e-10 0.00155696 0.000330628
7.34154e-10 0.00155028 0.000317051
7.34255e-10 0.00154364 0.000303772
7.34356e-10 0.00153702 0.00029079
7.34458e-10 0.00153043 0.000278105
7.34559e-10 0.00152387 0.000265718
7.3466e-10 0.00151733 0.000253627
7.34761e-10 0.00151083 0.000241834
7.34863e-10 0.00150435 0.000230337
7.34964e-10 0.0014979 0.000219136
7.35065e-10 0.00149148 0.00020823
7.35166e-10 0.00148509 0.00019762
7.35268e-10 0.00147873 0.000187303
7.35369e-10 0.00147239 0.000177281
7.3547e-10 0.00146609 0.000167551
7.35572e-10 0.00145981 0.000158114
7.35673e-10 0.00145356 0.000148968
7.35774e-10 0.00144734 0.000140113
7.35875e-10 0.00144115 0.000131546
7.35977e-10 0.00143499 0.000123268
7.36078e-10 0.00142886 0.000115278
7.36179e-10 0.00142275 0.000107573
7.3628e-10 0.00141668 0.000100154
7.36382e-10 0.00141064 9.30174e-05
7.36483e-10 0.00140462 8.61634e-05
7.36584e-10 0.00139864 7.95904e-05
7.36686e-10 0.00139269 7.32967e-05
7.36787e-10 0.00138676 6.72809e-05
7.36888e-10 0.00138087 6.15414e-05
7.36989e-10 0.00137501 5.60767e-05
7.37091e-10 0.00136918 5.08851e-05
7.37192e-10 0.00136338 4.59648e-05
7.37293e-10 0.00135761 4.13142e-05
7.37394e-10 0.00135187 3.69314e-05
7.37496e-10 0.00134616 3.28145e-05
7.37597e-10 0.00134048 2.89617e-05
7.37698e-10 0.00133484 2.5371e-05
7.37799e-10 0.00132923 2.20405e-05
7.37901e-10 0.00132365 1.89681e-05
7.38002e-10 0.0013181 1.61517e-05
7.38103e-10 0.00131258 1.35892e-05
7.38205e-10 0.0013071 1.12785e-05
7.38306e-10 0.00130165 9.21732e-06
7.38407e-10 0.00129623 7.40347e-06
7.38508e-10 0.00129084 5.83465e-06
7.3861e-10 0.00128549 4.50856e-06
7.38711e-10 0.00128017 3.42283e-06
7.38812e-10 0.00127488 2.57508e-06
7.38913e-10 0.00126963 1.96288e-06
7.39015e-10 0.00126441 1.58378e-06
7.39116e-10 0.00125923 1.43527e-06
7.39217e-10 0.00125408 1.51483e-06
7.39319e-10 0.00124896 1.81991e-06
7.3942e-10 0.00124388 2.34791e-06
7.39521e-10 0.00123883 3.09621e-06
7.39622e-10 0.00123381 4.06216e-06
7.39724e-10 0.00122883 5.24309e-06
7.39825e-10 0.00122389 6.63628e-06
7.39926e-10 0.00121898 8.23899e-06
7.40027e-10 0.0012141 1.00485e-05
7.40129e-10 0.00120926 1.20619e-05
7.4023e-10 0.00120446 1.42766e-05
7.40331e-10 0.00119969 1.66896e-05
7.40433e-10 0.00119495 1.9298e-05
7.40534e-10 0.00119025 2.20991e-05
7.40635e-10 0.00118559 2.50898e-05
7.40736e-10 0.00118096 2.82674e-05
7.40838e-10 0.00117637 3.16287e-05
7.40939e-10 0.00117181 3.51709e-05
7.4104e-10 0.00116729 3.88911e-05
7.41141e-10 0.00116281 4.27861e-05
7.41243e-10 0.00115836 4.6853e-05
7.41344e-10 0.00115395 5.10887e-05
7.41445e-10 0.00114957 5.54903e-05
7.41546e-10 0.00114523 6.00546e-05
7.41648e-10 0.00114093 6.47785e-05
7.41749e-10 0.00113666 6.96591e-05
7.4185e-10 0.00113243 7.46931e-05
7.41952e-10 0.00112824 7.98775e-05
7.42053e-10 0.00112408 8.52092e-05
7.42154e-10 0.00111996 9.0685e-05
7.42255e-10 0.00111587 9.63018e-05
7.42357e-10 0.00111182 0.000102056
7.42458e-10 0.00110781 0.000107946
7.42559e-10 0.00110383 0.000113967
7.4266e-10 0.00109989 0.000120116
7.42762e-10 0.00109599 0.00012639
7.42863e-10 0.00109212 0.000132786
7.42964e-10 0.00108829 0.000139302
7.43066e-10 0.0010845 0.000145932
7.43167e-10 0.00108074 0.000152676
7.43268e-10 0.00107702 0.000159528
7.43369e-10 0.00107333 0.000166487
7.43471e-10 0.00106968 0.000173548
7.43572e-10 0.00106607 0.000180709
7.43673e-10 0.00106249 0.000187967
7.43774e-10 0.00105895 0.000195317
7.43876e-10 0.00105544 0.000202758
7.43977e-10 0.00105198 0.000210286
7.44078e-10 0.00104854 0.000217898
7.44179e-10 0.00104514 0.00022559
7.44281e-10 0.00104178 0.000233359
7.44382e-10 0.00103845 0.000241203
7.44483e-10 0.00103516 0.000249117
7.44585e-10 0.0010319 0.0002571
7.44686e-10 0.00102868 0.000265147
7.44787e-10 0.0010255 0.000273256
7.44888e-10 0.00102234 0.000281423
7.4499e-10 0.00101923 0.000289646
7.45091e-10 0.00101614 0.00029792
7.45192e-10 0.0010131 0.000306244
7.45293e-10 0.00101008 0.000314614
7.45395e-10 0.0010071 0.000323027
7.45496e-10 0.00100416 0.000331479
7.45597e-10 0.00100125 0.000339969
7.45699e-10 0.000998367 0.000348492
7.458e-10 0.000995522 0.000357046
7.45901e-10 0.000992711 0.000365627
7.46002e-10 0.000989932 0.000374233
7.46104e-10 0.000987187 0.000382861
7.46205e-10 0.000984474 0.000391507
7.46306e-10 0.000981793 0.000400169
7.46407e-10 0.000979145 0.000408844
7.46509e-10 0.000976529 0.000417529
7.4661e-10 0.000973945 0.000426221
7.46711e-10 0.000971393 0.000434917
7.46813e-10 0.000968872 0.000443614
7.46914e-10 0.000966382 0.000452309
7.47015e-10 0.000963923 0.000461
7.47116e-10 0.000961496 0.000469683
7.47218e-10 0.000959098 0.000478356
7.47319e-10 0.000956731 0.000487017
7.4742e-10 0.000954394 0.000495662
7.47521e-10 0.000952087 0.000504288
7.47623e-10 0.000949809 0.000512894
7.47724e-10 0.000947561 0.000521475
7.47825e-10 0.000945342 0.00053003
7.47926e-10 0.000943151 0.000538556
7.48028e-10 0.000940989 0.000547051
7.48129e-10 0.000938856 0.000555511
7.4823e-10 0.00093675 0.000563934
7.48332e-10 0.000934672 0.000572318
7.48433e-10 0.000932621 0.00058066
7.48534e-10 0.000930598 0.000588958
7.48635e-10 0.000928602 0.000597208
7.48737e-10 0.000926632 0.00060541
7.48838e-10 0.000924689 0.00061356
7.48939e-10 0.000922771 0.000621655
7.4904e-10 0.00092088 0.000629695
7.49142e-10 0.000919013 0.000637675
7.49243e-10 0.000917173 0.000645594
7.49344e-10 0.000915356 0.00065345
7.49446e-10 0.000913565 0.000661241
7.49547e-10 0.000911798 0.000668964
7.49648e-10 0.000910055 0.000676616
7.49749e-10 0.000908335 0.000684197
7.49851e-10 0.000906639 0.000691703
7.49952e-10 0.000904966 0.000699133
7.50053e-10 0.000903316 0.000706484
7.50154e-10 0.000901689 0.000713756
7.50256e-10 0.000900083 0.000720944
7.50357e-10 0.0008985 0.000728048
7.50458e-10 0.000896938 0.000735066
7.5056e-10 0.000895397 0.000741996
7.50661e-10 0.000893877 0.000748835
7.50762e-10 0.000892378 0.000755583
7.50863e-10 0.000890899 0.000762236
7.50965e-10 0.000889441 0.000768794
7.51066e-10 0.000888002 0.000775255
7.51167e-10 0.000886582 0.000781617
7.51268e-10 0.000885182 0.000787878
7.5137e-10 0.0008838 0.000794037
7.51471e-10 0.000882437 0.000800092
7.51572e-10 0.000881092 0.000806041
7.51673e-10 0.000879765 0.000811883
7.51775e-10 0.000878456 0.000817617
7.51876e-10 0.000877164 0.000823241
7.51977e-10 0.000875889 0.000828753
7.52079e-10 0.00087463 0.000834153
7.5218e-10 0.000873388 0.000839438
7.52281e-10 0.000872163 0.000844607
7.52382e-10 0.000870952 0.00084966
7.52484e-10 0.000869758 0.000854595
7.52585e-10 0.000868578 0.00085941
7.52686e-10 0.000867414 0.000864105
7.52787e-10 0.000866264 0.000868678
7.52889e-10 0.000865128 0.000873129
7.5299e-10 0.000864006 0.000877455
7.53091e-10 0.000862899 0.000881657
7.53193e-10 0.000861804 0.000885733
7.53294e-10 0.000860723 0.000889681
7.53395e-10 0.000859655 0.000893502
7.53496e-10 0.000858599 0.000897195
7.53598e-10 0.000857555 0.000900757
7.53699e-10 0.000856524 0.00090419
7.538e-10 0.000855504 0.000907491
7.53901e-10 0.000854496 0.00091066
7.54003e-10 0.0008535 0.000913696
7.54104e-10 0.000852514 0.0009166
7.54205e-10 0.000851539 0.000919369
7.54307e-10 0.000850574 0.000922003
7.54408e-10 0.00084962 0.000924503
7.54509e-10 0.000848675 0.000926866
7.5461e-10 0.000847741 0.000929094
7.54712e-10 0.000846815 0.000931185
7.54813e-10 0.0008459 0.000933139
7.54914e-10 0.000844993 0.000934955
7.55015e-10 0.000844094 0.000936634
7.55117e-10 0.000843205 0.000938174
7.55218e-10 0.000842323 0.000939576
7.55319e-10 0.00084145 0.00094084
7.5542e-10 0.000840584 0.000941964
7.55522e-10 0.000839727 0.00094295
7.55623e-10 0.000838876 0.000943796
7.55724e-10 0.000838033 0.000944504
7.55826e-10 0.000837197 0.000945072
7.55927e-10 0.000836367 0.0009455
7.56028e-10 0.000835545 0.00094579
7.56129e-10 0.000834728 0.00094594
7.56231e-10 0.000833918 0.000945951
7.56332e-10 0.000833114 0.000945823
7.56433e-10 0.000832316 0.000945556
7.56534e-10 0.000831523 0.000945151
7.56636e-10 0.000830736 0.000944607
7.56737e-10 0.000829954 0.000943925
7.56838e-10 0.000829178 0.000943105
7.5694e-10 0.000828406 0.000942147
7.57041e-10 0.00082764 0.000941053
7.57142e-10 0.000826878 0.000939821
7.57243e-10 0.00082612 0.000938454
7.57345e-10 0.000825367 0.00093695
7.57446e-10 0.000824618 0.000935311
7.57547e-10 0.000823874 0.000933538
7.57648e-10 0.000823133 0.00093163
7.5775e-10 0.000822397 0.000929588
7.57851e-10 0.000821664 0.000927414
7.57952e-10 0.000820935 0.000925107
7.58053e-10 0.000820209 0.000922669
7.58155e-10 0.000819487 0.0009201
7.58256e-10 0.000818768 0.000917401
7.58357e-10 0.000818052 0.000914573
7.58459e-10 0.000817339 0.000911616
7.5856e-10 0.00081663 0.000908532
7.58661e-10 0.000815924 0.000905322
7.58762e-10 0.00081522 0.000901985
7.58864e-10 0.000814519 0.000898525
7.58965e-10 0.000813821 0.00089494
7.59066e-10 0.000813126 0.000891233
7.59167e-10 0.000812433 0.000887404
7.59269e-10 0.000811743 0.000883455
7.5937e-10 0.000811056 0.000879386
7.59471e-10 0.000810371 0.000875199
7.59573e-10 0.000809688 0.000870895
7.59674e-10 0.000809008 0.000866476
7.59775e-10 0.000808331 0.000861942
7.59876e-10 0.000807655 0.000857294
7.59978e-10 0.000806982 0.000852535
7.60079e-10 0.000806312 0.000847665
7.6018e-10 0.000805643 0.000842686
7.60281e-10 0.000804977 0.000837599
7.60383e-10 0.000804314 0.000832406
7.60484e-10 0.000803652 0.000827107
7.60585e-10 0.000802993 0.000821705
7.60687e-10 0.000802336 0.000816201
7.60788e-10 0.000801682 0.000810597
7.60889e-10 0.00080103 0.000804894
7.6099e-10 0.00080038 0.000799093
7.61092e-10 0.000799733 0.000793196
7.61193e-10 0.000799088 0.000787206
7.61294e-10 0.000798446 0.000781122
7.61395e-10 0.000797806 0.000774948
7.61497e-10 0.000797169 0.000768685
7.61598e-10 0.000796535 0.000762335
7.61699e-10 0.000795903 0.000755899
7.618e-10 0.000795274 0.000749379
7.61902e-10 0.000794647 0.000742777
7.62003e-10 0.000794024 0.000736095
7.62104e-10 0.000793404 0.000729334
7.62206e-10 0.000792786 0.000722497
7.62307e-10 0.000792172 0.000715586
7.62408e-10 0.000791561 0.000708601
7.62509e-10 0.000790953 0.000701546
7.62611e-10 0.000790348 0.000694422
7.62712e-10 0.000789747 0.000687231
7.62813e-10 0.00078915 0.000679975
7.62914e-10 0.000788556 0.000672656
7.63016e-10 0.000787966 0.000665277
7.63117e-10 0.00078738 0.000657838
7.63218e-10 0.000786798 0.000650343
7.6332e-10 0.00078622 0.000642793
7.63421e-10 0.000785646 0.000635191
7.63522e-10 0.000785076 0.000627538
7.63623e-10 0.000784511 0.000619836
7.63725e-10 0.000783951 0.000612089
7.63826e-10 0.000783395 0.000604297
7.63927e-10 0.000782844 0.000596464
7.64028e-10 0.000782299 0.000588591
7.6413e-10 0.000781758 0.00058068
7.64231e-10 0.000781223 0.000572734
7.64332e-10 0.000780693 0.000564755
7.64434e-10 0.000780168 0.000556746
7.64535e-10 0.000779649 0.000548708
7.64636e-10 0.000779137 0.000540643
7.64737e-10 0.00077863 0.000532555
7.64839e-10 0.000778129 0.000524445
7.6494e-10 0.000777635 0.000516315
7.65041e-10 0.000777148 0.000508169
7.65142e-10 0.000776667 0.000500008
7.65244e-10 0.000776192 0.000491834
7.65345e-10 0.000775725 0.000483651
7.65446e-10 0.000775265 0.000475459
7.65547e-10 0.000774813 0.000467263
7.65649e-10 0.000774368 0.000459063
7.6575e-10 0.000773931 0.000450863
7.65851e-10 0.000773501 0.000442665
7.65953e-10 0.00077308 0.000434471
7.66054e-10 0.000772667 0.000426283
7.66155e-10 0.000772262 0.000418105
7.66256e-10 0.000771866 0.000409937
7.66358e-10 0.000771479 0.000401784
7.66459e-10 0.0007711 0.000393647
7.6656e-10 0.000770731 0.000385528
7.66661e-10 0.000770372 0.000377431
7.66763e-10 0.000770021 0.000369357
7.66864e-10 0.000769681 0.000361309
7.66965e-10 0.00076935 0.000353289
7.67067e-10 0.00076903 0.0003453
7.67168e-10 0.00076872 0.000337344
7.67269e-10 0.00076842 0.000329424
7.6737e-10 0.000768131 0.000321542
7.67472e-10 0.000767853 0.0003137
7.67573e-10 0.000767586 0.000305902
7.67674e-10 0.00076733 0.000298148
7.67775e-10 0.000767086 0.000290442
7.67877e-10 0.000766853 0.000282787
7.67978e-10 0.000766632 0.000275184
7.68079e-10 0.000766424 0.000267636
7.68181e-10 0.000766227 0.000260146
7.68282e-10 0.000766043 0.000252715
7.68383e-10 0.000765871 0.000245347
7.68484e-10 0.000765712 0.000238043
7.68586e-10 0.000765566 0.000230807
7.68687e-10 0.000765433 0.000223639
7.68788e-10 0.000765314 0.000216544
7.68889e-10 0.000765208 0.000209522
7.68991e-10 0.000765115 0.000202578
7.69092e-10 0.000765037 0.000195712
7.69193e-10 0.000764972 0.000188927
7.69294e-10 0.000764922 0.000182226
7.69396e-10 0.000764886 0.00017561
7.69497e-10 0.000764865 0.000169083
7.69598e-10 0.000764859 0.000162647
7.697e-10 0.000764867 0.000156303
7.69801e-10 0.000764891 0.000150054
7.69902e-10 0.00076493 0.000143902
7.70003e-10 0.000764984 0.000137851
7.70105e-10 0.000765054 0.000131901
7.70206e-10 0.000765139 0.000126055
7.70307e-10 0.000765241 0.000120315
7.70408e-10 0.000765359 0.000114684
7.7051e-10 0.000765492 0.000109163
7.70611e-10 0.000765643 0.000103755
7.70712e-10 0.00076581 9.84624e-05
7.70814e-10 0.000765993 9.32867e-05
7.70915e-10 0.000766193 8.82303e-05
7.71016e-10 0.000766411 8.32951e-05
7.71117e-10 0.000766645 7.84834e-05
7.71219e-10 0.000766897 7.37972e-05
7.7132e-10 0.000767166 6.92386e-05
7.71421e-10 0.000767452 6.48094e-05
7.71522e-10 0.000767757 6.05119e-05
7.71624e-10 0.000768079 5.63478e-05
7.71725e-10 0.000768419 5.23193e-05
7.71826e-10 0.000768777 4.84283e-05
7.71928e-10 0.000769153 4.46766e-05
7.72029e-10 0.000769547 4.10662e-05
7.7213e-10 0.00076996 3.75989e-05
7.72231e-10 0.000770391 3.42767e-05
7.72333e-10 0.00077084 3.11013e-05
7.72434e-10 0.000771309 2.80745e-05
7.72535e-10 0.000771796 2.51982e-05
7.72636e-10 0.000772302 2.2474e-05
7.72738e-10 0.000772826 1.99037e-05
7.72839e-10 0.00077337 1.74891e-05
7.7294e-10 0.000773933 1.52317e-05
7.73041e-10 0.000774515 1.31333e-05
7.73143e-10 0.000775116 1.11955e-05
7.73244e-10 0.000775737 9.41986e-06
7.73345e-10 0.000776377 7.80793e-06
7.73447e-10 0.000777036 6.36128e-06
7.73548e-10 0.000777715 5.08141e-06
7.73649e-10 0.000778414 3.96982e-06
7.7375e-10 0.000779132 3.02794e-06
7.73852e-10 0.000779869 2.25721e-06
7.73953e-10 0.000780626 1.65901e-06
7.74054e-10 0.000781403 1.23471e-06
7.74155e-10 0.0007822 9.8563e-07
7.74257e-10 0.000783016 9.13069e-07
7.74358e-10 0.000783852 1.01829e-06
7.74459e-10 0.000784708 1.30253e-06
7.74561e-10 0.000785584 1.76699e-06
7.74662e-10 0.000786479 2.41282e-06
7.74763e-10 0.000787394 3.24117e-06
7.74864e-10 0.000788329 4.25313e-06
7.74966e-10 0.000789284 5.44975e-06
7.75067e-10 0.000790258 6.83208e-06
7.75168e-10 0.000791253 8.4011e-06
7.75269e-10 0.000792267 1.01578e-05
7.75371e-10 0.0007933 1.2103e-05
7.75472e-10 0.000794354 1.42377e-05
7.75573e-10 0.000795427 1.65627e-05
7.75674e-10 0.000796519 1.90788e-05
7.75776e-10 0.000797631 2.17868e-05
7.75877e-10 0.000798763 2.46873e-05
7.75978e-10 0.000799914 2.77813e-05
7.7608e-10 0.000801084 3.10691e-05
7.76181e-10 0.000802274 3.45516e-05
7.76282e-10 0.000803483 3.82292e-05
7.76383e-10 0.000804711 4.21026e-05
7.76485e-10 0.000805958 4.61721e-05
7.76586e-10 0.000807225 5.04383e-05
7.76687e-10 0.00080851 5.49017e-05
7.76788e-10 0.000809814 5.95624e-05
7.7689e-10 0.000811137 6.4421e-05
7.76991e-10 0.000812478 6.94777e-05
7.77092e-10 0.000813838 7.47327e-05
7.77194e-10 0.000815217 8.01863e-05
7.77295e-10 0.000816613 8.58387e-05
7.77396e-10 0.000818028 9.16899e-05
7.77497e-10 0.000819461 9.774e-05
7.77599e-10 0.000820912 0.000103989
7.777e-10 0.000822381 0.000110437
7.77801e-10 0.000823867 0.000117084
7.77902e-10 0.000825371 0.00012393
7.78004e-10 0.000826893 0.000130975
7.78105e-10 0.000828431 0.000138218
7.78206e-10 0.000829987 0.00014566
7.78308e-10 0.000831559 0.000153299
7.78409e-10 0.000833149 0.000161137
7.7851e-10 0.000834755 0.000169171
7.78611e-10 0.000836377 0.000177403
7.78713e-10 0.000838016 0.000185831
7.78814e-10 0.000839671 0.000194456
7.78915e-10 0.000841341 0.000203276
7.79016e-10 0.000843028 0.00021229
7.79118e-10 0.00084473 0.0002215
7.79219e-10 0.000846447 0.000230902
7.7932e-10 0.00084818 0.000240498
7.79421e-10 0.000849927 0.000250286
7.79523e-10 0.000851689 0.000260265
7.79624e-10 0.000853466 0.000270434
7.79725e-10 0.000855257 0.000280793
7.79827e-10 0.000857062 0.000291341
7.79928e-10 0.000858881 0.000302076
7.80029e-10 0.000860714 0.000312998
7.8013e-10 0.00086256 0.000324105
7.80232e-10 0.000864419 0.000335396
7.80333e-10 0.000866292 0.000346871
7.80434e-10 0.000868177 0.000358527
7.80535e-10 0.000870075 0.000370364
7.80637e-10 0.000871985 0.00038238
7.80738e-10 0.000873907 0.000394574
7.80839e-10 0.000875841 0.000406944
7.80941e-10 0.000877786 0.000419489
7.81042e-10 0.000879743 0.000432208
7.81143e-10 0.000881712 0.000445098
7.81244e-10 0.000883691 0.000458159
7.81346e-10 0.00088568 0.000471388
7.81447e-10 0.00088768 0.000484783
7.81548e-10 0.00088969 0.000498344
7.81649e-10 0.00089171 0.000512068
7.81751e-10 0.00089374 0.000525953
7.81852e-10 0.000895779 0.000539998
7.81953e-10 0.000897827 0.0005542
7.82055e-10 0.000899884 0.000568557
7.82156e-10 0.000901949 0.000583068
7.82257e-10 0.000904023 0.00059773
7.82358e-10 0.000906105 0.000612541
7.8246e-10 0.000908194 0.000627499
7.82561e-10 0.000910292 0.000642602
7.82662e-10 0.000912396 0.000657847
7.82763e-10 0.000914508 0.000673232
7.82865e-10 0.000916626 0.000688755
7.82966e-10 0.000918751 0.000704413
7.83067e-10 0.000920882 0.000720203
7.83168e-10 0.000923019 0.000736124
7.8327e-10 0.000925161 0.000752173
7.83371e-10 0.000927309 0.000768346
7.83472e-10 0.000929463 0.000784642
7.83574e-10 0.000931621 0.000801057
7.83675e-10 0.000933784 0.000817589
7.83776e-10 0.000935952 0.000834236
7.83877e-10 0.000938123 0.000850993
7.83979e-10 0.000940299 0.000867859
7.8408e-10 0.000942478 0.00088483
7.84181e-10 0.000944661 0.000901903
7.84282e-10 0.000946847 0.000919076
7.84384e-10 0.000949035 0.000936345
7.84485e-10 0.000951227 0.000953708
7.84586e-10 0.000953421 0.00097116
7.84688e-10 0.000955617 0.000988699
7.84789e-10 0.000957815 0.00100632
7.8489e-10 0.000960015 0.00102402
7.84991e-10 0.000962217 0.0010418
7.85093e-10 0.00096442 0.00105966
7.85194e-10 0.000966624 0.00107758
7.85295e-10 0.000968829 0.00109557
7.85396e-10 0.000971034 0.00111363
7.85498e-10 0.00097324 0.00113174
7.85599e-10 0.000975446 0.00114991
7.857e-10 0.000977652 0.00116813
7.85802e-10 0.000979859 0.0011864
7.85903e-10 0.000982064 0.00120472
7.86004e-10 0.000984269 0.00122308
7.86105e-10 0.000986474 0.00124147
7.86207e-10 0.000988678 0.0012599
7.86308e-10 0.00099088 0.00127836
7.86409e-10 0.000993081 0.00129685
7.8651e-10 0.000995281 0.00131536
7.86612e-10 0.00099748 0.00133389
7.86713e-10 0.000999676 0.00135243
7.86814e-10 0.00100187 0.00137098
7.86915e-10 0.00100406 0.00138954
7.87017e-10 0.00100625 0.0014081
7.87118e-10 0.00100844 0.00142666
7.87219e-10 0.00101063 0.00144521
7.87321e-10 0.00101281 0.00146375
7.87422e-10 0.00101499 0.00148228
7.87523e-10 0.00101717 0.00150079
7.87624e-10 0.00101935 0.00151928
7.87726e-10 0.00102152 0.00153774
7.87827e-10 0.00102369 0.00155617
7.87928e-10 0.00102586 0.00157457
7.88029e-10 0.00102802 0.00159292
7.88131e-10 0.00103018 0.00161123
7.88232e-10 0.00103234 0.0016295
7.88333e-10 0.00103449 0.00164771
7.88435e-10 0.00103664 0.00166586
7.88536e-10 0.00103879 0.00168395
7.88637e-10 0.00104093 0.00170197
7.88738e-10 0.00104307 0.00171992
7.8884e-10 0.00104521 0.0017378
7.88941e-10 0.00104734 0.0017556
7.89042e-10 0.00104947 0.00177331
7.89143e-10 0.0010516 0.00179093
7.89245e-10 0.00105373 0.00180846
7.89346e-10 0.00105585 0.00182589
7.89447e-10 0.00105797 0.00184322
7.89548e-10 0.00106008 0.00186044
7.8965e-10 0.00106219 0.00187755
7.89751e-10 0.0010643 0.00189454
7.89852e-10 0.00106641 0.00191141
7.89954e-10 0.00106851 0.00192815
7.90055e-10 0.00107061 0.00194477
7.90156e-10 0.00107271 0.00196125
7.90257e-10 0.00107481 0.00197758
7.90359e-10 0.0010769 0.00199378
7.9046e-10 0.00107899 0.00200982
7.90561e-10 0.00108108 0.00202571
7.90662e-10 0.00108317 0.00204144
7.90764e-10 0.00108526 0.002057
7.90865e-10 0.00108735 0.0020724
7.90966e-10 0.00108943 0.00208763
7.91068e-10 0.00109151 0.00210267
7.91169e-10 0.0010936 0.00211754
7.9127e-10 0.00109568 0.00213221
7.91371e-10 0.00109776 0.0021467
7.91473e-10 0.00109985 0.00216099
7.91574e-10 0.00110193 0.00217507
7.91675e-10 0.00110402 0.00218896
7.91776e-10 0.0011061 0.00220263
7.91878e-10 0.00110819 0.00221608
7.91979e-10 0.00111028 0.00222932
7.9208e-10 0.00111237 0.00224233
7.92182e-10 0.00111446 0.00225512
7.92283e-10 0.00111656 0.00226767
7.92384e-10 0.00111866 0.00227998
7.92485e-10 0.00112076 0.00229205
7.92587e-10 0.00112286 0.00230387
7.92688e-10 0.00112498 0.00231544
7.92789e-10 0.00112709 0.00232676
7.9289e-10 0.00112921 0.00233781
7.92992e-10 0.00113134 0.0023486
7.93093e-10 0.00113347 0.00235912
7.93194e-10 0.00113561 0.00236937
7.93295e-10 0.00113775 0.00237934
7.93397e-10 0.00113991 0.00238903
7.93498e-10 0.00114207 0.00239843
7.93599e-10 0.00114424 0.00240755
7.93701e-10 0.00114642 0.00241636
7.93802e-10 0.00114861 0.00242488
7.93903e-10 0.0011508 0.0024331
7.94004e-10 0.00115301 0.00244101
7.94106e-10 0.00115523 0.00244861
7.94207e-10 0.00115746 0.00245589
7.94308e-10 0.00115971 0.00246286
7.94409e-10 0.00116197 0.0024695
7.94511e-10 0.00116424 0.00247582
7.94612e-10 0.00116652 0.00248181
7.94713e-10 0.00116882 0.00248746
7.94815e-10 0.00117114 0.00249278
7.94916e-10 0.00117347 0.00249775
7.95017e-10 0.00117582 0.00250239
7.95118e-10 0.00117819 0.00250667
7.9522e-10 0.00118057 0.00251061
7.95321e-10 0.00118297 0.00251418
7.95422e-10 0.0011854 0.00251741
7.95523e-10 0.00118784 0.00252027
7.95625e-10 0.00119031 0.00252277
7.95726e-10 0.00119279 0.0025249
7.95827e-10 0.0011953 0.00252666
7.95929e-10 0.00119783 0.00252805
7.9603e-10 0.00120039 0.00252906
7.96131e-10 0.00120297 0.0025297
7.96232e-10 0.00120558 0.00252995
7.96334e-10 0.00120821 0.00252982
7.96435e-10 0.00121087 0.00252931
7.96536e-10 0.00121356 0.0025284
7.96637e-10 0.00121627 0.00252711
7.96739e-10 0.00121902 0.00252543
7.9684e-10 0.0012218 0.00252335
7.96941e-10 0.00122461 0.00252087
7.97042e-10 0.00122745 0.002518
7.97144e-10 0.00123032 0.00251472
7.97245e-10 0.00123323 0.00251104
7.97346e-10 0.00123617 0.00250696
7.97448e-10 0.00123915 0.00250248
7.97549e-10 0.00124216 0.00249759
7.9765e-10 0.00124521 0.00249229
7.97751e-10 0.0012483 0.00248658
7.97853e-10 0.00125143 0.00248046
7.97954e-10 0.0012546 0.00247393
7.98055e-10 0.00125781 0.00246699
7.98156e-10 0.00126106 0.00245964
7.98258e-10 0.00126435 0.00245187
7.98359e-10 0.00126769 0.00244369
7.9846e-10 0.00127107 0.0024351
7.98562e-10 0.00127449 0.0024261
7.98663e-10 0.00127797 0.00241668
7.98764e-10 0.00128149 0.00240684
7.98865e-10 0.00128505 0.0023966
7.98967e-10 0.00128867 0.00238594
7.99068e-10 0.00129233 0.00237487
7.99169e-10 0.00129605 0.00236339
7.9927e-10 0.00129982 0.00235149
7.99372e-10 0.00130364 0.00233919
7.99473e-10 0.00130751 0.00232648
7.99574e-10 0.00131144 0.00231336
7.99676e-10 0.00131542 0.00229983
7.99777e-10 0.00131946 0.0022859
7.99878e-10 0.00132356 0.00227157
7.99979e-10 0.00132771 0.00225684
8.00081e-10 0.00133192 0.0022417
8.00182e-10 0.0013362 0.00222618
8.00283e-10 0.00134053 0.00221025
8.00384e-10 0.00134492 0.00219394
8.00486e-10 0.00134938 0.00217724
8.00587e-10 0.00135389 0.00216015
8.00688e-10 0.00135847 0.00214268
8.00789e-10 0.00136312 0.00212483
8.00891e-10 0.00136783 0.0021066
8.00992e-10 0.00137261 0.00208801
8.01093e-10 0.00137745 0.00206904
8.01195e-10 0.00138236 0.00204971
8.01296e-10 0.00138734 0.00203002
8.01397e-10 0.00139239 0.00200998
8.01498e-10 0.00139751 0.00198958
8.016e-10 0.0014027 0.00196884
8.01701e-10 0.00140796 0.00194775
8.01802e-10 0.00141329 0.00192634
8.01903e-10 0.0014187 0.00190459
8.02005e-10 0.00142417 0.00188251
8.02106e-10 0.00142973 0.00186012
8.02207e-10 0.00143535 0.00183742
8.02309e-10 0.00144105 0.00181441
8.0241e-10 0.00144683 0.0017911
8.02511e-10 0.00145268 0.00176749
8.02612e-10 0.00145861 0.0017436
8.02714e-10 0.00146462 0.00171944
8.02815e-10 0.00147071 0.001695
8.02916e-10 0.00147687 0.00167029
8.03017e-10 0.00148311 0.00164534
8.03119e-10 0.00148943 0.00162013
8.0322e-10 0.00149583 0.00159469
8.03321e-10 0.00150232 0.00156901
8.03422e-10 0.00150888 0.00154312
8.03524e-10 0.00151552 0.00151701
8.03625e-10 0.00152224 0.0014907
8.03726e-10 0.00152904 0.00146419
8.03828e-10 0.00153593 0.00143751
8.03929e-10 0.0015429 0.00141064
8.0403e-10 0.00154994 0.00138362
8.04131e-10 0.00155707 0.00135644
8.04233e-10 0.00156429 0.00132913
8.04334e-10 0.00157158 0.00130168
8.04435e-10 0.00157896 0.00127411
8.04536e-10 0.00158642 0.00124644
8.04638e-10 0.00159396 0.00121867
8.04739e-10 0.00160158 0.00119082
8.0484e-10 0.00160929 0.0011629
8.04942e-10 0.00161707 0.00113492
8.05043e-10 0.00162494 0.0011069
8.05144e-10 0.00163289 0.00107885
8.05245e-10 0.00164093 0.00105078
8.05347e-10 0.00164904 0.00102271
8.05448e-10 0.00165723 0.00099465
8.05549e-10 0.00166551 0.000966615
8.0565e-10 0.00167386 0.00093862
8.05752e-10 0.00168229 0.000910682
8.05853e-10 0.0016908 0.000882815
8.05954e-10 0.00169939 0.000855034
8.06056e-10 0.00170806 0.000827357
8.06157e-10 0.00171681 0.000799799
8.06258e-10 0.00172563 0.000772377
8.06359e-10 0.00173453 0.000745108
8.06461e-10 0.0017435 0.000718009
8.06562e-10 0.00175255 0.000691098
8.06663e-10 0.00176167 0.000664393
8.06764e-10 0.00177086 0.000637911
8.06866e-10 0.00178012 0.000611672
8.06967e-10 0.00178946 0.000585694
8.07068e-10 0.00179886 0.000559996
8.07169e-10 0.00180833 0.000534598
8.07271e-10 0.00181787 0.000509519
8.07372e-10 0.00182747 0.00048478
8.07473e-10 0.00183714 0.000460401
8.07575e-10 0.00184687 0.000436403
8.07676e-10 0.00185667 0.000412806
8.07777e-10 0.00186652 0.000389633
8.07878e-10 0.00187643 0.000366904
8.0798e-10 0.0018864 0.000344643
8.08081e-10 0.00189643 0.000322871
8.08182e-10 0.0019065 0.000301611
8.08283e-10 0.00191664 0.000280886
8.08385e-10 0.00192682 0.000260719
8.08486e-10 0.00193705 0.000241134
8.08587e-10 0.00194732 0.000222156
8.08689e-10 0.00195764 0.000203808
8.0879e-10 0.001968 0.000186115
8.08891e-10 0.00197841 0.000169103
8.08992e-10 0.00198885 0.000152796
8.09094e-10 0.00199932 0.00013722
8.09195e-10 0.00200983 0.000122402
8.09296e-10 0.00202038 0.000108368
8.09397e-10 0.00203095 9.51434e-05
8.09499e-10 0.00204154 8.27566e-05
8.096e-10 0.00205217 7.12346e-05
8.09701e-10 0.00206281 6.0605e-05
8.09803e-10 0.00207347 5.0896e-05
8.09904e-10 0.00208414 4.21359e-05
8.10005e-10 0.00209483 3.43534e-05
8.10106e-10 0.00210553 2.75775e-05
8.10208e-10 0.00211624 2.18376e-05
8.10309e-10 0.00212695 1.71634e-05
8.1041e-10 0.00213766 1.35849e-05
8.10511e-10 0.00214837 1.11325e-05
8.10613e-10 0.00215908 9.83682e-06
8.10714e-10 0.00216977 9.72889e-06
8.10815e-10 0.00218046 1.084e-05
8.10916e-10 0.00219113 1.32019e-05
8.11018e-10 0.00220178 1.68465e-05
8.11119e-10 0.00221241 2.18061e-05
8.1122e-10 0.00222301 2.81133e-05
8.11322e-10 0.00223359 3.58011e-05
8.11423e-10 0.00224413 4.49026e-05
8.11524e-10 0.00225464 5.54514e-05
8.11625e-10 0.0022651 6.74814e-05
8.11727e-10 0.00227552 8.10268e-05
8.11828e-10 0.0022859 9.6122e-05
8.11929e-10 0.00229622 0.000112802
8.1203e-10 0.00230648 0.000131101
8.12132e-10 0.00231669 0.000151056
8.12233e-10 0.00232683 0.000172701
8.12334e-10 0.0023369 0.000196072
8.12436e-10 0.0023469 0.000221207
8.12537e-10 0.00235682 0.00024814
8.12638e-10 0.00236666 0.00027691
8.12739e-10 0.00237641 0.000307553
8.12841e-10 0.00238608 0.000340107
8.12942e-10 0.00239565 0.000374608
8.13043e-10 0.00240512 0.000411095
8.13144e-10 0.00241448 0.000449606
8.13246e-10 0.00242374 0.00049018
8.13347e-10 0.00243288 0.000532854
8.13448e-10 0.00244191 0.000577668
8.1355e-10 0.00245081 0.00062466
8.13651e-10 0.00245959 0.000673871
8.13752e-10 0.00246823 0.000725339
8.13853e-10 0.00247673 0.000779104
8.13955e-10 0.0024851 0.000835206
8.14056e-10 0.00249331 0.000893685
8.14157e-10 0.00250137 0.000954582
8.14258e-10 0.00250928 0.00101794
8.1436e-10 0.00251702 0.00108379
8.14461e-10 0.0025246 0.00115218
8.14562e-10 0.002532 0.00122315
8.14663e-10 0.00253923 0.00129675
8.14765e-10 0.00254627 0.00137301
8.14866e-10 0.00255313 0.00145197
8.14967e-10 0.00255979 0.00153368
8.15069e-10 0.00256625 0.00161817
8.1517e-10 0.00257251 0.0017055
8.15271e-10 0.00257856 0.00179569
8.15372e-10 0.0025844 0.0018888
8.15474e-10 0.00259002 0.00198486
8.15575e-10 0.00259541 0.00208392
8.15676e-10 0.00260057 0.00218603
8.15777e-10 0.0026055 0.00229121
8.15879e-10 0.00261019 0.00239951
8.1598e-10 0.00261464 0.00251099
8.16081e-10 0.00261883 0.00262567
8.16183e-10 0.00262277 0.0027436
8.16284e-10 0.00262645 0.00286483
8.16385e-10 0.00262986 0.00298939
8.16486e-10 0.002633 0.00311732
8.16588e-10 0.00263587 0.00324868
8.16689e-10 0.00263845 0.0033835
8.1679e-10 0.00264075 0.00352183
8.16891e-10 0.00264276 0.0036637
8.16993e-10 0.00264448 0.00380915
8.17094e-10 0.00264589 0.00395824
8.17195e-10 0.002647 0.004111
8.17296e-10 0.0026478 0.00426747
8.17398e-10 0.00264829 0.00442769
8.17499e-10 0.00264845 0.00459171
8.176e-10 0.0026483 0.00475956
8.17702e-10 0.00264781 0.00493129
8.17803e-10 0.00264699 0.00510694
8.17904e-10 0.00264584 0.00528654
8.18005e-10 0.00264435 0.00547013
8.18107e-10 0.00264251 0.00565777
8.18208e-10 0.00264032 0.00584948
8.18309e-10 0.00263778 0.0060453
8.1841e-10 0.00263488 0.00624527
8.18512e-10 0.00263163 0.00644943
8.18613e-10 0.00262801 0.00665782
8.18714e-10 0.00262402 0.00687048
8.18816e-10 0.00261966 0.00708744
8.18917e-10 0.00261493 0.00730873
8.19018e-10 0.00260982 0.0075344
8.19119e-10 0.00260433 0.00776448
8.19221e-10 0.00259846 0.00799901
8.19322e-10 0.00259221 0.00823801
8.19423e-10 0.00258556 0.00848152
8.19524e-10 0.00257853 0.00872958
8.19626e-10 0.00257111 0.00898222
8.19727e-10 0.00256329 0.00923946
8.19828e-10 0.00255507 0.00950135
8.1993e-10 0.00254646 0.00976791
8.20031e-10 0.00253744 0.0100392
8.20132e-10 0.00252803 0.0103152
8.20233e-10 0.00251821 0.0105959
8.20335e-10 0.002508 0.0108814
8.20436e-10 0.00249737 0.0111718
8.20537e-10 0.00248635 0.0114669
8.20638e-10 0.00247492 0.011767
8.2074e-10 0.00246308 0.0120719
8.20841e-10 0.00245084 0.0123817
8.20942e-10 0.0024382 0.0126965
8.21043e-10 0.00242515 0.0130162
8.21145e-10 0.0024117 0.0133408
8.21246e-10 0.00239785 0.0136705
8.21347e-10 0.00238359 0.0140052
8.21449e-10 0.00236894 0.0143449
8.2155e-10 0.00235389 0.0146896
8.21651e-10 0.00233844 0.0150393
8.21752e-10 0.0023226 0.0153942
8.21854e-10 0.00230637 0.0157541
8.21955e-10 0.00228975 0.016119
8.22056e-10 0.00227275 0.0164891
8.22157e-10 0.00225536 0.0168643
8.22259e-10 0.00223759 0.0172446
8.2236e-10 0.00221945 0.0176299
8.22461e-10 0.00220094 0.0180204
8.22563e-10 0.00218206 0.018416
8.22664e-10 0.00216282 0.0188167
8.22765e-10 0.00214322 0.0192225
8.22866e-10 0.00212327 0.0196334
8.22968e-10 0.00210297 0.0200494
8.23069e-10 0.00208233 0.0204705
8.2317e-10 0.00206136 0.0208967
8.23271e-10 0.00204005 0.0213279
8.23373e-10 0.00201843 0.0217642
8.23474e-10 0.00199649 0.0222055
8.23575e-10 0.00197424 0.0226519
8.23677e-10 0.00195169 0.0231032
8.23778e-10 0.00192884 0.0235596
8.23879e-10 0.00190571 0.0240209
8.2398e-10 0.00188231 0.0244871
8.24082e-10 0.00185863 0.0249582
8.24183e-10 0.0018347 0.0254342
8.24284e-10 0.00181051 0.025915
8.24385e-10 0.00178608 0.0264007
8.24487e-10 0.00176143 0.0268911
8.24588e-10 0.00173654 0.0273862
8.24689e-10 0.00171145 0.0278861
8.2479e-10 0.00168616 0.0283905
8.24892e-10 0.00166068 0.0288996
8.24993e-10 0.00163501 0.0294132
8.25094e-10 0.00160918 0.0299313
8.25196e-10 0.00158319 0.0304539
8.25297e-10 0.00155706 0.0309808
8.25398e-10 0.00153079 0.031512
8.25499e-10 0.0015044 0.0320475
8.25601e-10 0.0014779 0.0325872
8.25702e-10 0.00145131 0.0331311
8.25803e-10 0.00142463 0.0336789
8.25904e-10 0.00139788 0.0342308
8.26006e-10 0.00137108 0.0347865
8.26107e-10 0.00134423 0.0353461
8.26208e-10 0.00131734 0.0359093
8.2631e-10 0.00129044 0.0364763
8.26411e-10 0.00126354 0.0370467
8.26512e-10 0.00123665 0.0376207
8.26613e-10 0.00120978 0.038198
8.26715e-10 0.00118294 0.0387785
8.26816e-10 0.00115616 0.0393622
8.26917e-10 0.00112945 0.039949
8.27018e-10 0.00110282 0.0405387
8.2712e-10 0.00107628 0.0411312
8.27221e-10 0.00104985 0.0417264
8.27322e-10 0.00102354 0.0423242
8.27424e-10 0.000997368 0.0429245
8.27525e-10 0.000971348 0.043527
8.27626e-10 0.000945495 0.0441318
8.27727e-10 0.000919821 0.0447387
8.27829e-10 0.00089434 0.0453474
8.2793e-10 0.000869068 0.0459579
8.28031e-10 0.000844017 0.0465701
8.28132e-10 0.0008192 0.0471837
8.28234e-10 0.000794633 0.0477986
8.28335e-10 0.000770327 0.0484148
8.28436e-10 0.000746296 0.0490319
8.28537e-10 0.000722553 0.0496498
8.28639e-10 0.00069911 0.0502684
8.2874e-10 0.00067598 0.0508875
8.28841e-10 0.000653175 0.0515068
8.28943e-10 0.000630707 0.0521263
8.29044e-10 0.000608587 0.0527458
8.29145e-10 0.000586825 0.053365
8.29246e-10 0.000565434 0.0539837
8.29348e-10 0.000544422 0.0546018
8.29449e-10 0.000523801 0.055219
8.2955e-10 0.000503578 0.0558352
8.29651e-10 0.000483764 0.0564501
8.29753e-10 0.000464367 0.0570635
8.29854e-10 0.000445395 0.0576752
8.29955e-10 0.000426855 0.058285
8.30057e-10 0.000408754 0.0588927
8.30158e-10 0.000391098 0.059498
8.30259e-10 0.000373894 0.0601006
8.3036e-10 0.000357146 0.0607004
8.30462e-10 0.000340859 0.0612971
8.30563e-10 0.000325037 0.0618905
8.30664e-10 0.000309684 0.0624803
8.30765e-10 0.000294801 0.0630662
8.30867e-10 0.000280391 0.0636481
8.30968e-10 0.000266455 0.0642256
8.31069e-10 0.000252995 0.0647985
8.31171e-10 0.000240009 0.0653665
8.31272e-10 0.000227497 0.0659293
8.31373e-10 0.000215458 0.0664868
8.31474e-10 0.000203889 0.0670385
8.31576e-10 0.000192789 0.0675842
8.31677e-10 0.000182152 0.0681237
8.31778e-10 0.000171976 0.0686567
8.31879e-10 0.000162255 0.0691828
8.31981e-10 0.000152985 0.0697017
8.32082e-10 0.000144158 0.0702133
8.32183e-10 0.000135768 0.0707172
8.32284e-10 0.000127809 0.071213
8.32386e-10 0.000120271 0.0717006
8.32487e-10 0.000113148 0.0721795
8.32588e-10 0.00010643 0.0726495
8.3269e-10 0.000100108 0.0731103
8.32791e-10 9.41718e-05 0.0735616
8.32892e-10 8.86124e-05 0.0740031
8.32993e-10 8.34194e-05 0.0744344
8.33095e-10 7.85822e-05 0.0748553
8.33196e-10 7.40903e-05 0.0752654
8.33297e-10 6.99332e-05 0.0756645
8.33398e-10 6.61001e-05 0.0760521
8.335e-10 6.25807e-05 0.0764281
8.33601e-10 5.93646e-05 0.0767921
8.33702e-10 5.64418e-05 0.0771438
8.33804e-10 5.38028e-05 0.0774829
8.33905e-10 5.14383e-05 0.0778091
8.34006e-10 4.93401e-05 0.078122
8.34107e-10 4.75005e-05 0.0784214
8.34209e-10 4.59126e-05 0.0787069
8.3431e-10 4.4571e-05 0.0789783
8.34411e-10 4.3471e-05 0.0792352
8.34512e-10 4.26097e-05 0.0794774
8.34614e-10 4.19855e-05 0.0797046
8.34715e-10 4.15987e-05 0.0799164
8.34816e-10 4.14515e-05 0.0801126
8.34917e-10 4.15482e-05 0.0802929
8.35019e-10 4.18954e-05 0.080457
8.3512e-10 4.25024e-05 0.0806046
8.35221e-10 4.33812e-05 0.0807355
8.35323e-10 4.4547e-05 0.0808494
8.35424e-10 4.60181e-05 0.0809461
8.35525e-10 4.78164e-05 0.0810252
8.35626e-10 4.99678e-05 0.0810866
8.35728e-10 5.25021e-05 0.08113
8.35829e-10 5.54537e-05 0.0811551
8.3593e-10 5.88615e-05 0.0811618
8.36031e-10 6.27695e-05 0.0811498
8.36133e-10 6.72272e-05 0.0811189
8.36234e-10 7.22895e-05 0.0810689
8.36335e-10 7.80176e-05 0.0809996
8.36437e-10 8.4479e-05 0.0809108
8.36538e-10 9.17477e-05 0.0808024
8.36639e-10 9.9905e-05 0.0806741
8.3674e-10 0.00010904 0.0805259
8.36842e-10 0.000119249 0.0803576
8.36943e-10 0.000130636 0.080169
8.37044e-10 0.000143316 0.0799601
8.37145e-10 0.000157412 0.0797308
8.37247e-10 0.000173054 0.0794808
8.37348e-10 0.000190385 0.0792103
8.37449e-10 0.000209558 0.078919
8.37551e-10 0.000230736 0.078607
8.37652e-10 0.000254092 0.0782741
8.37753e-10 0.000279812 0.0779205
8.37854e-10 0.000308095 0.0775461
8.37956e-10 0.000339151 0.0771508
8.38057e-10 0.000373203 0.0767347
8.38158e-10 0.000410487 0.0762979
8.38259e-10 0.000451253 0.0758404
8.38361e-10 0.000495767 0.0753623
8.38462e-10 0.000544306 0.0748637
8.38563e-10 0.000597166 0.0743446
8.38664e-10 0.000654654 0.0738053
8.38766e-10 0.000717096 0.0732458
8.38867e-10 0.000784833 0.0726664
8.38968e-10 0.000858222 0.0720671
8.3907e-10 0.000937638 0.0714483
8.39171e-10 0.00102347 0.0708101
8.39272e-10 0.00111613 0.0701527
8.39373e-10 0.00121604 0.0694765
8.39475e-10 0.00132364 0.0687818
8.39576e-10 0.0014394 0.0680687
8.39677e-10 0.0015638 0.0673377
8.39778e-10 0.00169733 0.0665891
8.3988e-10 0.00184051 0.0658232
