7e-10 0.0113338 0.0272956
7.0162e-10 0.00987162 0.0204581
7.03241e-10 0.00882274 0.0143195
7.04861e-10 0.00805881 0.00924643
7.06481e-10 0.00745824 0.00537712
7.08102e-10 0.00692893 0.00268236
7.09722e-10 0.00641462 0.00102431
7.11342e-10 0.00589084 0.000206658
7.12963e-10 0.00535628 1.33849e-05
7.14583e-10 0.00482317 0.000236147
7.16203e-10 0.0043091 0.000691686
7.17824e-10 0.00383098 0.00123117
7.19444e-10 0.00340155 0.00174346
7.21064e-10 0.00302785 0.00215398
7.22684e-10 0.00271121 0.00242095
7.24305e-10 0.00244828 0.00252986
7.25925e-10 0.00223242 0.00248734
7.27545e-10 0.00205525 0.00231509
7.29166e-10 0.00190801 0.00204409
7.30786e-10 0.00178258 0.0017097
7.32406e-10 0.00167226 0.00134753
7.34027e-10 0.00157203 0.000990279
7.35647e-10 0.00147865 0.000665498
7.37267e-10 0.00139046 0.000394199
7.38888e-10 0.00130707 0.000190209
7.40508e-10 0.00122894 6.01642e-05
7.42128e-10 0.00115699 4.01585e-06
7.43749e-10 0.00109224 1.59186e-05
7.45369e-10 0.00103551 8.53844e-05
7.46989e-10 0.000987248 0.000198591
7.4861e-10 0.000947415 0.000339743
7.5023e-10 0.000915483 0.000492412
7.5185e-10 0.000890509 0.000640762
7.53471e-10 0.000871253 0.000770632
7.55091e-10 0.00085633 0.000870417
7.56711e-10 0.000844377 0.000931718
7.58332e-10 0.000834201 0.000949764
7.59952e-10 0.0008249 0.000923573
7.61572e-10 0.000815951 0.000855897
7.63193e-10 0.000807238 0.000752927
7.64813e-10 0.000799045 0.000623819
7.66433e-10 0.000791994 0.000480042
7.68053e-10 0.000786949 0.000334605
7.69674e-10 0.000784896 0.000201186
7.71294e-10 0.000786802 9.32233e-05
7.72914e-10 0.000793486 2.29965e-05
7.74535e-10 0.000805499 7.46733e-07
7.76155e-10 0.000823038 3.3885e-05
7.77775e-10 0.000845895 0.000126322
7.79396e-10 0.000873463 0.000277965
7.81016e-10 0.00090479 0.000484409
7.82636e-10 0.000938686 0.000736862
7.84257e-10 0.000973872 0.00102233
7.85877e-10 0.00100917 0.00132406
7.87497e-10 0.00104371 0.00162228
7.89118e-10 0.00107714 0.00189527
7.90738e-10 0.00110977 0.00212061
7.92358e-10 0.00114275 0.00227685
7.93979e-10 0.00117809 0.00234527
7.95599e-10 0.00121859 0.00231199
7.97219e-10 0.00126769 0.00217009
7.9884e-10 0.00132916 0.00192192
8.0046e-10 0.0014066 0.00158131
8.0208e-10 0.00150292 0.0011757
8.03701e-10 0.00161964 0.000747857
8.05321e-10 0.00175616 0.000357277
8.06941e-10 0.00190909 8.07312e-05
8.08562e-10 0.00207172 1.18964e-05
8.10182e-10 0.00223377 0.00025965
8.11802e-10 0.00238149 0.000944671
8.13422e-10 0.00249843 0.0021939
8.15043e-10 0.00256691 0.00413242
8.16663e-10 0.00257017 0.0068722
8.18283e-10 0.00249539 0.0104974
8.19904e-10 0.00233709 0.015046
8.21524e-10 0.00210051 0.0204873
8.23144e-10 0.00180394 0.0266977
8.24765e-10 0.00147876 0.0334344
8.26385e-10 0.00116579 0.0403123
8.28005e-10 0.000906876 0.0467911
8.29626e-10 0.000733106 0.0521799
8.31246e-10 0.000655483 0.0556759
8.32866e-10 0.000673359 0.0564533
8.34487e-10 0.000829511 0.0538184
8.36107e-10 0.00135546 0.0474395
8.37727e-10 0.00295183 0.037629
8.39348e-10 0.00720384 0.0256028
8.40968e-10 0.0169919 0.0135648
8.42588e-10 0.0364943 0.00439532
8.44209e-10 0.0701034 0.000766525
8.45829e-10 0.119687 0.00378791
8.47449e-10 0.180729 0.0118319
8.4907e-10 0.239924 0.0206369
8.5069e-10 0.277863 0.0253513
8.5231e-10 0.277714 0.023539
8.53931e-10 0.235181 0.0167079
8.55551e-10 0.162713 0.0088358
8.57171e-10 0.0849609 0.00324847
8.58791e-10 0.0280245 0.000718082
8.60412e-10 0.00808667 0.000178142
8.62032e-10 0.0255638 0.00090921
8.63652e-10 0.0673469 0.00381579
8.65273e-10 0.114189 0.0104994
8.66893e-10 0.148572 0.0212222
8.68513e-10 0.160214 0.0338966
8.70134e-10 0.148007 0.0449266
8.71754e-10 0.118374 0.0509794
8.73374e-10 0.0814527 0.0503713
8.74995e-10 0.0471773 0.0434702
8.76615e-10 0.0227056 0.0322827
8.78235e-10 0.0115268 0.0196802
8.79856e-10 0.0138225 0.00864325
8.81476e-10 0.0274436 0.00171147
8.83096e-10 0.0489997 0.000673214
8.84717e-10 0.0747787 0.00645478
8.86337e-10 0.101395 0.0191462
8.87957e-10 0.126166 0.0381074
8.89578e-10 0.147274 0.0621148
8.91198e-10 0.163762 0.0895226
8.92818e-10 0.175423 0.118424
8.94439e-10 0.18262 0.146808
8.96059e-10 0.186082 0.172701
8.97679e-10 0.186681 0.194305
8.993e-10 0.185232 0.210115
9.0092e-10 0.182329 0.219021
9.0254e-10 0.178226 0.220392
9.0416e-10 0.172795 0.214129
9.05781e-10 0.165565 0.200687
9.07401e-10 0.155842 0.181055
9.09021e-10 0.142919 0.156693
9.10642e-10 0.126324 0.129417
9.12262e-10 0.106098 0.10124
9.13882e-10 0.0830186 0.0741777
9.15503e-10 0.0587039 0.0500333
9.17123e-10 0.0355415 0.030194
9.18743e-10 0.016389 0.0154662
9.20364e-10 0.00406065 0.00598656
9.21984e-10 0.000674809 0.00123361
9.23604e-10 0.00700792 0.000152929
9.25225e-10 0.0220474 0.00137975
9.26845e-10 0.0429279 0.00351906
9.28465e-10 0.065356 0.00541941
9.30086e-10 0.0844866 0.0063709
9.31706e-10 0.0960512 0.00617385
9.33326e-10 0.0974219 0.00506256
9.34947e-10 0.0882851 0.00351655
9.36567e-10 0.0707154 0.002032
9.38187e-10 0.0486387 0.000938255
9.39808e-10 0.0268731 0.000322175
9.41428e-10 0.0100426 7.37071e-05
9.43048e-10 0.00164843 1.22517e-05
9.44669e-10 0.00347309 2.13611e-05
9.46289e-10 0.0153644 0.000122993
9.47909e-10 0.0353585 0.000458674
9.49529e-10 0.0600705 0.00119342
9.5115e-10 0.0852834 0.00239484
9.5277e-10 0.106666 0.00394852
9.5439e-10 0.120524 0.00555113
9.56011e-10 0.124466 0.00678743
9.57631e-10 0.117839 0.00726346
9.59251e-10 0.101848 0.00674991
9.60872e-10 0.0793315 0.00528977
9.62492e-10 0.054233 0.00324029
9.64112e-10 0.0309163 0.00124076
9.65733e-10 0.0134514 0.000118208
9.67353e-10 0.00501833 0.000755147
9.68973e-10 0.00751424 0.00394844
9.70594e-10 0.0214023 0.0102846
9.72214e-10 0.0457857 0.0200496
9.73834e-10 0.078657 0.0331826
9.75455e-10 0.117254 0.0492743
9.77075e-10 0.158454 0.0676045
9.78695e-10 0.199144 0.0872103
9.80316e-10 0.236531 0.106974
9.81936e-10 0.26836 0.125718
9.83556e-10 0.293037 0.142303
9.85177e-10 0.309668 0.155716
9.86797e-10 0.318009 0.165136
9.88417e-10 0.318374 0.170001
9.90038e-10 0.3115 0.170031
9.91658e-10 0.298404 0.165248
9.93278e-10 0.280236 0.155966
9.94898e-10 0.258166 0.142768
9.96519e-10 0.233291 0.126458
9.98139e-10 0.206585 0.108009
