2e-10 0.000423945 4.37383e-08
2.0162e-10 0.000268555 3.52501e-08
2.03241e-10 0.000171124 4.71728e-09
2.04861e-10 0.000132351 2.40718e-06
2.06481e-10 0.00111199 1.81854e-05
2.08102e-10 0.00189874 2.24362e-05
2.09722e-10 0.00147259 2.67462e-05
2.11342e-10 0.00111496 6.34287e-05
2.12963e-10 0.00266129 2.74573e-05
2.14583e-10 0.00393033 8.57168e-06
2.16203e-10 0.00299382 6.52557e-06
2.17824e-10 0.000714719 7.95608e-08
2.19444e-10 0.000256744 1.18054e-07
2.21064e-10 0.000270874 1.17124e-07
2.22684e-10 4.37592e-05 1.36953e-08
2.24305e-10 9.81079e-05 5.9618e-09
2.25925e-10 4.27222e-05 8.44636e-10
2.27545e-10 3.67121e-05 9.02931e-10
2.29166e-10 5.60395e-05 6.20118e-09
2.30786e-10 9.30492e-06 1.46476e-09
2.32406e-10 3.23942e-06 2.17991e-10
2.34027e-10 2.71507e-06 1.29695e-10
2.35647e-10 7.70095e-06 1.73326e-10
2.37267e-10 1.30712e-05 1.68814e-10
2.38888e-10 1.94999e-05 9.45183e-11
2.40508e-10 3.49814e-05 7.53129e-10
2.42128e-10 1.80566e-05 5.89494e-10
2.43749e-10 6.34591e-06 7.2189e-09
2.45369e-10 3.64493e-05 6.25442e-09
2.46989e-10 4.03853e-05 6.79974e-09
2.4861e-10 7.61321e-06 6.27579e-09
2.5023e-10 6.04596e-05 1.16422e-08
2.5185e-10 3.75792e-05 1.51748e-08
2.53471e-10 0.000178212 1.7246e-08
2.55091e-10 0.000172807 1.91153e-08
2.56711e-10 6.80806e-05 9.8312e-09
2.58332e-10 1.64621e-05 2.68056e-08
2.59952e-10 0.00030323 4.82147e-07
2.61572e-10 0.00109925 8.11332e-07
2.63193e-10 0.00123992 4.69543e-07
2.64813e-10 0.00136073 6.922e-07
2.66433e-10 0.00122512 7.82068e-07
2.68053e-10 0.000982041 1.48345e-07
2.69674e-10 0.00327893 1.13026e-05
2.71294e-10 0.0129217 9.6102e-05
2.72914e-10 0.0373206 0.000519534
2.74535e-10 0.0804773 0.00189021
2.76155e-10 0.12473 0.00450556
2.77775e-10 0.12611 0.00667926
2.79396e-10 0.0676978 0.00544492
2.81016e-10 0.0114927 0.00176983
2.82636e-10 0.00943744 2.67223e-05
2.84257e-10 0.0231908 0.000415059
2.85877e-10 0.0215776 0.000552137
2.87497e-10 0.0073809 0.000174274
2.89118e-10 0.000196241 6.06251e-06
2.90738e-10 0.000398255 8.52765e-07
2.92358e-10 0.00141972 6.27566e-06
2.93979e-10 0.00228352 4.4884e-06
2.95599e-10 0.00409918 1.06797e-05
2.97219e-10 0.00187984 3.46001e-06
2.9884e-10 0.00227516 5.62473e-06
3.0046e-10 0.000610552 1.13189e-06
3.0208e-10 0.000374545 2.67515e-07
3.03701e-10 0.000389592 3.12803e-07
3.05321e-10 0.00100771 8.33713e-07
3.06941e-10 0.000772848 1.03798e-06
3.08562e-10 0.00166354 2.53258e-06
3.10182e-10 0.0021171 2.44643e-06
3.11802e-10 0.00075909 6.74827e-07
3.13422e-10 0.000697651 8.01021e-07
3.15043e-10 0.000242424 1.80347e-07
3.16663e-10 9.93167e-05 1.04252e-07
3.18283e-10 0.00076599 4.50701e-07
3.19904e-10 0.00123856 6.40057e-07
3.21524e-10 0.00136853 6.22345e-07
3.23144e-10 0.00106179 6.12856e-07
3.24765e-10 0.00046408 3.31363e-07
3.26385e-10 8.12686e-05 1.22388e-07
3.28005e-10 4.05531e-05 1.46246e-07
3.29626e-10 9.51036e-05 9.21217e-08
3.31246e-10 0.000132292 1.21943e-08
3.32866e-10 0.00024669 1.47408e-07
3.34487e-10 0.000459017 5.70195e-07
3.36107e-10 0.000588841 1.1386e-06
3.37727e-10 0.000451039 1.43455e-06
3.39348e-10 0.000138602 1.09735e-06
3.40968e-10 5.00893e-06 4.12706e-07
3.42588e-10 0.00023498 2.57161e-08
3.44209e-10 0.000516998 2.97501e-08
3.45829e-10 0.000452729 5.3712e-08
3.47449e-10 0.000197686 6.50299e-09
3.4907e-10 0.000111778 2.1329e-08
3.5069e-10 0.000120909 4.45585e-08
3.5231e-10 0.00039398 1.44313e-07
3.53931e-10 0.00136648 1.3255e-06
3.55551e-10 0.00212828 3.45292e-06
3.57171e-10 0.00177156 3.69552e-06
3.58791e-10 0.00126519 2.06054e-06
3.60412e-10 0.000952374 8.46269e-07
3.62032e-10 0.000831621 5.93269e-07
3.63652e-10 0.000951862 7.30915e-07
3.65273e-10 0.000440618 2.36759e-07
3.66893e-10 6.01965e-05 8.31937e-09
3.68513e-10 0.000374763 1.07444e-07
3.70134e-10 0.00115468 1.51309e-06
3.71754e-10 0.000752872 1.57632e-06
3.73374e-10 0.00305039 4.84216e-06
3.74995e-10 0.00245965 9.30417e-06
3.76615e-10 0.00292037 6.06157e-06
3.78235e-10 0.00461245 1.58869e-05
3.79856e-10 0.00187308 5.41645e-06
3.81476e-10 0.00351261 8.27874e-06
3.83096e-10 0.00134668 3.59538e-06
3.84717e-10 0.00083506 7.58482e-07
3.86337e-10 0.000646364 4.94432e-07
3.87957e-10 0.000368678 9.73791e-07
3.89578e-10 0.00129362 1.14301e-06
3.91198e-10 0.00361227 2.72533e-05
3.92818e-10 0.00662833 3.03806e-05
3.94439e-10 0.00879472 0.000161657
3.96059e-10 0.0187278 0.000235964
3.97679e-10 0.0150905 0.000408118
3.993e-10 0.0296356 0.000872661
4.0092e-10 0.0318124 0.000793299
4.0254e-10 0.0248316 0.00144328
4.0416e-10 0.0555449 0.00194505
4.05781e-10 0.0265767 0.00122169
4.07401e-10 0.0433393 0.00264025
4.09021e-10 0.0594019 0.00214945
4.10642e-10 0.0207115 0.00116982
4.12262e-10 0.0474095 0.00256984
4.13882e-10 0.0492069 0.00145196
4.15503e-10 0.0168476 0.000642794
4.17123e-10 0.0312469 0.00128465
4.18743e-10 0.0341719 0.000682974
4.20364e-10 0.0124848 0.000170277
4.21984e-10 0.0121091 0.000281834
4.23604e-10 0.0152215 0.00017519
4.25225e-10 0.00694525 2.89249e-05
4.26845e-10 0.00269244 1.62697e-05
4.28465e-10 0.0031235 1.36798e-05
4.30086e-10 0.00194304 2.82788e-06
4.31706e-10 0.000438555 6.28498e-08
4.33326e-10 3.52972e-05 5.77803e-08
4.34947e-10 3.12402e-05 4.08765e-09
4.36567e-10 0.000197501 9.06809e-08
4.38187e-10 0.000508992 4.02147e-07
4.39808e-10 0.000808978 5.4629e-07
4.41428e-10 0.00109541 4.94069e-07
4.43048e-10 0.00126456 5.75592e-07
4.44669e-10 0.00110467 6.82333e-07
4.46289e-10 0.000698237 5.9159e-07
4.47909e-10 0.000401582 4.08977e-07
4.49529e-10 0.000431955 3.02671e-07
4.5115e-10 0.000691008 2.75429e-07
4.5277e-10 0.000943454 2.59702e-07
4.5439e-10 0.00102712 2.22314e-07
4.56011e-10 0.000910687 1.65238e-07
4.57631e-10 0.000656556 1.03156e-07
4.59251e-10 0.000369794 5.40524e-08
4.60872e-10 0.000148464 2.95145e-08
4.62492e-10 4.02753e-05 2.51958e-08
4.64112e-10 2.82039e-05 2.55082e-08
4.65733e-10 5.65057e-05 1.96078e-08
4.67353e-10 7.74104e-05 9.23741e-09
4.68973e-10 8.52656e-05 1.42944e-09
4.70594e-10 0.000119523 1.25933e-09
4.72214e-10 0.000241778 1.93587e-08
4.73834e-10 0.000505011 8.81757e-08
4.75455e-10 0.000930966 2.67567e-07
4.77075e-10 0.00150191 6.27903e-07
4.78695e-10 0.00216461 1.21617e-06
4.80316e-10 0.00284071 2.02097e-06
4.81936e-10 0.00343908 2.9518e-06
4.83556e-10 0.00386813 3.84226e-06
4.85177e-10 0.0040491 4.48236e-06
4.86797e-10 0.00393172 4.67936e-06
4.88417e-10 0.00351109 4.33468e-06
4.90038e-10 0.00284116 3.50652e-06
4.91658e-10 0.00203538 2.41509e-06
4.93278e-10 0.00124534 1.36291e-06
4.94898e-10 0.000615058 5.94929e-07
4.96519e-10 0.00022464 1.84751e-07
4.98139e-10 5.53928e-05 3.73271e-08
4.99759e-10 1.42025e-05 5.61219e-09
5.0138e-10 2.98561e-05 1.15284e-09
5.03e-10 0.000174707 8.63448e-10
5.0462e-10 0.000703285 6.19627e-08
5.06241e-10 0.00190158 5.7334e-07
5.07861e-10 0.00376221 2.60338e-06
5.09481e-10 0.00570606 7.55793e-06
5.11102e-10 0.00668956 1.55325e-05
5.12722e-10 0.00585721 2.34635e-05
5.14342e-10 0.00340378 2.58826e-05
5.15963e-10 0.000866379 1.95317e-05
5.17583e-10 0.000248454 8.075e-06
5.19203e-10 0.00236275 5.30891e-07
5.20824e-10 0.00582348 2.81249e-06
5.22444e-10 0.0079469 1.12174e-05
5.24064e-10 0.00707112 1.64478e-05
5.25685e-10 0.00405838 1.38739e-05
5.27305e-10 0.00127884 7.20644e-06
5.28925e-10 0.000164278 2.16476e-06
5.30546e-10 0.000192422 2.9389e-07
5.32166e-10 0.000248771 3.85147e-09
5.33786e-10 9.41309e-05 1.75715e-08
5.35407e-10 6.52435e-06 6.02332e-08
5.37027e-10 3.59486e-05 8.48224e-08
5.38647e-10 0.000588418 6.03992e-08
5.40267e-10 0.00245335 2.16509e-06
5.41888e-10 0.00473556 1.22033e-05
5.43508e-10 0.00472184 2.8295e-05
5.45128e-10 0.00249569 3.06323e-05
5.46749e-10 0.00292068 1.35474e-05
5.48369e-10 0.00836968 2.2051e-05
5.49989e-10 0.0128247 8.88776e-05
5.5161e-10 0.0103483 0.000145522
5.5323e-10 0.00576627 0.000110911
5.5485e-10 0.00729016 4.69391e-05
5.56471e-10 0.0123984 6.62071e-05
5.58091e-10 0.0126042 0.000130876
5.59711e-10 0.00811265 0.000126805
5.61332e-10 0.00577216 6.27069e-05
5.62952e-10 0.00692589 2.65875e-05
5.64572e-10 0.00737755 3.29094e-05
5.66193e-10 0.00515394 3.44987e-05
5.67813e-10 0.00231858 1.65325e-05
5.69433e-10 0.00134454 2.4624e-06
5.71054e-10 0.00143464 5.42061e-07
5.72674e-10 0.000665983 5.66669e-07
5.74294e-10 0.000218568 1.26985e-07
5.75915e-10 0.000422332 1.05405e-06
5.77535e-10 0.000498652 2.02278e-06
5.79155e-10 0.00302269 3.25912e-06
5.80776e-10 0.00545144 3.29676e-05
5.82396e-10 0.0050191 7.04935e-05
5.84016e-10 0.00984211 6.40712e-05
5.85636e-10 0.0147778 0.000167056
5.87257e-10 0.0117483 0.000326422
5.88877e-10 0.0185374 0.000300073
5.90497e-10 0.0267893 0.000488647
5.92118e-10 0.0177563 0.000756439
5.93738e-10 0.0243403 0.000603373
5.95358e-10 0.0370594 0.000870604
5.96979e-10 0.0214911 0.00114322
5.98599e-10 0.0257624 0.000720591
6.00219e-10 0.0406174 0.000993264
6.0184e-10 0.0206533 0.00112927
6.0346e-10 0.0235819 0.000537323
6.0508e-10 0.0350507 0.000733412
6.06701e-10 0.0145386 0.000654245
6.08321e-10 0.0179082 0.000218356
6.09941e-10 0.0209368 0.000299848
6.11562e-10 0.00628039 0.000161537
6.13182e-10 0.0085873 3.0891e-05
6.14802e-10 0.00518842 3.72588e-05
6.16423e-10 0.000818458 7.26757e-06
6.18043e-10 0.000429942 1.41368e-07
6.19663e-10 0.000428406 3.97607e-06
6.21284e-10 0.00102842 1.03971e-05
6.22904e-10 0.00811981 2.34485e-05
6.24524e-10 0.00785132 0.000228648
6.26145e-10 0.0152164 0.000213028
6.27765e-10 0.0346458 0.000756041
6.29385e-10 0.0159687 0.00174649
6.31005e-10 0.0556545 0.00108607
6.32626e-10 0.0461687 0.00479621
6.34246e-10 0.0403855 0.00369716
6.35866e-10 0.091659 0.00535437
6.37487e-10 0.0345309 0.0109412
6.39107e-10 0.0936031 0.00458036
6.40727e-10 0.0713823 0.0153196
6.42348e-10 0.0583591 0.0101013
6.43968e-10 0.112283 0.0111439
6.45588e-10 0.0389131 0.0186578
6.47209e-10 0.113101 0.00670226
6.48829e-10 0.0598034 0.0188371
6.50449e-10 0.0747481 0.00866309
6.5207e-10 0.0943527 0.0106229
6.5369e-10 0.0372453 0.010628
6.5531e-10 0.0951109 0.00372736
6.56931e-10 0.0288322 0.00666049
6.58551e-10 0.0540306 0.00144577
6.60171e-10 0.027329 0.00159826
6.61792e-10 0.0121651 0.000461319
6.63412e-10 0.00823991 8.03411e-05
6.65032e-10 0.00160057 7.21372e-05
6.66653e-10 0.0045115 0.000163818
6.68273e-10 0.0125871 0.00130168
6.69893e-10 0.0527048 0.00155404
6.71514e-10 0.0246621 0.0128814
6.73134e-10 0.0982503 0.00805103
6.74754e-10 0.0378543 0.0389686
6.76374e-10 0.0805238 0.0278574
6.77995e-10 0.0429397 0.0553865
6.79615e-10 0.036418 0.0559878
6.81235e-10 0.0282503 0.0481742
6.82856e-10 0.0139736 0.0681436
6.84476e-10 0.0106604 0.0341929
6.86096e-10 0.00659193 0.0581605
6.87717e-10 0.0029753 0.0244784
6.89337e-10 0.00294234 0.0402466
6.90957e-10 0.00116313 0.0182378
6.92578e-10 0.0010066 0.0251461
6.94198e-10 0.000745835 0.0135414
6.95818e-10 0.000243489 0.0152294
6.97439e-10 0.000475997 0.00982648
6.99059e-10 3.2402e-05 0.00933051
7.00679e-10 0.000258744 0.00700291
7.023e-10 1.2106e-07 0.00591118
7.0392e-10 0.000119617 0.00496095
7.0554e-10 5.12805e-06 0.00390248
7.07161e-10 4.65963e-05 0.00353421
7.08781e-10 1.10262e-05 0.00268287
7.10401e-10 1.43829e-05 0.00255511
7.12022e-10 1.34477e-05 0.00191188
7.13642e-10 3.13168e-06 0.00188705
7.15262e-10 1.40812e-05 0.00140435
7.16883e-10 1.24564e-06 0.00143019
7.18503e-10 1.43643e-05 0.00105768
7.20123e-10 2.92813e-06 0.00111549
7.21743e-10 1.4857e-05 0.000813324
7.23364e-10 5.59313e-06 0.000896329
7.24984e-10 1.56365e-05 0.000636882
7.26604e-10 8.21963e-06 0.00074129
7.28225e-10 1.66201e-05 0.000507799
7.29845e-10 1.04844e-05 0.000628837
7.31465e-10 1.77118e-05 0.000413824
7.33086e-10 1.23503e-05 0.000543753
7.34706e-10 1.88462e-05 0.00034785
7.36326e-10 1.38855e-05 0.00047496
7.37947e-10 1.99881e-05 0.000305869
7.39567e-10 1.51905e-05 0.000414421
7.41187e-10 2.1121e-05 0.000285335
7.42808e-10 1.63736e-05 0.000356907
7.44428e-10 2.22337e-05 0.000283615
7.46048e-10 1.75451e-05 0.000300425
7.47669e-10 2.33113e-05 0.00029644
7.49289e-10 1.88193e-05 0.000246942
7.50909e-10 2.43303e-05 0.000316656
7.5253e-10 2.0315e-05 0.000202791
7.5415e-10 2.52608e-05 0.000333936
7.5577e-10 2.21514e-05 0.000177838
7.57391e-10 2.60785e-05 0.00033637
7.59011e-10 2.44326e-05 0.000182435
7.60631e-10 2.67902e-05 0.000314681
7.62252e-10 2.72177e-05 0.000221809
7.63872e-10 2.74755e-05 0.000268701
7.65492e-10 3.04765e-05 0.000289183
7.67112e-10 2.83407e-05 0.000213577
7.68733e-10 3.4039e-05 0.000361502
7.70353e-10 2.97672e-05 0.000180572
7.71973e-10 3.75688e-05 0.000403741
7.73594e-10 3.2314e-05 0.000206454
7.75214e-10 4.06106e-05 0.000386546
7.76834e-10 3.66135e-05 0.000309704
7.78455e-10 4.27808e-05 0.000314112
7.80075e-10 4.30947e-05 0.000463222
7.81695e-10 4.4145e-05 0.000245123
7.83316e-10 5.15335e-05 0.000587812
7.84936e-10 4.57132e-05 0.000278056
7.86556e-10 6.06013e-05 0.000594261
7.88177e-10 4.97466e-05 0.00048206
7.89797e-10 6.78667e-05 0.000474125
7.91417e-10 5.92805e-05 0.000801712
7.93038e-10 7.09313e-05 0.000376561
7.94658e-10 7.6214e-05 0.00103148
7.96278e-10 7.01045e-05 0.000555611
7.97899e-10 9.80841e-05 0.000968554
7.99519e-10 7.16231e-05 0.00112661
8.01139e-10 0.000115727 0.00071278
8.0276e-10 8.77814e-05 0.00179472
8.0438e-10 0.000116747 0.000808891
8.06e-10 0.000128463 0.00196607
8.07621e-10 9.93588e-05 0.00181736
8.09241e-10 0.00018289 0.00149812
8.10861e-10 9.12291e-05 0.00341048
8.12481e-10 0.0002069 0.00148372
8.14102e-10 0.000146387 0.00414206
8.15722e-10 0.000152721 0.00358092
8.17342e-10 0.000282479 0.00323998
8.18963e-10 6.33445e-05 0.0074117
8.20583e-10 0.000380766 0.00326768
8.22203e-10 0.000138575 0.00925545
8.23824e-10 0.000237157 0.00873921
8.25444e-10 0.000521334 0.00708475
8.27064e-10 4.67398e-06 0.0182393
8.28685e-10 0.000800275 0.00860578
8.30305e-10 0.000579957 0.0210841
8.31925e-10 0.000435336 0.0249458
8.33546e-10 0.00222947 0.0152244
8.35166e-10 0.00163228 0.0453644
8.36786e-10 0.00238187 0.0260408
8.38407e-10 0.00914014 0.0410718
8.40027e-10 0.00391596 0.0652967
8.41647e-10 0.0155615 0.0296062
8.43268e-10 0.0290565 0.0766414
8.44888e-10 0.0108364 0.059073
8.46508e-10 0.0637651 0.0395859
8.48129e-10 0.0509078 0.0709359
8.49749e-10 0.0399521 0.029877
8.51369e-10 0.105213 0.0253452
8.5299e-10 0.0487436 0.0237136
8.5461e-10 0.0408182 0.00448948
8.5623e-10 0.0514489 0.00368268
8.5785e-10 0.00928533 0.00109585
8.59471e-10 0.00340051 3.88423e-05
8.61091e-10 0.00428704 0.000228346
8.62711e-10 0.00610744 0.000279079
8.64332e-10 0.0399968 0.00185333
8.65952e-10 0.0598757 0.00678017
8.67572e-10 0.0295229 0.00508308
8.69193e-10 0.114611 0.0179482
8.70813e-10 0.0872941 0.0287468
8.72433e-10 0.0420151 0.0152636
8.74054e-10 0.143829 0.0489991
8.75674e-10 0.0599979 0.0460462
8.77294e-10 0.0555526 0.0270207
8.78915e-10 0.126951 0.0765161
8.80535e-10 0.0313269 0.048288
8.82155e-10 0.0665932 0.040281
8.83776e-10 0.0954699 0.0907789
8.85396e-10 0.0196517 0.0432524
8.87016e-10 0.0700888 0.0532234
8.88637e-10 0.0699501 0.0941453
8.90257e-10 0.0190434 0.0378253
8.91877e-10 0.0689049 0.0639972
8.93498e-10 0.0557649 0.0915772
8.95118e-10 0.0223821 0.0342341
8.96738e-10 0.0678134 0.0717178
8.98359e-10 0.0517368 0.0864074
8.99979e-10 0.0262992 0.0322409
9.01599e-10 0.0704077 0.075887
9.03219e-10 0.0554585 0.0799781
9.0484e-10 0.0299839 0.0307706
9.0646e-10 0.0787026 0.0757942
9.0808e-10 0.0648429 0.0722055
9.09701e-10 0.0336655 0.0285928
9.11321e-10 0.0928152 0.0704025
9.12941e-10 0.0778473 0.062207
9.14562e-10 0.0375067 0.0246929
9.16182e-10 0.109659 0.0589163
9.17802e-10 0.0912887 0.0491096
9.19423e-10 0.0406358 0.0187342
9.21043e-10 0.121189 0.0420996
9.22663e-10 0.0993059 0.0332742
9.24284e-10 0.0405678 0.0115633
9.25904e-10 0.115419 0.0235756
9.27524e-10 0.0932587 0.0174244
9.29145e-10 0.0342108 0.00514395
9.30765e-10 0.0850512 0.00896849
9.32385e-10 0.0669705 0.00587247
9.34006e-10 0.0210956 0.00129968
9.35626e-10 0.0403998 0.00175153
9.37246e-10 0.0280661 0.000856818
9.38867e-10 0.00641447 9.28063e-05
9.40487e-10 0.00715231 8.47105e-05
9.42107e-10 0.00163835 2.21137e-05
9.43728e-10 0.000355859 1.6393e-06
9.45348e-10 0.000965978 6.6146e-06
9.46968e-10 0.00934643 0.000120621
9.48588e-10 0.0127601 0.000220262
9.50209e-10 0.0124971 0.000338766
9.51829e-10 0.0439008 0.00183987
9.53449e-10 0.0447723 0.00232871
9.5507e-10 0.0253668 0.00199979
9.5669e-10 0.0769406 0.00739572
9.5831e-10 0.0853423 0.00899492
9.59931e-10 0.0352417 0.00543278
9.61551e-10 0.0883996 0.0155123
9.63171e-10 0.118646 0.0209344
9.64792e-10 0.0466128 0.0110011
9.66412e-10 0.0788097 0.022079
9.68032e-10 0.134259 0.0353603
9.69653e-10 0.0624658 0.0197694
9.71273e-10 0.0604754 0.0245486
9.72893e-10 0.13053 0.0472587
9.74514e-10 0.0808789 0.0322885
9.76134e-10 0.0458363 0.0242898
9.77754e-10 0.112159 0.052212
9.79375e-10 0.0969648 0.0468562
9.80995e-10 0.042118 0.0253456
9.82615e-10 0.0868671 0.0489217
9.84236e-10 0.105583 0.0592607
9.85856e-10 0.0506842 0.0312943
9.87476e-10 0.0632367 0.0402074
9.89097e-10 0.103399 0.0645408
9.90717e-10 0.0678981 0.0423195
9.92337e-10 0.0492097 0.0318712
9.93957e-10 0.09056 0.0599725
9.95578e-10 0.0863822 0.0541874
9.97198e-10 0.0501488 0.0295116
