6.9e-10 0.0101076 0.00343653
6.90101e-10 0.0103057 0.00315045
6.90203e-10 0.0105019 0.0028992
6.90304e-10 0.0106959 0.00268198
6.90405e-10 0.0108875 0.00249802
6.90506e-10 0.0110765 0.0023465
6.90608e-10 0.0112628 0.00222657
6.90709e-10 0.011446 0.00213739
6.9081e-10 0.0116261 0.00207807
6.90911e-10 0.0118029 0.00204772
6.91013e-10 0.0119761 0.00204545
6.91114e-10 0.0121456 0.00207034
6.91215e-10 0.0123113 0.00212146
6.91317e-10 0.0124728 0.00219788
6.91418e-10 0.0126302 0.00229866
6.91519e-10 0.0127833 0.00242285
6.9162e-10 0.0129318 0.00256951
6.91722e-10 0.0130757 0.00273767
6.91823e-10 0.0132149 0.00292639
6.91924e-10 0.0133491 0.00313471
6.92025e-10 0.0134784 0.00336169
6.92127e-10 0.0136026 0.00360637
6.92228e-10 0.0137217 0.00386781
6.92329e-10 0.0138354 0.00414508
6.9243e-10 0.0139438 0.00443724
6.92532e-10 0.0140468 0.00474338
6.92633e-10 0.0141443 0.00506256
6.92734e-10 0.0142362 0.0053939
6.92836e-10 0.0143226 0.0057365
6.92937e-10 0.0144033 0.00608947
6.93038e-10 0.0144784 0.00645195
6.93139e-10 0.0145479 0.00682307
6.93241e-10 0.0146116 0.007202
6.93342e-10 0.0146697 0.0075879
6.93443e-10 0.0147221 0.00797997
6.93544e-10 0.0147688 0.00837741
6.93646e-10 0.0148099 0.00877943
6.93747e-10 0.0148453 0.00918528
6.93848e-10 0.0148751 0.0095942
6.9395e-10 0.0148994 0.0100055
6.94051e-10 0.0149182 0.0104184
6.94152e-10 0.0149316 0.0108322
6.94253e-10 0.0149395 0.0112464
6.94355e-10 0.0149421 0.0116601
6.94456e-10 0.0149395 0.0120729
6.94557e-10 0.0149317 0.012484
6.94658e-10 0.0149187 0.0128929
6.9476e-10 0.0149008 0.013299
6.94861e-10 0.014878 0.0137017
6.94962e-10 0.0148503 0.0141006
6.95064e-10 0.0148179 0.0144951
6.95165e-10 0.014781 0.0148846
6.95266e-10 0.0147395 0.0152689
6.95367e-10 0.0146936 0.0156472
6.95469e-10 0.0146434 0.0160194
6.9557e-10 0.0145891 0.0163849
6.95671e-10 0.0145307 0.0167433
6.95772e-10 0.0144685 0.0170942
6.95874e-10 0.0144024 0.0174374
6.95975e-10 0.0143327 0.0177725
6.96076e-10 0.0142595 0.0180991
6.96177e-10 0.0141828 0.018417
6.96279e-10 0.0141029 0.0187258
6.9638e-10 0.0140199 0.0190254
6.96481e-10 0.0139338 0.0193154
6.96583e-10 0.0138449 0.0195957
6.96684e-10 0.0137533 0.0198661
6.96785e-10 0.0136591 0.0201263
6.96886e-10 0.0135624 0.0203762
6.96988e-10 0.0134633 0.0206157
6.97089e-10 0.0133621 0.0208445
6.9719e-10 0.0132589 0.0210626
6.97291e-10 0.0131537 0.0212699
6.97393e-10 0.0130467 0.0214663
6.97494e-10 0.012938 0.0216516
6.97595e-10 0.0128278 0.0218259
6.97697e-10 0.0127162 0.0219891
6.97798e-10 0.0126034 0.0221411
6.97899e-10 0.0124893 0.022282
6.98e-10 0.0123742 0.0224117
6.98102e-10 0.0122582 0.0225302
6.98203e-10 0.0121414 0.0226376
6.98304e-10 0.0120239 0.0227339
6.98405e-10 0.0119059 0.0228191
6.98507e-10 0.0117874 0.0228932
6.98608e-10 0.0116685 0.0229564
6.98709e-10 0.0115494 0.0230088
6.9881e-10 0.0114301 0.0230503
6.98912e-10 0.0113108 0.0230811
6.99013e-10 0.0111915 0.0231013
6.99114e-10 0.0110724 0.0231111
6.99216e-10 0.0109535 0.0231104
6.99317e-10 0.010835 0.0230995
6.99418e-10 0.0107169 0.0230785
6.99519e-10 0.0105992 0.0230476
6.99621e-10 0.0104822 0.0230068
6.99722e-10 0.0103657 0.0229564
6.99823e-10 0.01025 0.0228965
6.99924e-10 0.0101352 0.0228272
7.00026e-10 0.0100211 0.0227489
7.00127e-10 0.00990802 0.0226616
7.00228e-10 0.0097959 0.0225654
7.0033e-10 0.00968483 0.0224608
7.00431e-10 0.00957485 0.0223477
7.00532e-10 0.00946604 0.0222264
7.00633e-10 0.00935842 0.0220971
7.00735e-10 0.00925205 0.0219601
7.00836e-10 0.00914698 0.0218155
7.00937e-10 0.00904324 0.0216635
7.01038e-10 0.00894086 0.0215044
7.0114e-10 0.00883989 0.0213383
7.01241e-10 0.00874036 0.0211655
7.01342e-10 0.00864229 0.0209862
7.01444e-10 0.00854572 0.0208007
7.01545e-10 0.00845066 0.0206091
7.01646e-10 0.00835714 0.0204116
7.01747e-10 0.00826518 0.0202086
7.01849e-10 0.00817478 0.0200002
7.0195e-10 0.00808598 0.0197866
7.02051e-10 0.00799877 0.0195681
7.02152e-10 0.00791317 0.0193449
7.02254e-10 0.00782919 0.0191172
7.02355e-10 0.00774683 0.0188853
7.02456e-10 0.00766609 0.0186493
7.02557e-10 0.00758697 0.0184095
7.02659e-10 0.00750947 0.0181661
7.0276e-10 0.0074336 0.0179193
7.02861e-10 0.00735934 0.0176694
7.02963e-10 0.00728668 0.0174165
7.03064e-10 0.00721563 0.0171609
7.03165e-10 0.00714617 0.0169027
7.03266e-10 0.00707828 0.0166423
7.03368e-10 0.00701196 0.0163797
7.03469e-10 0.00694719 0.0161153
7.0357e-10 0.00688396 0.0158491
7.03671e-10 0.00682224 0.0155815
7.03773e-10 0.00676203 0.0153125
7.03874e-10 0.00670329 0.0150425
7.03975e-10 0.00664601 0.0147715
7.04077e-10 0.00659017 0.0144998
7.04178e-10 0.00653575 0.0142275
7.04279e-10 0.00648272 0.0139549
7.0438e-10 0.00643105 0.0136821
7.04482e-10 0.00638073 0.0134093
7.04583e-10 0.00633173 0.0131366
7.04684e-10 0.00628401 0.0128643
7.04785e-10 0.00623755 0.0125924
7.04887e-10 0.00619234 0.0123212
7.04988e-10 0.00614832 0.0120508
7.05089e-10 0.00610549 0.0117814
7.05191e-10 0.0060638 0.011513
7.05292e-10 0.00602323 0.011246
7.05393e-10 0.00598375 0.0109803
7.05494e-10 0.00594533 0.0107161
7.05596e-10 0.00590794 0.0104537
7.05697e-10 0.00587155 0.010193
7.05798e-10 0.00583613 0.00993418
7.05899e-10 0.00580164 0.00967745
7.06001e-10 0.00576806 0.00942287
7.06102e-10 0.00573536 0.00917057
7.06203e-10 0.0057035 0.00892065
7.06304e-10 0.00567246 0.00867322
7.06406e-10 0.00564221 0.00842838
7.06507e-10 0.0056127 0.00818623
7.06608e-10 0.00558393 0.00794686
7.0671e-10 0.00555585 0.00771036
7.06811e-10 0.00552843 0.00747682
7.06912e-10 0.00550165 0.00724632
7.07013e-10 0.00547548 0.00701894
7.07115e-10 0.00544989 0.00679476
7.07216e-10 0.00542485 0.00657384
7.07317e-10 0.00540033 0.00635625
7.07418e-10 0.00537631 0.00614206
7.0752e-10 0.00535276 0.00593133
7.07621e-10 0.00532965 0.0057241
7.07722e-10 0.00530695 0.00552044
7.07824e-10 0.00528465 0.0053204
7.07925e-10 0.00526271 0.00512401
7.08026e-10 0.00524112 0.00493133
7.08127e-10 0.00521984 0.00474238
7.08229e-10 0.00519886 0.00455721
7.0833e-10 0.00517815 0.00437584
7.08431e-10 0.00515769 0.00419831
7.08532e-10 0.00513746 0.00402464
7.08634e-10 0.00511744 0.00385485
7.08735e-10 0.0050976 0.00368896
7.08836e-10 0.00507793 0.00352698
7.08938e-10 0.00505841 0.00336894
7.09039e-10 0.00503901 0.00321483
7.0914e-10 0.00501973 0.00306467
7.09241e-10 0.00500054 0.00291846
7.09343e-10 0.00498143 0.0027762
7.09444e-10 0.00496238 0.00263789
7.09545e-10 0.00494338 0.00250353
7.09646e-10 0.0049244 0.00237311
7.09748e-10 0.00490545 0.00224661
7.09849e-10 0.00488649 0.00212403
7.0995e-10 0.00486753 0.00200536
7.10051e-10 0.00484855 0.00189057
7.10153e-10 0.00482953 0.00177965
7.10254e-10 0.00481047 0.00167258
7.10355e-10 0.00479135 0.00156933
7.10457e-10 0.00477217 0.00146989
7.10558e-10 0.00475291 0.00137421
7.10659e-10 0.00473357 0.00128227
7.1076e-10 0.00471414 0.00119404
7.10862e-10 0.00469461 0.00110949
7.10963e-10 0.00467498 0.00102859
7.11064e-10 0.00465524 0.000951283
7.11165e-10 0.00463537 0.000877548
7.11267e-10 0.00461539 0.00080734
7.11368e-10 0.00459527 0.000740618
7.11469e-10 0.00457503 0.000677337
7.11571e-10 0.00455464 0.000617456
7.11672e-10 0.00453412 0.000560926
7.11773e-10 0.00451346 0.000507702
7.11874e-10 0.00449265 0.000457734
7.11976e-10 0.0044717 0.000410975
7.12077e-10 0.0044506 0.000367372
7.12178e-10 0.00442934 0.000326874
7.12279e-10 0.00440794 0.000289429
7.12381e-10 0.0043864 0.000254982
7.12482e-10 0.0043647 0.00022348
7.12583e-10 0.00434285 0.000194867
7.12684e-10 0.00432085 0.000169088
7.12786e-10 0.00429871 0.000146084
7.12887e-10 0.00427643 0.000125798
7.12988e-10 0.004254 0.000108174
7.1309e-10 0.00423143 9.31504e-05
7.13191e-10 0.00420872 8.06697e-05
7.13292e-10 0.00418588 7.06719e-05
7.13393e-10 0.0041629 6.30968e-05
7.13495e-10 0.0041398 5.7884e-05
7.13596e-10 0.00411658 5.49727e-05
7.13697e-10 0.00409323 5.43019e-05
7.13798e-10 0.00406977 5.58102e-05
7.139e-10 0.00404619 5.94364e-05
7.14001e-10 0.00402251 6.51187e-05
7.14102e-10 0.00399873 7.27956e-05
7.14204e-10 0.00397484 8.24054e-05
7.14305e-10 0.00395087 9.38862e-05
7.14406e-10 0.00392681 0.000107177
7.14507e-10 0.00390267 0.000122215
7.14609e-10 0.00387845 0.000138939
7.1471e-10 0.00385417 0.000157289
7.14811e-10 0.00382982 0.000177203
7.14912e-10 0.00380541 0.00019862
7.15014e-10 0.00378095 0.000221479
7.15115e-10 0.00375645 0.000245721
7.15216e-10 0.0037319 0.000271285
7.15318e-10 0.00370732 0.000298111
7.15419e-10 0.00368272 0.000326141
7.1552e-10 0.0036581 0.000355316
7.15621e-10 0.00363346 0.000385577
7.15723e-10 0.00360881 0.000416866
7.15824e-10 0.00358416 0.000449126
7.15925e-10 0.00355952 0.000482301
7.16026e-10 0.00353489 0.000516334
7.16128e-10 0.00351028 0.00055117
7.16229e-10 0.00348569 0.000586754
7.1633e-10 0.00346114 0.000623031
7.16431e-10 0.00343662 0.000659947
7.16533e-10 0.00341214 0.000697451
7.16634e-10 0.00338772 0.000735489
7.16735e-10 0.00336335 0.00077401
7.16837e-10 0.00333905 0.000812963
7.16938e-10 0.00331481 0.000852298
7.17039e-10 0.00329065 0.000891967
7.1714e-10 0.00326656 0.00093192
7.17242e-10 0.00324257 0.000972111
7.17343e-10 0.00321866 0.00101249
7.17444e-10 0.00319486 0.00105302
7.17545e-10 0.00317115 0.00109364
7.17647e-10 0.00314756 0.00113432
7.17748e-10 0.00312408 0.00117501
7.17849e-10 0.00310072 0.00121567
7.17951e-10 0.00307748 0.00125626
7.18052e-10 0.00305438 0.00129674
7.18153e-10 0.0030314 0.00133707
7.18254e-10 0.00300857 0.0013772
7.18356e-10 0.00298588 0.00141711
7.18457e-10 0.00296333 0.00145675
7.18558e-10 0.00294094 0.00149609
7.18659e-10 0.00291871 0.00153509
7.18761e-10 0.00289663 0.00157373
7.18862e-10 0.00287472 0.00161196
7.18963e-10 0.00285298 0.00164975
7.19065e-10 0.00283141 0.00168708
7.19166e-10 0.00281002 0.00172392
7.19267e-10 0.0027888 0.00176023
7.19368e-10 0.00276777 0.00179598
7.1947e-10 0.00274692 0.00183116
7.19571e-10 0.00272625 0.00186573
7.19672e-10 0.00270578 0.00189966
7.19773e-10 0.0026855 0.00193295
7.19875e-10 0.00266541 0.00196555
7.19976e-10 0.00264552 0.00199745
7.20077e-10 0.00262584 0.00202863
7.20178e-10 0.00260635 0.00205906
7.2028e-10 0.00258706 0.00208873
7.20381e-10 0.00256798 0.00211763
7.20482e-10 0.00254911 0.00214572
7.20584e-10 0.00253044 0.002173
7.20685e-10 0.00251198 0.00219944
7.20786e-10 0.00249373 0.00222504
7.20887e-10 0.0024757 0.00224979
7.20989e-10 0.00245787 0.00227365
7.2109e-10 0.00244026 0.00229664
7.21191e-10 0.00242285 0.00231873
7.21292e-10 0.00240566 0.00233991
7.21394e-10 0.00238869 0.00236018
7.21495e-10 0.00237193 0.00237952
7.21596e-10 0.00235538 0.00239794
7.21698e-10 0.00233904 0.00241541
7.21799e-10 0.00232291 0.00243194
7.219e-10 0.002307 0.00244752
7.22001e-10 0.0022913 0.00246215
7.22103e-10 0.00227581 0.00247582
7.22204e-10 0.00226053 0.00248853
7.22305e-10 0.00224546 0.00250027
7.22406e-10 0.0022306 0.00251105
7.22508e-10 0.00221594 0.00252087
7.22609e-10 0.00220149 0.00252973
7.2271e-10 0.00218725 0.00253762
7.22812e-10 0.0021732 0.00254455
7.22913e-10 0.00215936 0.00255052
7.23014e-10 0.00214572 0.00255553
7.23115e-10 0.00213228 0.00255959
7.23217e-10 0.00211904 0.00256271
7.23318e-10 0.00210598 0.00256488
7.23419e-10 0.00209313 0.00256611
7.2352e-10 0.00208046 0.00256641
7.23622e-10 0.00206798 0.00256579
7.23723e-10 0.00205569 0.00256425
7.23824e-10 0.00204358 0.0025618
7.23925e-10 0.00203165 0.00255845
7.24027e-10 0.00201991 0.00255421
7.24128e-10 0.00200834 0.00254908
7.24229e-10 0.00199694 0.00254308
7.24331e-10 0.00198572 0.00253623
7.24432e-10 0.00197467 0.00252852
7.24533e-10 0.00196378 0.00251997
7.24634e-10 0.00195306 0.00251059
7.24736e-10 0.0019425 0.0025004
7.24837e-10 0.00193209 0.00248941
7.24938e-10 0.00192185 0.00247763
7.25039e-10 0.00191176 0.00246507
7.25141e-10 0.00190181 0.00245176
7.25242e-10 0.00189202 0.00243769
7.25343e-10 0.00188237 0.00242289
7.25445e-10 0.00187286 0.00240738
7.25546e-10 0.00186349 0.00239116
7.25647e-10 0.00185426 0.00237426
7.25748e-10 0.00184516 0.00235669
7.2585e-10 0.00183619 0.00233846
7.25951e-10 0.00182735 0.00231959
7.26052e-10 0.00181863 0.00230011
7.26153e-10 0.00181003 0.00228001
7.26255e-10 0.00180155 0.00225933
7.26356e-10 0.00179319 0.00223808
7.26457e-10 0.00178494 0.00221628
7.26559e-10 0.00177679 0.00219394
7.2666e-10 0.00176876 0.00217109
7.26761e-10 0.00176083 0.00214773
7.26862e-10 0.001753 0.00212389
7.26964e-10 0.00174526 0.00209959
7.27065e-10 0.00173763 0.00207485
7.27166e-10 0.00173008 0.00204968
7.27267e-10 0.00172263 0.00202409
7.27369e-10 0.00171526 0.00199812
7.2747e-10 0.00170797 0.00197178
7.27571e-10 0.00170077 0.00194509
7.27672e-10 0.00169364 0.00191806
7.27774e-10 0.00168659 0.00189071
7.27875e-10 0.00167962 0.00186307
7.27976e-10 0.00167271 0.00183515
7.28078e-10 0.00166588 0.00180696
7.28179e-10 0.00165911 0.00177854
7.2828e-10 0.0016524 0.00174989
7.28381e-10 0.00164575 0.00172104
7.28483e-10 0.00163916 0.00169201
7.28584e-10 0.00163263 0.0016628
7.28685e-10 0.00162615 0.00163344
7.28786e-10 0.00161973 0.00160396
7.28888e-10 0.00161335 0.00157435
7.28989e-10 0.00160702 0.00154466
7.2909e-10 0.00160074 0.00151488
7.29192e-10 0.0015945 0.00148504
7.29293e-10 0.0015883 0.00145516
7.29394e-10 0.00158214 0.00142526
7.29495e-10 0.00157601 0.00139534
7.29597e-10 0.00156993 0.00136543
7.29698e-10 0.00156387 0.00133555
7.29799e-10 0.00155785 0.00130571
7.299e-10 0.00155186 0.00127592
7.30002e-10 0.0015459 0.00124621
7.30103e-10 0.00153996 0.00121659
7.30204e-10 0.00153405 0.00118707
7.30305e-10 0.00152817 0.00115768
7.30407e-10 0.00152231 0.00112841
7.30508e-10 0.00151647 0.00109931
7.30609e-10 0.00151065 0.00107036
7.30711e-10 0.00150484 0.0010416
7.30812e-10 0.00149906 0.00101303
7.30913e-10 0.00149329 0.000984669
7.31014e-10 0.00148754 0.00095653
7.31116e-10 0.00148181 0.000928627
7.31217e-10 0.00147608 0.000900973
7.31318e-10 0.00147037 0.00087358
7.31419e-10 0.00146467 0.000846462
7.31521e-10 0.00145898 0.000819629
7.31622e-10 0.00145331 0.000793095
7.31723e-10 0.00144764 0.000766872
7.31825e-10 0.00144198 0.000740969
7.31926e-10 0.00143633 0.000715399
7.32027e-10 0.00143068 0.000690173
7.32128e-10 0.00142505 0.0006653
7.3223e-10 0.00141942 0.000640791
7.32331e-10 0.00141379 0.000616655
7.32432e-10 0.00140818 0.000592903
7.32533e-10 0.00140256 0.000569543
7.32635e-10 0.00139696 0.000546584
7.32736e-10 0.00139135 0.000524035
7.32837e-10 0.00138576 0.000501904
7.32939e-10 0.00138016 0.000480198
7.3304e-10 0.00137458 0.000458925
7.33141e-10 0.00136899 0.000438093
7.33242e-10 0.00136342 0.000417708
7.33344e-10 0.00135784 0.000397777
7.33445e-10 0.00135227 0.000378306
7.33546e-10 0.00134671 0.0003593
7.33647e-10 0.00134115 0.000340766
7.33749e-10 0.00133559 0.000322708
7.3385e-10 0.00133004 0.000305132
7.33951e-10 0.0013245 0.000288041
7.34052e-10 0.00131896 0.000271441
7.34154e-10 0.00131342 0.000255334
7.34255e-10 0.0013079 0.000239725
7.34356e-10 0.00130238 0.000224616
7.34458e-10 0.00129686 0.000210011
7.34559e-10 0.00129136 0.000195912
7.3466e-10 0.00128586 0.000182322
7.34761e-10 0.00128037 0.000169241
7.34863e-10 0.00127489 0.000156673
7.34964e-10 0.00126942 0.000144617
7.35065e-10 0.00126395 0.000133076
7.35166e-10 0.0012585 0.000122049
7.35268e-10 0.00125306 0.000111538
7.35369e-10 0.00124763 0.000101541
7.3547e-10 0.00124222 9.20595e-05
7.35572e-10 0.00123681 8.3092e-05
7.35673e-10 0.00123142 7.4638e-05
7.35774e-10 0.00122604 6.66963e-05
7.35875e-10 0.00122068 5.92654e-05
7.35977e-10 0.00121533 5.23436e-05
7.36078e-10 0.00121 4.59289e-05
7.36179e-10 0.00120468 4.0019e-05
7.3628e-10 0.00119939 3.46114e-05
7.36382e-10 0.00119411 2.97033e-05
7.36483e-10 0.00118884 2.52914e-05
7.36584e-10 0.0011836 2.13726e-05
7.36686e-10 0.00117838 1.79432e-05
7.36787e-10 0.00117318 1.49993e-05
7.36888e-10 0.001168 1.25369e-05
7.36989e-10 0.00116284 1.05515e-05
7.37091e-10 0.00115771 9.0386e-06
7.37192e-10 0.0011526 7.99339e-06
7.37293e-10 0.00114751 7.41081e-06
7.37394e-10 0.00114245 7.28559e-06
7.37496e-10 0.00113741 7.61223e-06
7.37597e-10 0.0011324 8.38504e-06
7.37698e-10 0.00112742 9.5981e-06
7.37799e-10 0.00112247 1.12453e-05
7.37901e-10 0.00111754 1.33204e-05
7.38002e-10 0.00111265 1.58167e-05
7.38103e-10 0.00110778 1.87278e-05
7.38205e-10 0.00110294 2.20466e-05
7.38306e-10 0.00109814 2.57661e-05
7.38407e-10 0.00109337 2.98792e-05
7.38508e-10 0.00108863 3.43784e-05
7.3861e-10 0.00108392 3.92563e-05
7.38711e-10 0.00107925 4.45051e-05
7.38812e-10 0.00107461 5.01169e-05
7.38913e-10 0.00107 5.60839e-05
7.39015e-10 0.00106543 6.23978e-05
7.39116e-10 0.0010609 6.90506e-05
7.39217e-10 0.00105641 7.60337e-05
7.39319e-10 0.00105195 8.33387e-05
7.3942e-10 0.00104753 9.0957e-05
7.39521e-10 0.00104314 9.88799e-05
7.39622e-10 0.0010388 0.000107099
7.39724e-10 0.00103449 0.000115604
7.39825e-10 0.00103023 0.000124388
7.39926e-10 0.001026 0.00013344
7.40027e-10 0.00102181 0.000142752
7.40129e-10 0.00101767 0.000152314
7.4023e-10 0.00101356 0.000162118
7.40331e-10 0.0010095 0.000172153
7.40433e-10 0.00100548 0.000182411
7.40534e-10 0.0010015 0.000192882
7.40635e-10 0.000997559 0.000203556
7.40736e-10 0.000993663 0.000214424
7.40838e-10 0.00098981 0.000225476
7.40939e-10 0.000986 0.000236703
7.4104e-10 0.000982233 0.000248096
7.41141e-10 0.00097851 0.000259643
7.41243e-10 0.000974829 0.000271337
7.41344e-10 0.000971193 0.000283167
7.41445e-10 0.000967599 0.000295123
7.41546e-10 0.00096405 0.000307196
7.41648e-10 0.000960544 0.000319376
7.41749e-10 0.000957082 0.000331654
7.4185e-10 0.000953664 0.00034402
7.41952e-10 0.00095029 0.000356465
7.42053e-10 0.00094696 0.000368979
7.42154e-10 0.000943673 0.000381552
7.42255e-10 0.00094043 0.000394175
7.42357e-10 0.000937231 0.000406838
7.42458e-10 0.000934075 0.000419533
7.42559e-10 0.000930963 0.00043225
7.4266e-10 0.000927894 0.000444979
7.42762e-10 0.000924868 0.000457713
7.42863e-10 0.000921885 0.00047044
7.42964e-10 0.000918945 0.000483153
7.43066e-10 0.000916047 0.000495842
7.43167e-10 0.000913192 0.0005085
7.43268e-10 0.000910378 0.000521115
7.43369e-10 0.000907607 0.000533681
7.43471e-10 0.000904876 0.000546189
7.43572e-10 0.000902187 0.00055863
7.43673e-10 0.000899539 0.000570995
7.43774e-10 0.000896931 0.000583277
7.43876e-10 0.000894363 0.000595467
7.43977e-10 0.000891835 0.000607558
7.44078e-10 0.000889346 0.000619541
7.44179e-10 0.000886896 0.000631408
7.44281e-10 0.000884485 0.000643152
7.44382e-10 0.000882111 0.000654765
7.44483e-10 0.000879775 0.000666241
7.44585e-10 0.000877477 0.000677571
7.44686e-10 0.000875215 0.000688748
7.44787e-10 0.000872989 0.000699766
7.44888e-10 0.000870799 0.000710618
7.4499e-10 0.000868644 0.000721296
7.45091e-10 0.000866523 0.000731795
7.45192e-10 0.000864437 0.000742108
7.45293e-10 0.000862384 0.000752229
7.45395e-10 0.000860364 0.000762151
7.45496e-10 0.000858376 0.000771869
7.45597e-10 0.00085642 0.000781377
7.45699e-10 0.000854495 0.00079067
7.458e-10 0.000852601 0.000799742
7.45901e-10 0.000850737 0.000808587
7.46002e-10 0.000848903 0.000817201
7.46104e-10 0.000847097 0.000825578
7.46205e-10 0.000845319 0.000833715
7.46306e-10 0.000843569 0.000841606
7.46407e-10 0.000841846 0.000849247
7.46509e-10 0.000840149 0.000856634
7.4661e-10 0.000838478 0.000863763
7.46711e-10 0.000836832 0.000870629
7.46813e-10 0.00083521 0.00087723
7.46914e-10 0.000833612 0.000883562
7.47015e-10 0.000832037 0.000889621
7.47116e-10 0.000830485 0.000895404
7.47218e-10 0.000828954 0.000900909
7.47319e-10 0.000827444 0.000906133
7.4742e-10 0.000825955 0.000911072
7.47521e-10 0.000824486 0.000915726
7.47623e-10 0.000823035 0.00092009
7.47724e-10 0.000821604 0.000924165
7.47825e-10 0.00082019 0.000927947
7.47926e-10 0.000818794 0.000931435
7.48028e-10 0.000817414 0.000934628
7.48129e-10 0.00081605 0.000937524
7.4823e-10 0.000814702 0.000940122
7.48332e-10 0.000813368 0.000942422
7.48433e-10 0.000812048 0.000944422
7.48534e-10 0.000810742 0.000946123
7.48635e-10 0.000809449 0.000947523
7.48737e-10 0.000808169 0.000948623
7.48838e-10 0.000806899 0.000949423
7.48939e-10 0.000805642 0.000949922
7.4904e-10 0.000804394 0.000950122
7.49142e-10 0.000803157 0.000950022
7.49243e-10 0.000801929 0.000949625
7.49344e-10 0.00080071 0.000948929
7.49446e-10 0.0007995 0.000947937
7.49547e-10 0.000798297 0.00094665
7.49648e-10 0.000797101 0.000945069
7.49749e-10 0.000795913 0.000943196
7.49851e-10 0.00079473 0.000941033
7.49952e-10 0.000793554 0.000938581
7.50053e-10 0.000792383 0.000935843
7.50154e-10 0.000791216 0.000932821
7.50256e-10 0.000790054 0.000929517
7.50357e-10 0.000788896 0.000925934
7.50458e-10 0.000787742 0.000922075
7.5056e-10 0.00078659 0.000917943
7.50661e-10 0.000785442 0.00091354
7.50762e-10 0.000784295 0.000908869
7.50863e-10 0.000783151 0.000903935
7.50965e-10 0.000782008 0.000898741
7.51066e-10 0.000780866 0.00089329
7.51167e-10 0.000779725 0.000887586
7.51268e-10 0.000778585 0.000881633
7.5137e-10 0.000777445 0.000875435
7.51471e-10 0.000776305 0.000868996
7.51572e-10 0.000775165 0.000862321
7.51673e-10 0.000774024 0.000855413
7.51775e-10 0.000772882 0.000848278
7.51876e-10 0.000771739 0.000840921
7.51977e-10 0.000770595 0.000833345
7.52079e-10 0.000769449 0.000825556
7.5218e-10 0.000768301 0.000817559
7.52281e-10 0.000767152 0.000809358
7.52382e-10 0.000766 0.000800961
7.52484e-10 0.000764846 0.00079237
7.52585e-10 0.00076369 0.000783593
7.52686e-10 0.000762532 0.000774634
7.52787e-10 0.00076137 0.000765499
7.52889e-10 0.000760206 0.000756194
7.5299e-10 0.00075904 0.000746724
7.53091e-10 0.00075787 0.000737096
7.53193e-10 0.000756698 0.000727316
7.53294e-10 0.000755523 0.000717388
7.53395e-10 0.000754344 0.000707321
7.53496e-10 0.000753163 0.000697119
7.53598e-10 0.000751979 0.000686789
7.53699e-10 0.000750792 0.000676337
7.538e-10 0.000749602 0.000665769
7.53901e-10 0.00074841 0.000655093
7.54003e-10 0.000747214 0.000644314
7.54104e-10 0.000746016 0.000633439
7.54205e-10 0.000744816 0.000622474
7.54307e-10 0.000743612 0.000611426
7.54408e-10 0.000742407 0.000600302
7.54509e-10 0.000741199 0.000589108
7.5461e-10 0.000739989 0.000577851
7.54712e-10 0.000738777 0.000566537
7.54813e-10 0.000737564 0.000555174
7.54914e-10 0.000736349 0.000543768
7.55015e-10 0.000735132 0.000532326
7.55117e-10 0.000733914 0.000520854
7.55218e-10 0.000732695 0.000509359
7.55319e-10 0.000731476 0.000497848
7.5542e-10 0.000730256 0.000486329
7.55522e-10 0.000729035 0.000474807
7.55623e-10 0.000727814 0.000463289
7.55724e-10 0.000726594 0.000451782
7.55826e-10 0.000725374 0.000440293
7.55927e-10 0.000724155 0.000428828
7.56028e-10 0.000722937 0.000417395
7.56129e-10 0.00072172 0.000406
7.56231e-10 0.000720505 0.000394648
7.56332e-10 0.000719291 0.000383348
7.56433e-10 0.00071808 0.000372106
7.56534e-10 0.000716872 0.000360928
7.56636e-10 0.000715666 0.00034982
7.56737e-10 0.000714464 0.000338789
7.56838e-10 0.000713265 0.000327842
7.5694e-10 0.00071207 0.000316984
7.57041e-10 0.000710879 0.000306223
7.57142e-10 0.000709693 0.000295563
7.57243e-10 0.000708512 0.000285012
7.57345e-10 0.000707336 0.000274576
7.57446e-10 0.000706166 0.00026426
7.57547e-10 0.000705003 0.00025407
7.57648e-10 0.000703845 0.000244012
7.5775e-10 0.000702695 0.000234093
7.57851e-10 0.000701551 0.000224317
7.57952e-10 0.000700415 0.000214691
7.58053e-10 0.000699288 0.00020522
7.58155e-10 0.000698168 0.000195909
7.58256e-10 0.000697058 0.000186764
7.58357e-10 0.000695956 0.000177789
7.58459e-10 0.000694864 0.000168992
7.5856e-10 0.000693782 0.000160375
7.58661e-10 0.00069271 0.000151944
7.58762e-10 0.000691649 0.000143705
7.58864e-10 0.000690599 0.000135661
7.58965e-10 0.00068956 0.000127818
7.59066e-10 0.000688533 0.00012018
7.59167e-10 0.000687518 0.000112751
7.59269e-10 0.000686516 0.000105536
7.5937e-10 0.000685527 9.85394e-05
7.59471e-10 0.000684551 9.17644e-05
7.59573e-10 0.000683588 8.52153e-05
7.59674e-10 0.00068264 7.8896e-05
7.59775e-10 0.000681706 7.28101e-05
7.59876e-10 0.000680786 6.69612e-05
7.59978e-10 0.000679882 6.13528e-05
7.60079e-10 0.000678993 5.59881e-05
7.6018e-10 0.00067812 5.08703e-05
7.60281e-10 0.000677262 4.60025e-05
7.60383e-10 0.000676421 4.13875e-05
7.60484e-10 0.000675597 3.70282e-05
7.60585e-10 0.000674789 3.29271e-05
7.60687e-10 0.000673999 2.90867e-05
7.60788e-10 0.000673226 2.55094e-05
7.60889e-10 0.000672471 2.21974e-05
7.6099e-10 0.000671734 1.91527e-05
7.61092e-10 0.000671015 1.63773e-05
7.61193e-10 0.000670315 1.38728e-05
7.61294e-10 0.000669634 1.16411e-05
7.61395e-10 0.000668972 9.68339e-06
7.61497e-10 0.000668329 8.00116e-06
7.61598e-10 0.000667706 6.59554e-06
7.61699e-10 0.000667102 5.46758e-06
7.618e-10 0.000666518 4.61815e-06
7.61902e-10 0.000665954 4.04799e-06
7.62003e-10 0.000665411 3.75767e-06
7.62104e-10 0.000664888 3.74763e-06
7.62206e-10 0.000664386 4.01815e-06
7.62307e-10 0.000663904 4.56936e-06
7.62408e-10 0.000663443 5.40123e-06
7.62509e-10 0.000663003 6.51361e-06
7.62611e-10 0.000662585 7.90616e-06
7.62712e-10 0.000662187 9.57841e-06
7.62813e-10 0.000661811 1.15297e-05
7.62914e-10 0.000661456 1.37594e-05
7.63016e-10 0.000661123 1.62664e-05
7.63117e-10 0.000660811 1.90498e-05
7.63218e-10 0.000660521 2.21082e-05
7.6332e-10 0.000660252 2.54404e-05
7.63421e-10 0.000660005 2.90448e-05
7.63522e-10 0.00065978 3.29197e-05
7.63623e-10 0.000659576 3.70634e-05
7.63725e-10 0.000659394 4.14739e-05
7.63826e-10 0.000659233 4.61491e-05
7.63927e-10 0.000659094 5.10868e-05
7.64028e-10 0.000658977 5.62845e-05
7.6413e-10 0.000658881 6.17399e-05
7.64231e-10 0.000658806 6.74501e-05
7.64332e-10 0.000658753 7.34124e-05
7.64434e-10 0.00065872 7.96239e-05
7.64535e-10 0.000658709 8.60815e-05
7.64636e-10 0.000658719 9.27819e-05
7.64737e-10 0.00065875 9.9722e-05
7.64839e-10 0.000658802 0.000106898
7.6494e-10 0.000658874 0.000114307
7.65041e-10 0.000658966 0.000121944
7.65142e-10 0.000659079 0.000129807
7.65244e-10 0.000659211 0.00013789
7.65345e-10 0.000659364 0.00014619
7.65446e-10 0.000659536 0.000154703
7.65547e-10 0.000659728 0.000163424
7.65649e-10 0.000659939 0.000172349
7.6575e-10 0.000660169 0.000181473
7.65851e-10 0.000660417 0.000190792
7.65953e-10 0.000660685 0.000200301
7.66054e-10 0.00066097 0.000209995
7.66155e-10 0.000661273 0.000219868
7.66256e-10 0.000661594 0.000229917
7.66358e-10 0.000661933 0.000240135
7.66459e-10 0.000662288 0.000250518
7.6656e-10 0.00066266 0.00026106
7.66661e-10 0.000663049 0.000271755
7.66763e-10 0.000663454 0.000282599
7.66864e-10 0.000663875 0.000293584
7.66965e-10 0.000664311 0.000304706
7.67067e-10 0.000664762 0.00031596
7.67168e-10 0.000665229 0.000327338
7.67269e-10 0.000665709 0.000338834
7.6737e-10 0.000666204 0.000350444
7.67472e-10 0.000666712 0.000362161
7.67573e-10 0.000667234 0.000373978
7.67674e-10 0.000667769 0.00038589
7.67775e-10 0.000668316 0.00039789
7.67877e-10 0.000668876 0.000409971
7.67978e-10 0.000669447 0.000422128
7.68079e-10 0.00067003 0.000434354
7.68181e-10 0.000670624 0.000446642
7.68282e-10 0.000671228 0.000458986
7.68383e-10 0.000671842 0.000471379
7.68484e-10 0.000672467 0.000483815
7.68586e-10 0.000673101 0.000496287
7.68687e-10 0.000673743 0.000508788
7.68788e-10 0.000674395 0.000521312
7.68889e-10 0.000675054 0.000533852
7.68991e-10 0.000675721 0.000546401
7.69092e-10 0.000676396 0.000558952
7.69193e-10 0.000677077 0.000571498
7.69294e-10 0.000677765 0.000584034
7.69396e-10 0.000678459 0.000596551
7.69497e-10 0.000679158 0.000609043
7.69598e-10 0.000679863 0.000621504
7.697e-10 0.000680573 0.000633926
7.69801e-10 0.000681287 0.000646302
7.69902e-10 0.000682005 0.000658627
7.70003e-10 0.000682727 0.000670893
7.70105e-10 0.000683452 0.000683093
7.70206e-10 0.000684179 0.000695221
7.70307e-10 0.00068491 0.000707269
7.70408e-10 0.000685642 0.000719232
7.7051e-10 0.000686375 0.000731103
7.70611e-10 0.00068711 0.000742874
7.70712e-10 0.000687846 0.00075454
7.70814e-10 0.000688583 0.000766093
7.70915e-10 0.000689319 0.000777528
7.71016e-10 0.000690056 0.000788838
7.71117e-10 0.000690791 0.000800016
7.71219e-10 0.000691526 0.000811057
7.7132e-10 0.00069226 0.000821953
7.71421e-10 0.000692992 0.0008327
7.71522e-10 0.000693722 0.000843289
7.71624e-10 0.00069445 0.000853716
7.71725e-10 0.000695175 0.000863975
7.71826e-10 0.000695898 0.000874059
7.71928e-10 0.000696617 0.000883963
7.72029e-10 0.000697333 0.000893681
7.7213e-10 0.000698045 0.000903207
7.72231e-10 0.000698754 0.000912535
7.72333e-10 0.000699458 0.000921661
7.72434e-10 0.000700158 0.000930578
7.72535e-10 0.000700853 0.000939282
7.72636e-10 0.000701543 0.000947767
7.72738e-10 0.000702228 0.000956028
7.72839e-10 0.000702908 0.000964061
7.7294e-10 0.000703582 0.000971859
7.73041e-10 0.000704251 0.000979419
7.73143e-10 0.000704914 0.000986736
7.73244e-10 0.000705571 0.000993805
7.73345e-10 0.000706221 0.00100062
7.73447e-10 0.000706866 0.00100718
7.73548e-10 0.000707504 0.00101348
7.73649e-10 0.000708136 0.00101952
7.7375e-10 0.000708761 0.00102528
7.73852e-10 0.00070938 0.00103078
7.73953e-10 0.000709992 0.00103599
7.74054e-10 0.000710597 0.00104093
7.74155e-10 0.000711196 0.00104559
7.74257e-10 0.000711787 0.00104996
7.74358e-10 0.000712372 0.00105404
7.74459e-10 0.000712951 0.00105783
7.74561e-10 0.000713522 0.00106132
7.74662e-10 0.000714087 0.00106452
7.74763e-10 0.000714645 0.00106742
7.74864e-10 0.000715196 0.00107001
7.74966e-10 0.000715741 0.0010723
7.75067e-10 0.00071628 0.00107429
7.75168e-10 0.000716812 0.00107596
7.75269e-10 0.000717338 0.00107733
7.75371e-10 0.000717858 0.00107838
7.75472e-10 0.000718371 0.00107913
7.75573e-10 0.000718879 0.00107955
7.75674e-10 0.000719382 0.00107967
7.75776e-10 0.000719879 0.00107947
7.75877e-10 0.000720371 0.00107895
7.75978e-10 0.000720858 0.00107812
7.7608e-10 0.00072134 0.00107697
7.76181e-10 0.000721817 0.0010755
7.76282e-10 0.000722291 0.00107371
7.76383e-10 0.00072276 0.00107161
7.76485e-10 0.000723225 0.0010692
7.76586e-10 0.000723688 0.00106646
7.76687e-10 0.000724147 0.00106342
7.76788e-10 0.000724603 0.00106006
7.7689e-10 0.000725057 0.00105638
7.76991e-10 0.000725508 0.0010524
7.77092e-10 0.000725958 0.0010481
7.77194e-10 0.000726407 0.0010435
7.77295e-10 0.000726854 0.00103859
7.77396e-10 0.000727301 0.00103337
7.77497e-10 0.000727748 0.00102786
7.77599e-10 0.000728195 0.00102204
7.777e-10 0.000728642 0.00101593
7.77801e-10 0.000729091 0.00100952
7.77902e-10 0.000729541 0.00100282
7.78004e-10 0.000729994 0.000995835
7.78105e-10 0.000730448 0.000988564
7.78206e-10 0.000730906 0.000981011
7.78308e-10 0.000731367 0.000973181
7.78409e-10 0.000731832 0.000965076
7.7851e-10 0.000732302 0.000956703
7.78611e-10 0.000732776 0.000948063
7.78713e-10 0.000733256 0.000939163
7.78814e-10 0.000733742 0.000930006
7.78915e-10 0.000734235 0.000920597
7.79016e-10 0.000734735 0.000910941
7.79118e-10 0.000735242 0.000901044
7.79219e-10 0.000735757 0.00089091
7.7932e-10 0.000736282 0.000880545
7.79421e-10 0.000736815 0.000869954
7.79523e-10 0.000737359 0.000859143
7.79624e-10 0.000737913 0.000848119
7.79725e-10 0.000738478 0.000836886
7.79827e-10 0.000739054 0.000825453
7.79928e-10 0.000739643 0.000813823
7.80029e-10 0.000740245 0.000802006
7.8013e-10 0.00074086 0.000790006
7.80232e-10 0.000741489 0.000777831
7.80333e-10 0.000742133 0.000765488
7.80434e-10 0.000742791 0.000752984
7.80535e-10 0.000743466 0.000740327
7.80637e-10 0.000744157 0.000727523
7.80738e-10 0.000744865 0.00071458
7.80839e-10 0.000745591 0.000701507
7.80941e-10 0.000746334 0.00068831
7.81042e-10 0.000747097 0.000674998
7.81143e-10 0.000747878 0.000661579
7.81244e-10 0.00074868 0.000648061
7.81346e-10 0.000749502 0.000634452
7.81447e-10 0.000750346 0.000620761
7.81548e-10 0.000751211 0.000606996
7.81649e-10 0.000752098 0.000593167
7.81751e-10 0.000753008 0.000579281
7.81852e-10 0.000753941 0.000565348
7.81953e-10 0.000754899 0.000551376
7.82055e-10 0.00075588 0.000537375
7.82156e-10 0.000756887 0.000523355
7.82257e-10 0.000757919 0.000509323
7.82358e-10 0.000758978 0.000495289
7.8246e-10 0.000760062 0.000481264
7.82561e-10 0.000761174 0.000467256
7.82662e-10 0.000762314 0.000453274
7.82763e-10 0.000763481 0.000439329
7.82865e-10 0.000764677 0.000425431
7.82966e-10 0.000765902 0.000411588
7.83067e-10 0.000767157 0.000397811
7.83168e-10 0.000768441 0.00038411
7.8327e-10 0.000769755 0.000370494
7.83371e-10 0.000771101 0.000356974
7.83472e-10 0.000772477 0.000343559
7.83574e-10 0.000773885 0.000330259
7.83675e-10 0.000775325 0.000317085
7.83776e-10 0.000776797 0.000304047
7.83877e-10 0.000778301 0.000291154
7.83979e-10 0.000779839 0.000278417
7.8408e-10 0.00078141 0.000265846
7.84181e-10 0.000783014 0.000253451
7.84282e-10 0.000784652 0.000241242
7.84384e-10 0.000786324 0.000229229
7.84485e-10 0.000788031 0.000217422
7.84586e-10 0.000789772 0.000205832
7.84688e-10 0.000791548 0.000194468
7.84789e-10 0.000793359 0.00018334
7.8489e-10 0.000795205 0.000172459
7.84991e-10 0.000797086 0.000161835
7.85093e-10 0.000799002 0.000151477
7.85194e-10 0.000800955 0.000141395
7.85295e-10 0.000802943 0.000131599
7.85396e-10 0.000804966 0.0001221
7.85498e-10 0.000807026 0.000112905
7.85599e-10 0.000809121 0.000104027
7.857e-10 0.000811252 9.54726e-05
7.85802e-10 0.000813419 8.72529e-05
7.85903e-10 0.000815622 7.93771e-05
7.86004e-10 0.000817861 7.18544e-05
7.86105e-10 0.000820135 6.46941e-05
7.86207e-10 0.000822445 5.79053e-05
7.86308e-10 0.000824791 5.14972e-05
7.86409e-10 0.000827172 4.54786e-05
7.8651e-10 0.000829588 3.98583e-05
7.86612e-10 0.000832039 3.46451e-05
7.86713e-10 0.000834526 2.98477e-05
7.86814e-10 0.000837047 2.54743e-05
7.86915e-10 0.000839602 2.15334e-05
7.87017e-10 0.000842192 1.80332e-05
7.87118e-10 0.000844815 1.49816e-05
7.87219e-10 0.000847473 1.23867e-05
7.87321e-10 0.000850163 1.02561e-05
7.87422e-10 0.000852887 8.59745e-06
7.87523e-10 0.000855643 7.41813e-06
7.87624e-10 0.000858431 6.72541e-06
7.87726e-10 0.000861251 6.52638e-06
7.87827e-10 0.000864103 6.82793e-06
7.87928e-10 0.000866985 7.63677e-06
7.88029e-10 0.000869898 8.95945e-06
7.88131e-10 0.000872841 1.08023e-05
7.88232e-10 0.000875813 1.31714e-05
7.88333e-10 0.000878814 1.60728e-05
7.88435e-10 0.000881843 1.95121e-05
7.88536e-10 0.000884901 2.3495e-05
7.88637e-10 0.000887985 2.80266e-05
7.88738e-10 0.000891096 3.3112e-05
7.8884e-10 0.000894233 3.87562e-05
7.88941e-10 0.000897395 4.49637e-05
7.89042e-10 0.000900582 5.1739e-05
7.89143e-10 0.000903793 5.90861e-05
7.89245e-10 0.000907027 6.70091e-05
7.89346e-10 0.000910283 7.55114e-05
7.89447e-10 0.000913561 8.45967e-05
7.89548e-10 0.000916861 9.4268e-05
7.8965e-10 0.00092018 0.000104528
7.89751e-10 0.000923519 0.00011538
7.89852e-10 0.000926877 0.000126826
7.89954e-10 0.000930252 0.000138867
7.90055e-10 0.000933645 0.000151507
7.90156e-10 0.000937053 0.000164746
7.90257e-10 0.000940477 0.000178586
7.90359e-10 0.000943916 0.000193028
7.9046e-10 0.000947368 0.000208071
7.90561e-10 0.000950832 0.000223718
7.90662e-10 0.000954309 0.000239968
7.90764e-10 0.000957796 0.00025682
7.90865e-10 0.000961293 0.000274275
7.90966e-10 0.000964799 0.000292331
7.91068e-10 0.000968314 0.000310988
7.91169e-10 0.000971835 0.000330244
7.9127e-10 0.000975363 0.000350098
7.91371e-10 0.000978895 0.000370546
7.91473e-10 0.000982432 0.000391588
7.91574e-10 0.000985973 0.000413221
7.91675e-10 0.000989515 0.000435441
7.91776e-10 0.000993059 0.000458245
7.91878e-10 0.000996604 0.000481631
7.91979e-10 0.00100015 0.000505593
7.9208e-10 0.00100369 0.000530127
7.92182e-10 0.00100723 0.00055523
7.92283e-10 0.00101077 0.000580897
7.92384e-10 0.0010143 0.000607121
7.92485e-10 0.00101782 0.000633898
7.92587e-10 0.00102134 0.000661222
7.92688e-10 0.00102486 0.000689086
7.92789e-10 0.00102836 0.000717485
7.9289e-10 0.00103185 0.000746411
7.92992e-10 0.00103534 0.000775857
7.93093e-10 0.00103881 0.000805816
7.93194e-10 0.00104227 0.00083628
7.93295e-10 0.00104572 0.000867241
7.93397e-10 0.00104916 0.00089869
7.93498e-10 0.00105258 0.000930619
7.93599e-10 0.00105598 0.000963019
7.93701e-10 0.00105937 0.000995879
7.93802e-10 0.00106274 0.00102919
7.93903e-10 0.00106609 0.00106295
7.94004e-10 0.00106943 0.00109713
7.94106e-10 0.00107274 0.00113174
7.94207e-10 0.00107603 0.00116675
7.94308e-10 0.0010793 0.00120216
7.94409e-10 0.00108255 0.00123796
7.94511e-10 0.00108578 0.00127414
7.94612e-10 0.00108898 0.00131067
7.94713e-10 0.00109216 0.00134756
7.94815e-10 0.00109532 0.00138478
7.94916e-10 0.00109845 0.00142233
7.95017e-10 0.00110155 0.00146019
7.95118e-10 0.00110463 0.00149834
7.9522e-10 0.00110768 0.00153678
7.95321e-10 0.0011107 0.00157548
7.95422e-10 0.00111369 0.00161444
7.95523e-10 0.00111666 0.00165364
7.95625e-10 0.00111959 0.00169306
7.95726e-10 0.0011225 0.00173269
7.95827e-10 0.00112538 0.00177252
7.95929e-10 0.00112823 0.00181252
7.9603e-10 0.00113104 0.00185268
7.96131e-10 0.00113383 0.00189299
7.96232e-10 0.00113659 0.00193342
7.96334e-10 0.00113931 0.00197397
7.96435e-10 0.00114201 0.00201461
7.96536e-10 0.00114467 0.00205533
7.96637e-10 0.0011473 0.0020961
7.96739e-10 0.0011499 0.00213692
7.9684e-10 0.00115247 0.00217776
7.96941e-10 0.00115501 0.00221861
7.97042e-10 0.00115752 0.00225944
7.97144e-10 0.00115999 0.00230025
7.97245e-10 0.00116244 0.002341
7.97346e-10 0.00116485 0.00238168
7.97448e-10 0.00116724 0.00242228
7.97549e-10 0.00116959 0.00246277
7.9765e-10 0.00117192 0.00250313
7.97751e-10 0.00117421 0.00254335
7.97853e-10 0.00117648 0.0025834
7.97954e-10 0.00117872 0.00262327
7.98055e-10 0.00118093 0.00266294
7.98156e-10 0.00118312 0.00270237
7.98258e-10 0.00118527 0.00274157
7.98359e-10 0.00118741 0.0027805
7.9846e-10 0.00118951 0.00281914
7.98562e-10 0.0011916 0.00285748
7.98663e-10 0.00119366 0.00289549
7.98764e-10 0.0011957 0.00293316
7.98865e-10 0.00119771 0.00297046
7.98967e-10 0.00119971 0.00300738
7.99068e-10 0.00120168 0.00304389
7.99169e-10 0.00120364 0.00307997
7.9927e-10 0.00120558 0.00311561
7.99372e-10 0.0012075 0.00315077
7.99473e-10 0.00120941 0.00318545
7.99574e-10 0.00121131 0.00321962
7.99676e-10 0.00121319 0.00325326
7.99777e-10 0.00121506 0.00328635
7.99878e-10 0.00121692 0.00331887
7.99979e-10 0.00121878 0.0033508
8.00081e-10 0.00122063 0.00338213
8.00182e-10 0.00122247 0.00341282
8.00283e-10 0.00122431 0.00344286
8.00384e-10 0.00122614 0.00347224
8.00486e-10 0.00122798 0.00350093
8.00587e-10 0.00122982 0.00352891
8.00688e-10 0.00123166 0.00355616
8.00789e-10 0.0012335 0.00358267
8.00891e-10 0.00123536 0.00360841
8.00992e-10 0.00123722 0.00363338
8.01093e-10 0.00123909 0.00365753
8.01195e-10 0.00124097 0.00368088
8.01296e-10 0.00124287 0.00370338
8.01397e-10 0.00124479 0.00372503
8.01498e-10 0.00124672 0.0037458
8.016e-10 0.00124868 0.00376569
8.01701e-10 0.00125066 0.00378467
8.01802e-10 0.00125266 0.00380272
8.01903e-10 0.0012547 0.00381984
8.02005e-10 0.00125676 0.00383601
8.02106e-10 0.00125885 0.0038512
8.02207e-10 0.00126098 0.00386541
8.02309e-10 0.00126314 0.00387862
8.0241e-10 0.00126534 0.00389081
8.02511e-10 0.00126759 0.00390198
8.02612e-10 0.00126988 0.0039121
8.02714e-10 0.00127221 0.00392117
8.02815e-10 0.00127459 0.00392917
8.02916e-10 0.00127702 0.00393609
8.03017e-10 0.00127951 0.00394192
8.03119e-10 0.00128205 0.00394665
8.0322e-10 0.00128465 0.00395027
8.03321e-10 0.00128732 0.00395276
8.03422e-10 0.00129004 0.00395411
8.03524e-10 0.00129283 0.00395433
8.03625e-10 0.00129569 0.0039534
8.03726e-10 0.00129862 0.0039513
8.03828e-10 0.00130162 0.00394804
8.03929e-10 0.0013047 0.00394361
8.0403e-10 0.00130786 0.00393799
8.04131e-10 0.00131109 0.0039312
8.04233e-10 0.00131442 0.00392321
8.04334e-10 0.00131782 0.00391403
8.04435e-10 0.00132132 0.00390365
8.04536e-10 0.0013249 0.00389207
8.04638e-10 0.00132858 0.00387929
8.04739e-10 0.00133236 0.0038653
8.0484e-10 0.00133623 0.00385011
8.04942e-10 0.0013402 0.00383371
8.05043e-10 0.00134427 0.0038161
8.05144e-10 0.00134845 0.0037973
8.05245e-10 0.00135274 0.00377729
8.05347e-10 0.00135713 0.00375608
8.05448e-10 0.00136164 0.00373368
8.05549e-10 0.00136626 0.00371009
8.0565e-10 0.001371 0.00368532
8.05752e-10 0.00137585 0.00365937
8.05853e-10 0.00138082 0.00363224
8.05954e-10 0.00138592 0.00360395
8.06056e-10 0.00139114 0.00357451
8.06157e-10 0.00139648 0.00354392
8.06258e-10 0.00140195 0.0035122
8.06359e-10 0.00140755 0.00347936
8.06461e-10 0.00141328 0.0034454
8.06562e-10 0.00141914 0.00341035
8.06663e-10 0.00142513 0.00337421
8.06764e-10 0.00143126 0.00333701
8.06866e-10 0.00143753 0.00329875
8.06967e-10 0.00144393 0.00325946
8.07068e-10 0.00145047 0.00321915
8.07169e-10 0.00145715 0.00317784
8.07271e-10 0.00146397 0.00313555
8.07372e-10 0.00147093 0.00309231
8.07473e-10 0.00147804 0.00304813
8.07575e-10 0.00148529 0.00300303
8.07676e-10 0.00149268 0.00295705
8.07777e-10 0.00150021 0.00291021
8.07878e-10 0.00150789 0.00286253
8.0798e-10 0.00151572 0.00281403
8.08081e-10 0.00152369 0.00276476
8.08182e-10 0.0015318 0.00271472
8.08283e-10 0.00154006 0.00266397
8.08385e-10 0.00154847 0.00261252
8.08486e-10 0.00155702 0.00256042
8.08587e-10 0.00156571 0.00250768
8.08689e-10 0.00157455 0.00245435
8.0879e-10 0.00158353 0.00240047
8.08891e-10 0.00159265 0.00234606
8.08992e-10 0.00160191 0.00229117
8.09094e-10 0.00161132 0.00223584
8.09195e-10 0.00162086 0.0021801
8.09296e-10 0.00163054 0.00212399
8.09397e-10 0.00164035 0.00206757
8.09499e-10 0.00165031 0.00201086
8.096e-10 0.00166039 0.00195392
8.09701e-10 0.0016706 0.00189678
8.09803e-10 0.00168095 0.0018395
8.09904e-10 0.00169142 0.00178212
8.10005e-10 0.00170201 0.0017247
8.10106e-10 0.00171273 0.00166727
8.10208e-10 0.00172356 0.00160989
8.10309e-10 0.00173451 0.00155261
8.1041e-10 0.00174558 0.00149549
8.10511e-10 0.00175676 0.00143857
8.10613e-10 0.00176804 0.00138191
8.10714e-10 0.00177942 0.00132557
8.10815e-10 0.00179091 0.0012696
8.10916e-10 0.00180249 0.00121407
8.11018e-10 0.00181416 0.00115902
8.11119e-10 0.00182593 0.00110452
8.1122e-10 0.00183777 0.00105062
8.11322e-10 0.0018497 0.000997401
8.11423e-10 0.0018617 0.00094491
8.11524e-10 0.00187377 0.000893214
8.11625e-10 0.00188591 0.000842378
8.11727e-10 0.00189811 0.000792466
8.11828e-10 0.00191036 0.000743544
8.11929e-10 0.00192266 0.000695679
8.1203e-10 0.00193501 0.000648939
8.12132e-10 0.00194739 0.000603393
8.12233e-10 0.00195981 0.000559109
8.12334e-10 0.00197225 0.000516158
8.12436e-10 0.00198472 0.00047461
8.12537e-10 0.0019972 0.000434538
8.12638e-10 0.00200969 0.000396014
8.12739e-10 0.00202218 0.000359112
8.12841e-10 0.00203466 0.000323904
8.12942e-10 0.00204713 0.000290466
8.13043e-10 0.00205959 0.000258873
8.13144e-10 0.00207201 0.000229201
8.13246e-10 0.00208441 0.000201526
8.13347e-10 0.00209676 0.000175926
8.13448e-10 0.00210906 0.000152478
8.1355e-10 0.00212131 0.00013126
8.13651e-10 0.00213349 0.000112351
8.13752e-10 0.00214561 9.58309e-05
8.13853e-10 0.00215764 8.17781e-05
8.13955e-10 0.00216958 7.02731e-05
8.14056e-10 0.00218143 6.13963e-05
8.14157e-10 0.00219317 5.52285e-05
8.14258e-10 0.0022048 5.18507e-05
8.1436e-10 0.00221631 5.13442e-05
8.14461e-10 0.00222769 5.37908e-05
8.14562e-10 0.00223893 5.9272e-05
8.14663e-10 0.00225003 6.787e-05
8.14765e-10 0.00226096 7.96668e-05
8.14866e-10 0.00227173 9.47447e-05
8.14967e-10 0.00228233 0.000113186
8.15069e-10 0.00229275 0.000135073
8.1517e-10 0.00230297 0.000160487
8.15271e-10 0.00231299 0.000189511
8.15372e-10 0.0023228 0.000222228
8.15474e-10 0.00233239 0.000258719
8.15575e-10 0.00234175 0.000299065
8.15676e-10 0.00235087 0.000343348
8.15777e-10 0.00235975 0.00039165
8.15879e-10 0.00236837 0.000444051
8.1598e-10 0.00237672 0.000500631
8.16081e-10 0.0023848 0.000561471
8.16183e-10 0.00239259 0.000626651
8.16284e-10 0.00240009 0.000696249
8.16385e-10 0.00240729 0.000770343
8.16486e-10 0.00241418 0.000849012
8.16588e-10 0.00242075 0.000932332
8.16689e-10 0.00242698 0.00102038
8.1679e-10 0.00243288 0.00111323
8.16891e-10 0.00243844 0.00121096
8.16993e-10 0.00244363 0.00131364
8.17094e-10 0.00244847 0.00142135
8.17195e-10 0.00245293 0.00153415
8.17296e-10 0.002457 0.00165212
8.17398e-10 0.0024607 0.00177533
8.17499e-10 0.00246399 0.00190384
8.176e-10 0.00246688 0.00203773
8.17702e-10 0.00246935 0.00217705
8.17803e-10 0.00247141 0.00232188
8.17904e-10 0.00247303 0.00247227
8.18005e-10 0.00247422 0.00262829
8.18107e-10 0.00247497 0.00278999
8.18208e-10 0.00247527 0.00295744
8.18309e-10 0.00247512 0.00313069
8.1841e-10 0.0024745 0.0033098
8.18512e-10 0.00247341 0.00349482
8.18613e-10 0.00247185 0.0036858
8.18714e-10 0.00246981 0.00388279
8.18816e-10 0.00246729 0.00408583
8.18917e-10 0.00246427 0.00429498
8.19018e-10 0.00246076 0.00451027
8.19119e-10 0.00245675 0.00473174
8.19221e-10 0.00245224 0.00495944
8.19322e-10 0.00244722 0.0051934
8.19423e-10 0.00244169 0.00543365
8.19524e-10 0.00243564 0.00568022
8.19626e-10 0.00242908 0.00593314
8.19727e-10 0.00242199 0.00619245
8.19828e-10 0.00241438 0.00645815
8.1993e-10 0.00240625 0.00673027
8.20031e-10 0.0023976 0.00700883
8.20132e-10 0.00238841 0.00729385
8.20233e-10 0.0023787 0.00758532
8.20335e-10 0.00236846 0.00788327
8.20436e-10 0.0023577 0.0081877
8.20537e-10 0.0023464 0.0084986
8.20638e-10 0.00233458 0.00881598
8.2074e-10 0.00232224 0.00913984
8.20841e-10 0.00230937 0.00947016
8.20942e-10 0.00229599 0.00980693
8.21043e-10 0.00228208 0.0101501
8.21145e-10 0.00226766 0.0104998
8.21246e-10 0.00225273 0.0108558
8.21347e-10 0.00223729 0.0112182
8.21449e-10 0.00222135 0.0115869
8.2155e-10 0.00220492 0.011962
8.21651e-10 0.00218799 0.0123433
8.21752e-10 0.00217057 0.0127308
8.21854e-10 0.00215267 0.0131245
8.21955e-10 0.00213431 0.0135244
8.22056e-10 0.00211547 0.0139303
8.22157e-10 0.00209618 0.0143423
8.22259e-10 0.00207644 0.0147601
8.2236e-10 0.00205626 0.0151839
8.22461e-10 0.00203565 0.0156135
8.22563e-10 0.00201461 0.0160489
8.22664e-10 0.00199317 0.0164899
8.22765e-10 0.00197132 0.0169364
8.22866e-10 0.00194909 0.0173885
8.22968e-10 0.00192647 0.0178459
8.23069e-10 0.00190349 0.0183086
8.2317e-10 0.00188016 0.0187765
8.23271e-10 0.00185649 0.0192495
8.23373e-10 0.00183249 0.0197274
8.23474e-10 0.00180818 0.0202102
8.23575e-10 0.00178357 0.0206977
8.23677e-10 0.00175868 0.0211898
8.23778e-10 0.00173351 0.0216863
8.23879e-10 0.0017081 0.0221872
8.2398e-10 0.00168244 0.0226922
8.24082e-10 0.00165656 0.0232012
8.24183e-10 0.00163048 0.0237141
8.24284e-10 0.00160421 0.0242308
8.24385e-10 0.00157777 0.0247509
8.24487e-10 0.00155118 0.0252745
8.24588e-10 0.00152445 0.0258012
8.24689e-10 0.00149761 0.0263309
8.2479e-10 0.00147066 0.0268635
8.24892e-10 0.00144363 0.0273987
8.24993e-10 0.00141655 0.0279364
8.25094e-10 0.00138942 0.0284763
8.25196e-10 0.00136226 0.0290182
8.25297e-10 0.0013351 0.029562
8.25398e-10 0.00130796 0.0301074
8.25499e-10 0.00128085 0.0306542
8.25601e-10 0.0012538 0.0312021
8.25702e-10 0.00122682 0.0317509
8.25803e-10 0.00119994 0.0323005
8.25904e-10 0.00117317 0.0328505
8.26006e-10 0.00114654 0.0334007
8.26107e-10 0.00112006 0.0339509
8.26208e-10 0.00109375 0.0345007
8.2631e-10 0.00106763 0.03505
8.26411e-10 0.00104173 0.0355985
8.26512e-10 0.00101606 0.0361459
8.26613e-10 0.000990648 0.0366919
8.26715e-10 0.000965503 0.0372362
8.26816e-10 0.000940648 0.0377786
8.26917e-10 0.000916101 0.0383188
8.27018e-10 0.000891882 0.0388564
8.2712e-10 0.000868007 0.0393913
8.27221e-10 0.000844496 0.039923
8.27322e-10 0.000821366 0.0404513
8.27424e-10 0.000798633 0.0409759
8.27525e-10 0.000776315 0.0414965
8.27626e-10 0.000754427 0.0420127
8.27727e-10 0.000732986 0.0425242
8.27829e-10 0.000712008 0.0430307
8.2793e-10 0.000691506 0.043532
8.28031e-10 0.000671497 0.0440276
8.28132e-10 0.000651992 0.0445172
8.28234e-10 0.000633007 0.0450005
8.28335e-10 0.000614554 0.0454772
8.28436e-10 0.000596645 0.0459469
8.28537e-10 0.000579291 0.0464093
8.28639e-10 0.000562505 0.0468641
8.2874e-10 0.000546296 0.0473108
8.28841e-10 0.000530675 0.0477493
8.28943e-10 0.00051565 0.048179
8.29044e-10 0.000501231 0.0485998
8.29145e-10 0.000487426 0.0490112
8.29246e-10 0.000474242 0.0494129
8.29348e-10 0.000461686 0.0498045
8.29449e-10 0.000449765 0.0501858
8.2955e-10 0.000438484 0.0505563
8.29651e-10 0.000427849 0.0509158
8.29753e-10 0.000417863 0.0512638
8.29854e-10 0.000408533 0.0516001
8.29955e-10 0.00039986 0.0519242
8.30057e-10 0.00039185 0.052236
8.30158e-10 0.000384503 0.052535
8.30259e-10 0.000377824 0.0528209
8.3036e-10 0.000371814 0.0530934
8.30462e-10 0.000366476 0.0533522
8.30563e-10 0.000361811 0.0535969
8.30664e-10 0.000357822 0.0538272
8.30765e-10 0.00035451 0.0540428
8.30867e-10 0.000351876 0.0542435
8.30968e-10 0.000349923 0.0544289
8.31069e-10 0.000348654 0.0545987
8.31171e-10 0.000348069 0.0547526
8.31272e-10 0.000348174 0.0548904
8.31373e-10 0.000348971 0.0550118
8.31474e-10 0.000350464 0.0551164
8.31576e-10 0.000352658 0.0552042
8.31677e-10 0.000355561 0.0552747
8.31778e-10 0.000359178 0.0553279
8.31879e-10 0.000363518 0.0553633
8.31981e-10 0.000368591 0.0553809
8.32082e-10 0.000374409 0.0553803
8.32183e-10 0.000380985 0.0553615
8.32284e-10 0.000388335 0.0553242
8.32386e-10 0.000396475 0.0552682
8.32487e-10 0.000405426 0.0551934
8.32588e-10 0.00041521 0.0550996
8.3269e-10 0.000425854 0.0549866
8.32791e-10 0.000437385 0.0548544
8.32892e-10 0.000449836 0.0547029
8.32993e-10 0.000463243 0.0545318
8.33095e-10 0.000477645 0.0543412
8.33196e-10 0.000493085 0.054131
8.33297e-10 0.000509614 0.0539011
8.33398e-10 0.000527282 0.0536515
8.335e-10 0.00054615 0.0533822
8.33601e-10 0.000566281 0.0530931
8.33702e-10 0.000587745 0.0527843
8.33804e-10 0.000610617 0.0524558
8.33905e-10 0.00063498 0.0521076
8.34006e-10 0.000660923 0.0517399
8.34107e-10 0.000688542 0.0513527
8.34209e-10 0.000717943 0.050946
8.3431e-10 0.000749236 0.0505202
8.34411e-10 0.000782543 0.0500752
8.34512e-10 0.000817994 0.0496113
8.34614e-10 0.000855726 0.0491286
8.34715e-10 0.000895889 0.0486274
8.34816e-10 0.000938642 0.0481079
8.34917e-10 0.000984152 0.0475703
8.35019e-10 0.0010326 0.047015
8.3512e-10 0.00108418 0.0464421
8.35221e-10 0.00113909 0.0458521
8.35323e-10 0.00119755 0.0452453
8.35424e-10 0.00125979 0.0446221
8.35525e-10 0.00132605 0.0439828
8.35626e-10 0.00139659 0.0433279
8.35728e-10 0.00147166 0.0426577
8.35829e-10 0.00155157 0.0419729
8.3593e-10 0.0016366 0.0412737
8.36031e-10 0.00172708 0.0405609
8.36133e-10 0.00182332 0.0398348
8.36234e-10 0.00192569 0.0390961
8.36335e-10 0.00203453 0.0383453
8.36437e-10 0.00215024 0.0375831
8.36538e-10 0.0022732 0.03681
8.36639e-10 0.00240384 0.0360267
8.3674e-10 0.00254258 0.035234
8.36842e-10 0.00268988 0.0344324
8.36943e-10 0.0028462 0.0336227
8.37044e-10 0.00301203 0.0328057
8.37145e-10 0.00318789 0.031982
8.37247e-10 0.0033743 0.0311526
8.37348e-10 0.0035718 0.0303182
8.37449e-10 0.00378096 0.0294796
8.37551e-10 0.00400236 0.0286376
8.37652e-10 0.00423662 0.0277932
8.37753e-10 0.00448435 0.0269473
8.37854e-10 0.00474619 0.0261006
8.37956e-10 0.00502282 0.0252542
8.38057e-10 0.00531492 0.0244089
8.38158e-10 0.00562317 0.0235657
8.38259e-10 0.00594832 0.0227256
8.38361e-10 0.00629109 0.0218896
8.38462e-10 0.00665225 0.0210585
8.38563e-10 0.00703257 0.0202335
8.38664e-10 0.00743283 0.0194156
8.38766e-10 0.00785386 0.0186056
8.38867e-10 0.00829648 0.0178048
8.38968e-10 0.00876152 0.017014
8.3907e-10 0.00924984 0.0162343
8.39171e-10 0.00976231 0.0154668
8.39272e-10 0.0102998 0.0147125
8.39373e-10 0.0108632 0.0139724
8.39475e-10 0.0114535 0.0132476
8.39576e-10 0.0120715 0.012539
8.39677e-10 0.0127181 0.0118478
8.39778e-10 0.0133943 0.0111748
8.3988e-10 0.014101 0.0105213
