6.9e-10 0.00195368 0.0284764
6.90101e-10 0.00181981 0.0278498
6.90203e-10 0.00169134 0.026753
6.90304e-10 0.0016188 0.0257891
6.90405e-10 0.00161065 0.0254312
6.90506e-10 0.00162977 0.025679
6.90608e-10 0.00162308 0.0260847
6.90709e-10 0.00156091 0.0261112
6.9081e-10 0.00145672 0.0255348
6.90911e-10 0.00135427 0.0245936
6.91013e-10 0.00129387 0.023784
6.91114e-10 0.00128351 0.023477
6.91215e-10 0.0012957 0.0236513
6.91317e-10 0.00129011 0.0239315
6.91418e-10 0.00124361 0.0238892
6.91519e-10 0.00116538 0.0233632
6.9162e-10 0.00108729 0.0225635
6.91722e-10 0.00103883 0.0218919
6.91823e-10 0.00102618 0.0216317
6.91924e-10 0.00103014 0.0217442
6.92025e-10 0.00102262 0.0219184
6.92127e-10 0.00098773 0.0218194
6.92228e-10 0.000931713 0.0213397
6.92329e-10 0.00087572 0.0206648
6.9243e-10 0.000838714 0.0201156
6.92532e-10 0.000824147 0.0199
6.92633e-10 0.000819676 0.0199646
6.92734e-10 0.000808394 0.0200516
6.92836e-10 0.000781711 0.0199057
6.92937e-10 0.000744147 0.0194653
6.93038e-10 0.00070767 0.018897
6.93139e-10 0.000681491 0.0184549
6.93241e-10 0.000665787 0.0182832
6.93342e-10 0.000653513 0.0183141
6.93443e-10 0.000637486 0.0183323
6.93544e-10 0.000616115 0.0181475
6.93646e-10 0.00059331 0.0177381
6.93747e-10 0.00057361 0.0172577
6.93848e-10 0.000557597 0.0169075
6.9395e-10 0.000541819 0.0167793
6.94051e-10 0.000522939 0.0167907
6.94152e-10 0.000501807 0.0167575
6.94253e-10 0.000483289 0.0165413
6.94355e-10 0.000471703 0.016154
6.94456e-10 0.000466006 0.0157429
6.94557e-10 0.000459469 0.0154695
6.94658e-10 0.000444832 0.015384
6.9476e-10 0.000420904 0.0153892
6.94861e-10 0.000394777 0.0153216
6.94962e-10 0.000377066 0.0150811
6.95064e-10 0.000373393 0.014708
6.95165e-10 0.000378962 0.0143482
6.95266e-10 0.000381162 0.0141366
6.95367e-10 0.000368897 0.0140917
6.95469e-10 0.000341674 0.0141024
6.9557e-10 0.000311033 0.0140163
6.95671e-10 0.0002925 0.0137595
6.95772e-10 0.000293731 0.0133939
6.95874e-10 0.000307916 0.0130688
6.95975e-10 0.000318026 0.0129037
6.96076e-10 0.000309267 0.012896
6.96177e-10 0.000280572 0.0129218
6.96279e-10 0.00024619 0.0128321
6.9638e-10 0.000225631 0.0125675
6.96481e-10 0.000229107 0.012205
6.96583e-10 0.000249373 0.0118998
6.96684e-10 0.000266447 0.0117662
6.96785e-10 0.000262138 0.0117901
6.96886e-10 0.000233756 0.0118381
6.96988e-10 0.000196643 0.0117582
6.97089e-10 0.000173281 0.0114953
6.9719e-10 0.000176739 0.0111341
6.97291e-10 0.000200695 0.0108364
6.97393e-10 0.000223642 0.0107196
6.97494e-10 0.000224464 0.0107677
6.97595e-10 0.000198059 0.0108419
6.97697e-10 0.000159408 0.0107833
6.97798e-10 0.00013289 0.0105323
6.97899e-10 0.000134488 0.0101733
6.98e-10 0.000159918 0.00987382
6.98102e-10 0.000187497 0.00976006
6.98203e-10 0.000193819 0.00982303
6.98304e-10 0.000170862 0.00992401
6.98405e-10 0.000131988 0.00989614
6.98507e-10 0.000102368 0.00966744
6.98608e-10 0.000100712 0.00931453
6.98709e-10 0.000125606 0.00900716
6.9881e-10 0.000156439 0.0088841
6.98912e-10 0.00016829 0.00895119
6.99013e-10 0.000149998 0.00907635
6.99114e-10 0.000112276 0.00908549
6.99216e-10 7.9981e-05 0.00888938
6.99317e-10 7.4134e-05 0.00854891
6.99418e-10 9.67348e-05 0.0082313
6.99519e-10 0.000129339 0.00808885
6.99621e-10 0.000146397 0.00814845
6.99722e-10 0.000133679 0.00829184
6.99823e-10 9.84754e-05 0.008341
6.99924e-10 6.42592e-05 0.00818665
7.00026e-10 5.37447e-05 0.00786711
7.00127e-10 7.2585e-05 0.00754068
7.00228e-10 0.000105422 0.00737162
7.0033e-10 0.000127031 0.00741211
7.00431e-10 0.000120449 0.00756491
7.00532e-10 8.90412e-05 0.00765336
7.00633e-10 5.39212e-05 0.00754805
7.00735e-10 3.87106e-05 0.00725923
7.00836e-10 5.2661e-05 0.00692906
7.00937e-10 8.42021e-05 0.0067297
7.01038e-10 0.000109403 0.00674041
7.0114e-10 0.000109141 0.00689154
7.01241e-10 8.26458e-05 0.00701472
7.01342e-10 4.78234e-05 0.00696298
7.01444e-10 2.83077e-05 0.00671498
7.01545e-10 3.66149e-05 0.00638939
7.01646e-10 6.54166e-05 0.00615998
7.01747e-10 9.3004e-05 0.00613227
7.01849e-10 9.88595e-05 0.00626935
7.0195e-10 7.81539e-05 0.00641899
7.02051e-10 4.49241e-05 0.00642185
7.02152e-10 2.18675e-05 0.00622392
7.02254e-10 2.41827e-05 0.00591367
7.02355e-10 4.8968e-05 0.00565863
7.02456e-10 7.75631e-05 0.00558687
7.02557e-10 8.89561e-05 0.0056974
7.02659e-10 7.46135e-05 0.00586203
7.0276e-10 4.42647e-05 0.00591648
7.02861e-10 1.8738e-05 0.00577581
7.02963e-10 1.51292e-05 0.00549307
7.03064e-10 3.48686e-05 0.00522077
7.03165e-10 6.30095e-05 0.00510323
7.03266e-10 7.90157e-05 0.00517588
7.03368e-10 7.12542e-05 0.00534173
7.03469e-10 4.4965e-05 0.00544054
7.0357e-10 1.82604e-05 0.00536109
7.03671e-10 9.20296e-06 0.00511805
7.03773e-10 2.31865e-05 0.00484023
7.03874e-10 4.94306e-05 0.00467964
7.03975e-10 6.88391e-05 0.00470563
7.04077e-10 6.74913e-05 0.00485786
7.04178e-10 4.62309e-05 0.00498981
7.04279e-10 1.97593e-05 0.0049714
7.0438e-10 6.10132e-06 0.00477882
7.04482e-10 1.39952e-05 0.00450953
7.04583e-10 3.70258e-05 0.0043132
7.04684e-10 5.84216e-05 0.00428756
7.04785e-10 6.29319e-05 0.00441175
7.04887e-10 4.73713e-05 0.00456239
7.04988e-10 2.25481e-05 0.00460011
7.05089e-10 5.44797e-06 0.0044658
7.05191e-10 7.32682e-06 0.00422
7.05292e-10 2.60581e-05 0.00399947
7.05393e-10 4.7924e-05 0.00392198
7.05494e-10 5.73767e-05 0.00400578
7.05596e-10 4.7821e-05 0.00415862
7.05697e-10 2.59468e-05 0.00424282
7.05798e-10 6.78437e-06 0.00417033
7.05899e-10 3.13384e-06 0.00396218
7.06001e-10 1.6802e-05 0.00373227
7.06102e-10 3.76363e-05 0.00360792
7.06203e-10 5.08159e-05 0.00364262
7.06304e-10 4.71646e-05 0.0037808
7.06406e-10 2.93111e-05 0.00389764
7.06507e-10 9.57608e-06 0.00388536
7.06608e-10 1.26027e-06 0.00372641
7.0671e-10 9.493e-06 0.00350375
7.06811e-10 2.79319e-05 0.0033426
7.06912e-10 4.3415e-05 0.00332447
7.07013e-10 4.51574e-05 0.00343264
7.07115e-10 3.20685e-05 0.00356525
7.07216e-10 1.32341e-05 0.00360608
7.07317e-10 1.42735e-06 0.00350364
7.07418e-10 4.28054e-06 0.00330478
7.0752e-10 1.92156e-05 0.00312112
7.07621e-10 3.54868e-05 0.0030522
7.07722e-10 4.17376e-05 0.00311839
7.07824e-10 3.37577e-05 0.00324866
7.07925e-10 1.71495e-05 0.00333041
7.08026e-10 3.23535e-06 0.00328627
7.08127e-10 1.19088e-06 0.00312562
7.08229e-10 1.18671e-05 0.00293649
7.0833e-10 2.74517e-05 0.00282462
7.08431e-10 3.70257e-05 0.00284192
7.08532e-10 3.40653e-05 0.0029526
7.08634e-10 2.07393e-05 0.00305912
7.08735e-10 6.18315e-06 0.00306899
7.08836e-10 1.03374e-07 0.00295683
7.08938e-10 6.18703e-06 0.00277993
7.09039e-10 1.97854e-05 0.00263808
7.0914e-10 3.13075e-05 0.00260572
7.09241e-10 3.28524e-05 0.00268262
7.09343e-10 2.34963e-05 0.00279567
7.09444e-10 9.70487e-06 0.00284941
7.09545e-10 7.4514e-07 0.00279032
7.09646e-10 2.34923e-06 0.00264171
7.09748e-10 1.29589e-05 0.00248636
7.09849e-10 2.49998e-05 0.00240998
7.0995e-10 3.01677e-05 0.00244393
7.10051e-10 2.50388e-05 0.00254554
7.10153e-10 1.32205e-05 0.00262829
7.10254e-10 2.70632e-06 0.00262036
7.10355e-10 3.67803e-07 0.00251214
7.10457e-10 7.37677e-06 0.00236112
7.10558e-10 1.85995e-05 0.00225211
7.10659e-10 2.62401e-05 0.00224028
7.1076e-10 2.51508e-05 0.0023152
7.10862e-10 1.61952e-05 0.00240937
7.10963e-10 5.47627e-06 0.00244432
7.11064e-10 8.3766e-08 0.00238285
7.11165e-10 3.32088e-06 0.0022527
7.11267e-10 1.262e-05 0.00212656
7.11368e-10 2.14499e-05 0.00207291
7.11469e-10 2.38058e-05 0.00211083
7.11571e-10 1.81984e-05 0.00219866
7.11672e-10 8.49765e-06 0.00226298
7.11773e-10 1.17544e-06 0.00224789
7.11874e-10 9.08215e-07 0.00215139
7.11976e-10 7.5239e-06 0.00202534
7.12077e-10 1.62793e-05 0.00193993
7.12178e-10 2.11682e-05 0.00193699
7.12279e-10 1.89555e-05 0.00200322
7.12381e-10 1.12321e-05 0.00208036
7.12482e-10 3.19361e-06 0.00210463
7.12583e-10 7.04287e-08 0.00204877
7.12684e-10 3.65809e-06 0.00193896
7.12786e-10 1.1246e-05 0.00183623
7.12887e-10 1.75687e-05 0.0017955
7.12988e-10 1.83804e-05 0.00182979
7.1309e-10 1.32281e-05 0.00190282
7.13191e-10 5.61821e-06 0.00195408
7.13292e-10 5.60186e-07 0.00193905
7.13393e-10 1.20476e-06 0.00185789
7.13495e-10 6.83003e-06 0.00175405
7.13596e-10 1.34556e-05 0.00168475
7.13697e-10 1.65833e-05 0.00168323
7.13798e-10 1.41805e-05 0.00173777
7.139e-10 7.92941e-06 0.00180058
7.14001e-10 1.98589e-06 0.00181996
7.14102e-10 1.55349e-07 0.00177403
7.14204e-10 3.40339e-06 0.00168416
7.14305e-10 9.3252e-06 0.00159975
7.14406e-10 1.38488e-05 0.00156541
7.14507e-10 1.39696e-05 0.00159203
7.14609e-10 9.68194e-06 0.0016508
7.1471e-10 3.87118e-06 0.00169299
7.14811e-10 3.14946e-07 0.00168216
7.14912e-10 1.17535e-06 0.00161741
7.15014e-10 5.64456e-06 0.00153286
7.15115e-10 1.05857e-05 0.00147455
7.15216e-10 1.26723e-05 0.00147027
7.15318e-10 1.05698e-05 0.00151217
7.15419e-10 5.73049e-06 0.00156293
7.1552e-10 1.33824e-06 0.00158075
7.15621e-10 1.64392e-07 0.00154645
7.15723e-10 2.77658e-06 0.00147517
7.15824e-10 7.25482e-06 0.00140549
7.15925e-10 1.05396e-05 0.00137385
7.16026e-10 1.04686e-05 0.00139116
7.16128e-10 7.14778e-06 0.0014366
7.16229e-10 2.79256e-06 0.00147202
7.1633e-10 2.03525e-07 0.00146704
7.16431e-10 9.23842e-07 0.00141827
7.16533e-10 4.28813e-06 0.00135065
7.16634e-10 7.94377e-06 0.00130045
7.16735e-10 9.44527e-06 0.00129169
7.16837e-10 7.8431e-06 0.00132113
7.16938e-10 4.23721e-06 0.00136126
7.17039e-10 9.80019e-07 0.00137874
7.1714e-10 1.02154e-07 0.00135593
7.17242e-10 2.01261e-06 0.00130163
7.17343e-10 5.3026e-06 0.00124453
7.17444e-10 7.73247e-06 0.0012142
7.17545e-10 7.71317e-06 0.00122216
7.17647e-10 5.30386e-06 0.00125521
7.17748e-10 2.10289e-06 0.00128469
7.17849e-10 1.5087e-07 0.0012853
7.17951e-10 5.96685e-07 0.00125113
7.18052e-10 2.99667e-06 0.00119867
7.18153e-10 5.67026e-06 0.00115551
7.18254e-10 6.83586e-06 0.00114241
7.18356e-10 5.76072e-06 0.0011603
7.18457e-10 3.1848e-06 0.00119051
7.18558e-10 7.79019e-07 0.00120729
7.18659e-10 3.03675e-08 0.00119447
7.18761e-10 1.29629e-06 0.00115533
7.18862e-10 3.62745e-06 0.00110976
7.18963e-10 5.43681e-06 0.00108101
7.19065e-10 5.54596e-06 0.00108084
7.19166e-10 3.92047e-06 0.00110253
7.19267e-10 1.63774e-06 0.00112588
7.19368e-10 1.44817e-07 0.00113049
7.1947e-10 3.15553e-07 0.00110872
7.19571e-10 1.91994e-06 0.00106994
7.19672e-10 3.82486e-06 0.00103392
7.19773e-10 4.76182e-06 0.00101793
7.19875e-10 4.14303e-06 0.00102595
7.19976e-10 2.4023e-06 0.00104669
7.20077e-10 6.67014e-07 0.00106143
7.20178e-10 4.56703e-09 0.00105608
7.2028e-10 7.45643e-07 0.00102986
7.20381e-10 2.31174e-06 0.000995219
7.20482e-10 3.63065e-06 0.000969374
7.20584e-10 3.84444e-06 0.000963301
7.20685e-10 2.84348e-06 0.000975103
7.20786e-10 1.29608e-06 0.000991802
7.20887e-10 1.81805e-07 0.000998007
7.20989e-10 1.52469e-07 0.000985691
7.2109e-10 1.1364e-06 0.000958875
7.21191e-10 2.42423e-06 0.000930523
7.21292e-10 3.15474e-06 0.00091397
7.21394e-10 2.86967e-06 0.000914547
7.21495e-10 1.781e-06 0.000926636
7.21596e-10 5.97755e-07 0.000937746
7.21698e-10 4.74848e-08 0.000936692
7.21799e-10 4.14337e-07 0.000920529
7.219e-10 1.38571e-06 0.000895966
7.22001e-10 2.28647e-06 0.00087465
7.22103e-10 2.52866e-06 0.000865605
7.22204e-10 1.97826e-06 0.000869728
7.22305e-10 1.01145e-06 0.000879676
7.22406e-10 2.43885e-07 0.000884922
7.22508e-10 1.25588e-07 0.000878529
7.22609e-10 6.66875e-07 0.000861283
7.2271e-10 1.46099e-06 0.000840753
7.22812e-10 1.96965e-06 0.000826145
7.22913e-10 1.87296e-06 0.000822439
7.23014e-10 1.25696e-06 0.000827522
7.23115e-10 5.30703e-07 0.000833949
7.23217e-10 1.43969e-07 0.000833947
7.23318e-10 2.98917e-07 0.000824317
7.23419e-10 8.39784e-07 0.000808147
7.2352e-10 1.37832e-06 0.000792462
7.23622e-10 1.55818e-06 0.000783543
7.23723e-10 1.27941e-06 0.000783019
7.23824e-10 7.42458e-07 0.000787149
7.23925e-10 2.96696e-07 0.000789558
7.24027e-10 2.05179e-07 0.00078545
7.24128e-10 4.82931e-07 0.00077454
7.24229e-10 9.0735e-07 0.000760917
7.24331e-10 1.18096e-06 0.000750127
7.24432e-10 1.12968e-06 0.000745529
7.24533e-10 8.0529e-07 0.000746296
7.24634e-10 4.32927e-07 0.00074825
7.24736e-10 2.49592e-07 0.0007468
7.24837e-10 3.47832e-07 0.000739939
7.24938e-10 6.26881e-07 0.000729367
7.25039e-10 8.75428e-07 0.000719117
7.25141e-10 9.21384e-07 0.000712746
7.25242e-10 7.44004e-07 0.00071102
7.25343e-10 4.75984e-07 0.000711586
7.25445e-10 3.01677e-07 0.000710746
7.25546e-10 3.27195e-07 0.000706017
7.25647e-10 5.12565e-07 0.000697743
7.25748e-10 7.08721e-07 0.000688709
7.2585e-10 7.68136e-07 0.000682122
7.25951e-10 6.48811e-07 0.000679385
7.26052e-10 4.39561e-07 0.000679187
7.26153e-10 2.91945e-07 0.000678497
7.26255e-10 3.09702e-07 0.000674721
7.26356e-10 4.74747e-07 0.000667513
7.26457e-10 6.61342e-07 0.000659002
7.26559e-10 7.27258e-07 0.000652287
7.2666e-10 6.16737e-07 0.000649256
7.26761e-10 4.02169e-07 0.000649243
7.26862e-10 2.34581e-07 0.000649446
7.26964e-10 2.37019e-07 0.000646848
7.27065e-10 4.1535e-07 0.000640326
7.27166e-10 6.49728e-07 0.000631497
7.27267e-10 7.74674e-07 0.000623689
7.27369e-10 6.94056e-07 0.000619705
7.2747e-10 4.51744e-07 0.000619863
7.27571e-10 2.0743e-07 0.000621673
7.27672e-10 1.3112e-07 0.00062141
7.27774e-10 2.86168e-07 0.000616593
7.27875e-10 5.80671e-07 0.00060772
7.27976e-10 8.22919e-07 0.000598075
7.28078e-10 8.47073e-07 0.000591649
7.28179e-10 6.26549e-07 0.000590514
7.2828e-10 2.98239e-07 0.000593355
7.28381e-10 7.80006e-08 0.000596184
7.28483e-10 1.19994e-07 0.000594851
7.28584e-10 4.11575e-07 0.000587761
7.28685e-10 7.74777e-07 0.000577026
7.28786e-10 9.77091e-07 0.00056725
7.28888e-10 8.8221e-07 0.000562638
7.28989e-10 5.42986e-07 0.000564259
7.2909e-10 1.73839e-07 0.000569231
7.29192e-10 1.68491e-08 0.000572421
7.29293e-10 1.85484e-07 0.000569651
7.29394e-10 5.86824e-07 0.000560411
7.29495e-10 9.7492e-07 0.000548315
7.29597e-10 1.10451e-06 0.000538942
7.29698e-10 8.88679e-07 0.000536363
7.29799e-10 4.59254e-07 0.000540511
7.299e-10 8.85574e-08 0.000547087
7.30002e-10 1.93196e-08 0.000550139
7.30103e-10 3.09179e-07 0.000545759
7.30204e-10 7.89306e-07 0.000534602
7.30305e-10 1.16605e-06 0.000521602
7.30407e-10 1.2041e-06 0.000513008
7.30508e-10 8.76742e-07 0.000512515
7.30609e-10 3.87289e-07 0.000518887
7.30711e-10 4.57878e-08 0.000526604
7.30812e-10 7.59447e-08 0.000529179
7.30913e-10 4.72747e-07 0.000523168
7.31014e-10 1.00123e-06 0.000510374
7.31116e-10 1.33954e-06 0.000496854
7.31217e-10 1.27892e-06 0.000489269
7.31318e-10 8.56152e-07 0.000490787
7.31419e-10 3.34661e-07 0.000499057
7.31521e-10 4.38352e-08 0.000507539
7.31622e-10 1.74848e-07 0.000509441
7.31723e-10 6.5967e-07 0.000501884
7.31825e-10 1.20965e-06 0.000487746
7.31926e-10 1.49165e-06 0.000473999
7.32027e-10 1.33401e-06 0.000467523
7.32128e-10 8.34917e-07 0.000470895
7.3223e-10 3.04924e-07 0.000480745
7.32331e-10 7.75408e-08 0.000489712
7.32432e-10 3.03569e-07 0.000490863
7.32533e-10 8.56121e-07 0.000481919
7.32635e-10 1.40591e-06 0.000466709
7.32736e-10 1.62192e-06 0.000452939
7.32837e-10 1.37495e-06 0.000447567
7.32939e-10 8.18791e-07 0.00045258
7.3304e-10 2.98362e-07 0.000463723
7.33141e-10 1.39753e-07 0.000472987
7.33242e-10 4.50302e-07 0.000473407
7.33344e-10 1.05122e-06 0.000463275
7.33445e-10 1.58484e-06 0.000447234
7.33546e-10 1.73194e-06 0.000433558
7.33647e-10 1.40687e-06 0.000429204
7.33749e-10 8.11269e-07 0.000435619
7.3385e-10 3.1288e-07 0.000447806
7.33951e-10 2.22514e-07 0.000457262
7.34052e-10 6.04624e-07 0.000457044
7.34154e-10 1.23687e-06 0.000445946
7.34255e-10 1.74384e-06 0.000429276
7.34356e-10 1.82424e-06 0.000415738
7.34458e-10 1.43398e-06 0.000412255
7.34559e-10 8.13881e-07 0.000419818
7.3466e-10 3.44872e-07 0.000432843
7.34761e-10 3.17928e-07 0.000442454
7.34863e-10 7.57829e-07 0.000441746
7.34964e-10 1.40741e-06 0.000429915
7.35065e-10 1.8821e-06 0.000412779
7.35166e-10 1.90167e-06 0.000399364
7.35268e-10 1.45938e-06 0.00039656
7.35369e-10 8.26629e-07 0.000405014
7.3547e-10 3.89968e-07 0.00041871
7.35572e-10 4.18742e-07 0.000428494
7.35673e-10 9.02983e-07 0.000427482
7.35774e-10 1.5591e-06 0.000415151
7.35875e-10 1.99991e-06 0.000397679
7.35977e-10 1.96685e-06 0.000384327
7.36078e-10 1.48508e-06 0.00038198
7.36179e-10 8.48451e-07 0.000391073
7.3628e-10 4.43623e-07 0.000405303
7.36382e-10 5.18673e-07 0.000415317
7.36483e-10 1.03481e-06 0.000414215
7.36584e-10 1.68969e-06 0.000401617
7.36686e-10 2.09813e-06 0.000383915
7.36787e-10 2.02201e-06 0.000370534
7.36888e-10 1.51215e-06 0.000368405
7.36989e-10 8.77665e-07 0.000377885
7.37091e-10 5.01543e-07 0.000392532
7.37192e-10 6.12564e-07 0.00040286
7.37293e-10 1.14949e-06 0.000401895
7.37394e-10 1.79798e-06 0.000389263
7.37496e-10 2.17784e-06 0.000371423
7.37597e-10 2.06881e-06 0.000357905
7.37698e-10 1.54094e-06 0.000355743
7.37799e-10 9.12319e-07 0.000365363
7.37901e-10 5.59964e-07 0.000380321
7.38002e-10 6.96416e-07 0.000391058
7.38103e-10 1.24442e-06 0.000390466
7.38205e-10 1.88349e-06 0.000378032
7.38306e-10 2.24007e-06 0.000360144
7.38407e-10 2.10837e-06 0.000346378
7.38508e-10 1.57129e-06 0.000343931
7.3861e-10 9.50479e-07 0.000353439
7.38711e-10 6.15826e-07 0.000368601
7.38812e-10 7.67334e-07 0.000379841
7.38913e-10 1.318e-06 0.000379858
7.39015e-10 1.94616e-06 0.00036786
7.39116e-10 2.28567e-06 0.000350021
7.39217e-10 2.14131e-06 0.000335905
7.39319e-10 1.60269e-06 0.000332926
7.3942e-10 9.90413e-07 0.000342067
7.39521e-10 6.6684e-07 0.000357314
7.39622e-10 8.23444e-07 0.000369136
7.39724e-10 1.36941e-06 0.000369991
7.39825e-10 1.98622e-06 0.000358673
7.39926e-10 2.31525e-06 0.000341
7.40027e-10 2.16779e-06 0.000326452
7.40129e-10 1.63444e-06 0.000322705
7.4023e-10 1.03071e-06 0.000331219
7.40331e-10 7.11506e-07 0.000346409
7.40433e-10 8.63792e-07 0.000358867
7.40534e-10 1.39849e-06 0.000360774
7.40635e-10 2.00402e-06 0.000350388
7.40736e-10 2.32911e-06 0.000333024
7.40838e-10 2.1876e-06 0.000317997
7.40939e-10 1.66573e-06 0.000313266
7.4104e-10 1.07033e-06 0.000320888
7.41141e-10 7.49074e-07 0.000335849
7.41243e-10 8.88239e-07 0.000348958
7.41344e-10 1.40563e-06 0.000352108
7.41445e-10 2.00002e-06 0.00034291
7.41546e-10 2.3273e-06 0.000326034
7.41648e-10 2.2002e-06 0.000310525
7.41749e-10 1.6957e-06 0.000304626
7.4185e-10 1.10861e-06 0.000311086
7.41952e-10 7.79482e-07 0.000325611
7.42053e-10 8.9737e-07 0.000339335
7.42154e-10 1.39165e-06 0.000343885
7.42255e-10 1.97472e-06 0.000336133
7.42357e-10 2.30962e-06 0.000319963
7.42458e-10 2.20479e-06 0.000304025
7.42559e-10 1.72345e-06 0.000296814
7.4266e-10 1.14518e-06 0.000301846
7.42762e-10 8.03267e-07 0.000315688
7.42863e-10 8.92415e-07 0.000329935
7.42964e-10 1.35784e-06 0.000335991
7.43066e-10 1.92875e-06 0.000329939
7.43167e-10 2.27572e-06 0.000314729
7.43268e-10 2.20033e-06 0.000298481
7.43369e-10 1.74801e-06 0.000289869
7.43471e-10 1.17993e-06 0.00029322
7.43572e-10 8.21455e-07 0.000306096
7.43673e-10 8.75167e-07 0.000320703
7.43774e-10 1.30589e-06 0.000328315
7.43876e-10 1.86287e-06 0.000324194
7.43977e-10 2.22513e-06 0.000310236
7.44078e-10 2.18556e-06 0.000293867
7.44179e-10 1.76831e-06 0.000283834
7.44281e-10 1.21286e-06 0.00028528
7.44382e-10 8.35439e-07 0.000296876
7.44483e-10 8.47909e-07 0.000311609
7.44585e-10 1.23793e-06 0.000320749
7.44686e-10 1.77808e-06 0.000318757
7.44787e-10 2.15738e-06 0.000306369
7.44888e-10 2.1591e-06 0.000290143
7.4499e-10 1.78312e-06 0.00027875
7.45091e-10 1.24398e-06 0.00027811
7.45192e-10 8.46839e-07 0.000288095
7.45293e-10 8.1333e-07 0.000302647
7.45395e-10 1.15655e-06 0.0003132
7.45496e-10 1.67572e-06 0.00031348
7.45597e-10 2.07213e-06 0.000302988
7.45699e-10 2.11941e-06 0.00028724
7.458e-10 1.79101e-06 0.000274646
7.45901e-10 1.27315e-06 0.000271805
7.46002e-10 8.57334e-07 0.000279847
7.46104e-10 7.74421e-07 0.000293844
7.46205e-10 1.06479e-06 0.000305596
7.46306e-10 1.55755e-06 0.000308214
7.46407e-10 1.96925e-06 0.000299935
7.46509e-10 2.06497e-06 0.000285062
7.4661e-10 1.79028e-06 0.000271526
7.46711e-10 1.29995e-06 0.00026646
7.46813e-10 8.68492e-07 0.000272253
7.46914e-10 7.3435e-07 0.000285266
7.47015e-10 9.66115e-07 0.000297898
7.47116e-10 1.42587e-06 0.00030282
7.47218e-10 1.84901e-06 0.000297032
7.47319e-10 1.9943e-06 0.000283476
7.4742e-10 1.77901e-06 0.000269364
7.47521e-10 1.32355e-06 0.000262158
7.47623e-10 8.81571e-07 0.000265451
7.47724e-10 6.96297e-07 0.00027702
7.47825e-10 8.64394e-07 0.000290108
7.47926e-10 1.28358e-06 0.000297183
7.48028e-10 1.71224e-06 0.000294091
7.48129e-10 1.90615e-06 0.000282312
7.4823e-10 1.75506e-06 0.00026809
7.48332e-10 1.34262e-06 0.000258958
7.48433e-10 8.97322e-07 0.000259587
7.48534e-10 6.63257e-07 0.000269253
7.48635e-10 7.63775e-07 0.000282283
7.48737e-10 1.13426e-06 0.000291222
7.48838e-10 1.56046e-06 0.000290928
7.48939e-10 1.79968e-06 0.000281368
7.4904e-10 1.71616e-06 0.000267583
7.49142e-10 1.35524e-06 0.000256879
7.49243e-10 9.158e-07 0.000254804
7.49344e-10 6.378e-07 0.000262144
7.49446e-10 6.68534e-07 0.000274535
7.49547e-10 9.82101e-07 0.00028491
7.49648e-10 1.39606e-06 0.000287376
7.49749e-10 1.67466e-06 0.000280416
7.49851e-10 1.66013e-06 0.000267667
7.49952e-10 1.35898e-06 0.000255882
7.50053e-10 9.36204e-07 0.000251218
7.50154e-10 6.21814e-07 0.000255895
7.50256e-10 5.82835e-07 0.000267035
7.50357e-10 8.31895e-07 0.000278285
7.50458e-10 1.22242e-06 0.000283308
7.5056e-10 1.53175e-06 0.00027922
7.50661e-10 1.58504e-06 0.000268114
7.50762e-10 1.35092e-06 0.000255864
7.50863e-10 9.56769e-07 0.000248897
7.50965e-10 6.16234e-07 0.000250708
7.51066e-10 5.10432e-07 0.000260003
7.51167e-10 6.88803e-07 0.00027146
7.51268e-10 1.04389e-06 0.000278657
7.5137e-10 1.37269e-06 0.000277557
7.51471e-10 1.48958e-06 0.000268652
7.51572e-10 1.32792e-06 0.000256642
7.51673e-10 9.74756e-07 0.000247844
7.51775e-10 6.208e-07 0.000246765
7.51876e-10 4.54316e-07 0.000253699
7.51977e-10 5.58087e-07 0.000264628
7.52079e-10 8.6576e-07 0.00027344
7.5218e-10 1.2005e-06 0.000275246
7.52281e-10 1.3734e-06 0.000268991
7.52382e-10 1.2869e-06 0.000257963
7.52484e-10 9.86552e-07 0.000247972
7.52585e-10 6.33874e-07 0.000244189
7.52686e-10 4.16326e-07 0.000248392
7.52787e-10 4.44711e-07 0.000258054
7.52889e-10 6.94083e-07 0.000267767
7.5299e-10 1.01961e-06 0.000272177
7.53091e-10 1.23743e-06 0.000268846
7.53193e-10 1.22527e-06 0.000259512
7.53294e-10 9.87923e-07 0.000249096
7.53395e-10 6.5238e-07 0.000243025
7.53496e-10 3.96786e-07 0.000244327
7.53598e-10 3.52856e-07 0.000252054
7.53699e-10 5.35273e-07 0.000261854
7.538e-10 8.35817e-07 0.00026834
7.53901e-10 1.08422e-06 0.000267978
7.54003e-10 1.14146e-06 0.000260937
7.54104e-10 9.74437e-07 0.000250934
7.54205e-10 6.71901e-07 0.000243204
7.54307e-10 3.94213e-07 0.000241687
7.54408e-10 2.85377e-07 0.000246965
7.54509e-10 3.9561e-07 0.000256008
7.5461e-10 6.56042e-07 0.000263846
7.54712e-10 9.1816e-07 0.000266235
7.54813e-10 1.0354e-06 0.000261893
7.54914e-10 9.42038e-07 0.000253124
7.55015e-10 6.86994e-07 0.000244534
7.55117e-10 4.05187e-07 0.000240552
7.55218e-10 2.43269e-07 0.000243096
7.55319e-10 2.80578e-07 0.000250607
7.5542e-10 4.87914e-07 0.000258936
7.55522e-10 7.45475e-07 0.000263588
7.55623e-10 9.09025e-07 0.000262089
7.55724e-10 8.87741e-07 0.000255257
7.55826e-10 6.91732e-07 0.0002467
7.55927e-10 4.2444e-07 0.000240864
7.56028e-10 2.25244e-07 0.000240679
7.56129e-10 1.9412e-07 0.000246049
7.56231e-10 3.39079e-07 0.000253968
7.56332e-10 5.73966e-07 0.000260158
7.56433e-10 7.66602e-07 0.00026134
7.56534e-10 8.10373e-07 0.00025693
7.56636e-10 6.80486e-07 0.000249288
7.56737e-10 4.45258e-07 0.000242412
7.56838e-10 2.27516e-07 0.000239815
7.5694e-10 1.37903e-07 0.000242698
7.57041e-10 2.16319e-07 0.000249375
7.57142e-10 4.12453e-07 0.000256223
7.57243e-10 6.14759e-07 0.000259616
7.57345e-10 7.11233e-07 0.000257816
7.57446e-10 6.48858e-07 0.000251835
7.57547e-10 4.602e-07 0.000244836
7.57648e-10 2.43915e-07 0.000240437
7.5775e-10 1.1074e-07 0.000240814
7.57851e-10 1.24557e-07 0.000245613
7.57952e-10 2.69869e-07 0.000252196
7.58053e-10 4.62174e-07 0.00025707
7.58155e-10 5.94536e-07 0.000257723
7.58256e-10 5.94679e-07 0.0002539
7.58357e-10 4.62137e-07 0.000247669
7.58459e-10 2.66418e-07 0.000242289
7.5856e-10 1.08315e-07 0.00024049
7.58661e-10 6.58944e-08 0.000243076
7.58762e-10 1.54093e-07 0.000248569
7.58864e-10 3.18802e-07 0.000254038
7.58965e-10 4.67456e-07 0.000256653
7.59066e-10 5.18874e-07 0.000255144
7.59167e-10 4.45506e-07 0.000250401
7.59269e-10 2.86143e-07 0.000244954
7.5937e-10 1.2338e-07 0.000241612
7.59471e-10 3.8878e-08 0.000242016
7.59573e-10 7.06434e-08 0.000245834
7.59674e-10 1.94662e-07 0.000250997
7.59775e-10 3.39646e-07 0.000254824
7.59876e-10 4.25981e-07 0.000255409
7.59978e-10 4.07594e-07 0.000252578
7.60079e-10 2.94743e-07 0.000247907
7.6018e-10 1.46533e-07 0.000243854
7.60281e-10 3.82349e-08 0.000242472
7.60383e-10 2.14656e-08 0.000244377
7.60484e-10 9.82812e-08 0.000248489
7.60585e-10 2.22139e-07 0.000252653
7.60687e-10 3.24104e-07 0.000254778
7.60788e-10 3.49591e-07 0.000253899
7.60889e-10 2.86051e-07 0.000250616
7.6099e-10 1.67611e-07 0.000246721
7.61092e-10 5.52774e-08 0.000244239
7.61193e-10 4.11063e-09 0.000244389
7.61294e-10 3.50343e-08 0.000247004
7.61395e-10 1.25683e-07 0.000250688
7.61497e-10 2.24108e-07 0.000253576
7.61598e-10 2.77096e-07 0.000254302
7.61699e-10 2.57671e-07 0.00025266
7.618e-10 1.7758e-07 0.000249644
7.61902e-10 7.9113e-08 0.000246885
7.62003e-10 1.16144e-08 0.000245792
7.62104e-10 5.70864e-09 0.000246864
7.62206e-10 5.86964e-08 0.000249488
7.62307e-10 1.38001e-07 0.000252322
7.62408e-10 1.9978e-07 0.000254006
7.62509e-10 2.12134e-07 0.000253847
7.62611e-10 1.70628e-07 0.000252113
7.62712e-10 9.86309e-08 0.000249835
7.62813e-10 3.33418e-08 0.000248239
7.62914e-10 5.73463e-09 0.000248119
7.63016e-10 2.52293e-08 0.000249484
7.63117e-10 7.66386e-08 0.000251615
7.63218e-10 1.30004e-07 0.000253483
7.6332e-10 1.5718e-07 0.000254286
7.63421e-10 1.4602e-07 0.000253819
7.63522e-10 1.0502e-07 0.000252516
7.63623e-10 5.68967e-08 0.00025117
7.63725e-10 2.5484e-08 0.000250508
7.63826e-10 2.34415e-08 0.000250842
7.63927e-10 4.7107e-08 0.000251972
7.64028e-10 8.04183e-08 0.000253349
7.6413e-10 1.04811e-07 0.000254393
7.64231e-10 1.09139e-07 0.000254771
7.64332e-10 9.43304e-08 0.000254522
7.64434e-10 7.09412e-08 0.000253966
7.64535e-10 5.1911e-08 0.000253498
7.64636e-10 4.51885e-08 0.000253382
7.64737e-10 5.03959e-08 0.00025366
7.64839e-10 6.08514e-08 0.000254195
7.6494e-10 6.89551e-08 0.000254795
7.65041e-10 7.11525e-08 0.000255332
7.65142e-10 6.93783e-08 0.000255772
7.65244e-10 6.84386e-08 0.000256136
7.65345e-10 7.1522e-08 0.000256427
7.65446e-10 7.71921e-08 0.000256594
7.65547e-10 8.01132e-08 0.000256574
7.65649e-10 7.51407e-08 0.000256379
7.6575e-10 6.19757e-08 0.000256152
7.65851e-10 4.69575e-08 0.000256143
7.65953e-10 4.02286e-08 0.000256581
7.66054e-10 4.9517e-08 0.000257514
7.66155e-10 7.42466e-08 0.000258722
7.66256e-10 1.03986e-07 0.000259772
7.66358e-10 1.22977e-07 0.00026022
7.66459e-10 1.18836e-07 0.000259865
7.6656e-10 9.06516e-08 0.000258915
7.66661e-10 5.14274e-08 0.000257941
7.66763e-10 2.26186e-08 0.000257619
7.66864e-10 2.29469e-08 0.000258379
7.66965e-10 5.73276e-08 0.000260131
7.67067e-10 1.12333e-07 0.000262246
7.67168e-10 1.6154e-07 0.000263827
7.67269e-10 1.78795e-07 0.00026416
7.6737e-10 1.52737e-07 0.000263116
7.67472e-10 9.45698e-08 0.00026128
7.67573e-10 3.41167e-08 0.000259715
7.67674e-10 5.28105e-09 0.000259443
7.67775e-10 2.79855e-08 0.000260903
7.67877e-10 9.61944e-08 0.000263672
7.67978e-10 1.7904e-07 0.000266614
7.68079e-10 2.35458e-07 0.000268414
7.68181e-10 2.35423e-07 0.000268253
7.68282e-10 1.76809e-07 0.000266268
7.68383e-10 8.84912e-08 0.000263553
7.68484e-10 1.71177e-08 0.000261655
7.68586e-10 3.53369e-09 0.000261803
7.68687e-10 6.07855e-08 0.00026426
7.68788e-10 1.65497e-07 0.000268117
7.68889e-10 2.67995e-07 0.000271699
7.68991e-10 3.16907e-07 0.000273374
7.69092e-10 2.86056e-07 0.000272396
7.69193e-10 1.89587e-07 0.000269335
7.69294e-10 7.67461e-08 0.000265857
7.69396e-10 7.98017e-09 0.000263932
7.69497e-10 2.39562e-08 0.000264842
7.69598e-10 1.23368e-07 0.000268494
7.697e-10 2.61557e-07 0.000273403
7.69801e-10 3.71656e-07 0.000277374
7.69902e-10 3.98269e-07 0.00027859
7.70003e-10 3.26723e-07 0.00027655
7.70105e-10 1.92493e-07 0.000272378
7.70206e-10 6.50506e-08 0.00026833
7.70307e-10 1.34192e-08 0.000266696
7.70408e-10 7.05288e-08 0.000268649
7.7051e-10 2.14744e-07 0.000273603
7.70611e-10 3.78799e-07 0.000279443
7.70712e-10 4.82595e-07 0.000283524
7.70814e-10 4.73876e-07 0.000283989
7.70915e-10 3.56128e-07 0.000280726
7.71016e-10 1.88888e-07 0.000275495
7.71117e-10 5.92981e-08 0.00027111
7.71219e-10 3.84845e-08 0.000270063
7.7132e-10 1.44597e-07 0.000273269
7.71421e-10 3.3167e-07 0.000279549
7.71522e-10 5.10879e-07 0.00028615
7.71624e-10 5.94408e-07 0.000290068
7.71725e-10 5.4025e-07 0.000289544
7.71826e-10 3.75119e-07 0.000284976
7.71928e-10 1.83084e-07 0.000278797
7.72029e-10 6.46464e-08 0.000274318
7.7213e-10 8.61927e-08 0.000274113
7.72231e-10 2.45223e-07 0.000278712
7.72333e-10 4.69509e-07 0.000286277
7.72434e-10 6.51603e-07 0.000293446
7.72535e-10 7.02215e-07 0.000296956
7.72636e-10 5.95946e-07 0.00029527
7.72738e-10 3.85985e-07 0.000289381
7.72839e-10 1.7948e-07 0.000282396
7.7294e-10 8.49446e-08 0.000278053
7.73041e-10 1.57531e-07 0.000278891
7.73143e-10 3.69744e-07 0.000284958
7.73244e-10 6.23044e-07 0.000293727
7.73345e-10 7.95564e-07 0.000301273
7.73447e-10 8.02815e-07 0.000304174
7.73548e-10 6.41162e-07 0.000301214
7.73649e-10 3.91748e-07 0.000294035
7.7375e-10 1.81917e-07 0.000286399
7.73852e-10 1.22479e-07 0.00028239
7.73953e-10 2.51717e-07 0.000284414
7.74054e-10 5.14397e-07 0.000291972
7.74155e-10 7.87138e-07 0.000301844
7.74257e-10 9.38509e-07 0.000309597
7.74358e-10 8.94581e-07 0.000311739
7.74459e-10 6.77249e-07 0.00030745
7.74561e-10 3.95551e-07 0.000299042
7.74662e-10 1.93262e-07 0.0002909
7.74763e-10 1.77968e-07 0.000287379
7.74864e-10 3.66588e-07 0.000290677
7.74966e-10 6.74898e-07 0.000299712
7.75067e-10 9.57199e-07 0.000310582
7.75168e-10 1.07746e-06 0.000318408
7.75269e-10 9.772e-07 0.000319696
7.75371e-10 7.0621e-07 0.000314068
7.75472e-10 4.00194e-07 0.000304507
7.75573e-10 2.15221e-07 0.000295979
7.75674e-10 2.50731e-07 0.00029305
7.75776e-10 4.9904e-07 0.000297661
7.75877e-10 8.46913e-07 0.000308134
7.75978e-10 1.12946e-06 0.000319912
7.7608e-10 1.21069e-06 0.000327721
7.76181e-10 1.05135e-06 0.000328112
7.76282e-10 7.30279e-07 0.000321168
7.76383e-10 4.07834e-07 0.000310531
7.76485e-10 2.48308e-07 0.000301703
7.76586e-10 3.38949e-07 0.000299418
7.76687e-10 6.45426e-07 0.000305339
7.76788e-10 1.0264e-06 0.000317197
7.7689e-10 1.30109e-06 0.000329817
7.76991e-10 1.33752e-06 0.000337568
7.77092e-10 1.11835e-06 0.000337069
7.77194e-10 7.51595e-07 0.000328861
7.77295e-10 4.19839e-07 0.000317213
7.77396e-10 2.91954e-07 0.000308129
7.77497e-10 4.39952e-07 0.00030649
7.77599e-10 8.0189e-07 0.000313679
7.777e-10 1.20982e-06 0.000326867
7.77801e-10 1.47018e-06 0.000340295
7.77902e-10 1.45814e-06 0.000347998
7.78004e-10 1.17991e-06 0.000346661
7.78105e-10 7.71991e-07 0.000337258
7.78206e-10 4.36759e-07 0.000324647
7.78308e-10 3.44671e-07 0.000315309
7.78409e-10 5.50498e-07 0.000314265
7.7851e-10 9.64603e-07 0.000322652
7.78611e-10 1.39421e-06 0.000337117
7.78713e-10 1.63565e-06 0.000351354
7.78814e-10 1.57341e-06 0.000359069
7.78915e-10 1.23786e-06 0.000356992
7.79016e-10 7.92891e-07 0.000346477
7.79118e-10 4.58392e-07 0.000332931
7.79219e-10 4.04253e-07 0.000323292
7.7932e-10 6.67005e-07 0.000322746
7.79421e-10 1.12992e-06 0.00033223
7.79523e-10 1.57721e-06 0.000347926
7.79624e-10 1.7971e-06 0.000363008
7.79725e-10 1.6846e-06 0.000370848
7.79827e-10 1.29405e-06 0.000368166
7.79928e-10 8.15291e-07 0.000356636
7.80029e-10 4.83913e-07 0.000342162
7.8013e-10 4.67981e-07 0.000332133
7.80232e-10 7.85727e-07 0.000331941
7.80333e-10 1.29444e-06 0.000342394
7.80434e-10 1.75695e-06 0.000359277
7.80535e-10 1.95466e-06 0.000375276
7.80637e-10 1.7933e-06 0.0003834
7.80738e-10 1.35025e-06 0.000380291
7.80839e-10 8.3982e-07 0.000367858
7.80941e-10 5.12032e-07 0.000352446
7.81042e-10 5.32806e-07 0.000341896
7.81143e-10 9.02875e-07 0.000341866
7.81244e-10 1.45502e-06 0.000353131
7.81346e-10 1.932e-06 0.000371158
7.81447e-10 2.10883e-06 0.000388176
7.81548e-10 1.90123e-06 0.00039679
7.81649e-10 1.40815e-06 0.000393473
7.81751e-10 8.66847e-07 0.000380268
7.81852e-10 5.41175e-07 0.000363896
7.81953e-10 5.9552e-07 0.00035266
7.82055e-10 1.0147e-06 0.000352556
7.82156e-10 1.6087e-06 0.000364441
7.82257e-10 2.10116e-06 0.000383562
7.82358e-10 2.26029e-06 0.00040172
7.8246e-10 2.01021e-06 0.000411073
7.82561e-10 1.46937e-06 0.000407813
7.82662e-10 8.96624e-07 0.000393995
7.82763e-10 5.69672e-07 0.000376642
7.82865e-10 6.52896e-07 0.000364522
7.82966e-10 1.1175e-06 0.000364065
7.83067e-10 1.75263e-06 0.000376338
7.83168e-10 2.26334e-06 0.000396481
7.8327e-10 2.40979e-06 0.000415915
7.83371e-10 2.12205e-06 0.000426294
7.83472e-10 1.53555e-06 0.000423404
7.83574e-10 9.29448e-07 0.000409171
7.83675e-10 5.95948e-07 0.000390827
7.83776e-10 7.01822e-07 0.000377608
7.83877e-10 1.20767e-06 0.000376473
7.83979e-10 1.88397e-06 0.000388852
7.8408e-10 2.41737e-06 0.000409916
7.84181e-10 2.55799e-06 0.000430757
7.84282e-10 2.23854e-06 0.000442479
7.84384e-10 1.60843e-06 0.000440325
7.84485e-10 9.65839e-07 0.000425926
7.84586e-10 6.18718e-07 0.000406611
7.84688e-10 7.39429e-07 0.000392069
7.84789e-10 1.28171e-06 0.000389893
7.8489e-10 1.99979e-06 0.00040204
7.84991e-10 2.56184e-06 0.000423872
7.85093e-10 2.70529e-06 0.000446234
7.85194e-10 2.36138e-06 0.000459637
7.85295e-10 1.68989e-06 0.000458637
7.85396e-10 1.00672e-06 0.000444387
7.85498e-10 6.37187e-07 0.000424168
7.85599e-10 7.63233e-07 0.000408094
7.857e-10 1.3362e-06 0.000404478
7.85802e-10 2.09694e-06 0.000415989
7.85903e-10 2.69494e-06 0.000438369
7.86004e-10 2.85169e-06 0.000462323
7.86105e-10 2.4921e-06 0.000477751
7.86207e-10 1.78205e-06 0.000478377
7.86308e-10 1.05356e-06 0.000464669
7.86409e-10 6.5126e-07 0.000443686
7.8651e-10 7.713e-07 0.000425901
7.86612e-10 1.3679e-06 0.000420426
7.86713e-10 2.17197e-06 0.000430829
7.86814e-10 2.81426e-06 0.000453447
7.86915e-10 2.99662e-06 0.000478997
7.87017e-10 2.63197e-06 0.000496778
7.87118e-10 1.88726e-06 0.000499548
7.87219e-10 1.10856e-06 0.000486867
7.87321e-10 6.61759e-07 0.000465358
7.87422e-10 7.62446e-07 0.000445744
7.87523e-10 1.37385e-06 0.000437987
7.87624e-10 2.22115e-06 0.00044674
7.87726e-10 2.91665e-06 0.000469182
7.87827e-10 3.13871e-06 0.000496235
7.87928e-10 2.78184e-06 0.000516652
7.88029e-10 2.00809e-06 0.000522115
7.88131e-10 1.17472e-06 0.000511044
7.88232e-10 6.70645e-07 0.000489371
7.88333e-10 7.36491e-07 0.000467906
7.88435e-10 1.35152e-06 0.000457467
7.88536e-10 2.24045e-06 0.000463968
7.88637e-10 2.99812e-06 0.000485696
7.88738e-10 3.27555e-06 0.000514029
7.8884e-10 2.94189e-06 0.000537287
7.88941e-10 2.14716e-06 0.000546002
7.89042e-10 1.25592e-06 0.00053722
7.89143e-10 6.81232e-07 0.000515891
7.89245e-10 6.94559e-07 0.000492688
7.89346e-10 1.29913e-06 0.000479229
7.89447e-10 2.22569e-06 0.000482833
7.89548e-10 3.05372e-06 0.000503181
7.8965e-10 3.40351e-06 0.000532408
7.89751e-10 3.11134e-06 0.000558586
7.89852e-10 2.30694e-06 0.000571084
7.89954e-10 1.35685e-06 0.000565356
7.90055e-10 6.98365e-07 0.000545045
7.90156e-10 6.39422e-07 0.000520393
7.90257e-10 1.21597e-06 0.000503686
7.90359e-10 2.17278e-06 0.00050374
7.9046e-10 3.07758e-06 0.000521916
7.90561e-10 3.51743e-06 0.000551457
7.90662e-10 3.28804e-06 0.000580461
7.90764e-10 2.48938e-06 0.000597194
7.90865e-10 1.48285e-06 0.000595345
7.90966e-10 7.28537e-07 0.000576901
7.91068e-10 5.75877e-07 0.000551308
7.91169e-10 1.10293e-06 0.000531291
7.9127e-10 2.07814e-06 0.000527184
7.91371e-10 3.06308e-06 0.000542289
7.91473e-10 3.61048e-06 0.000571352
7.91574e-10 3.46809e-06 0.000602859
7.91675e-10 2.69542e-06 0.000624136
7.91776e-10 1.63956e-06 0.000627
7.91878e-10 7.79879e-07 0.000611438
7.91979e-10 5.11101e-07 0.000585664
7.9208e-10 9.63062e-07 0.000562512
7.92182e-10 1.93925e-06 0.000553745
7.92283e-10 3.00312e-06 0.000564813
7.92384e-10 3.67411e-06 0.00059239
7.92485e-10 3.64532e-06 0.000625798
7.92587e-10 2.92429e-06 0.000651711
7.92688e-10 1.83238e-06 0.000660062
7.92789e-10 8.6196e-07 0.000648527
7.9289e-10 4.54935e-07 0.000623609
7.92992e-10 8.02298e-07 0.000597797
7.93093e-10 1.75553e-06 0.000584069
7.93194e-10 2.89079e-06 0.000590142
7.93295e-10 3.69808e-06 0.000615025
7.93397e-10 3.81086e-06 0.000649412
7.93498e-10 3.17276e-06 0.000679749
7.93599e-10 2.06563e-06 0.000694207
7.93701e-10 9.85325e-07 0.000687919
7.93802e-10 4.19993e-07 0.000665164
7.93903e-10 6.30094e-07 0.000637531
7.94004e-10 1.52923e-06 0.000618839
7.94106e-10 2.72017e-06 0.000619059
7.94207e-10 3.67095e-06 0.000639899
7.94308e-10 3.95295e-06 0.000674008
7.94409e-10 3.43429e-06 0.00070817
7.94511e-10 2.3415e-06 0.000729088
7.94612e-10 1.16068e-06 0.000729235
7.94713e-10 4.21492e-07 0.000710186
7.94815e-10 4.60036e-07 0.000681974
7.94916e-10 1.26668e-06 0.000658721
7.95017e-10 2.48767e-06 0.000652463
7.95118e-10 3.58087e-06 0.000667859
7.9522e-10 4.05685e-06 0.000700117
7.95321e-10 3.69819e-06 0.000737052
7.95422e-10 2.65873e-06 0.000764386
7.95523e-10 1.39762e-06 0.000771992
7.95625e-10 4.76638e-07 0.00075834
7.95726e-10 3.1018e-07 0.000731201
7.95827e-10 9.79393e-07 0.000704292
7.95929e-10 2.19354e-06 0.00069131
7.9603e-10 3.41687e-06 0.000699955
7.96131e-10 4.1054e-06 0.000728543
7.96232e-10 3.94904e-06 0.000766711
7.96334e-10 3.01115e-06 0.000799893
7.96435e-10 1.703e-06 0.000815651
7.96536e-10 6.03438e-07 0.000809095
7.96637e-10 2.02924e-07 0.000785042
7.96739e-10 6.85227e-07 0.000755952
7.9684e-10 1.84381e-06 0.000736543
7.96941e-10 3.17081e-06 0.000737405
7.97042e-10 4.08013e-06 0.000760393
7.97144e-10 4.16654e-06 0.000797789
7.97245e-10 3.38629e-06 0.000835622
7.97346e-10 2.07875e-06 0.000859699
7.97448e-10 8.18805e-07 0.000861754
7.97549e-10 1.64187e-07 0.000843043
7.9765e-10 4.08995e-07 0.00081383
7.97751e-10 1.45221e-06 0.000788974
7.97853e-10 2.83989e-06 0.000781521
7.97954e-10 3.96324e-06 0.000797066
7.98055e-10 4.32612e-06 0.000831318
7.98156e-10 3.76427e-06 0.000871926
7.98258e-10 2.51957e-06 0.000903782
7.98359e-10 1.1359e-06 0.000915529
7.9846e-10 2.21613e-07 0.000904457
7.98562e-10 1.8241e-07 0.000877693
7.98663e-10 1.04199e-06 0.000849154
7.98764e-10 2.42959e-06 0.000833579
7.98865e-10 3.74061e-06 0.0008402
7.98967e-10 4.40065e-06 0.000868763
7.99068e-10 4.11751e-06 0.000909622
7.99169e-10 3.01061e-06 0.000947861
7.9927e-10 1.56081e-06 0.000969677
7.99372e-10 4.01626e-07 0.000968298
7.99473e-10 4.28277e-08 0.000946894
7.99574e-10 6.46987e-07 0.000917232
7.99676e-10 1.95682e-06 0.000894659
7.99777e-10 3.40569e-06 0.000891545
7.99878e-10 4.36357e-06 0.000911994
7.99979e-10 4.41165e-06 0.000950087
8.00081e-10 3.52583e-06 0.000992392
8.00182e-10 2.08886e-06 0.00102369
8.00283e-10 7.25254e-07 0.00103347
8.00384e-10 3.04102e-08 0.00102037
8.00486e-10 3.1145e-07 0.000992831
8.00587e-10 1.45264e-06 0.000965437
8.00688e-10 2.96415e-06 0.000952769
8.00789e-10 4.19353e-06 0.000963189
8.00891e-10 4.60833e-06 0.000995291
8.00992e-10 4.02753e-06 0.0010385
8.01093e-10 2.70109e-06 0.00107755
8.01195e-10 1.20295e-06 0.00109897
8.01296e-10 1.83415e-07 0.00109677
8.01397e-10 8.79047e-08 0.00107499
8.01498e-10 9.63715e-07 0.00104599
8.016e-10 2.43859e-06 0.0010252
8.01701e-10 3.88055e-06 0.00102462
8.01802e-10 4.67023e-06 0.00104774
8.01903e-10 4.46821e-06 0.00108808
8.02005e-10 3.36196e-06 0.00113195
8.02106e-10 1.82895e-06 0.00116419
8.02207e-10 5.31614e-07 0.00117461
8.02309e-10 3.24052e-08 0.00116221
8.0241e-10 5.51658e-07 0.00113565
8.02511e-10 1.87239e-06 0.00110955
8.02612e-10 3.43306e-06 0.00109836
8.02714e-10 4.56849e-06 0.00111027
8.02815e-10 4.79527e-06 0.00114384
8.02916e-10 4.01931e-06 0.00118855
8.03017e-10 2.57638e-06 0.00122929
8.03119e-10 1.08832e-06 0.00125268
8.0322e-10 1.96872e-07 0.00125264
8.03321e-10 2.88947e-07 0.00123295
8.03422e-10 1.33127e-06 0.00120563
8.03524e-10 2.88474e-06 0.00118587
8.03625e-10 4.29226e-06 0.00118574
8.03726e-10 4.95943e-06 0.00120909
8.03828e-10 4.60808e-06 0.00125006
8.03929e-10 3.3945e-06 0.00129548
8.0403e-10 1.84227e-06 0.00133044
8.04131e-10 6.18736e-07 0.00134445
8.04233e-10 2.50744e-07 0.00133579
8.04334e-10 9.00896e-07 0.00131223
8.04435e-10 2.29926e-06 0.00128768
8.04536e-10 3.85908e-06 0.00127649
8.04638e-10 4.92668e-06 0.00128744
8.04739e-10 5.05893e-06 0.00132015
8.0484e-10 4.21041e-06 0.00136531
8.04942e-10 2.75128e-06 0.00140853
8.05043e-10 1.3091e-06 0.00143636
8.05144e-10 5.02322e-07 0.00144179
8.05245e-10 6.78942e-07 0.00142714
8.05347e-10 1.77069e-06 0.00140301
8.05448e-10 3.32385e-06 0.00138391
8.05549e-10 4.69262e-06 0.00138222
8.0565e-10 5.31236e-06 0.00140315
8.05752e-10 4.93697e-06 0.00144266
8.05853e-10 3.74061e-06 0.00148915
8.05954e-10 2.24178e-06 0.00152828
8.06056e-10 1.08314e-06 0.0015489
8.06157e-10 7.60742e-07 0.00154753
8.06258e-10 1.41693e-06 0.00152975
8.06359e-10 2.78338e-06 0.00150786
8.06461e-10 4.29683e-06 0.00149578
8.06562e-10 5.33744e-06 0.00150338
8.06663e-10 5.48856e-06 0.00153249
8.06764e-10 4.70909e-06 0.00157624
8.06866e-10 3.34701e-06 0.00162192
8.06967e-10 1.99024e-06 0.00165621
8.07068e-10 1.21902e-06 0.00167059
8.07169e-10 1.36423e-06 0.00166471
8.07271e-10 2.37248e-06 0.0016465
8.07372e-10 3.83297e-06 0.00162884
8.07473e-10 5.15257e-06 0.00162431
8.07575e-10 5.80447e-06 0.00164013
8.07676e-10 5.54579e-06 0.00167531
8.07777e-10 4.51426e-06 0.00172114
8.07878e-10 3.16568e-06 0.0017648
8.0798e-10 2.0806e-06 0.00179453
8.08081e-10 1.72248e-06 0.00180437
8.08182e-10 2.24834e-06 0.00179644
8.08283e-10 3.44926e-06 0.00177999
8.08385e-10 4.84292e-06 0.00176763
8.08486e-10 5.87711e-06 0.00177025
8.08587e-10 6.15803e-06 0.00179267
8.08689e-10 5.60879e-06 0.00183189
8.0879e-10 4.49437e-06 0.0018783
8.08891e-10 3.30577e-06 0.00191968
8.08992e-10 2.5541e-06 0.00194601
8.09094e-10 2.56142e-06 0.00195345
8.09195e-10 3.33388e-06 0.00194572
8.09296e-10 4.56727e-06 0.00193252
8.09397e-10 5.7789e-06 0.00192565
8.09499e-10 6.50854e-06 0.0019343
8.096e-10 6.50449e-06 0.00196151
8.09701e-10 5.81925e-06 0.0020031
8.09803e-10 4.77902e-06 0.0020494
8.09904e-10 3.84324e-06 0.00208915
8.10005e-10 3.41512e-06 0.00211387
8.10106e-10 3.68154e-06 0.00212116
8.10208e-10 4.54595e-06 0.00211545
8.10309e-10 5.67784e-06 0.00210622
8.1041e-10 6.65401e-06 0.00210423
8.10511e-10 7.13114e-06 0.00211735
8.10613e-10 6.97873e-06 0.00214759
8.10714e-10 6.32124e-06 0.00219046
8.10815e-10 5.47685e-06 0.00223679
8.10916e-10 4.82244e-06 0.00227632
8.11018e-10 4.64261e-06 0.00230161
8.11119e-10 5.02336e-06 0.00231086
8.1122e-10 5.82996e-06 0.00230843
8.11322e-10 6.77255e-06 0.00230313
8.11423e-10 7.528e-06 0.0023048
8.11524e-10 7.86627e-06 0.00232061
8.11625e-10 7.73185e-06 0.00235242
8.11727e-10 7.25189e-06 0.00239615
8.11828e-10 6.67399e-06 0.00244343
8.11929e-10 6.26369e-06 0.00248473
8.1203e-10 6.20442e-06 0.00251296
8.12132e-10 6.53792e-06 0.002526
8.12233e-10 7.16302e-06 0.0025275
8.12334e-10 7.8868e-06 0.00252542
8.12436e-10 8.50257e-06 0.0025291
8.12537e-10 8.86293e-06 0.00254581
8.12638e-10 8.92211e-06 0.00257812
8.12739e-10 8.73778e-06 0.00262298
8.12841e-10 8.43862e-06 0.00267282
8.12942e-10 8.17501e-06 0.00271833
8.13043e-10 8.0723e-06 0.00275186
8.13144e-10 8.19997e-06 0.00277016
8.13246e-10 8.56119e-06 0.00277563
8.13347e-10 9.09937e-06 0.00277551
8.13448e-10 9.71535e-06 0.00277926
8.1355e-10 1.02901e-05 0.0027952
8.13651e-10 1.07106e-05 0.00282745
8.13752e-10 1.08974e-05 0.00287434
8.13853e-10 1.08303e-05 0.00292893
8.13955e-10 1.05662e-05 0.00298138
8.14056e-10 1.02362e-05 0.0030225
8.14157e-10 1.00182e-05 0.00304711
8.14258e-10 1.00831e-05 0.00305609
8.1436e-10 1.05301e-05 0.00305624
8.14461e-10 1.13344e-05 0.00305799
8.14562e-10 1.23328e-05 0.00307169
8.14663e-10 1.32625e-05 0.00310378
8.14765e-10 1.38487e-05 0.0031542
8.14866e-10 1.39135e-05 0.00321619
8.14967e-10 1.3464e-05 0.0032785
8.15069e-10 1.27174e-05 0.00332939
8.1517e-10 1.2043e-05 0.00336101
8.15271e-10 1.18315e-05 0.00337259
8.15372e-10 1.23371e-05 0.00337102
8.15474e-10 1.35551e-05 0.00336864
8.15575e-10 1.51922e-05 0.00337887
8.15676e-10 1.67529e-05 0.00341112
8.15777e-10 1.77215e-05 0.00346704
8.15879e-10 1.7773e-05 0.00353947
8.1598e-10 1.6928e-05 0.0036147
8.16081e-10 1.55804e-05 0.00367743
8.16183e-10 1.43728e-05 0.00371651
8.16284e-10 1.39547e-05 0.00372948
8.16385e-10 1.47159e-05 0.00372398
8.16486e-10 1.66007e-05 0.00371532
8.16588e-10 1.9091e-05 0.00372102
8.16689e-10 2.13788e-05 0.00375411
8.1679e-10 2.26744e-05 0.00381788
8.16891e-10 2.25331e-05 0.00390406
8.16993e-10 2.10673e-05 0.00399544
8.17094e-10 1.89451e-05 0.00407208
8.17195e-10 1.71602e-05 0.0041189
8.17296e-10 1.66488e-05 0.00413187
8.17398e-10 1.79011e-05 0.00412008
8.17499e-10 2.0727e-05 0.00410297
8.176e-10 2.42841e-05 0.00410319
8.17702e-10 2.73754e-05 0.00413801
8.17803e-10 2.89148e-05 0.00421225
8.17904e-10 2.83788e-05 0.00431579
8.18005e-10 2.60594e-05 0.00442673
8.18107e-10 2.30003e-05 0.00451943
8.18208e-10 2.06211e-05 0.0045743
8.18309e-10 2.01632e-05 0.00458579
8.1841e-10 2.21723e-05 0.00456528
8.18512e-10 2.62324e-05 0.00453744
8.18613e-10 3.10739e-05 0.00453122
8.18714e-10 3.50377e-05 0.00456872
8.18816e-10 3.6725e-05 0.00465623
8.18917e-10 3.55814e-05 0.00478097
8.19018e-10 3.21726e-05 0.0049152
8.19119e-10 2.80215e-05 0.0050264
8.19221e-10 2.50472e-05 0.00508979
8.19322e-10 2.48111e-05 0.0050984
8.19423e-10 2.78655e-05 0.00506664
8.19524e-10 3.3473e-05 0.00502563
8.19626e-10 3.98327e-05 0.00501181
8.19727e-10 4.47484e-05 0.00505286
8.19828e-10 4.64931e-05 0.0051565
8.1993e-10 4.45304e-05 0.00530654
8.20031e-10 3.97951e-05 0.00546818
8.20132e-10 3.43949e-05 0.00560079
8.20233e-10 3.08253e-05 0.00567357
8.20335e-10 3.09866e-05 0.00567808
8.20436e-10 3.53909e-05 0.00563248
8.20537e-10 4.28853e-05 0.00557559
8.20638e-10 5.10302e-05 0.00555263
8.2074e-10 5.70122e-05 0.00559778
8.20841e-10 5.87523e-05 0.00572034
8.20942e-10 5.57741e-05 0.00590006
8.21043e-10 4.94736e-05 0.00609379
8.21145e-10 4.26525e-05 0.00625141
8.21246e-10 3.84682e-05 0.00633509
8.21347e-10 3.91916e-05 0.00633464
8.21449e-10 4.52595e-05 0.00627256
8.2155e-10 5.50152e-05 0.00619667
8.21651e-10 6.52695e-05 0.00616244
8.21752e-10 7.24989e-05 0.00621169
8.21854e-10 7.42305e-05 0.00635574
8.21955e-10 7.00731e-05 0.00656974
8.22056e-10 6.19675e-05 0.00680095
8.22157e-10 5.35223e-05 0.00698815
8.22259e-10 4.86595e-05 0.00708517
8.2236e-10 5.00755e-05 0.00707945
8.22461e-10 5.81206e-05 0.00699829
8.22563e-10 7.05573e-05 0.00689972
8.22664e-10 8.33322e-05 0.0068512
8.22765e-10 9.20974e-05 0.00690373
8.22866e-10 9.39143e-05 0.00707139
8.22968e-10 8.84721e-05 0.00732448
8.23069e-10 7.83236e-05 0.0075994
8.2317e-10 6.80016e-05 0.007822
8.23271e-10 6.23202e-05 0.00793604
8.23373e-10 6.44952e-05 0.00792561
8.23474e-10 7.48151e-05 0.00782286
8.23575e-10 9.04073e-05 0.00769733
8.23677e-10 0.000106235 0.00763037
8.23778e-10 0.000116984 0.00768413
8.23879e-10 0.000119131 0.00787677
8.2398e-10 0.000112395 0.00817381
8.24082e-10 9.99792e-05 0.00849959
8.24183e-10 8.74606e-05 0.00876499
8.24284e-10 8.07065e-05 0.00890142
8.24385e-10 8.36001e-05 0.00888803
8.24487e-10 9.64499e-05 0.00876152
8.24588e-10 0.00011573 0.00860402
8.24689e-10 0.000135304 0.00851302
8.2479e-10 0.000148709 0.00856435
8.24892e-10 0.000151654 0.00878217
8.24993e-10 0.000143771 0.00912782
8.25094e-10 0.000128906 0.00951258
8.25196e-10 0.000113791 0.00983001
8.25297e-10 0.000105551 0.00999633
8.25398e-10 0.000108958 0.00998344
8.25499e-10 0.000124505 0.00983165
8.25601e-10 0.000148055 0.00963656
8.25702e-10 0.000172265 0.00951422
8.25803e-10 0.000189302 0.00955732
8.25904e-10 0.00019384 0.00979877
8.26006e-10 0.000185204 0.0101971
8.26107e-10 0.000167802 0.0106498
8.26208e-10 0.000149615 0.0110305
8.2631e-10 0.000139265 0.0112369
8.26411e-10 0.000142737 0.0112303
8.26512e-10 0.000160988 0.0110529
8.26613e-10 0.000189404 0.0108142
8.26715e-10 0.000219368 0.0106513
8.26816e-10 0.00024141 0.0106776
8.26917e-10 0.000248795 0.0109387
8.27018e-10 0.000240188 0.0113924
8.2712e-10 0.000220357 0.0119225
8.27221e-10 0.000198569 0.0123801
8.27322e-10 0.000185231 0.01264
8.27424e-10 0.000187972 0.0126487
8.27525e-10 0.000208656 0.0124472
8.27626e-10 0.000242476 0.0121587
8.27727e-10 0.000279544 0.011944
8.27829e-10 0.000308463 0.0119419
8.2793e-10 0.000320587 0.0122151
8.28031e-10 0.00031338 0.0127248
8.28132e-10 0.000291589 0.0133415
8.28234e-10 0.000265705 0.0138917
8.28335e-10 0.000248208 0.0142222
8.28436e-10 0.000248949 0.0142591
8.28537e-10 0.00027135 0.0140382
8.28639e-10 0.000310912 0.0136946
8.2874e-10 0.000356628 0.0134152
8.28841e-10 0.000394891 0.0133689
8.28943e-10 0.000414501 0.0136424
8.29044e-10 0.000410942 0.0142051
8.29145e-10 0.000388293 0.0149166
8.29246e-10 0.00035801 0.0155766
8.29348e-10 0.000334908 0.015999
8.29449e-10 0.000331759 0.0160823
8.2955e-10 0.000354478 0.0158507
8.29651e-10 0.000399689 0.0154487
8.29753e-10 0.000455665 0.0150902
8.29854e-10 0.000506389 0.01498
8.29955e-10 0.000537343 0.0152364
8.30057e-10 0.000540943 0.0158439
8.30158e-10 0.000519582 0.0166554
8.30259e-10 0.000485104 0.0174432
8.3036e-10 0.00045477 0.0179828
8.30462e-10 0.000445093 0.0181368
8.30563e-10 0.000465732 0.0179095
8.30664e-10 0.0005157 0.0174493
8.30765e-10 0.000583352 0.0169973
8.30867e-10 0.000650272 0.0167994
8.30968e-10 0.000697792 0.0170141
8.31069e-10 0.000713827 0.0176512
8.31171e-10 0.000697544 0.018563
8.31272e-10 0.000660098 0.0194957
8.31373e-10 0.000621004 0.0201812
8.31474e-10 0.000601342 0.020437
8.31576e-10 0.000616131 0.0202368
8.31677e-10 0.000668629 0.0197247
8.31778e-10 0.000748693 0.0191665
8.31879e-10 0.000835953 0.0188535
8.31981e-10 0.000906815 0.0189948
8.32082e-10 0.000942908 0.0196366
8.32183e-10 0.000937974 0.020641
8.32284e-10 0.000900638 0.021732
8.32386e-10 0.00085191 0.0225943
8.32487e-10 0.000818096 0.02299
8.32588e-10 0.000821512 0.0228492
8.3269e-10 0.000872249 0.0223003
8.32791e-10 0.000963998 0.0216278
8.32892e-10 0.00107563 0.0211709
8.32993e-10 0.00117815 0.0211989
8.33095e-10 0.00124488 0.0218093
8.33196e-10 0.00126111 0.0228872
8.33297e-10 0.00123006 0.0241421
8.33398e-10 0.00117249 0.0252111
8.335e-10 0.0011201 0.0257911
8.33601e-10 0.00110459 0.0257533
8.33702e-10 0.00114632 0.0251945
8.33804e-10 0.00124638 0.024408
8.33905e-10 0.00138528 0.0237796
8.34006e-10 0.00152894 0.023648
8.34107e-10 0.00164026 0.0241777
8.34209e-10 0.0016923 0.0252947
8.3431e-10 0.00167853 0.0267069
8.34411e-10 0.00161625 0.0280069
8.34512e-10 0.00154163 0.0288193
8.34614e-10 0.00149771 0.0289392
8.34715e-10 0.00151931 0.0284127
8.34816e-10 0.00162004 0.0275257
8.34917e-10 0.00178628 0.0267046
8.35019e-10 0.00198057 0.026363
8.3512e-10 0.00215383 0.0267496
8.35221e-10 0.00226235 0.0278522
8.35323e-10 0.00228388 0.0293966
8.35424e-10 0.00222686 0.0309404
8.35525e-10 0.00212919 0.0320316
8.35626e-10 0.00204625 0.0323739
8.35728e-10 0.00203202 0.0319391
8.35829e-10 0.00211954 0.0309836
8.3593e-10 0.00230776 0.0299609
8.36031e-10 0.00255998 0.0293607
8.36133e-10 0.00281492 0.0295303
8.36234e-10 0.00300744 0.0305441
8.36335e-10 0.0030918 0.032171
8.36437e-10 0.00305936 0.0339511
8.36538e-10 0.00294399 0.0353588
8.36639e-10 0.00281244 0.0359932
8.3674e-10 0.00274224 0.0357268
8.36842e-10 0.0027944 0.0347579
8.36943e-10 0.00299035 0.0335454
8.37044e-10 0.0033018 0.0326475
8.37145e-10 0.00365793 0.0325204
8.37247e-10 0.00396838 0.0333503
8.37348e-10 0.00415477 0.0349802
8.37449e-10 0.00417982 0.0369594
8.37551e-10 0.00406337 0.0387017
8.37652e-10 0.00387882 0.0396945
8.37753e-10 0.0037299 0.039687
8.37854e-10 0.00371504 0.0387859
8.37956e-10 0.00389144 0.037424
8.38057e-10 0.00425186 0.0362096
8.38158e-10 0.00472324 0.0357099
8.38259e-10 0.00518914 0.0362446
8.38361e-10 0.00552922 0.0377661
8.38462e-10 0.00566261 0.0398692
8.38563e-10 0.00557965 0.0419311
8.38664e-10 0.00534985 0.043332
8.38766e-10 0.00510158 0.0436789
8.38867e-10 0.00497927 0.0429516
8.38968e-10 0.00509213 0.0415159
8.3907e-10 0.00547248 0.0399992
8.39171e-10 0.00605942 0.0390686
8.39272e-10 0.00671519 0.0391917
8.39373e-10 0.00727048 0.0404648
8.39475e-10 0.0075838 0.0425721
8.39576e-10 0.00759439 0.0448926
8.39677e-10 0.00734911 0.0467178
8.39778e-10 0.00699198 0.0475049
8.3988e-10 0.00671785 0.0470738
