6.9e-10 0.00250248 0.0273677
6.90101e-10 0.0024573 0.0267073
6.90203e-10 0.00240957 0.0260632
6.90304e-10 0.00235956 0.0254377
6.90405e-10 0.0023075 0.0248329
6.90506e-10 0.00225366 0.0242503
6.90608e-10 0.0021983 0.0236918
6.90709e-10 0.00214166 0.0231586
6.9081e-10 0.002084 0.0226519
6.90911e-10 0.00202555 0.0221726
6.91013e-10 0.00196655 0.0217215
6.91114e-10 0.00190722 0.021299
6.91215e-10 0.00184775 0.0209054
6.91317e-10 0.00178834 0.0205408
6.91418e-10 0.00172916 0.0202051
6.91519e-10 0.00167038 0.019898
6.9162e-10 0.00161212 0.0196188
6.91722e-10 0.00155453 0.0193669
6.91823e-10 0.0014977 0.0191414
6.91924e-10 0.00144173 0.0189414
6.92025e-10 0.00138671 0.0187656
6.92127e-10 0.00133269 0.0186127
6.92228e-10 0.00127973 0.0184813
6.92329e-10 0.00122788 0.01837
6.9243e-10 0.00117715 0.018277
6.92532e-10 0.00112758 0.0182007
6.92633e-10 0.00107917 0.0181394
6.92734e-10 0.00103193 0.0180913
6.92836e-10 0.000985848 0.0180546
6.92937e-10 0.00094093 0.0180274
6.93038e-10 0.000897161 0.0180079
6.93139e-10 0.000854529 0.0179944
6.93241e-10 0.00081302 0.0179849
6.93342e-10 0.000772619 0.0179778
6.93443e-10 0.000733311 0.0179714
6.93544e-10 0.000695085 0.017964
6.93646e-10 0.000657927 0.0179541
6.93747e-10 0.000621828 0.0179401
6.93848e-10 0.000586782 0.0179206
6.9395e-10 0.000552786 0.0178944
6.94051e-10 0.000519837 0.0178602
6.94152e-10 0.00048794 0.017817
6.94253e-10 0.000457101 0.0177637
6.94355e-10 0.000427329 0.0176996
6.94456e-10 0.000398637 0.0176238
6.94557e-10 0.00037104 0.0175357
6.94658e-10 0.000344557 0.0174348
6.9476e-10 0.000319209 0.0173208
6.94861e-10 0.000295017 0.0171933
6.94962e-10 0.000272004 0.0170523
6.95064e-10 0.000250197 0.0168977
6.95165e-10 0.000229617 0.0167297
6.95266e-10 0.000210291 0.0165483
6.95367e-10 0.00019224 0.0163539
6.95469e-10 0.000175486 0.016147
6.9557e-10 0.000160049 0.015928
6.95671e-10 0.000145946 0.0156975
6.95772e-10 0.000133189 0.0154562
6.95874e-10 0.00012179 0.0152049
6.95975e-10 0.000111753 0.0149442
6.96076e-10 0.00010308 0.0146752
6.96177e-10 9.57661e-05 0.0143987
6.96279e-10 8.98033e-05 0.0141157
6.9638e-10 8.51764e-05 0.0138273
6.96481e-10 8.18652e-05 0.0135343
6.96583e-10 7.98433e-05 0.0132379
6.96684e-10 7.90786e-05 0.0129392
6.96785e-10 7.9533e-05 0.0126392
6.96886e-10 8.11625e-05 0.0123389
6.96988e-10 8.39174e-05 0.0120395
6.97089e-10 8.77422e-05 0.0117419
6.9719e-10 9.25764e-05 0.0114471
6.97291e-10 9.83542e-05 0.0111562
6.97393e-10 0.000105005 0.01087
6.97494e-10 0.000112455 0.0105895
6.97595e-10 0.000120624 0.0103156
6.97697e-10 0.000129431 0.0100489
6.97798e-10 0.000138791 0.00979028
6.97899e-10 0.000148617 0.0095404
6.98e-10 0.00015882 0.00929987
6.98102e-10 0.00016931 0.00906925
6.98203e-10 0.000179996 0.00884902
6.98304e-10 0.000190787 0.00863959
6.98405e-10 0.000201593 0.0084413
6.98507e-10 0.000212326 0.00825444
6.98608e-10 0.000222898 0.0080792
6.98709e-10 0.000233225 0.0079157
6.9881e-10 0.000243226 0.00776402
6.98912e-10 0.000252821 0.00762414
6.99013e-10 0.000261937 0.00749598
6.99114e-10 0.000270503 0.0073794
6.99216e-10 0.000278456 0.0072742
6.99317e-10 0.000285736 0.00718012
6.99418e-10 0.000292287 0.00709683
6.99519e-10 0.000298064 0.00702395
6.99621e-10 0.000303022 0.00696106
6.99722e-10 0.000307128 0.00690768
6.99823e-10 0.000310352 0.00686331
6.99924e-10 0.000312672 0.00682739
7.00026e-10 0.000314073 0.00679934
7.00127e-10 0.000314545 0.00677854
7.00228e-10 0.000314088 0.00676434
7.0033e-10 0.000312705 0.00675611
7.00431e-10 0.000310407 0.00675315
7.00532e-10 0.000307212 0.00675478
7.00633e-10 0.000303144 0.00676031
7.00735e-10 0.000298232 0.00676906
7.00836e-10 0.000292511 0.00678032
7.00937e-10 0.00028602 0.00679341
7.01038e-10 0.000278805 0.00680767
7.0114e-10 0.000270915 0.00682243
7.01241e-10 0.000262403 0.00683705
7.01342e-10 0.000253327 0.00685092
7.01444e-10 0.000243746 0.00686344
7.01545e-10 0.000233723 0.00687405
7.01646e-10 0.000223322 0.00688222
7.01747e-10 0.000212611 0.00688744
7.01849e-10 0.000201656 0.00688926
7.0195e-10 0.000190527 0.00688724
7.02051e-10 0.000179291 0.006881
7.02152e-10 0.000168016 0.0068702
7.02254e-10 0.000156771 0.00685453
7.02355e-10 0.000145621 0.00683373
7.02456e-10 0.00013463 0.00680759
7.02557e-10 0.000123862 0.00677593
7.02659e-10 0.000113377 0.00673863
7.0276e-10 0.00010323 0.00669559
7.02861e-10 9.3477e-05 0.00664679
7.02963e-10 8.41679e-05 0.0065922
7.03064e-10 7.53494e-05 0.00653189
7.03165e-10 6.70643e-05 0.00646592
7.03266e-10 5.9351e-05 0.00639442
7.03368e-10 5.22436e-05 0.00631754
7.03469e-10 4.57716e-05 0.00623548
7.0357e-10 3.996e-05 0.00614845
7.03671e-10 3.48287e-05 0.00605672
7.03773e-10 3.0393e-05 0.00596057
7.03874e-10 2.66636e-05 0.0058603
7.03975e-10 2.36459e-05 0.00575626
7.04077e-10 2.13412e-05 0.00564879
7.04178e-10 1.97456e-05 0.00553826
7.04279e-10 1.88511e-05 0.00542508
7.0438e-10 1.86451e-05 0.00530963
7.04482e-10 1.91109e-05 0.00519233
7.04583e-10 2.02278e-05 0.00507359
7.04684e-10 2.19713e-05 0.00495385
7.04785e-10 2.43133e-05 0.00483352
7.04887e-10 2.72225e-05 0.00471304
7.04988e-10 3.06646e-05 0.00459282
7.05089e-10 3.46026e-05 0.00447327
7.05191e-10 3.8997e-05 0.00435481
7.05292e-10 4.38065e-05 0.00423783
7.05393e-10 4.89876e-05 0.00412272
7.05494e-10 5.44957e-05 0.00400985
7.05596e-10 6.0285e-05 0.00389956
7.05697e-10 6.63088e-05 0.00379219
7.05798e-10 7.25201e-05 0.00368807
7.05899e-10 7.88716e-05 0.00358747
7.06001e-10 8.53163e-05 0.00349067
7.06102e-10 9.18075e-05 0.00339791
7.06203e-10 9.82996e-05 0.00330942
7.06304e-10 0.000104748 0.00322538
7.06406e-10 0.000111109 0.00314597
7.06507e-10 0.00011734 0.00307132
7.06608e-10 0.000123403 0.00300155
7.0671e-10 0.000129258 0.00293674
7.06811e-10 0.000134871 0.00287696
7.06912e-10 0.000140207 0.00282222
7.07013e-10 0.000145237 0.00277254
7.07115e-10 0.000149932 0.00272788
7.07216e-10 0.000154268 0.00268821
7.07317e-10 0.000158222 0.00265344
7.07418e-10 0.000161774 0.00262348
7.0752e-10 0.00016491 0.0025982
7.07621e-10 0.000167616 0.00257746
7.07722e-10 0.000169883 0.00256109
7.07824e-10 0.000171703 0.00254891
7.07925e-10 0.000173074 0.00254072
7.08026e-10 0.000173994 0.00253628
7.08127e-10 0.000174467 0.00253538
7.08229e-10 0.000174497 0.00253776
7.0833e-10 0.000174093 0.00254316
7.08431e-10 0.000173265 0.0025513
7.08532e-10 0.000172028 0.00256191
7.08634e-10 0.000170396 0.00257471
7.08735e-10 0.000168388 0.00258939
7.08836e-10 0.000166024 0.00260568
7.08938e-10 0.000163325 0.00262326
7.09039e-10 0.000160315 0.00264184
7.0914e-10 0.00015702 0.00266114
7.09241e-10 0.000153465 0.00268085
7.09343e-10 0.000149678 0.0027007
7.09444e-10 0.000145688 0.0027204
7.09545e-10 0.000141523 0.00273969
7.09646e-10 0.000137213 0.00275829
7.09748e-10 0.000132788 0.00277596
7.09849e-10 0.000128278 0.00279245
7.0995e-10 0.000123712 0.00280755
7.10051e-10 0.00011912 0.00282103
7.10153e-10 0.00011453 0.00283269
7.10254e-10 0.000109972 0.00284237
7.10355e-10 0.000105472 0.00284988
7.10457e-10 0.000101057 0.00285507
7.10558e-10 9.67514e-05 0.00285783
7.10659e-10 9.25802e-05 0.00285802
7.1076e-10 8.85657e-05 0.00285556
7.10862e-10 8.47287e-05 0.00285036
7.10963e-10 8.10888e-05 0.00284237
7.11064e-10 7.76636e-05 0.00283154
7.11165e-10 7.44691e-05 0.00281786
7.11267e-10 7.15191e-05 0.00280131
7.11368e-10 6.8826e-05 0.00278191
7.11469e-10 6.63999e-05 0.00275969
7.11571e-10 6.42491e-05 0.0027347
7.11672e-10 6.23799e-05 0.002707
7.11773e-10 6.07965e-05 0.00267667
7.11874e-10 5.95015e-05 0.00264379
7.11976e-10 5.84952e-05 0.00260849
7.12077e-10 5.77763e-05 0.00257088
7.12178e-10 5.73415e-05 0.00253109
7.12279e-10 5.71859e-05 0.00248927
7.12381e-10 5.73029e-05 0.00244557
7.12482e-10 5.76841e-05 0.00240016
7.12583e-10 5.83198e-05 0.0023532
7.12684e-10 5.91988e-05 0.00230488
7.12786e-10 6.03086e-05 0.00225539
7.12887e-10 6.16354e-05 0.0022049
7.12988e-10 6.31644e-05 0.00215363
7.1309e-10 6.488e-05 0.00210175
7.13191e-10 6.67654e-05 0.00204947
7.13292e-10 6.88032e-05 0.00199699
7.13393e-10 7.09757e-05 0.0019445
7.13495e-10 7.32644e-05 0.0018922
7.13596e-10 7.56504e-05 0.00184028
7.13697e-10 7.8115e-05 0.00178892
7.13798e-10 8.0639e-05 0.00173832
7.139e-10 8.32035e-05 0.00168864
7.14001e-10 8.57896e-05 0.00164005
7.14102e-10 8.83788e-05 0.00159273
7.14204e-10 9.09529e-05 0.00154681
7.14305e-10 9.34941e-05 0.00150246
7.14406e-10 9.59855e-05 0.00145979
7.14507e-10 9.84107e-05 0.00141895
7.14609e-10 0.000100754 0.00138003
7.1471e-10 0.000103001 0.00134315
7.14811e-10 0.000105137 0.00130839
7.14912e-10 0.00010715 0.00127584
7.15014e-10 0.000109028 0.00124555
7.15115e-10 0.00011076 0.00121759
7.15216e-10 0.000112337 0.00119199
7.15318e-10 0.000113751 0.00116879
7.15419e-10 0.000114995 0.001148
7.1552e-10 0.000116062 0.00112962
7.15621e-10 0.000116949 0.00111364
7.15723e-10 0.000117651 0.00110005
7.15824e-10 0.000118167 0.00108882
7.15925e-10 0.000118495 0.00107989
7.16026e-10 0.000118638 0.00107322
7.16128e-10 0.000118594 0.00106874
7.16229e-10 0.000118368 0.00106637
7.1633e-10 0.000117964 0.00106603
7.16431e-10 0.000117385 0.00106763
7.16533e-10 0.000116638 0.00107106
7.16634e-10 0.00011573 0.00107621
7.16735e-10 0.000114668 0.00108297
7.16837e-10 0.000113461 0.00109122
7.16938e-10 0.000112117 0.00110082
7.17039e-10 0.000110648 0.00111165
7.1714e-10 0.000109062 0.00112356
7.17242e-10 0.000107372 0.00113642
7.17343e-10 0.000105589 0.00115009
7.17444e-10 0.000103724 0.00116441
7.17545e-10 0.00010179 0.00117925
7.17647e-10 9.9798e-05 0.00119446
7.17748e-10 9.77615e-05 0.0012099
7.17849e-10 9.56924e-05 0.00122542
7.17951e-10 9.36032e-05 0.00124089
7.18052e-10 9.1506e-05 0.00125616
7.18153e-10 8.9413e-05 0.0012711
7.18254e-10 8.73357e-05 0.00128559
7.18356e-10 8.52857e-05 0.0012995
7.18457e-10 8.3274e-05 0.0013127
7.18558e-10 8.13112e-05 0.00132509
7.18659e-10 7.94072e-05 0.00133656
7.18761e-10 7.75715e-05 0.00134701
7.18862e-10 7.58131e-05 0.00135634
7.18963e-10 7.41401e-05 0.00136447
7.19065e-10 7.25601e-05 0.00137133
7.19166e-10 7.10797e-05 0.00137685
7.19267e-10 6.9705e-05 0.00138096
7.19368e-10 6.84414e-05 0.00138361
7.1947e-10 6.72931e-05 0.00138477
7.19571e-10 6.62639e-05 0.0013844
7.19672e-10 6.53565e-05 0.00138248
7.19773e-10 6.45731e-05 0.00137898
7.19875e-10 6.39148e-05 0.00137391
7.19976e-10 6.33819e-05 0.00136727
7.20077e-10 6.29742e-05 0.00135907
7.20178e-10 6.26905e-05 0.00134932
7.2028e-10 6.25288e-05 0.00133806
7.20381e-10 6.24865e-05 0.00132533
7.20482e-10 6.25604e-05 0.00131116
7.20584e-10 6.27464e-05 0.00129562
7.20685e-10 6.304e-05 0.00127875
7.20786e-10 6.34361e-05 0.00126062
7.20887e-10 6.39288e-05 0.00124131
7.20989e-10 6.4512e-05 0.00122089
7.2109e-10 6.51791e-05 0.00119945
7.21191e-10 6.5923e-05 0.00117706
7.21292e-10 6.67365e-05 0.00115383
7.21394e-10 6.76118e-05 0.00112984
7.21495e-10 6.8541e-05 0.0011052
7.21596e-10 6.95161e-05 0.00108001
7.21698e-10 7.05289e-05 0.00105436
7.21799e-10 7.15711e-05 0.00102837
7.219e-10 7.26344e-05 0.00100213
7.22001e-10 7.37105e-05 0.000975755
7.22103e-10 7.47912e-05 0.000949348
7.22204e-10 7.58684e-05 0.000923013
7.22305e-10 7.69344e-05 0.000896852
7.22406e-10 7.79812e-05 0.000870967
7.22508e-10 7.90017e-05 0.000845457
7.22609e-10 7.99886e-05 0.000820418
7.2271e-10 8.09352e-05 0.000795941
7.22812e-10 8.1835e-05 0.000772117
7.22913e-10 8.26822e-05 0.00074903
7.23014e-10 8.34711e-05 0.00072676
7.23115e-10 8.41966e-05 0.000705382
7.23217e-10 8.48542e-05 0.000684968
7.23318e-10 8.54398e-05 0.000665581
7.23419e-10 8.59498e-05 0.000647281
7.2352e-10 8.63811e-05 0.00063012
7.23622e-10 8.67312e-05 0.000614145
7.23723e-10 8.69983e-05 0.000599396
7.23824e-10 8.71808e-05 0.000585907
7.23925e-10 8.7278e-05 0.000573706
7.24027e-10 8.72896e-05 0.000562812
7.24128e-10 8.72157e-05 0.00055324
7.24229e-10 8.70571e-05 0.000544996
7.24331e-10 8.68152e-05 0.000538082
7.24432e-10 8.64915e-05 0.000532491
7.24533e-10 8.60885e-05 0.00052821
7.24634e-10 8.56087e-05 0.000525221
7.24736e-10 8.50553e-05 0.000523498
7.24837e-10 8.44318e-05 0.000523011
7.24938e-10 8.3742e-05 0.000523723
7.25039e-10 8.29903e-05 0.000525591
7.25141e-10 8.21811e-05 0.000528569
7.25242e-10 8.13194e-05 0.000532603
7.25343e-10 8.04101e-05 0.000537638
7.25445e-10 7.94585e-05 0.000543612
7.25546e-10 7.84701e-05 0.000550459
7.25647e-10 7.74505e-05 0.000558112
7.25748e-10 7.64053e-05 0.000566499
7.2585e-10 7.53404e-05 0.000575545
7.25951e-10 7.42615e-05 0.000585174
7.26052e-10 7.31744e-05 0.000595307
7.26153e-10 7.20848e-05 0.000605864
7.26255e-10 7.09984e-05 0.000616764
7.26356e-10 6.99208e-05 0.000627926
7.26457e-10 6.88574e-05 0.000639266
7.26559e-10 6.78133e-05 0.000650704
7.2666e-10 6.67938e-05 0.000662158
7.26761e-10 6.58036e-05 0.000673548
7.26862e-10 6.48472e-05 0.000684795
7.26964e-10 6.3929e-05 0.000695822
7.27065e-10 6.3053e-05 0.000706554
7.27166e-10 6.22228e-05 0.000716919
7.27267e-10 6.14418e-05 0.000726847
7.27369e-10 6.07131e-05 0.000736271
7.2747e-10 6.00392e-05 0.000745129
7.27571e-10 5.94224e-05 0.000753361
7.27672e-10 5.88647e-05 0.000760912
7.27774e-10 5.83676e-05 0.000767731
7.27875e-10 5.79322e-05 0.000773771
7.27976e-10 5.75591e-05 0.00077899
7.28078e-10 5.72489e-05 0.00078335
7.28179e-10 5.70015e-05 0.00078682
7.2828e-10 5.68164e-05 0.000789371
7.28381e-10 5.66929e-05 0.000790982
7.28483e-10 5.663e-05 0.000791634
7.28584e-10 5.6626e-05 0.000791317
7.28685e-10 5.66794e-05 0.000790024
7.28786e-10 5.67878e-05 0.000787752
7.28888e-10 5.6949e-05 0.000784505
7.28989e-10 5.71603e-05 0.000780291
7.2909e-10 5.74187e-05 0.000775125
7.29192e-10 5.7721e-05 0.000769024
7.29293e-10 5.8064e-05 0.000762011
7.29394e-10 5.84439e-05 0.000754114
7.29495e-10 5.88571e-05 0.000745364
7.29597e-10 5.92997e-05 0.000735797
7.29698e-10 5.97676e-05 0.000725454
7.29799e-10 6.02569e-05 0.000714377
7.299e-10 6.07634e-05 0.000702613
7.30002e-10 6.12828e-05 0.000690213
7.30103e-10 6.18109e-05 0.00067723
7.30204e-10 6.23437e-05 0.000663719
7.30305e-10 6.28769e-05 0.000649737
7.30407e-10 6.34065e-05 0.000635345
7.30508e-10 6.39284e-05 0.000620603
7.30609e-10 6.44388e-05 0.000605575
7.30711e-10 6.49339e-05 0.000590324
7.30812e-10 6.541e-05 0.000574915
7.30913e-10 6.58638e-05 0.000559411
7.31014e-10 6.62919e-05 0.000543878
7.31116e-10 6.66914e-05 0.000528381
7.31217e-10 6.70593e-05 0.000512982
7.31318e-10 6.7393e-05 0.000497745
7.31419e-10 6.76903e-05 0.000482731
7.31521e-10 6.79489e-05 0.000468
7.31622e-10 6.81671e-05 0.000453611
7.31723e-10 6.83433e-05 0.000439619
7.31825e-10 6.84761e-05 0.000426078
7.31926e-10 6.85646e-05 0.00041304
7.32027e-10 6.8608e-05 0.000400553
7.32128e-10 6.86059e-05 0.000388662
7.3223e-10 6.85581e-05 0.000377409
7.32331e-10 6.84647e-05 0.000366833
7.32432e-10 6.83261e-05 0.000356969
7.32533e-10 6.8143e-05 0.000347848
7.32635e-10 6.79162e-05 0.000339498
7.32736e-10 6.7647e-05 0.000331942
7.32837e-10 6.73367e-05 0.0003252
7.32939e-10 6.6987e-05 0.000319288
7.3304e-10 6.65997e-05 0.000314216
7.33141e-10 6.61769e-05 0.000309992
7.33242e-10 6.57208e-05 0.00030662
7.33344e-10 6.52338e-05 0.000304097
7.33445e-10 6.47186e-05 0.000302419
7.33546e-10 6.41779e-05 0.000301576
7.33647e-10 6.36144e-05 0.000301556
7.33749e-10 6.30311e-05 0.000302341
7.3385e-10 6.2431e-05 0.000303911
7.33951e-10 6.18173e-05 0.000306241
7.34052e-10 6.1193e-05 0.000309303
7.34154e-10 6.05613e-05 0.000313067
7.34255e-10 5.99254e-05 0.000317498
7.34356e-10 5.92885e-05 0.000322559
7.34458e-10 5.86536e-05 0.000328211
7.34559e-10 5.80239e-05 0.00033441
7.3466e-10 5.74024e-05 0.000341112
7.34761e-10 5.6792e-05 0.000348271
7.34863e-10 5.61956e-05 0.000355837
7.34964e-10 5.56159e-05 0.000363762
7.35065e-10 5.50555e-05 0.000371994
7.35166e-10 5.45169e-05 0.00038048
7.35268e-10 5.40024e-05 0.000389167
7.35369e-10 5.3514e-05 0.000398002
7.3547e-10 5.30539e-05 0.000406931
7.35572e-10 5.26238e-05 0.0004159
7.35673e-10 5.22252e-05 0.000424855
7.35774e-10 5.18595e-05 0.000433744
7.35875e-10 5.1528e-05 0.000442515
7.35977e-10 5.12317e-05 0.000451115
7.36078e-10 5.09712e-05 0.000459496
7.36179e-10 5.07471e-05 0.000467609
7.3628e-10 5.05598e-05 0.000475406
7.36382e-10 5.04093e-05 0.000482845
7.36483e-10 5.02956e-05 0.000489881
7.36584e-10 5.02184e-05 0.000496475
7.36686e-10 5.0177e-05 0.00050259
7.36787e-10 5.01709e-05 0.000508189
7.36888e-10 5.01991e-05 0.000513241
7.36989e-10 5.02605e-05 0.000517717
7.37091e-10 5.03539e-05 0.000521591
7.37192e-10 5.04777e-05 0.000524839
7.37293e-10 5.06303e-05 0.000527442
7.37394e-10 5.08101e-05 0.000529383
7.37496e-10 5.10151e-05 0.00053065
7.37597e-10 5.12433e-05 0.000531232
7.37698e-10 5.14927e-05 0.000531125
7.37799e-10 5.17608e-05 0.000530325
7.37901e-10 5.20456e-05 0.000528833
7.38002e-10 5.23445e-05 0.000526653
7.38103e-10 5.26552e-05 0.000523794
7.38205e-10 5.29752e-05 0.000520265
7.38306e-10 5.3302e-05 0.000516082
7.38407e-10 5.36332e-05 0.00051126
7.38508e-10 5.39661e-05 0.000505822
7.3861e-10 5.42984e-05 0.00049979
7.38711e-10 5.46275e-05 0.00049319
7.38812e-10 5.49512e-05 0.00048605
7.38913e-10 5.52669e-05 0.000478403
7.39015e-10 5.55726e-05 0.000470281
7.39116e-10 5.5866e-05 0.000461721
7.39217e-10 5.6145e-05 0.00045276
7.39319e-10 5.64076e-05 0.000443436
7.3942e-10 5.6652e-05 0.000433792
7.39521e-10 5.68765e-05 0.00042387
7.39622e-10 5.70794e-05 0.000413713
7.39724e-10 5.72593e-05 0.000403365
7.39825e-10 5.7415e-05 0.000392872
7.39926e-10 5.75452e-05 0.000382279
7.40027e-10 5.76489e-05 0.000371632
7.40129e-10 5.77255e-05 0.000360977
7.4023e-10 5.77741e-05 0.00035036
7.40331e-10 5.77944e-05 0.000339826
7.40433e-10 5.7786e-05 0.00032942
7.40534e-10 5.77489e-05 0.000319185
7.40635e-10 5.7683e-05 0.000309166
7.40736e-10 5.75885e-05 0.000299403
7.40838e-10 5.74659e-05 0.000289936
7.40939e-10 5.73157e-05 0.000280805
7.4104e-10 5.71385e-05 0.000272047
7.41141e-10 5.69353e-05 0.000263696
7.41243e-10 5.67069e-05 0.000255785
7.41344e-10 5.64547e-05 0.000248345
7.41445e-10 5.61797e-05 0.000241404
7.41546e-10 5.58835e-05 0.000234988
7.41648e-10 5.55674e-05 0.00022912
7.41749e-10 5.52332e-05 0.000223822
7.4185e-10 5.48826e-05 0.000219109
7.41952e-10 5.45172e-05 0.000214998
7.42053e-10 5.4139e-05 0.0002115
7.42154e-10 5.37499e-05 0.000208624
7.42255e-10 5.33518e-05 0.000206376
7.42357e-10 5.29469e-05 0.00020476
7.42458e-10 5.2537e-05 0.000203775
7.42559e-10 5.21243e-05 0.000203419
7.4266e-10 5.17108e-05 0.000203686
7.42762e-10 5.12986e-05 0.000204566
7.42863e-10 5.08896e-05 0.000206049
7.42964e-10 5.04859e-05 0.00020812
7.43066e-10 5.00894e-05 0.000210762
7.43167e-10 4.9702e-05 0.000213955
7.43268e-10 4.93256e-05 0.000217677
7.43369e-10 4.89618e-05 0.000221905
7.43471e-10 4.86124e-05 0.00022661
7.43572e-10 4.8279e-05 0.000231764
7.43673e-10 4.7963e-05 0.000237337
7.43774e-10 4.76658e-05 0.000243296
7.43876e-10 4.73887e-05 0.000249606
7.43977e-10 4.71328e-05 0.000256232
7.44078e-10 4.6899e-05 0.000263137
7.44179e-10 4.66884e-05 0.000270282
7.44281e-10 4.65016e-05 0.000277629
7.44382e-10 4.63393e-05 0.000285137
7.44483e-10 4.62018e-05 0.000292767
7.44585e-10 4.60895e-05 0.000300477
7.44686e-10 4.60027e-05 0.000308226
7.44787e-10 4.59413e-05 0.000315975
7.44888e-10 4.59052e-05 0.000323681
7.4499e-10 4.58942e-05 0.000331305
7.45091e-10 4.5908e-05 0.000338807
7.45192e-10 4.59458e-05 0.000346148
7.45293e-10 4.60072e-05 0.000353291
7.45395e-10 4.60914e-05 0.000360197
7.45496e-10 4.61974e-05 0.000366832
7.45597e-10 4.63243e-05 0.000373162
7.45699e-10 4.64708e-05 0.000379154
7.458e-10 4.66359e-05 0.000384778
7.45901e-10 4.68181e-05 0.000390004
7.46002e-10 4.70161e-05 0.000394805
7.46104e-10 4.72284e-05 0.000399158
7.46205e-10 4.74534e-05 0.00040304
7.46306e-10 4.76896e-05 0.00040643
7.46407e-10 4.79352e-05 0.000409311
7.46509e-10 4.81886e-05 0.000411668
7.4661e-10 4.84481e-05 0.000413488
7.46711e-10 4.87118e-05 0.000414761
7.46813e-10 4.89781e-05 0.00041548
7.46914e-10 4.92452e-05 0.000415639
7.47015e-10 4.95112e-05 0.000415238
7.47116e-10 4.97746e-05 0.000414276
7.47218e-10 5.00336e-05 0.000412757
7.47319e-10 5.02865e-05 0.000410686
7.4742e-10 5.05317e-05 0.000408073
7.47521e-10 5.07677e-05 0.000404929
7.47623e-10 5.09929e-05 0.000401266
7.47724e-10 5.12059e-05 0.000397101
7.47825e-10 5.14055e-05 0.000392452
7.47926e-10 5.15902e-05 0.00038734
7.48028e-10 5.1759e-05 0.000381788
7.48129e-10 5.19108e-05 0.00037582
7.4823e-10 5.20447e-05 0.000369462
7.48332e-10 5.21597e-05 0.000362744
7.48433e-10 5.22552e-05 0.000355695
7.48534e-10 5.23305e-05 0.000348346
7.48635e-10 5.23852e-05 0.000340732
7.48737e-10 5.24188e-05 0.000332884
7.48838e-10 5.24311e-05 0.00032484
7.48939e-10 5.24219e-05 0.000316634
7.4904e-10 5.23913e-05 0.000308303
7.49142e-10 5.23394e-05 0.000299884
7.49243e-10 5.22665e-05 0.000291415
7.49344e-10 5.21728e-05 0.000282932
7.49446e-10 5.20588e-05 0.000274475
7.49547e-10 5.19252e-05 0.00026608
7.49648e-10 5.17727e-05 0.000257784
7.49749e-10 5.1602e-05 0.000249624
7.49851e-10 5.1414e-05 0.000241635
7.49952e-10 5.12099e-05 0.000233853
7.50053e-10 5.09906e-05 0.000226311
7.50154e-10 5.07573e-05 0.000219042
7.50256e-10 5.05113e-05 0.000212078
7.50357e-10 5.0254e-05 0.000205448
7.50458e-10 4.99866e-05 0.000199181
7.5056e-10 4.97106e-05 0.000193304
7.50661e-10 4.94276e-05 0.000187841
7.50762e-10 4.91389e-05 0.000182815
7.50863e-10 4.88462e-05 0.000178248
7.50965e-10 4.8551e-05 0.000174157
7.51066e-10 4.82549e-05 0.000170559
7.51167e-10 4.79595e-05 0.000167469
7.51268e-10 4.76662e-05 0.000164898
7.5137e-10 4.73768e-05 0.000162855
7.51471e-10 4.70926e-05 0.000161347
7.51572e-10 4.68152e-05 0.00016038
7.51673e-10 4.6546e-05 0.000159954
7.51775e-10 4.62865e-05 0.00016007
7.51876e-10 4.60379e-05 0.000160724
7.51977e-10 4.58016e-05 0.000161911
7.52079e-10 4.55787e-05 0.000163624
7.5218e-10 4.53705e-05 0.000165851
7.52281e-10 4.51779e-05 0.000168581
7.52382e-10 4.50019e-05 0.000171798
7.52484e-10 4.48434e-05 0.000175485
7.52585e-10 4.47031e-05 0.000179624
7.52686e-10 4.45818e-05 0.000184193
7.52787e-10 4.448e-05 0.000189169
7.52889e-10 4.43981e-05 0.000194527
7.5299e-10 4.43365e-05 0.00020024
7.53091e-10 4.42955e-05 0.00020628
7.53193e-10 4.42751e-05 0.000212617
7.53294e-10 4.42754e-05 0.000219221
7.53395e-10 4.42962e-05 0.00022606
7.53496e-10 4.43374e-05 0.000233099
7.53598e-10 4.43987e-05 0.000240306
7.53699e-10 4.44796e-05 0.000247645
7.538e-10 4.45795e-05 0.000255082
7.53901e-10 4.4698e-05 0.00026258
7.54003e-10 4.48341e-05 0.000270104
7.54104e-10 4.49871e-05 0.000277617
7.54205e-10 4.51561e-05 0.000285085
7.54307e-10 4.53401e-05 0.000292471
7.54408e-10 4.55381e-05 0.000299741
7.54509e-10 4.57487e-05 0.00030686
7.5461e-10 4.5971e-05 0.000313793
7.54712e-10 4.62035e-05 0.000320509
7.54813e-10 4.6445e-05 0.000326976
7.54914e-10 4.66941e-05 0.000333163
7.55015e-10 4.69494e-05 0.00033904
7.55117e-10 4.72095e-05 0.00034458
7.55218e-10 4.7473e-05 0.000349757
7.55319e-10 4.77383e-05 0.000354545
7.5542e-10 4.8004e-05 0.000358923
7.55522e-10 4.82687e-05 0.00036287
7.55623e-10 4.85308e-05 0.000366367
7.55724e-10 4.87891e-05 0.000369396
7.55826e-10 4.9042e-05 0.000371944
7.55927e-10 4.92882e-05 0.000373998
7.56028e-10 4.95264e-05 0.000375549
7.56129e-10 4.97553e-05 0.000376588
7.56231e-10 4.99737e-05 0.00037711
7.56332e-10 5.01804e-05 0.000377112
7.56433e-10 5.03744e-05 0.000376594
7.56534e-10 5.05546e-05 0.000375557
7.56636e-10 5.07201e-05 0.000374007
7.56737e-10 5.087e-05 0.000371948
7.56838e-10 5.10036e-05 0.00036939
7.5694e-10 5.11203e-05 0.000366345
7.57041e-10 5.12194e-05 0.000362826
7.57142e-10 5.13005e-05 0.000358848
7.57243e-10 5.13632e-05 0.000354429
7.57345e-10 5.14073e-05 0.000349589
7.57446e-10 5.14326e-05 0.00034435
7.57547e-10 5.14391e-05 0.000338734
7.57648e-10 5.14267e-05 0.000332768
7.5775e-10 5.13958e-05 0.000326479
7.57851e-10 5.13465e-05 0.000319893
7.57952e-10 5.12792e-05 0.000313042
7.58053e-10 5.11943e-05 0.000305956
7.58155e-10 5.10926e-05 0.000298667
7.58256e-10 5.09745e-05 0.000291209
7.58357e-10 5.08409e-05 0.000283614
7.58459e-10 5.06926e-05 0.000275918
7.5856e-10 5.05305e-05 0.000268155
7.58661e-10 5.03556e-05 0.000260361
7.58762e-10 5.01691e-05 0.00025257
7.58864e-10 4.9972e-05 0.00024482
7.58965e-10 4.97655e-05 0.000237144
7.59066e-10 4.95509e-05 0.000229577
7.59167e-10 4.93294e-05 0.000222155
7.59269e-10 4.91025e-05 0.000214912
7.5937e-10 4.88715e-05 0.00020788
7.59471e-10 4.86378e-05 0.000201091
7.59573e-10 4.84028e-05 0.000194577
7.59674e-10 4.81678e-05 0.000188368
7.59775e-10 4.79344e-05 0.000182493
7.59876e-10 4.7704e-05 0.000176978
7.59978e-10 4.74779e-05 0.00017185
7.60079e-10 4.72575e-05 0.000167132
7.6018e-10 4.70443e-05 0.000162846
7.60281e-10 4.68394e-05 0.000159012
7.60383e-10 4.66442e-05 0.000155649
7.60484e-10 4.64599e-05 0.000152773
7.60585e-10 4.62877e-05 0.000150398
7.60687e-10 4.61286e-05 0.000148535
7.60788e-10 4.59837e-05 0.000147194
7.60889e-10 4.58541e-05 0.000146381
7.6099e-10 4.57404e-05 0.000146103
7.61092e-10 4.56437e-05 0.000146361
7.61193e-10 4.55645e-05 0.000147155
7.61294e-10 4.55035e-05 0.000148482
7.61395e-10 4.54612e-05 0.000150339
7.61497e-10 4.5438e-05 0.000152718
7.61598e-10 4.54343e-05 0.000155609
7.61699e-10 4.54503e-05 0.000159
7.618e-10 4.54861e-05 0.000162879
7.61902e-10 4.55417e-05 0.000167228
7.62003e-10 4.5617e-05 0.000172029
7.62104e-10 4.57119e-05 0.000177263
7.62206e-10 4.5826e-05 0.000182906
7.62307e-10 4.5959e-05 0.000188934
7.62408e-10 4.61103e-05 0.000195323
7.62509e-10 4.62793e-05 0.000202043
7.62611e-10 4.64654e-05 0.000209067
7.62712e-10 4.66678e-05 0.000216364
7.62813e-10 4.68856e-05 0.000223902
7.62914e-10 4.71179e-05 0.000231649
7.63016e-10 4.73637e-05 0.00023957
7.63117e-10 4.76218e-05 0.000247632
7.63218e-10 4.78912e-05 0.000255798
7.6332e-10 4.81705e-05 0.000264035
7.63421e-10 4.84586e-05 0.000272304
7.63522e-10 4.8754e-05 0.00028057
7.63623e-10 4.90556e-05 0.000288798
7.63725e-10 4.93618e-05 0.000296949
7.63826e-10 4.96713e-05 0.00030499
7.63927e-10 4.99826e-05 0.000312884
7.64028e-10 5.02943e-05 0.000320596
7.6413e-10 5.0605e-05 0.000328093
7.64231e-10 5.09132e-05 0.000335341
7.64332e-10 5.12176e-05 0.000342307
7.64434e-10 5.15167e-05 0.000348963
7.64535e-10 5.18091e-05 0.000355276
7.64636e-10 5.20936e-05 0.000361221
7.64737e-10 5.23688e-05 0.000366769
7.64839e-10 5.26335e-05 0.000371897
7.6494e-10 5.28865e-05 0.000376581
7.65041e-10 5.31267e-05 0.000380801
7.65142e-10 5.33531e-05 0.000384537
7.65244e-10 5.35646e-05 0.000387773
7.65345e-10 5.37605e-05 0.000390494
7.65446e-10 5.39398e-05 0.000392687
7.65547e-10 5.41019e-05 0.000394344
7.65649e-10 5.42461e-05 0.000395455
7.6575e-10 5.43719e-05 0.000396016
7.65851e-10 5.44789e-05 0.000396025
7.65953e-10 5.45667e-05 0.00039548
7.66054e-10 5.46352e-05 0.000394384
7.66155e-10 5.46842e-05 0.000392742
7.66256e-10 5.47137e-05 0.00039056
7.66358e-10 5.47238e-05 0.000387849
7.66459e-10 5.47147e-05 0.00038462
7.6656e-10 5.46868e-05 0.000380888
7.66661e-10 5.46404e-05 0.000376668
7.66763e-10 5.45761e-05 0.000371981
7.66864e-10 5.44944e-05 0.000366846
7.66965e-10 5.43962e-05 0.000361288
7.67067e-10 5.42822e-05 0.00035533
7.67168e-10 5.41533e-05 0.000349
7.67269e-10 5.40104e-05 0.000342326
7.6737e-10 5.38548e-05 0.000335339
7.67472e-10 5.36875e-05 0.000328069
7.67573e-10 5.35097e-05 0.000320552
7.67674e-10 5.33227e-05 0.000312819
7.67775e-10 5.31278e-05 0.000304908
7.67877e-10 5.29264e-05 0.000296854
7.67978e-10 5.27199e-05 0.000288695
7.68079e-10 5.25098e-05 0.000280467
7.68181e-10 5.22976e-05 0.00027221
7.68282e-10 5.20848e-05 0.000263962
7.68383e-10 5.18728e-05 0.000255761
7.68484e-10 5.16633e-05 0.000247646
7.68586e-10 5.14576e-05 0.000239655
7.68687e-10 5.12574e-05 0.000231825
7.68788e-10 5.10641e-05 0.000224195
7.68889e-10 5.08792e-05 0.000216801
7.68991e-10 5.0704e-05 0.000209678
7.69092e-10 5.05401e-05 0.000202862
7.69193e-10 5.03886e-05 0.000196386
7.69294e-10 5.02509e-05 0.000190281
7.69396e-10 5.01281e-05 0.000184579
7.69497e-10 5.00215e-05 0.000179309
7.69598e-10 4.9932e-05 0.000174497
7.697e-10 4.98607e-05 0.00017017
7.69801e-10 4.98084e-05 0.00016635
7.69902e-10 4.97759e-05 0.000163059
7.70003e-10 4.97639e-05 0.000160317
7.70105e-10 4.9773e-05 0.000158138
7.70206e-10 4.98037e-05 0.000156539
7.70307e-10 4.98563e-05 0.000155531
7.70408e-10 4.99312e-05 0.000155124
7.7051e-10 5.00285e-05 0.000155323
7.70611e-10 5.01483e-05 0.000156134
7.70712e-10 5.02904e-05 0.000157558
7.70814e-10 5.04546e-05 0.000159593
7.70915e-10 5.06408e-05 0.000162237
7.71016e-10 5.08484e-05 0.000165483
7.71117e-10 5.10769e-05 0.000169322
7.71219e-10 5.13257e-05 0.000173742
7.7132e-10 5.1594e-05 0.000178729
7.71421e-10 5.18811e-05 0.000184266
7.71522e-10 5.21859e-05 0.000190334
7.71624e-10 5.25074e-05 0.000196912
7.71725e-10 5.28446e-05 0.000203977
7.71826e-10 5.31961e-05 0.000211501
7.71928e-10 5.35607e-05 0.000219456
7.72029e-10 5.3937e-05 0.000227814
7.7213e-10 5.43236e-05 0.000236541
7.72231e-10 5.4719e-05 0.000245605
7.72333e-10 5.51217e-05 0.000254969
7.72434e-10 5.55301e-05 0.000264597
7.72535e-10 5.59426e-05 0.000274452
7.72636e-10 5.63576e-05 0.000284493
7.72738e-10 5.67733e-05 0.000294681
7.72839e-10 5.71881e-05 0.000304975
7.7294e-10 5.76004e-05 0.000315334
7.73041e-10 5.80085e-05 0.000325714
7.73143e-10 5.84107e-05 0.000336075
7.73244e-10 5.88055e-05 0.000346374
7.73345e-10 5.91912e-05 0.000356568
7.73447e-10 5.95663e-05 0.000366615
7.73548e-10 5.99293e-05 0.000376474
7.73649e-10 6.02788e-05 0.000386105
7.7375e-10 6.06133e-05 0.000395466
7.73852e-10 6.09318e-05 0.000404519
7.73953e-10 6.12328e-05 0.000413225
7.74054e-10 6.15152e-05 0.000421549
7.74155e-10 6.17782e-05 0.000429456
7.74257e-10 6.20206e-05 0.000436911
7.74358e-10 6.22417e-05 0.000443883
7.74459e-10 6.24408e-05 0.000450343
7.74561e-10 6.26172e-05 0.000456263
7.74662e-10 6.27705e-05 0.000461617
7.74763e-10 6.29004e-05 0.000466383
7.74864e-10 6.30065e-05 0.00047054
7.74966e-10 6.30888e-05 0.000474071
7.75067e-10 6.31472e-05 0.000476959
7.75168e-10 6.3182e-05 0.000479192
7.75269e-10 6.31934e-05 0.000480761
7.75371e-10 6.31818e-05 0.000481658
7.75472e-10 6.31477e-05 0.00048188
7.75573e-10 6.30918e-05 0.000481425
7.75674e-10 6.30149e-05 0.000480295
7.75776e-10 6.29178e-05 0.000478496
7.75877e-10 6.28015e-05 0.000476034
7.75978e-10 6.26672e-05 0.00047292
7.7608e-10 6.25161e-05 0.000469169
7.76181e-10 6.23495e-05 0.000464796
7.76282e-10 6.21689e-05 0.000459821
7.76383e-10 6.19757e-05 0.000454265
7.76485e-10 6.17715e-05 0.000448154
7.76586e-10 6.1558e-05 0.000441516
7.76687e-10 6.13369e-05 0.000434378
7.76788e-10 6.111e-05 0.000426775
7.7689e-10 6.08791e-05 0.000418739
7.76991e-10 6.0646e-05 0.000410308
7.77092e-10 6.04128e-05 0.00040152
7.77194e-10 6.01812e-05 0.000392415
7.77295e-10 5.99532e-05 0.000383036
7.77396e-10 5.97308e-05 0.000373425
7.77497e-10 5.95158e-05 0.000363627
7.77599e-10 5.93101e-05 0.000353688
7.777e-10 5.91156e-05 0.000343655
7.77801e-10 5.89342e-05 0.000333575
7.77902e-10 5.87675e-05 0.000323496
7.78004e-10 5.86174e-05 0.000313467
7.78105e-10 5.84855e-05 0.000303536
7.78206e-10 5.83733e-05 0.000293751
7.78308e-10 5.82823e-05 0.000284161
7.78409e-10 5.8214e-05 0.000274814
7.7851e-10 5.81696e-05 0.000265756
7.78611e-10 5.81504e-05 0.000257033
7.78713e-10 5.81573e-05 0.000248691
7.78814e-10 5.81913e-05 0.000240773
7.78915e-10 5.82534e-05 0.000233321
7.79016e-10 5.8344e-05 0.000226376
7.79118e-10 5.84639e-05 0.000219977
7.79219e-10 5.86134e-05 0.00021416
7.7932e-10 5.87928e-05 0.00020896
7.79421e-10 5.90022e-05 0.000204409
7.79523e-10 5.92416e-05 0.000200536
7.79624e-10 5.95107e-05 0.000197369
7.79725e-10 5.98093e-05 0.000194931
7.79827e-10 6.0137e-05 0.000193244
7.79928e-10 6.0493e-05 0.000192326
7.80029e-10 6.08765e-05 0.000192192
7.8013e-10 6.12868e-05 0.000192854
7.80232e-10 6.17227e-05 0.000194321
7.80333e-10 6.2183e-05 0.000196597
7.80434e-10 6.26664e-05 0.000199686
7.80535e-10 6.31715e-05 0.000203585
7.80637e-10 6.36967e-05 0.000208289
7.80738e-10 6.42403e-05 0.000213791
7.80839e-10 6.48005e-05 0.000220078
7.80941e-10 6.53755e-05 0.000227136
7.81042e-10 6.59633e-05 0.000234945
7.81143e-10 6.65618e-05 0.000243484
7.81244e-10 6.71689e-05 0.000252729
7.81346e-10 6.77825e-05 0.00026265
7.81447e-10 6.84004e-05 0.000273217
7.81548e-10 6.90202e-05 0.000284396
7.81649e-10 6.96397e-05 0.000296149
7.81751e-10 7.02566e-05 0.000308438
7.81852e-10 7.08686e-05 0.00032122
7.81953e-10 7.14734e-05 0.00033445
7.82055e-10 7.20687e-05 0.000348082
7.82156e-10 7.26524e-05 0.000362067
7.82257e-10 7.32221e-05 0.000376354
7.82358e-10 7.37758e-05 0.000390892
7.8246e-10 7.43114e-05 0.000405627
7.82561e-10 7.48269e-05 0.000420504
7.82662e-10 7.53204e-05 0.000435467
7.82763e-10 7.579e-05 0.00045046
7.82865e-10 7.62342e-05 0.000465425
7.82966e-10 7.66512e-05 0.000480307
7.83067e-10 7.70397e-05 0.000495046
7.83168e-10 7.73983e-05 0.000509586
7.8327e-10 7.77259e-05 0.000523871
7.83371e-10 7.80214e-05 0.000537843
7.83472e-10 7.82841e-05 0.000551449
7.83574e-10 7.85131e-05 0.000564634
7.83675e-10 7.8708e-05 0.000577346
7.83776e-10 7.88685e-05 0.000589534
7.83877e-10 7.89943e-05 0.000601148
7.83979e-10 7.90854e-05 0.000612142
7.8408e-10 7.91421e-05 0.000622472
7.84181e-10 7.91647e-05 0.000632094
7.84282e-10 7.91538e-05 0.00064097
7.84384e-10 7.91102e-05 0.000649063
7.84485e-10 7.90346e-05 0.00065634
7.84586e-10 7.89283e-05 0.00066277
7.84688e-10 7.87925e-05 0.000668327
7.84789e-10 7.86286e-05 0.000672986
7.8489e-10 7.84383e-05 0.000676729
7.84991e-10 7.82233e-05 0.00067954
7.85093e-10 7.79855e-05 0.000681406
7.85194e-10 7.7727e-05 0.00068232
7.85295e-10 7.74499e-05 0.000682277
7.85396e-10 7.71566e-05 0.000681278
7.85498e-10 7.68495e-05 0.000679326
7.85599e-10 7.65311e-05 0.00067643
7.857e-10 7.62041e-05 0.000672602
7.85802e-10 7.58711e-05 0.000667859
7.85903e-10 7.55349e-05 0.000662221
7.86004e-10 7.51984e-05 0.000655713
7.86105e-10 7.48643e-05 0.000648364
7.86207e-10 7.45356e-05 0.000640205
7.86308e-10 7.42152e-05 0.000631273
7.86409e-10 7.39059e-05 0.000621608
7.8651e-10 7.36106e-05 0.000611254
7.86612e-10 7.33323e-05 0.000600256
7.86713e-10 7.30736e-05 0.000588666
7.86814e-10 7.28373e-05 0.000576535
7.86915e-10 7.26261e-05 0.000563921
7.87017e-10 7.24426e-05 0.000550881
7.87118e-10 7.22893e-05 0.000537477
7.87219e-10 7.21684e-05 0.000523771
7.87321e-10 7.20822e-05 0.000509828
7.87422e-10 7.20329e-05 0.000495715
7.87523e-10 7.20222e-05 0.000481501
7.87624e-10 7.20521e-05 0.000467254
7.87726e-10 7.21241e-05 0.000453045
7.87827e-10 7.22395e-05 0.000438945
7.87928e-10 7.23997e-05 0.000425023
7.88029e-10 7.26056e-05 0.000411353
7.88131e-10 7.28579e-05 0.000398004
7.88232e-10 7.31574e-05 0.000385046
7.88333e-10 7.35042e-05 0.00037255
7.88435e-10 7.38987e-05 0.000360582
7.88536e-10 7.43406e-05 0.000349211
7.88637e-10 7.48296e-05 0.0003385
7.88738e-10 7.53651e-05 0.000328512
7.8884e-10 7.59464e-05 0.000319309
7.88941e-10 7.65725e-05 0.000310948
7.89042e-10 7.72419e-05 0.000303485
7.89143e-10 7.79533e-05 0.000296971
7.89245e-10 7.8705e-05 0.000291455
7.89346e-10 7.94949e-05 0.000286982
7.89447e-10 8.03211e-05 0.000283593
7.89548e-10 8.1181e-05 0.000281326
7.8965e-10 8.20723e-05 0.000280213
7.89751e-10 8.29921e-05 0.000280284
7.89852e-10 8.39376e-05 0.000281562
7.89954e-10 8.49058e-05 0.000284066
7.90055e-10 8.58934e-05 0.000287812
7.90156e-10 8.68972e-05 0.000292809
7.90257e-10 8.79137e-05 0.00029906
7.90359e-10 8.89393e-05 0.000306567
7.9046e-10 8.99705e-05 0.000315323
7.90561e-10 9.10036e-05 0.000325317
7.90662e-10 9.20348e-05 0.000336534
7.90764e-10 9.30603e-05 0.000348952
7.90865e-10 9.40764e-05 0.000362545
7.90966e-10 9.50793e-05 0.000377281
7.91068e-10 9.60652e-05 0.000393125
7.91169e-10 9.70304e-05 0.000410035
7.9127e-10 9.79713e-05 0.000427966
7.91371e-10 9.88842e-05 0.000446866
7.91473e-10 9.97658e-05 0.00046668
7.91574e-10 0.000100613 0.00048735
7.91675e-10 0.000101421 0.000508811
7.91776e-10 0.000102189 0.000530997
7.91878e-10 0.000102913 0.000553836
7.91979e-10 0.00010359 0.000577255
7.9208e-10 0.000104218 0.000601176
7.92182e-10 0.000104795 0.000625518
7.92283e-10 0.000105318 0.0006502
7.92384e-10 0.000105785 0.000675136
7.92485e-10 0.000106196 0.000700239
7.92587e-10 0.000106549 0.000725421
7.92688e-10 0.000106842 0.000750593
7.92789e-10 0.000107076 0.000775665
7.9289e-10 0.000107249 0.000800545
7.92992e-10 0.000107362 0.000825143
7.93093e-10 0.000107415 0.000849369
7.93194e-10 0.000107407 0.000873132
7.93295e-10 0.000107341 0.000896344
7.93397e-10 0.000107217 0.000918918
7.93498e-10 0.000107037 0.000940767
7.93599e-10 0.000106802 0.000961808
7.93701e-10 0.000106514 0.000981961
7.93802e-10 0.000106176 0.00100115
7.93903e-10 0.00010579 0.00101929
7.94004e-10 0.00010536 0.00103632
7.94106e-10 0.000104888 0.00105218
7.94207e-10 0.000104378 0.00106679
7.94308e-10 0.000103834 0.0010801
7.94409e-10 0.000103259 0.00109205
7.94511e-10 0.000102658 0.00110261
7.94612e-10 0.000102035 0.00111171
7.94713e-10 0.000101395 0.00111934
7.94815e-10 0.000100742 0.00112545
7.94916e-10 0.000100081 0.00113002
7.95017e-10 9.94166e-05 0.00113303
7.95118e-10 9.87548e-05 0.00113447
7.9522e-10 9.81002e-05 0.00113433
7.95321e-10 9.74581e-05 0.00113261
7.95422e-10 9.68336e-05 0.00112932
7.95523e-10 9.62319e-05 0.00112447
7.95625e-10 9.56584e-05 0.00111809
7.95726e-10 9.51179e-05 0.0011102
7.95827e-10 9.46158e-05 0.00110084
7.95929e-10 9.41568e-05 0.00109004
7.9603e-10 9.37458e-05 0.00107785
7.96131e-10 9.33876e-05 0.00106433
7.96232e-10 9.30865e-05 0.00104953
7.96334e-10 9.2847e-05 0.00103353
7.96435e-10 9.2673e-05 0.0010164
7.96536e-10 9.25685e-05 0.000998205
7.96637e-10 9.25369e-05 0.000979041
7.96739e-10 9.25815e-05 0.000958993
7.9684e-10 9.27053e-05 0.000938155
7.96941e-10 9.29108e-05 0.000916625
7.97042e-10 9.32004e-05 0.000894506
7.97144e-10 9.35759e-05 0.000871904
7.97245e-10 9.40389e-05 0.000848931
7.97346e-10 9.45904e-05 0.000825698
7.97448e-10 9.52313e-05 0.000802323
7.97549e-10 9.59617e-05 0.000778923
7.9765e-10 9.67815e-05 0.000755618
7.97751e-10 9.76903e-05 0.00073253
7.97853e-10 9.86869e-05 0.000709781
7.97954e-10 9.977e-05 0.000687494
7.98055e-10 0.000100938 0.000665792
7.98156e-10 0.000102188 0.000644796
7.98258e-10 0.000103517 0.000624627
7.98359e-10 0.000104923 0.000605405
7.9846e-10 0.000106402 0.000587248
7.98562e-10 0.00010795 0.000570268
7.98663e-10 0.000109562 0.000554579
7.98764e-10 0.000111234 0.000540288
7.98865e-10 0.000112961 0.000527498
7.98967e-10 0.000114737 0.000516309
7.99068e-10 0.000116556 0.000506816
7.99169e-10 0.000118413 0.000499106
7.9927e-10 0.0001203 0.000493264
7.99372e-10 0.000122213 0.000489364
7.99473e-10 0.000124142 0.000487479
7.99574e-10 0.000126083 0.000487669
7.99676e-10 0.000128027 0.000489991
7.99777e-10 0.000129967 0.000494493
7.99878e-10 0.000131896 0.000501213
7.99979e-10 0.000133807 0.000510184
8.00081e-10 0.000135691 0.000521428
8.00182e-10 0.000137542 0.000534959
8.00283e-10 0.000139352 0.000550784
8.00384e-10 0.000141113 0.000568897
8.00486e-10 0.00014282 0.000589285
8.00587e-10 0.000144463 0.000611928
8.00688e-10 0.000146037 0.000636793
8.00789e-10 0.000147536 0.00066384
8.00891e-10 0.000148951 0.000693019
8.00992e-10 0.000150279 0.000724271
8.01093e-10 0.000151512 0.000757528
8.01195e-10 0.000152645 0.000792713
8.01296e-10 0.000153674 0.000829742
8.01397e-10 0.000154594 0.00086852
8.01498e-10 0.0001554 0.000908945
8.016e-10 0.00015609 0.000950908
8.01701e-10 0.00015666 0.00099429
8.01802e-10 0.000157107 0.00103897
8.01903e-10 0.00015743 0.00108481
8.02005e-10 0.000157627 0.00113168
8.02106e-10 0.000157697 0.00117944
8.02207e-10 0.000157641 0.00122793
8.02309e-10 0.000157457 0.001277
8.0241e-10 0.000157149 0.00132649
8.02511e-10 0.000156716 0.00137625
8.02612e-10 0.000156162 0.00142611
8.02714e-10 0.00015549 0.0014759
8.02815e-10 0.000154702 0.00152545
8.02916e-10 0.000153804 0.0015746
8.03017e-10 0.000152799 0.00162317
8.03119e-10 0.000151694 0.001671
8.0322e-10 0.000150494 0.00171791
8.03321e-10 0.000149207 0.00176374
8.03422e-10 0.000147838 0.00180832
8.03524e-10 0.000146397 0.0018515
8.03625e-10 0.000144891 0.00189311
8.03726e-10 0.000143328 0.00193299
8.03828e-10 0.000141718 0.00197101
8.03929e-10 0.00014007 0.00200702
8.0403e-10 0.000138395 0.00204088
8.04131e-10 0.000136702 0.00207247
8.04233e-10 0.000135002 0.00210166
8.04334e-10 0.000133306 0.00212833
8.04435e-10 0.000131624 0.0021524
8.04536e-10 0.000129967 0.00217375
8.04638e-10 0.000128348 0.00219231
8.04739e-10 0.000126776 0.002208
8.0484e-10 0.000125264 0.00222076
8.04942e-10 0.000123822 0.00223053
8.05043e-10 0.000122461 0.00223729
8.05144e-10 0.000121192 0.002241
8.05245e-10 0.000120026 0.00224164
8.05347e-10 0.000118974 0.00223921
8.05448e-10 0.000118044 0.00223373
8.05549e-10 0.000117247 0.00222521
8.0565e-10 0.000116592 0.0022137
8.05752e-10 0.000116088 0.00219924
8.05853e-10 0.000115743 0.0021819
8.05954e-10 0.000115564 0.00216175
8.06056e-10 0.000115558 0.00213888
8.06157e-10 0.000115732 0.0021134
8.06258e-10 0.000116091 0.00208541
8.06359e-10 0.00011664 0.00205505
8.06461e-10 0.000117382 0.00202246
8.06562e-10 0.000118322 0.00198779
8.06663e-10 0.000119461 0.0019512
8.06764e-10 0.0001208 0.00191287
8.06866e-10 0.000122341 0.00187297
8.06967e-10 0.000124082 0.00183171
8.07068e-10 0.000126023 0.00178928
8.07169e-10 0.00012816 0.00174591
8.07271e-10 0.00013049 0.0017018
8.07372e-10 0.00013301 0.00165719
8.07473e-10 0.000135714 0.0016123
8.07575e-10 0.000138595 0.00156739
8.07676e-10 0.000141646 0.00152268
8.07777e-10 0.00014486 0.00147843
8.07878e-10 0.000148227 0.00143489
8.0798e-10 0.000151737 0.0013923
8.08081e-10 0.00015538 0.00135093
8.08182e-10 0.000159144 0.00131101
8.08283e-10 0.000163015 0.00127281
8.08385e-10 0.000166982 0.00123658
8.08486e-10 0.00017103 0.00120255
8.08587e-10 0.000175145 0.00117097
8.08689e-10 0.000179312 0.00114208
8.0879e-10 0.000183514 0.0011161
8.08891e-10 0.000187737 0.00109326
8.08992e-10 0.000191962 0.00107378
8.09094e-10 0.000196174 0.00105785
8.09195e-10 0.000200355 0.00104568
8.09296e-10 0.000204488 0.00103745
8.09397e-10 0.000208556 0.00103333
8.09499e-10 0.000212541 0.00103347
8.096e-10 0.000216425 0.00103803
8.09701e-10 0.000220191 0.00104714
8.09803e-10 0.000223823 0.0010609
8.09904e-10 0.000227303 0.00107942
8.10005e-10 0.000230615 0.00110279
8.10106e-10 0.000233742 0.00113106
8.10208e-10 0.000236671 0.00116428
8.10309e-10 0.000239385 0.00120249
8.1041e-10 0.00024187 0.00124569
8.10511e-10 0.000244114 0.00129387
8.10613e-10 0.000246104 0.00134701
8.10714e-10 0.000247828 0.00140506
8.10815e-10 0.000249277 0.00146795
8.10916e-10 0.000250439 0.00153559
8.11018e-10 0.000251308 0.00160787
8.11119e-10 0.000251877 0.00168468
8.1122e-10 0.000252138 0.00176586
8.11322e-10 0.000252089 0.00185125
8.11423e-10 0.000251725 0.00194066
8.11524e-10 0.000251046 0.00203389
8.11625e-10 0.00025005 0.00213072
8.11727e-10 0.00024874 0.00223092
8.11828e-10 0.000247117 0.00233422
8.11929e-10 0.000245186 0.00244036
8.1203e-10 0.000242952 0.00254906
8.12132e-10 0.000240424 0.00266
8.12233e-10 0.000237609 0.00277289
8.12334e-10 0.000234518 0.00288739
8.12436e-10 0.000231163 0.00300316
8.12537e-10 0.000227557 0.00311987
8.12638e-10 0.000223715 0.00323715
8.12739e-10 0.000219652 0.00335464
8.12841e-10 0.000215387 0.00347198
8.12942e-10 0.000210938 0.00358879
8.13043e-10 0.000206324 0.00370469
8.13144e-10 0.000201569 0.0038193
8.13246e-10 0.000196692 0.00393225
8.13347e-10 0.000191719 0.00404315
8.13448e-10 0.000186673 0.00415164
8.1355e-10 0.00018158 0.00425733
8.13651e-10 0.000176465 0.00435987
8.13752e-10 0.000171355 0.00445889
8.13853e-10 0.000166277 0.00455405
8.13955e-10 0.000161259 0.004645
8.14056e-10 0.000156328 0.00473143
8.14157e-10 0.000151513 0.00481301
8.14258e-10 0.000146842 0.00488945
8.1436e-10 0.000142343 0.00496047
8.14461e-10 0.000138043 0.0050258
8.14562e-10 0.000133972 0.0050852
8.14663e-10 0.000130155 0.00513844
8.14765e-10 0.00012662 0.00518533
8.14866e-10 0.000123392 0.00522569
8.14967e-10 0.000120497 0.00525937
8.15069e-10 0.000117959 0.00528622
8.1517e-10 0.000115801 0.00530617
8.15271e-10 0.000114045 0.00531912
8.15372e-10 0.000112712 0.00532504
8.15474e-10 0.00011182 0.00532391
8.15575e-10 0.000111388 0.00531574
8.15676e-10 0.000111431 0.00530057
8.15777e-10 0.000111964 0.00527848
8.15879e-10 0.000112998 0.00524957
8.1598e-10 0.000114545 0.00521397
8.16081e-10 0.000116612 0.00517186
8.16183e-10 0.000119206 0.00512343
8.16284e-10 0.00012233 0.00506891
8.16385e-10 0.000125987 0.00500856
8.16486e-10 0.000130176 0.00494267
8.16588e-10 0.000134894 0.00487154
8.16689e-10 0.000140136 0.00479554
8.1679e-10 0.000145894 0.00471504
8.16891e-10 0.000152159 0.00463044
8.16993e-10 0.000158916 0.00454216
8.17094e-10 0.000166153 0.00445066
8.17195e-10 0.000173851 0.00435642
8.17296e-10 0.000181991 0.00425993
8.17398e-10 0.000190551 0.00416172
8.17499e-10 0.000199507 0.00406232
8.176e-10 0.000208833 0.00396229
8.17702e-10 0.000218499 0.00386219
8.17803e-10 0.000228476 0.00376262
8.17904e-10 0.00023873 0.00366417
8.18005e-10 0.000249229 0.00356743
8.18107e-10 0.000259935 0.00347303
8.18208e-10 0.00027081 0.00338157
8.18309e-10 0.000281817 0.00329368
8.1841e-10 0.000292914 0.00320997
8.18512e-10 0.000304059 0.00313106
8.18613e-10 0.000315211 0.00305756
8.18714e-10 0.000326326 0.00299008
8.18816e-10 0.000337359 0.0029292
8.18917e-10 0.000348266 0.00287551
8.19018e-10 0.000359001 0.00282957
8.19119e-10 0.000369521 0.00279193
8.19221e-10 0.000379779 0.00276312
8.19322e-10 0.000389732 0.00274364
8.19423e-10 0.000399334 0.00273398
8.19524e-10 0.000408542 0.00273458
8.19626e-10 0.000417314 0.00274588
8.19727e-10 0.000425607 0.00276826
8.19828e-10 0.000433381 0.00280209
8.1993e-10 0.000440597 0.00284768
8.20031e-10 0.000447218 0.00290531
8.20132e-10 0.000453207 0.00297524
8.20233e-10 0.000458533 0.00305766
8.20335e-10 0.000463162 0.00315273
8.20436e-10 0.000467067 0.00326057
8.20537e-10 0.00047022 0.00338124
8.20638e-10 0.000472598 0.00351477
8.2074e-10 0.000474179 0.00366114
8.20841e-10 0.000474947 0.00382025
8.20942e-10 0.000474885 0.003992
8.21043e-10 0.000473983 0.0041762
8.21145e-10 0.000472232 0.00437264
8.21246e-10 0.000469626 0.00458102
8.21347e-10 0.000466165 0.00480104
8.21449e-10 0.000461851 0.00503231
8.2155e-10 0.00045669 0.0052744
8.21651e-10 0.00045069 0.00552686
8.21752e-10 0.000443865 0.00578914
8.21854e-10 0.000436232 0.0060607
8.21955e-10 0.000427811 0.0063409
8.22056e-10 0.000418627 0.00662911
8.22157e-10 0.000408707 0.00692462
8.22259e-10 0.000398083 0.0072267
8.2236e-10 0.00038679 0.00753456
8.22461e-10 0.000374867 0.00784741
8.22563e-10 0.000362355 0.0081644
8.22664e-10 0.000349299 0.00848465
8.22765e-10 0.000335749 0.00880728
8.22866e-10 0.000321754 0.00913135
8.22968e-10 0.00030737 0.00945593
8.23069e-10 0.000292653 0.00978006
8.2317e-10 0.000277663 0.0101028
8.23271e-10 0.000262463 0.010423
8.23373e-10 0.000247115 0.0107399
8.23474e-10 0.000231686 0.0110524
8.23575e-10 0.000216245 0.0113595
8.23677e-10 0.00020086 0.0116603
8.23778e-10 0.000185602 0.0119537
8.23879e-10 0.000170544 0.0122389
8.2398e-10 0.000155758 0.0125148
8.24082e-10 0.000141318 0.0127805
8.24183e-10 0.000127298 0.0130352
8.24284e-10 0.000113771 0.013278
8.24385e-10 0.000100812 0.0135081
8.24487e-10 8.84946e-05 0.0137246
8.24588e-10 7.68916e-05 0.0139269
8.24689e-10 6.60753e-05 0.0141143
8.2479e-10 5.6117e-05 0.0142861
8.24892e-10 4.70867e-05 0.0144416
8.24993e-10 3.90526e-05 0.0145805
8.25094e-10 3.20815e-05 0.0147021
8.25196e-10 2.62378e-05 0.0148062
8.25297e-10 2.15842e-05 0.0148923
8.25398e-10 1.81806e-05 0.0149602
8.25499e-10 1.60843e-05 0.0150098
8.25601e-10 1.535e-05 0.0150408
8.25702e-10 1.60292e-05 0.0150533
8.25803e-10 1.81705e-05 0.0150472
8.25904e-10 2.18188e-05 0.0150227
8.26006e-10 2.70158e-05 0.0149801
8.26107e-10 3.37996e-05 0.0149195
8.26208e-10 4.22043e-05 0.0148414
8.2631e-10 5.22602e-05 0.0147462
8.26411e-10 6.39939e-05 0.0146344
8.26512e-10 7.74275e-05 0.0145066
8.26613e-10 9.25791e-05 0.0143636
8.26715e-10 0.000109463 0.0142062
8.26816e-10 0.000128088 0.0140352
8.26917e-10 0.00014846 0.0138515
8.27018e-10 0.000170579 0.0136561
8.2712e-10 0.000194442 0.0134502
8.27221e-10 0.000220041 0.0132349
8.27322e-10 0.000247363 0.0130114
8.27424e-10 0.000276391 0.0127811
8.27525e-10 0.000307103 0.0125452
8.27626e-10 0.000339474 0.0123052
8.27727e-10 0.000373472 0.0120626
8.27829e-10 0.000409063 0.0118188
8.2793e-10 0.000446207 0.0115754
8.28031e-10 0.000484861 0.0113339
8.28132e-10 0.000524976 0.0110961
8.28234e-10 0.0005665 0.0108635
8.28335e-10 0.000609375 0.0106377
8.28436e-10 0.000653542 0.0104205
8.28537e-10 0.000698934 0.0102135
8.28639e-10 0.000745482 0.0100184
8.2874e-10 0.000793113 0.00983689
8.28841e-10 0.000841749 0.00967053
8.28943e-10 0.000891309 0.00952099
8.29044e-10 0.000941707 0.00938986
8.29145e-10 0.000992854 0.0092787
8.29246e-10 0.00104466 0.00918903
8.29348e-10 0.00109702 0.00912231
8.29449e-10 0.00114984 0.00907996
8.2955e-10 0.00120301 0.0090633
8.29651e-10 0.00125643 0.00907363
8.29753e-10 0.00130998 0.00911213
8.29854e-10 0.00136355 0.00917991
8.29955e-10 0.00141702 0.009278
8.30057e-10 0.00147028 0.00940732
8.30158e-10 0.00152319 0.0095687
8.30259e-10 0.00157562 0.00976286
8.3036e-10 0.00162745 0.00999039
8.30462e-10 0.00167855 0.0102518
8.30563e-10 0.00172878 0.0105475
8.30664e-10 0.00177799 0.0108776
8.30765e-10 0.00182606 0.0112423
8.30867e-10 0.00187283 0.0116416
8.30968e-10 0.00191817 0.0120754
8.31069e-10 0.00196192 0.0125433
8.31171e-10 0.00200395 0.013045
8.31272e-10 0.0020441 0.0135799
8.31373e-10 0.00208223 0.0141472
8.31474e-10 0.00211819 0.0147463
8.31576e-10 0.00215183 0.015376
8.31677e-10 0.00218301 0.0160354
8.31778e-10 0.00221159 0.0167231
8.31879e-10 0.00223741 0.0174379
8.31981e-10 0.00226035 0.0181782
8.32082e-10 0.00228027 0.0189424
8.32183e-10 0.00229703 0.0197289
8.32284e-10 0.00231051 0.0205357
8.32386e-10 0.0023206 0.021361
8.32487e-10 0.00232717 0.0222026
8.32588e-10 0.00233013 0.0230586
8.3269e-10 0.00232938 0.0239265
8.32791e-10 0.00232482 0.0248042
8.32892e-10 0.0023164 0.0256893
8.32993e-10 0.00230404 0.0265794
8.33095e-10 0.00228769 0.0274719
8.33196e-10 0.00226732 0.0283644
8.33297e-10 0.00224292 0.0292543
8.33398e-10 0.00221448 0.030139
8.335e-10 0.00218202 0.031016
8.33601e-10 0.00214557 0.0318826
8.33702e-10 0.0021052 0.0327364
8.33804e-10 0.00206098 0.0335747
8.33905e-10 0.00201303 0.0343951
8.34006e-10 0.00196147 0.035195
8.34107e-10 0.00190646 0.0359721
8.34209e-10 0.00184818 0.036724
8.3431e-10 0.00178686 0.0374484
8.34411e-10 0.00172273 0.0381433
8.34512e-10 0.00165607 0.0388064
8.34614e-10 0.0015872 0.0394359
8.34715e-10 0.00151644 0.0400299
8.34816e-10 0.00144419 0.0405866
8.34917e-10 0.00137085 0.0411046
8.35019e-10 0.00129688 0.0415823
8.3512e-10 0.00122275 0.0420186
8.35221e-10 0.00114898 0.0424123
8.35323e-10 0.00107614 0.0427624
8.35424e-10 0.00100481 0.0430683
8.35525e-10 0.000935623 0.0433294
8.35626e-10 0.000869248 0.0435453
8.35728e-10 0.000806381 0.0437157
8.35829e-10 0.000747756 0.0438408
8.3593e-10 0.000694138 0.0439207
8.36031e-10 0.000646325 0.0439558
8.36133e-10 0.000605143 0.0439467
8.36234e-10 0.000571445 0.0438942
8.36335e-10 0.000546108 0.0437994
8.36437e-10 0.000530034 0.0436634
8.36538e-10 0.000524141 0.0434875
8.36639e-10 0.000529366 0.0432735
8.3674e-10 0.000546655 0.0430229
8.36842e-10 0.000576965 0.0427378
8.36943e-10 0.000621257 0.0424203
8.37044e-10 0.000680491 0.0420725
8.37145e-10 0.000755624 0.041697
8.37247e-10 0.000847601 0.0412962
8.37348e-10 0.000957353 0.0408729
8.37449e-10 0.00108579 0.0404297
8.37551e-10 0.0012338 0.0399697
8.37652e-10 0.00140223 0.0394958
8.37753e-10 0.00159189 0.0390111
8.37854e-10 0.00180357 0.0385187
8.37956e-10 0.00203797 0.0380219
8.38057e-10 0.00229575 0.0375237
8.38158e-10 0.00257752 0.0370275
8.38259e-10 0.00288381 0.0365365
8.38361e-10 0.00321507 0.0360539
8.38462e-10 0.00357166 0.0355829
8.38563e-10 0.00395387 0.0351268
8.38664e-10 0.00436189 0.0346885
8.38766e-10 0.00479581 0.0342711
8.38867e-10 0.00525559 0.0338776
8.38968e-10 0.00574112 0.0335106
8.3907e-10 0.00625215 0.0331731
8.39171e-10 0.00678831 0.0328674
8.39272e-10 0.00734911 0.032596
8.39373e-10 0.00793393 0.0323612
8.39475e-10 0.00854203 0.032165
8.39576e-10 0.00917254 0.0320093
8.39677e-10 0.00982444 0.0318958
8.39778e-10 0.0104966 0.031826
8.3988e-10 0.0111877 0.0318011
