6.9e-10 0.000690112 0.0335295
6.90101e-10 0.000594187 0.0330875
6.90203e-10 0.000508813 0.0326195
6.90304e-10 0.000433613 0.0321267
6.90405e-10 0.000368203 0.0316102
6.90506e-10 0.000312193 0.0310714
6.90608e-10 0.000265188 0.0305118
6.90709e-10 0.000226791 0.0299331
6.9081e-10 0.000196605 0.0293368
6.90911e-10 0.000174231 0.0287249
6.91013e-10 0.000159269 0.0280992
6.91114e-10 0.000151323 0.0274616
6.91215e-10 0.000149998 0.0268142
6.91317e-10 0.000154901 0.026159
6.91418e-10 0.000165642 0.025498
6.91519e-10 0.000181836 0.0248334
6.9162e-10 0.0002031 0.0241672
6.91722e-10 0.000229056 0.0235016
6.91823e-10 0.000259332 0.0228386
6.91924e-10 0.000293558 0.0221802
6.92025e-10 0.000331371 0.0215285
6.92127e-10 0.000372413 0.0208854
6.92228e-10 0.000416331 0.0202528
6.92329e-10 0.000462779 0.0196324
6.9243e-10 0.000511415 0.0190261
6.92532e-10 0.000561906 0.0184355
6.92633e-10 0.000613924 0.0178621
6.92734e-10 0.000667149 0.0173074
6.92836e-10 0.000721265 0.0167726
6.92937e-10 0.000775969 0.0162592
6.93038e-10 0.000830963 0.015768
6.93139e-10 0.000885956 0.0153002
6.93241e-10 0.000940669 0.0148565
6.93342e-10 0.000994831 0.0144378
6.93443e-10 0.00104818 0.0140446
6.93544e-10 0.00110046 0.0136773
6.93646e-10 0.00115145 0.0133364
6.93747e-10 0.00120089 0.013022
6.93848e-10 0.00124859 0.0127342
6.9395e-10 0.00129433 0.0124729
6.94051e-10 0.00133792 0.012238
6.94152e-10 0.00137919 0.0120293
6.94253e-10 0.00141795 0.0118462
6.94355e-10 0.00145407 0.0116884
6.94456e-10 0.0014874 0.011555
6.94557e-10 0.00151782 0.0114455
6.94658e-10 0.00154522 0.011359
6.9476e-10 0.00156951 0.0112946
6.94861e-10 0.0015906 0.0112512
6.94962e-10 0.00160843 0.0112279
6.95064e-10 0.00162296 0.0112235
6.95165e-10 0.00163414 0.0112367
6.95266e-10 0.00164197 0.0112663
6.95367e-10 0.00164644 0.011311
6.95469e-10 0.00164755 0.0113694
6.9557e-10 0.00164534 0.0114402
6.95671e-10 0.00163986 0.0115219
6.95772e-10 0.00163114 0.0116131
6.95874e-10 0.00161927 0.0117124
6.95975e-10 0.00160432 0.0118184
6.96076e-10 0.0015864 0.0119296
6.96177e-10 0.0015656 0.0120446
6.96279e-10 0.00154205 0.0121619
6.9638e-10 0.00151587 0.0122803
6.96481e-10 0.00148721 0.0123983
6.96583e-10 0.00145622 0.0125147
6.96684e-10 0.00142304 0.0126281
6.96785e-10 0.00138785 0.0127374
6.96886e-10 0.00135082 0.0128414
6.96988e-10 0.00131213 0.012939
6.97089e-10 0.00127195 0.0130291
6.9719e-10 0.00123047 0.0131108
6.97291e-10 0.00118788 0.0131831
6.97393e-10 0.00114438 0.0132452
6.97494e-10 0.00110016 0.0132964
6.97595e-10 0.0010554 0.0133358
6.97697e-10 0.0010103 0.0133631
6.97798e-10 0.00096505 0.0133775
6.97899e-10 0.000919838 0.0133786
6.98e-10 0.000874847 0.0133661
6.98102e-10 0.000830258 0.0133397
6.98203e-10 0.000786244 0.0132991
6.98304e-10 0.000742975 0.0132443
6.98405e-10 0.000700613 0.0131751
6.98507e-10 0.000659314 0.0130916
6.98608e-10 0.000619223 0.0129939
6.98709e-10 0.000580482 0.0128821
6.9881e-10 0.000543218 0.0127565
6.98912e-10 0.000507554 0.0126174
6.99013e-10 0.000473599 0.0124652
6.99114e-10 0.000441454 0.0123003
6.99216e-10 0.000411208 0.0121231
6.99317e-10 0.000382942 0.0119343
6.99418e-10 0.000356723 0.0117343
6.99519e-10 0.000332609 0.011524
6.99621e-10 0.000310645 0.0113038
6.99722e-10 0.000290867 0.0110747
6.99823e-10 0.000273298 0.0108372
6.99924e-10 0.000257953 0.0105922
7.00026e-10 0.000244832 0.0103405
7.00127e-10 0.000233927 0.010083
7.00228e-10 0.000225221 0.00982045
7.0033e-10 0.000218684 0.00955374
7.00431e-10 0.000214277 0.00928372
7.00532e-10 0.000211955 0.00901128
7.00633e-10 0.000211659 0.00873728
7.00735e-10 0.000213325 0.00846258
7.00836e-10 0.000216881 0.00818804
7.00937e-10 0.000222247 0.00791451
7.01038e-10 0.000229336 0.0076428
7.0114e-10 0.000238055 0.00737374
7.01241e-10 0.000248307 0.00710808
7.01342e-10 0.000259988 0.00684661
7.01444e-10 0.00027299 0.00659004
7.01545e-10 0.000287202 0.00633906
7.01646e-10 0.000302509 0.00609435
7.01747e-10 0.000318796 0.00585652
7.01849e-10 0.000335943 0.00562617
7.0195e-10 0.00035383 0.00540382
7.02051e-10 0.000372338 0.00519
7.02152e-10 0.000391347 0.00498514
7.02254e-10 0.000410736 0.00478968
7.02355e-10 0.000430389 0.00460396
7.02456e-10 0.000450188 0.00442832
7.02557e-10 0.000470019 0.00426301
7.02659e-10 0.000489772 0.00410828
7.0276e-10 0.000509339 0.00396429
7.02861e-10 0.000528615 0.00383117
7.02963e-10 0.000547501 0.003709
7.03064e-10 0.000565902 0.00359782
7.03165e-10 0.000583728 0.00349762
7.03266e-10 0.000600893 0.00340834
7.03368e-10 0.000617319 0.00332988
7.03469e-10 0.000632932 0.0032621
7.0357e-10 0.000647665 0.00320481
7.03671e-10 0.000661457 0.00315779
7.03773e-10 0.000674252 0.00312079
7.03874e-10 0.000686003 0.0030935
7.03975e-10 0.000696668 0.00307559
7.04077e-10 0.000706213 0.00306671
7.04178e-10 0.000714608 0.00306647
7.04279e-10 0.000721831 0.00307444
7.0438e-10 0.000727868 0.00309018
7.04482e-10 0.00073271 0.00311323
7.04583e-10 0.000736354 0.00314311
7.04684e-10 0.000738803 0.00317931
7.04785e-10 0.000740067 0.00322132
7.04887e-10 0.000740162 0.00326861
7.04988e-10 0.000739109 0.00332063
7.05089e-10 0.000736932 0.00337685
7.05191e-10 0.000733664 0.00343671
7.05292e-10 0.000729341 0.00349966
7.05393e-10 0.000724003 0.00356515
7.05494e-10 0.000717693 0.00363264
7.05596e-10 0.000710461 0.00370156
7.05697e-10 0.000702358 0.0037714
7.05798e-10 0.000693439 0.00384161
7.05899e-10 0.00068376 0.00391169
7.06001e-10 0.000673382 0.00398113
7.06102e-10 0.000662367 0.00404944
7.06203e-10 0.000650777 0.00411615
7.06304e-10 0.000638678 0.00418081
7.06406e-10 0.000626134 0.00424298
7.06507e-10 0.000613212 0.00430226
7.06608e-10 0.000599977 0.00435827
7.0671e-10 0.000586497 0.00441063
7.06811e-10 0.000572837 0.004459
7.06912e-10 0.00055906 0.00450309
7.07013e-10 0.000545232 0.00454259
7.07115e-10 0.000531415 0.00457726
7.07216e-10 0.000517668 0.00460687
7.07317e-10 0.00050405 0.00463121
7.07418e-10 0.000490619 0.00465012
7.0752e-10 0.000477428 0.00466344
7.07621e-10 0.000464529 0.00467108
7.07722e-10 0.00045197 0.00467293
7.07824e-10 0.000439797 0.00466895
7.07925e-10 0.000428052 0.00465911
7.08026e-10 0.000416776 0.00464341
7.08127e-10 0.000406002 0.00462187
7.08229e-10 0.000395765 0.00459455
7.0833e-10 0.000386092 0.00456152
7.08431e-10 0.00037701 0.00452289
7.08532e-10 0.000368539 0.00447879
7.08634e-10 0.000360698 0.00442937
7.08735e-10 0.000353501 0.00437479
7.08836e-10 0.000346959 0.00431526
7.08938e-10 0.000341079 0.00425099
7.09039e-10 0.000335864 0.0041822
7.0914e-10 0.000331314 0.00410914
7.09241e-10 0.000327428 0.00403208
7.09343e-10 0.000324197 0.00395129
7.09444e-10 0.000321613 0.00386706
7.09545e-10 0.000319662 0.00377968
7.09646e-10 0.00031833 0.00368947
7.09748e-10 0.000317598 0.00359675
7.09849e-10 0.000317446 0.00350183
7.0995e-10 0.00031785 0.00340504
7.10051e-10 0.000318786 0.00330673
7.10153e-10 0.000320225 0.0032072
7.10254e-10 0.000322139 0.00310682
7.10355e-10 0.000324497 0.00300589
7.10457e-10 0.000327267 0.00290476
7.10558e-10 0.000330415 0.00280375
7.10659e-10 0.000333906 0.00270318
7.1076e-10 0.000337706 0.00260337
7.10862e-10 0.000341779 0.00250462
7.10963e-10 0.000346088 0.00240723
7.11064e-10 0.000350596 0.0023115
7.11165e-10 0.000355267 0.00221769
7.11267e-10 0.000360064 0.00212608
7.11368e-10 0.000364951 0.00203691
7.11469e-10 0.000369893 0.00195043
7.11571e-10 0.000374853 0.00186686
7.11672e-10 0.000379798 0.00178641
7.11773e-10 0.000384694 0.00170928
7.11874e-10 0.000389509 0.00163563
7.11976e-10 0.000394212 0.00156565
7.12077e-10 0.000398773 0.00149946
7.12178e-10 0.000403165 0.00143719
7.12279e-10 0.00040736 0.00137896
7.12381e-10 0.000411334 0.00132486
7.12482e-10 0.000415063 0.00127495
7.12583e-10 0.000418527 0.00122929
7.12684e-10 0.000421706 0.00118793
7.12786e-10 0.000424581 0.00115088
7.12887e-10 0.000427139 0.00111814
7.12988e-10 0.000429365 0.0010897
7.1309e-10 0.000431248 0.00106553
7.13191e-10 0.000432778 0.00104558
7.13292e-10 0.000433948 0.0010298
7.13393e-10 0.000434753 0.00101808
7.13495e-10 0.000435189 0.00101036
7.13596e-10 0.000435255 0.00100651
7.13697e-10 0.000434952 0.00100642
7.13798e-10 0.000434281 0.00100996
7.139e-10 0.000433248 0.00101697
7.14001e-10 0.000431857 0.0010273
7.14102e-10 0.000430117 0.00104079
7.14204e-10 0.000428036 0.00105725
7.14305e-10 0.000425627 0.00107651
7.14406e-10 0.0004229 0.00109836
7.14507e-10 0.000419869 0.00112261
7.14609e-10 0.000416549 0.00114906
7.1471e-10 0.000412956 0.00117749
7.14811e-10 0.000409107 0.00120769
7.14912e-10 0.00040502 0.00123945
7.15014e-10 0.000400713 0.00127253
7.15115e-10 0.000396205 0.00130673
7.15216e-10 0.000391517 0.00134181
7.15318e-10 0.000386669 0.00137757
7.15419e-10 0.000381681 0.00141378
7.1552e-10 0.000376575 0.00145022
7.15621e-10 0.000371371 0.00148669
7.15723e-10 0.000366092 0.00152296
7.15824e-10 0.000360756 0.00155885
7.15925e-10 0.000355387 0.00159415
7.16026e-10 0.000350004 0.00162866
7.16128e-10 0.000344627 0.00166221
7.16229e-10 0.000339277 0.00169461
7.1633e-10 0.000333972 0.00172569
7.16431e-10 0.000328731 0.00175529
7.16533e-10 0.000323572 0.00178327
7.16634e-10 0.000318511 0.00180948
7.16735e-10 0.000313566 0.00183378
7.16837e-10 0.000308752 0.00185606
7.16938e-10 0.000304082 0.0018762
7.17039e-10 0.000299571 0.00189411
7.1714e-10 0.00029523 0.00190969
7.17242e-10 0.000291071 0.00192287
7.17343e-10 0.000287103 0.00193358
7.17444e-10 0.000283337 0.00194177
7.17545e-10 0.000279778 0.0019474
7.17647e-10 0.000276435 0.00195044
7.17748e-10 0.000273312 0.00195086
7.17849e-10 0.000270414 0.00194866
7.17951e-10 0.000267743 0.00194384
7.18052e-10 0.000265302 0.00193642
7.18153e-10 0.000263092 0.00192643
7.18254e-10 0.000261111 0.00191389
7.18356e-10 0.000259359 0.00189886
7.18457e-10 0.000257832 0.0018814
7.18558e-10 0.000256528 0.00186156
7.18659e-10 0.000255441 0.00183942
7.18761e-10 0.000254567 0.00181507
7.18862e-10 0.000253898 0.0017886
7.18963e-10 0.000253427 0.0017601
7.19065e-10 0.000253147 0.00172969
7.19166e-10 0.000253049 0.00169748
7.19267e-10 0.000253122 0.00166359
7.19368e-10 0.000253358 0.00162813
7.1947e-10 0.000253745 0.00159125
7.19571e-10 0.000254272 0.00155308
7.19672e-10 0.000254927 0.00151374
7.19773e-10 0.0002557 0.00147339
7.19875e-10 0.000256576 0.00143217
7.19976e-10 0.000257545 0.00139022
7.20077e-10 0.000258593 0.00134769
7.20178e-10 0.000259708 0.00130472
7.2028e-10 0.000260877 0.00126146
7.20381e-10 0.000262087 0.00121806
7.20482e-10 0.000263326 0.00117467
7.20584e-10 0.000264581 0.00113142
7.20685e-10 0.00026584 0.00108845
7.20786e-10 0.000267091 0.00104592
7.20887e-10 0.000268322 0.00100394
7.20989e-10 0.000269523 0.000962655
7.2109e-10 0.000270681 0.000922189
7.21191e-10 0.000271787 0.000882664
7.21292e-10 0.000272831 0.000844196
7.21394e-10 0.000273803 0.000806897
7.21495e-10 0.000274695 0.000770873
7.21596e-10 0.000275498 0.000736223
7.21698e-10 0.000276205 0.000703039
7.21799e-10 0.000276809 0.000671408
7.219e-10 0.000277303 0.000641408
7.22001e-10 0.000277682 0.00061311
7.22103e-10 0.000277942 0.000586579
7.22204e-10 0.000278077 0.000561871
7.22305e-10 0.000278085 0.000539033
7.22406e-10 0.000277963 0.000518108
7.22508e-10 0.000277709 0.000499127
7.22609e-10 0.000277322 0.000482116
7.2271e-10 0.0002768 0.000467091
7.22812e-10 0.000276145 0.000454061
7.22913e-10 0.000275357 0.000443028
7.23014e-10 0.000274437 0.000433985
7.23115e-10 0.000273388 0.000426918
7.23217e-10 0.000272213 0.000421806
7.23318e-10 0.000270914 0.000418618
7.23419e-10 0.000269495 0.000417321
7.2352e-10 0.000267962 0.000417871
7.23622e-10 0.000266319 0.000420219
7.23723e-10 0.000264571 0.000424309
7.23824e-10 0.000262724 0.00043008
7.23925e-10 0.000260785 0.000437465
7.24027e-10 0.000258759 0.000446391
7.24128e-10 0.000256655 0.000456782
7.24229e-10 0.000254479 0.000468554
7.24331e-10 0.000252239 0.000481623
7.24432e-10 0.000249942 0.000495897
7.24533e-10 0.000247596 0.000511284
7.24634e-10 0.000245209 0.000527687
7.24736e-10 0.000242789 0.000545006
7.24837e-10 0.000240344 0.000563142
7.24938e-10 0.000237883 0.000581989
7.25039e-10 0.000235412 0.000601446
7.25141e-10 0.000232941 0.000621405
7.25242e-10 0.000230477 0.000641761
7.25343e-10 0.000228027 0.000662408
7.25445e-10 0.000225599 0.000683242
7.25546e-10 0.000223201 0.000704157
7.25647e-10 0.000220839 0.000725049
7.25748e-10 0.00021852 0.000745816
7.2585e-10 0.00021625 0.00076636
7.25951e-10 0.000214036 0.00078658
7.26052e-10 0.000211884 0.000806383
7.26153e-10 0.000209798 0.000825676
7.26255e-10 0.000207784 0.000844369
7.26356e-10 0.000205847 0.000862378
7.26457e-10 0.00020399 0.000879622
7.26559e-10 0.000202217 0.000896021
7.2666e-10 0.000200531 0.000911505
7.26761e-10 0.000198936 0.000926004
7.26862e-10 0.000197433 0.000939455
7.26964e-10 0.000196025 0.000951799
7.27065e-10 0.000194713 0.000962982
7.27166e-10 0.000193498 0.000972958
7.27267e-10 0.00019238 0.000981684
7.27369e-10 0.000191359 0.000989122
7.2747e-10 0.000190435 0.000995241
7.27571e-10 0.000189608 0.00100002
7.27672e-10 0.000188875 0.00100343
7.27774e-10 0.000188236 0.00100546
7.27875e-10 0.000187688 0.0010061
7.27976e-10 0.000187228 0.00100535
7.28078e-10 0.000186854 0.00100322
7.28179e-10 0.000186563 0.000999708
7.2828e-10 0.000186351 0.000994829
7.28381e-10 0.000186215 0.000988605
7.28483e-10 0.000186149 0.000981058
7.28584e-10 0.000186151 0.000972218
7.28685e-10 0.000186215 0.00096212
7.28786e-10 0.000186337 0.000950802
7.28888e-10 0.000186511 0.000938307
7.28989e-10 0.000186734 0.000924683
7.2909e-10 0.000186998 0.000909981
7.29192e-10 0.0001873 0.000894258
7.29293e-10 0.000187633 0.000877571
7.29394e-10 0.000187993 0.000859982
7.29495e-10 0.000188373 0.000841557
7.29597e-10 0.000188769 0.000822364
7.29698e-10 0.000189175 0.000802473
7.29799e-10 0.000189585 0.000781955
7.299e-10 0.000189995 0.000760885
7.30002e-10 0.000190399 0.000739339
7.30103e-10 0.000190792 0.000717393
7.30204e-10 0.00019117 0.000695125
7.30305e-10 0.000191527 0.000672612
7.30407e-10 0.000191859 0.000649934
7.30508e-10 0.000192162 0.000627169
7.30609e-10 0.000192431 0.000604394
7.30711e-10 0.000192663 0.000581688
7.30812e-10 0.000192855 0.000559126
7.30913e-10 0.000193002 0.000536784
7.31014e-10 0.000193102 0.000514735
7.31116e-10 0.000193153 0.000493052
7.31217e-10 0.00019315 0.000471804
7.31318e-10 0.000193094 0.000451059
7.31419e-10 0.000192981 0.000430883
7.31521e-10 0.000192809 0.000411337
7.31622e-10 0.000192579 0.000392481
7.31723e-10 0.000192289 0.000374371
7.31825e-10 0.000191938 0.000357061
7.31926e-10 0.000191527 0.0003406
7.32027e-10 0.000191054 0.000325033
7.32128e-10 0.000190521 0.000310403
7.3223e-10 0.000189929 0.000296748
7.32331e-10 0.000189277 0.000284102
7.32432e-10 0.000188568 0.000272495
7.32533e-10 0.000187803 0.000261953
7.32635e-10 0.000186983 0.000252497
7.32736e-10 0.000186111 0.000244144
7.32837e-10 0.000185189 0.000236908
7.32939e-10 0.000184219 0.000230797
7.3304e-10 0.000183204 0.000225816
7.33141e-10 0.000182148 0.000221964
7.33242e-10 0.000181052 0.000219237
7.33344e-10 0.000179921 0.000217626
7.33445e-10 0.000178757 0.00021712
7.33546e-10 0.000177564 0.000217701
7.33647e-10 0.000176346 0.00021935
7.33749e-10 0.000175106 0.00022204
7.3385e-10 0.000173848 0.000225745
7.33951e-10 0.000172576 0.000230433
7.34052e-10 0.000171294 0.000236069
7.34154e-10 0.000170005 0.000242614
7.34255e-10 0.000168713 0.000250027
7.34356e-10 0.000167423 0.000258265
7.34458e-10 0.000166137 0.000267279
7.34559e-10 0.00016486 0.00027702
7.3466e-10 0.000163596 0.000287438
7.34761e-10 0.000162347 0.000298477
7.34863e-10 0.000161117 0.000310083
7.34964e-10 0.00015991 0.000322198
7.35065e-10 0.000158729 0.000334763
7.35166e-10 0.000157576 0.000347719
7.35268e-10 0.000156456 0.000361006
7.35369e-10 0.000155369 0.000374561
7.3547e-10 0.00015432 0.000388323
7.35572e-10 0.000153309 0.000402229
7.35673e-10 0.00015234 0.000416219
7.35774e-10 0.000151415 0.000430229
7.35875e-10 0.000150534 0.0004442
7.35977e-10 0.0001497 0.000458069
7.36078e-10 0.000148914 0.000471778
7.36179e-10 0.000148177 0.000485269
7.3628e-10 0.000147489 0.000498483
7.36382e-10 0.000146852 0.000511366
7.36483e-10 0.000146265 0.000523864
7.36584e-10 0.000145729 0.000535925
7.36686e-10 0.000145244 0.000547499
7.36787e-10 0.000144809 0.000558538
7.36888e-10 0.000144424 0.000568999
7.36989e-10 0.000144089 0.000578839
7.37091e-10 0.000143801 0.000588017
7.37192e-10 0.00014356 0.000596498
7.37293e-10 0.000143365 0.000604247
7.37394e-10 0.000143215 0.000611234
7.37496e-10 0.000143106 0.000617432
7.37597e-10 0.000143038 0.000622816
7.37698e-10 0.000143009 0.000627365
7.37799e-10 0.000143016 0.000631061
7.37901e-10 0.000143057 0.000633892
7.38002e-10 0.00014313 0.000635845
7.38103e-10 0.000143232 0.000636914
7.38205e-10 0.00014336 0.000637094
7.38306e-10 0.000143512 0.000636386
7.38407e-10 0.000143686 0.000634793
7.38508e-10 0.000143877 0.00063232
7.3861e-10 0.000144084 0.000628979
7.38711e-10 0.000144303 0.00062478
7.38812e-10 0.000144531 0.000619742
7.38913e-10 0.000144767 0.000613882
7.39015e-10 0.000145006 0.000607224
7.39116e-10 0.000145245 0.000599793
7.39217e-10 0.000145483 0.000591616
7.39319e-10 0.000145716 0.000582725
7.3942e-10 0.000145942 0.000573152
7.39521e-10 0.000146157 0.000562932
7.39622e-10 0.00014636 0.000552105
7.39724e-10 0.000146548 0.000540709
7.39825e-10 0.000146718 0.000528787
7.39926e-10 0.000146869 0.000516382
7.40027e-10 0.000146997 0.000503539
7.40129e-10 0.000147102 0.000490305
7.4023e-10 0.000147181 0.000476727
7.40331e-10 0.000147233 0.000462854
7.40433e-10 0.000147256 0.000448736
7.40534e-10 0.000147249 0.000434422
7.40635e-10 0.000147211 0.000419965
7.40736e-10 0.00014714 0.000405413
7.40838e-10 0.000147035 0.00039082
7.40939e-10 0.000146897 0.000376235
7.4104e-10 0.000146725 0.000361708
7.41141e-10 0.000146517 0.000347291
7.41243e-10 0.000146274 0.000333033
7.41344e-10 0.000145997 0.000318981
7.41445e-10 0.000145685 0.000305184
7.41546e-10 0.000145338 0.000291688
7.41648e-10 0.000144957 0.000278537
7.41749e-10 0.000144543 0.000265776
7.4185e-10 0.000144097 0.000253446
7.41952e-10 0.000143619 0.000241587
7.42053e-10 0.000143111 0.000230237
7.42154e-10 0.000142574 0.000219432
7.42255e-10 0.00014201 0.000209205
7.42357e-10 0.000141419 0.000199589
7.42458e-10 0.000140804 0.000190611
7.42559e-10 0.000140166 0.000182298
7.4266e-10 0.000139508 0.000174675
7.42762e-10 0.00013883 0.000167762
7.42863e-10 0.000138136 0.000161578
7.42964e-10 0.000137427 0.000156139
7.43066e-10 0.000136706 0.000151456
7.43167e-10 0.000135974 0.000147542
7.43268e-10 0.000135234 0.000144401
7.43369e-10 0.000134488 0.00014204
7.43471e-10 0.000133738 0.000140458
7.43572e-10 0.000132987 0.000139656
7.43673e-10 0.000132238 0.000139627
7.43774e-10 0.000131491 0.000140365
7.43876e-10 0.00013075 0.000141861
7.43977e-10 0.000130016 0.000144101
7.44078e-10 0.000129293 0.00014707
7.44179e-10 0.000128581 0.00015075
7.44281e-10 0.000127884 0.00015512
7.44382e-10 0.000127203 0.000160159
7.44483e-10 0.000126539 0.00016584
7.44585e-10 0.000125895 0.000172136
7.44686e-10 0.000125273 0.000179017
7.44787e-10 0.000124674 0.000186452
7.44888e-10 0.000124099 0.000194408
7.4499e-10 0.00012355 0.00020285
7.45091e-10 0.000123029 0.00021174
7.45192e-10 0.000122535 0.00022104
7.45293e-10 0.000122072 0.000230712
7.45395e-10 0.000121638 0.000240713
7.45496e-10 0.000121235 0.000251004
7.45597e-10 0.000120865 0.00026154
7.45699e-10 0.000120526 0.00027228
7.458e-10 0.000120219 0.000283178
7.45901e-10 0.000119945 0.000294192
7.46002e-10 0.000119704 0.000305277
7.46104e-10 0.000119495 0.000316388
7.46205e-10 0.000119318 0.000327481
7.46306e-10 0.000119174 0.000338513
7.46407e-10 0.000119061 0.00034944
7.46509e-10 0.000118978 0.00036022
7.4661e-10 0.000118926 0.000370809
7.46711e-10 0.000118902 0.000381167
7.46813e-10 0.000118907 0.000391254
7.46914e-10 0.000118938 0.000401031
7.47015e-10 0.000118996 0.000410459
7.47116e-10 0.000119077 0.000419504
7.47218e-10 0.000119182 0.000428131
7.47319e-10 0.000119308 0.000436306
7.4742e-10 0.000119454 0.000443998
7.47521e-10 0.000119618 0.000451179
7.47623e-10 0.000119799 0.000457822
7.47724e-10 0.000119994 0.0004639
7.47825e-10 0.000120203 0.000469393
7.47926e-10 0.000120422 0.000474278
7.48028e-10 0.000120651 0.000478538
7.48129e-10 0.000120886 0.000482157
7.4823e-10 0.000121127 0.000485121
7.48332e-10 0.000121371 0.00048742
7.48433e-10 0.000121617 0.000489046
7.48534e-10 0.000121862 0.000489992
7.48635e-10 0.000122105 0.000490254
7.48737e-10 0.000122343 0.000489833
7.48838e-10 0.000122576 0.00048873
7.48939e-10 0.0001228 0.00048695
7.4904e-10 0.000123015 0.000484498
7.49142e-10 0.000123219 0.000481384
7.49243e-10 0.00012341 0.00047762
7.49344e-10 0.000123586 0.000473219
7.49446e-10 0.000123746 0.000468198
7.49547e-10 0.00012389 0.000462576
7.49648e-10 0.000124014 0.000456373
7.49749e-10 0.00012412 0.000449611
7.49851e-10 0.000124204 0.000442317
7.49952e-10 0.000124267 0.000434515
7.50053e-10 0.000124307 0.000426234
7.50154e-10 0.000124324 0.000417506
7.50256e-10 0.000124317 0.00040836
7.50357e-10 0.000124286 0.000398831
7.50458e-10 0.00012423 0.000388953
7.5056e-10 0.000124149 0.000378761
7.50661e-10 0.000124043 0.000368292
7.50762e-10 0.000123912 0.000357584
7.50863e-10 0.000123755 0.000346676
7.50965e-10 0.000123574 0.000335605
7.51066e-10 0.000123368 0.000324412
7.51167e-10 0.000123138 0.000313136
7.51268e-10 0.000122885 0.000301819
7.5137e-10 0.000122609 0.000290499
7.51471e-10 0.000122311 0.000279217
7.51572e-10 0.000121991 0.000268013
7.51673e-10 0.000121652 0.000256927
7.51775e-10 0.000121293 0.000245997
7.51876e-10 0.000120916 0.000235262
7.51977e-10 0.000120523 0.000224759
7.52079e-10 0.000120114 0.000214525
7.5218e-10 0.000119692 0.000204596
7.52281e-10 0.000119256 0.000195007
7.52382e-10 0.00011881 0.00018579
7.52484e-10 0.000118354 0.000176977
7.52585e-10 0.000117891 0.000168598
7.52686e-10 0.000117421 0.000160683
7.52787e-10 0.000116946 0.000153258
7.52889e-10 0.000116469 0.000146347
7.5299e-10 0.00011599 0.000139976
7.53091e-10 0.000115512 0.000134163
7.53193e-10 0.000115037 0.00012893
7.53294e-10 0.000114565 0.000124292
7.53395e-10 0.000114098 0.000120266
7.53496e-10 0.000113639 0.000116862
7.53598e-10 0.000113189 0.000114093
7.53699e-10 0.000112749 0.000111966
7.538e-10 0.000112321 0.000110487
7.53901e-10 0.000111907 0.000109659
7.54003e-10 0.000111507 0.000109483
7.54104e-10 0.000111123 0.000109959
7.54205e-10 0.000110757 0.000111083
7.54307e-10 0.00011041 0.000112849
7.54408e-10 0.000110083 0.000115249
7.54509e-10 0.000109776 0.000118272
7.5461e-10 0.000109491 0.000121906
7.54712e-10 0.000109229 0.000126137
7.54813e-10 0.00010899 0.000130947
7.54914e-10 0.000108776 0.000136318
7.55015e-10 0.000108586 0.000142228
7.55117e-10 0.000108421 0.000148655
7.55218e-10 0.000108282 0.000155575
7.55319e-10 0.000108168 0.00016296
7.5542e-10 0.00010808 0.000170784
7.55522e-10 0.000108018 0.000179017
7.55623e-10 0.000107982 0.000187627
7.55724e-10 0.000107971 0.000196583
7.55826e-10 0.000107986 0.000205852
7.55927e-10 0.000108025 0.000215398
7.56028e-10 0.000108089 0.000225187
7.56129e-10 0.000108176 0.000235182
7.56231e-10 0.000108287 0.000245347
7.56332e-10 0.000108419 0.000255645
7.56433e-10 0.000108573 0.000266036
7.56534e-10 0.000108748 0.000276484
7.56636e-10 0.000108941 0.00028695
7.56737e-10 0.000109153 0.000297395
7.56838e-10 0.000109382 0.000307782
7.5694e-10 0.000109626 0.000318073
7.57041e-10 0.000109884 0.000328229
7.57142e-10 0.000110156 0.000338215
7.57243e-10 0.000110439 0.000347994
7.57345e-10 0.000110732 0.00035753
7.57446e-10 0.000111033 0.000366789
7.57547e-10 0.000111341 0.000375736
7.57648e-10 0.000111655 0.00038434
7.5775e-10 0.000111972 0.00039257
7.57851e-10 0.000112292 0.000400395
7.57952e-10 0.000112612 0.000407787
7.58053e-10 0.000112931 0.000414719
7.58155e-10 0.000113248 0.000421167
7.58256e-10 0.00011356 0.000427107
7.58357e-10 0.000113867 0.000432517
7.58459e-10 0.000114166 0.000437378
7.5856e-10 0.000114457 0.000441672
7.58661e-10 0.000114738 0.000445383
7.58762e-10 0.000115008 0.000448499
7.58864e-10 0.000115265 0.000451007
7.58965e-10 0.000115507 0.0004529
7.59066e-10 0.000115735 0.000454168
7.59167e-10 0.000115947 0.000454809
7.59269e-10 0.000116141 0.000454819
7.5937e-10 0.000116317 0.000454199
7.59471e-10 0.000116474 0.00045295
7.59573e-10 0.000116611 0.000451077
7.59674e-10 0.000116728 0.000448586
7.59775e-10 0.000116824 0.000445486
7.59876e-10 0.000116898 0.000441788
7.59978e-10 0.000116951 0.000437506
7.60079e-10 0.000116981 0.000432653
7.6018e-10 0.000116989 0.000427249
7.60281e-10 0.000116975 0.000421311
7.60383e-10 0.000116938 0.000414861
7.60484e-10 0.000116879 0.000407923
7.60585e-10 0.000116798 0.00040052
7.60687e-10 0.000116696 0.000392679
7.60788e-10 0.000116573 0.000384428
7.60889e-10 0.000116428 0.000375798
7.6099e-10 0.000116264 0.000366818
7.61092e-10 0.000116081 0.00035752
7.61193e-10 0.000115879 0.000347939
7.61294e-10 0.00011566 0.000338108
7.61395e-10 0.000115424 0.000328063
7.61497e-10 0.000115173 0.00031784
7.61598e-10 0.000114907 0.000307476
7.61699e-10 0.000114629 0.000297007
7.618e-10 0.000114338 0.000286472
7.61902e-10 0.000114037 0.000275909
7.62003e-10 0.000113727 0.000265356
7.62104e-10 0.000113409 0.00025485
7.62206e-10 0.000113085 0.000244431
7.62307e-10 0.000112757 0.000234136
7.62408e-10 0.000112425 0.000224002
7.62509e-10 0.000112091 0.000214066
7.62611e-10 0.000111758 0.000204365
7.62712e-10 0.000111426 0.000194933
7.62813e-10 0.000111097 0.000185807
7.62914e-10 0.000110772 0.000177019
7.63016e-10 0.000110454 0.000168601
7.63117e-10 0.000110143 0.000160585
7.63218e-10 0.000109842 0.000153001
7.6332e-10 0.000109551 0.000145877
7.63421e-10 0.000109273 0.00013924
7.63522e-10 0.000109007 0.000133116
7.63623e-10 0.000108757 0.000127526
7.63725e-10 0.000108523 0.000122494
7.63826e-10 0.000108306 0.000118039
7.63927e-10 0.000108107 0.000114178
7.64028e-10 0.000107928 0.000110926
7.6413e-10 0.000107769 0.000108299
7.64231e-10 0.000107632 0.000106306
7.64332e-10 0.000107517 0.000104958
7.64434e-10 0.000107424 0.00010426
7.64535e-10 0.000107356 0.000104219
7.64636e-10 0.000107311 0.000104835
7.64737e-10 0.000107291 0.000106109
7.64839e-10 0.000107296 0.00010804
7.6494e-10 0.000107327 0.000110622
7.65041e-10 0.000107382 0.000113849
7.65142e-10 0.000107463 0.000117712
7.65244e-10 0.000107569 0.0001222
7.65345e-10 0.0001077 0.000127298
7.65446e-10 0.000107856 0.000132992
7.65547e-10 0.000108036 0.000139264
7.65649e-10 0.000108241 0.000146094
7.6575e-10 0.000108469 0.000153461
7.65851e-10 0.000108719 0.000161341
7.65953e-10 0.000108992 0.000169708
7.66054e-10 0.000109285 0.000178535
7.66155e-10 0.000109599 0.000187793
7.66256e-10 0.000109932 0.000197452
7.66358e-10 0.000110283 0.000207481
7.66459e-10 0.00011065 0.000217845
7.6656e-10 0.000111034 0.000228511
7.66661e-10 0.000111431 0.000239443
7.66763e-10 0.000111842 0.000250604
7.66864e-10 0.000112264 0.000261958
7.66965e-10 0.000112695 0.000273465
7.67067e-10 0.000113136 0.000285087
7.67168e-10 0.000113583 0.000296784
7.67269e-10 0.000114036 0.000308518
7.6737e-10 0.000114492 0.000320248
7.67472e-10 0.000114951 0.000331935
7.67573e-10 0.00011541 0.000343538
7.67674e-10 0.000115867 0.000355019
7.67775e-10 0.000116323 0.000366337
7.67877e-10 0.000116773 0.000377454
7.67978e-10 0.000117218 0.000388331
7.68079e-10 0.000117656 0.000398932
7.68181e-10 0.000118084 0.00040922
7.68282e-10 0.000118502 0.000419159
7.68383e-10 0.000118908 0.000428714
7.68484e-10 0.0001193 0.000437853
7.68586e-10 0.000119678 0.000446543
7.68687e-10 0.00012004 0.000454755
7.68788e-10 0.000120385 0.00046246
7.68889e-10 0.000120711 0.00046963
7.68991e-10 0.000121019 0.000476241
7.69092e-10 0.000121306 0.000482268
7.69193e-10 0.000121572 0.000487691
7.69294e-10 0.000121816 0.00049249
7.69396e-10 0.000122037 0.000496649
7.69497e-10 0.000122236 0.000500151
7.69598e-10 0.000122411 0.000502985
7.697e-10 0.000122562 0.000505139
7.69801e-10 0.000122688 0.000506607
7.69902e-10 0.00012279 0.000507381
7.70003e-10 0.000122868 0.000507458
7.70105e-10 0.000122922 0.000506839
7.70206e-10 0.000122951 0.000505523
7.70307e-10 0.000122956 0.000503516
7.70408e-10 0.000122938 0.000500823
7.7051e-10 0.000122897 0.000497454
7.70611e-10 0.000122834 0.000493419
7.70712e-10 0.000122749 0.000488732
7.70814e-10 0.000122643 0.00048341
7.70915e-10 0.000122517 0.00047747
7.71016e-10 0.000122372 0.000470932
7.71117e-10 0.000122209 0.00046382
7.71219e-10 0.00012203 0.000456158
7.7132e-10 0.000121835 0.000447973
7.71421e-10 0.000121627 0.000439293
7.71522e-10 0.000121406 0.000430149
7.71624e-10 0.000121173 0.000420573
7.71725e-10 0.000120931 0.000410599
7.71826e-10 0.000120682 0.000400263
7.71928e-10 0.000120425 0.000389601
7.72029e-10 0.000120165 0.000378651
7.7213e-10 0.000119901 0.000367453
7.72231e-10 0.000119636 0.000356048
7.72333e-10 0.000119372 0.000344476
7.72434e-10 0.00011911 0.000332779
7.72535e-10 0.000118852 0.000321001
7.72636e-10 0.000118601 0.000309184
7.72738e-10 0.000118357 0.000297372
7.72839e-10 0.000118122 0.000285608
7.7294e-10 0.000117899 0.000273937
7.73041e-10 0.000117689 0.000262402
7.73143e-10 0.000117493 0.000251046
7.73244e-10 0.000117314 0.000239913
7.73345e-10 0.000117152 0.000229045
7.73447e-10 0.000117009 0.000218484
7.73548e-10 0.000116887 0.00020827
7.73649e-10 0.000116787 0.000198444
7.7375e-10 0.000116711 0.000189045
7.73852e-10 0.000116659 0.00018011
7.73953e-10 0.000116632 0.000171675
7.74054e-10 0.000116633 0.000163774
7.74155e-10 0.00011666 0.000156442
7.74257e-10 0.000116716 0.000149709
7.74358e-10 0.000116801 0.000143605
7.74459e-10 0.000116916 0.000138157
7.74561e-10 0.00011706 0.000133389
7.74662e-10 0.000117235 0.000129327
7.74763e-10 0.000117441 0.000125989
7.74864e-10 0.000117677 0.000123395
7.74966e-10 0.000117944 0.000121561
7.75067e-10 0.000118242 0.0001205
7.75168e-10 0.00011857 0.000120223
7.75269e-10 0.000118928 0.000120739
7.75371e-10 0.000119315 0.000122054
7.75472e-10 0.000119731 0.000124169
7.75573e-10 0.000120175 0.000127087
7.75674e-10 0.000120646 0.000130804
7.75776e-10 0.000121144 0.000135315
7.75877e-10 0.000121666 0.000140613
7.75978e-10 0.000122213 0.000146687
7.7608e-10 0.000122782 0.000153523
7.76181e-10 0.000123372 0.000161107
7.76282e-10 0.000123982 0.000169419
7.76383e-10 0.00012461 0.000178439
7.76485e-10 0.000125255 0.000188143
7.76586e-10 0.000125914 0.000198504
7.76687e-10 0.000126587 0.000209496
7.76788e-10 0.000127271 0.000221086
7.7689e-10 0.000127963 0.000233243
7.76991e-10 0.000128664 0.000245931
7.77092e-10 0.000129369 0.000259114
7.77194e-10 0.000130078 0.000272752
7.77295e-10 0.000130788 0.000286806
7.77396e-10 0.000131497 0.000301233
7.77497e-10 0.000132204 0.000315989
7.77599e-10 0.000132906 0.00033103
7.777e-10 0.0001336 0.00034631
7.77801e-10 0.000134286 0.00036178
7.77902e-10 0.000134961 0.000377394
7.78004e-10 0.000135623 0.000393102
7.78105e-10 0.00013627 0.000408855
7.78206e-10 0.000136901 0.000424603
7.78308e-10 0.000137513 0.000440296
7.78409e-10 0.000138105 0.000455883
7.7851e-10 0.000138676 0.000471315
7.78611e-10 0.000139223 0.000486542
7.78713e-10 0.000139745 0.000501514
7.78814e-10 0.000140241 0.000516182
7.78915e-10 0.00014071 0.000530498
7.79016e-10 0.000141151 0.000544416
7.79118e-10 0.000141562 0.000557888
7.79219e-10 0.000141943 0.000570871
7.7932e-10 0.000142292 0.000583321
7.79421e-10 0.00014261 0.000595195
7.79523e-10 0.000142896 0.000606455
7.79624e-10 0.000143149 0.000617061
7.79725e-10 0.000143369 0.000626977
7.79827e-10 0.000143556 0.00063617
7.79928e-10 0.00014371 0.000644607
7.80029e-10 0.000143832 0.00065226
7.8013e-10 0.000143921 0.0006591
7.80232e-10 0.000143979 0.000665104
7.80333e-10 0.000144005 0.00067025
7.80434e-10 0.000144001 0.000674519
7.80535e-10 0.000143968 0.000677896
7.80637e-10 0.000143906 0.000680367
7.80738e-10 0.000143817 0.000681923
7.80839e-10 0.000143703 0.000682556
7.80941e-10 0.000143564 0.000682263
7.81042e-10 0.000143402 0.000681044
7.81143e-10 0.000143219 0.0006789
7.81244e-10 0.000143017 0.000675837
7.81346e-10 0.000142798 0.000671866
7.81447e-10 0.000142564 0.000666997
7.81548e-10 0.000142316 0.000661246
7.81649e-10 0.000142057 0.000654632
7.81751e-10 0.00014179 0.000647175
7.81852e-10 0.000141516 0.000638901
7.81953e-10 0.000141238 0.000629838
7.82055e-10 0.000140959 0.000620015
7.82156e-10 0.00014068 0.000609467
7.82257e-10 0.000140405 0.000598228
7.82358e-10 0.000140136 0.000586338
7.8246e-10 0.000139875 0.000573839
7.82561e-10 0.000139625 0.000560773
7.82662e-10 0.000139389 0.000547188
7.82763e-10 0.000139168 0.00053313
7.82865e-10 0.000138966 0.00051865
7.82966e-10 0.000138785 0.000503801
7.83067e-10 0.000138626 0.000488635
7.83168e-10 0.000138493 0.000473208
7.8327e-10 0.000138388 0.000457577
7.83371e-10 0.000138313 0.000441799
7.83472e-10 0.000138269 0.000425934
7.83574e-10 0.000138259 0.000410039
7.83675e-10 0.000138284 0.000394177
7.83776e-10 0.000138347 0.000378407
7.83877e-10 0.000138448 0.00036279
7.83979e-10 0.00013859 0.000347387
7.8408e-10 0.000138773 0.000332258
7.84181e-10 0.000138999 0.000317465
7.84282e-10 0.000139269 0.000303066
7.84384e-10 0.000139583 0.00028912
7.84485e-10 0.000139942 0.000275686
7.84586e-10 0.000140347 0.000262819
7.84688e-10 0.000140797 0.000250576
7.84789e-10 0.000141294 0.00023901
7.8489e-10 0.000141837 0.000228173
7.84991e-10 0.000142426 0.000218115
7.85093e-10 0.00014306 0.000208883
7.85194e-10 0.000143738 0.000200524
7.85295e-10 0.000144461 0.00019308
7.85396e-10 0.000145227 0.000186591
7.85498e-10 0.000146035 0.000181096
7.85599e-10 0.000146884 0.000176629
7.857e-10 0.000147772 0.00017322
7.85802e-10 0.000148697 0.0001709
7.85903e-10 0.000149658 0.000169691
7.86004e-10 0.000150653 0.000169617
7.86105e-10 0.00015168 0.000170695
7.86207e-10 0.000152736 0.000172939
7.86308e-10 0.000153819 0.000176359
7.86409e-10 0.000154926 0.000180963
7.8651e-10 0.000156055 0.000186753
7.86612e-10 0.000157204 0.000193729
7.86713e-10 0.000158369 0.000201885
7.86814e-10 0.000159547 0.000211213
7.86915e-10 0.000160735 0.0002217
7.87017e-10 0.000161931 0.000233329
7.87118e-10 0.000163131 0.00024608
7.87219e-10 0.000164331 0.000259928
7.87321e-10 0.00016553 0.000274845
7.87422e-10 0.000166722 0.000290799
7.87523e-10 0.000167906 0.000307754
7.87624e-10 0.000169079 0.000325671
7.87726e-10 0.000170236 0.000344507
7.87827e-10 0.000171374 0.000364216
7.87928e-10 0.000172491 0.000384747
7.88029e-10 0.000173584 0.00040605
7.88131e-10 0.000174649 0.000428067
7.88232e-10 0.000175684 0.00045074
7.88333e-10 0.000176686 0.000474009
7.88435e-10 0.000177651 0.000497809
7.88536e-10 0.000178579 0.000522075
7.88637e-10 0.000179465 0.000546739
7.88738e-10 0.000180309 0.00057173
7.8884e-10 0.000181107 0.000596977
7.88941e-10 0.000181858 0.000622407
7.89042e-10 0.00018256 0.000647946
7.89143e-10 0.000183212 0.000673518
7.89245e-10 0.000183812 0.000699047
7.89346e-10 0.000184358 0.000724457
7.89447e-10 0.000184851 0.00074967
7.89548e-10 0.00018529 0.00077461
7.8965e-10 0.000185673 0.000799201
7.89751e-10 0.000186 0.000823365
7.89852e-10 0.000186272 0.000847028
7.89954e-10 0.000186489 0.000870116
7.90055e-10 0.00018665 0.000892554
7.90156e-10 0.000186758 0.000914272
7.90257e-10 0.000186812 0.0009352
7.90359e-10 0.000186814 0.00095527
7.9046e-10 0.000186765 0.000974415
7.90561e-10 0.000186667 0.000992574
7.90662e-10 0.000186522 0.00100969
7.90764e-10 0.000186331 0.00102569
7.90865e-10 0.000186098 0.00104054
7.90966e-10 0.000185824 0.00105418
7.91068e-10 0.000185513 0.00106657
7.91169e-10 0.000185167 0.00107765
7.9127e-10 0.000184789 0.00108739
7.91371e-10 0.000184383 0.00109576
7.91473e-10 0.000183953 0.00110272
7.91574e-10 0.000183501 0.00110825
7.91675e-10 0.000183032 0.00111233
7.91776e-10 0.000182549 0.00111493
7.91878e-10 0.000182057 0.00111605
7.91979e-10 0.00018156 0.00111568
7.9208e-10 0.000181062 0.00111382
7.92182e-10 0.000180567 0.00111046
7.92283e-10 0.00018008 0.00110562
7.92384e-10 0.000179605 0.0010993
7.92485e-10 0.000179146 0.00109153
7.92587e-10 0.000178708 0.00108233
7.92688e-10 0.000178296 0.00107173
7.92789e-10 0.000177913 0.00105976
7.9289e-10 0.000177564 0.00104646
7.92992e-10 0.000177254 0.00103186
7.93093e-10 0.000176986 0.00101603
7.93194e-10 0.000176765 0.000999003
7.93295e-10 0.000176595 0.000980848
7.93397e-10 0.000176479 0.000961623
7.93498e-10 0.000176421 0.000941395
7.93599e-10 0.000176425 0.000920233
7.93701e-10 0.000176494 0.000898212
7.93802e-10 0.000176631 0.000875411
7.93903e-10 0.000176839 0.00085191
7.94004e-10 0.000177121 0.000827795
7.94106e-10 0.000177479 0.000803153
7.94207e-10 0.000177916 0.000778077
7.94308e-10 0.000178433 0.000752659
7.94409e-10 0.000179031 0.000726995
7.94511e-10 0.000179713 0.000701184
7.94612e-10 0.000180479 0.000675325
7.94713e-10 0.00018133 0.000649519
7.94815e-10 0.000182266 0.000623869
7.94916e-10 0.000183288 0.000598477
7.95017e-10 0.000184394 0.000573448
7.95118e-10 0.000185586 0.000548885
7.9522e-10 0.00018686 0.000524891
7.95321e-10 0.000188218 0.000501571
7.95422e-10 0.000189655 0.000479025
7.95523e-10 0.000191172 0.000457355
7.95625e-10 0.000192765 0.00043666
7.95726e-10 0.000194432 0.000417038
7.95827e-10 0.00019617 0.000398584
7.95929e-10 0.000197976 0.000381391
7.9603e-10 0.000199846 0.000365549
7.96131e-10 0.000201776 0.000351144
7.96232e-10 0.000203762 0.000338259
7.96334e-10 0.0002058 0.000326975
7.96435e-10 0.000207885 0.000317365
7.96536e-10 0.000210013 0.000309501
7.96637e-10 0.000212177 0.000303448
7.96739e-10 0.000214373 0.000299268
7.9684e-10 0.000216595 0.000297016
7.96941e-10 0.000218837 0.000296742
7.97042e-10 0.000221094 0.000298491
7.97144e-10 0.000223359 0.000302301
7.97245e-10 0.000225626 0.000308205
7.97346e-10 0.000227889 0.000316229
7.97448e-10 0.000230142 0.000326393
7.97549e-10 0.000232378 0.000338708
7.9765e-10 0.000234592 0.000353183
7.97751e-10 0.000236775 0.000369815
7.97853e-10 0.000238923 0.000388599
7.97954e-10 0.000241029 0.000409518
7.98055e-10 0.000243086 0.000432552
7.98156e-10 0.00024509 0.000457672
7.98258e-10 0.000247032 0.000484844
7.98359e-10 0.000248909 0.000514023
7.9846e-10 0.000250714 0.00054516
7.98562e-10 0.000252441 0.000578201
7.98663e-10 0.000254086 0.00061308
7.98764e-10 0.000255644 0.000649728
7.98865e-10 0.00025711 0.00068807
7.98967e-10 0.000258479 0.000728022
7.99068e-10 0.000259749 0.000769496
7.99169e-10 0.000260914 0.000812397
7.9927e-10 0.000261972 0.000856625
7.99372e-10 0.00026292 0.000902073
7.99473e-10 0.000263755 0.00094863
7.99574e-10 0.000264476 0.000996182
7.99676e-10 0.00026508 0.00104461
7.99777e-10 0.000265566 0.00109378
7.99878e-10 0.000265934 0.00114357
7.99979e-10 0.000266184 0.00119385
8.00081e-10 0.000266315 0.00124448
8.00182e-10 0.000266328 0.00129533
8.00283e-10 0.000266226 0.00134625
8.00384e-10 0.000266008 0.0013971
8.00486e-10 0.000265678 0.00144774
8.00587e-10 0.000265238 0.00149802
8.00688e-10 0.000264691 0.0015478
8.00789e-10 0.000264042 0.00159694
8.00891e-10 0.000263293 0.00164528
8.00992e-10 0.000262451 0.00169268
8.01093e-10 0.00026152 0.00173901
8.01195e-10 0.000260505 0.00178411
8.01296e-10 0.000259413 0.00182786
8.01397e-10 0.00025825 0.00187011
8.01498e-10 0.000257023 0.00191073
8.016e-10 0.000255739 0.0019496
8.01701e-10 0.000254406 0.00198659
8.01802e-10 0.000253031 0.00202157
8.01903e-10 0.000251624 0.00205444
8.02005e-10 0.000250193 0.00208509
8.02106e-10 0.000248745 0.00211341
8.02207e-10 0.000247291 0.0021393
8.02309e-10 0.00024584 0.00216268
8.0241e-10 0.000244402 0.00218346
8.02511e-10 0.000242984 0.00220157
8.02612e-10 0.000241599 0.00221695
8.02714e-10 0.000240254 0.00222952
8.02815e-10 0.00023896 0.00223924
8.02916e-10 0.000237727 0.00224608
8.03017e-10 0.000236564 0.00225
8.03119e-10 0.000235482 0.00225097
8.0322e-10 0.000234488 0.00224898
8.03321e-10 0.000233593 0.00224403
8.03422e-10 0.000232806 0.00223613
8.03524e-10 0.000232136 0.00222529
8.03625e-10 0.000231591 0.00221154
8.03726e-10 0.00023118 0.00219491
8.03828e-10 0.00023091 0.00217546
8.03929e-10 0.000230788 0.00215324
8.0403e-10 0.000230823 0.00212832
8.04131e-10 0.000231021 0.00210077
8.04233e-10 0.000231387 0.00207069
8.04334e-10 0.000231927 0.00203818
8.04435e-10 0.000232647 0.00200333
8.04536e-10 0.00023355 0.00196627
8.04638e-10 0.000234641 0.00192712
8.04739e-10 0.000235922 0.00188603
8.0484e-10 0.000237396 0.00184313
8.04942e-10 0.000239065 0.00179857
8.05043e-10 0.000240929 0.00175253
8.05144e-10 0.00024299 0.00170516
8.05245e-10 0.000245246 0.00165664
8.05347e-10 0.000247697 0.00160716
8.05448e-10 0.00025034 0.00155691
8.05549e-10 0.000253172 0.00150607
8.0565e-10 0.000256191 0.00145485
8.05752e-10 0.000259391 0.00140346
8.05853e-10 0.000262768 0.0013521
8.05954e-10 0.000266316 0.00130099
8.06056e-10 0.000270028 0.00125034
8.06157e-10 0.000273897 0.00120038
8.06258e-10 0.000277914 0.00115131
8.06359e-10 0.000282071 0.00110336
8.06461e-10 0.000286358 0.00105675
8.06562e-10 0.000290765 0.0010117
8.06663e-10 0.000295281 0.000968438
8.06764e-10 0.000299894 0.00092717
8.06866e-10 0.000304593 0.000888113
8.06967e-10 0.000309365 0.00085148
8.07068e-10 0.000314196 0.000817478
8.07169e-10 0.000319073 0.00078631
8.07271e-10 0.000323981 0.000758172
8.07372e-10 0.000328907 0.000733255
8.07473e-10 0.000333836 0.000711745
8.07575e-10 0.000338751 0.000693816
8.07676e-10 0.000343639 0.000679637
8.07777e-10 0.000348483 0.000669367
8.07878e-10 0.000353268 0.000663156
8.0798e-10 0.000357978 0.000661144
8.08081e-10 0.000362597 0.000663458
8.08182e-10 0.00036711 0.000670216
8.08283e-10 0.000371501 0.000681524
8.08385e-10 0.000375755 0.000697474
8.08486e-10 0.000379857 0.000718145
8.08587e-10 0.000383791 0.000743605
8.08689e-10 0.000387543 0.000773905
8.0879e-10 0.000391099 0.000809085
8.08891e-10 0.000394446 0.000849167
8.08992e-10 0.00039757 0.000894161
8.09094e-10 0.00040046 0.00094406
8.09195e-10 0.000403103 0.000998843
8.09296e-10 0.000405488 0.00105847
8.09397e-10 0.000407605 0.00112289
8.09499e-10 0.000409444 0.00119204
8.096e-10 0.000410998 0.00126583
8.09701e-10 0.000412258 0.00134415
8.09803e-10 0.000413218 0.0014269
8.09904e-10 0.000413872 0.00151395
8.10005e-10 0.000414216 0.00160513
8.10106e-10 0.000414246 0.0017003
8.10208e-10 0.000413961 0.00179928
8.10309e-10 0.000413358 0.00190187
8.1041e-10 0.000412439 0.00200787
8.10511e-10 0.000411204 0.00211705
8.10613e-10 0.000409656 0.00222919
8.10714e-10 0.0004078 0.00234404
8.10815e-10 0.000405639 0.00246134
8.10916e-10 0.000403181 0.00258082
8.11018e-10 0.000400433 0.00270221
8.11119e-10 0.000397405 0.0028252
8.1122e-10 0.000394106 0.0029495
8.11322e-10 0.000390547 0.0030748
8.11423e-10 0.000386743 0.00320078
8.11524e-10 0.000382706 0.00332712
8.11625e-10 0.000378451 0.0034535
8.11727e-10 0.000373996 0.00357957
8.11828e-10 0.000369357 0.003705
8.11929e-10 0.000364552 0.00382944
8.1203e-10 0.000359602 0.00395256
8.12132e-10 0.000354526 0.004074
8.12233e-10 0.000349347 0.00419343
8.12334e-10 0.000344085 0.0043105
8.12436e-10 0.000338764 0.00442488
8.12537e-10 0.000333409 0.00453622
8.12638e-10 0.000328042 0.00464419
8.12739e-10 0.000322689 0.00474847
8.12841e-10 0.000317375 0.00484874
8.12942e-10 0.000312126 0.00494469
8.13043e-10 0.000306968 0.00503602
8.13144e-10 0.000301927 0.00512244
8.13246e-10 0.00029703 0.00520367
8.13347e-10 0.000292302 0.00527944
8.13448e-10 0.000287771 0.0053495
8.1355e-10 0.000283461 0.00541362
8.13651e-10 0.0002794 0.00547157
8.13752e-10 0.000275611 0.00552315
8.13853e-10 0.000272121 0.00556818
8.13955e-10 0.000268954 0.00560649
8.14056e-10 0.000266132 0.00563792
8.14157e-10 0.00026368 0.00566236
8.14258e-10 0.000261618 0.0056797
8.1436e-10 0.000259969 0.00568985
8.14461e-10 0.000258751 0.00569276
8.14562e-10 0.000257983 0.00568839
8.14663e-10 0.000257683 0.00567672
8.14765e-10 0.000257867 0.00565778
8.14866e-10 0.000258549 0.00563159
8.14967e-10 0.000259742 0.00559822
8.15069e-10 0.000261458 0.00555776
8.1517e-10 0.000263706 0.00551032
8.15271e-10 0.000266493 0.00545604
8.15372e-10 0.000269827 0.00539508
8.15474e-10 0.000273711 0.00532765
8.15575e-10 0.000278148 0.00525395
8.15676e-10 0.000283137 0.00517424
8.15777e-10 0.000288677 0.00508877
8.15879e-10 0.000294763 0.00499784
8.1598e-10 0.000301391 0.00490178
8.16081e-10 0.000308552 0.00480092
8.16183e-10 0.000316235 0.00469563
8.16284e-10 0.000324428 0.0045863
8.16385e-10 0.000333117 0.00447334
8.16486e-10 0.000342284 0.00435718
8.16588e-10 0.000351913 0.00423828
8.16689e-10 0.000361981 0.00411709
8.1679e-10 0.000372465 0.00399412
8.16891e-10 0.000383342 0.00386986
8.16993e-10 0.000394583 0.00374484
8.17094e-10 0.000406162 0.00361959
8.17195e-10 0.000418046 0.00349466
8.17296e-10 0.000430205 0.00337061
8.17398e-10 0.000442603 0.00324801
8.17499e-10 0.000455206 0.00312742
8.176e-10 0.000467978 0.00300944
8.17702e-10 0.000480879 0.00289465
8.17803e-10 0.00049387 0.00278364
8.17904e-10 0.000506911 0.002677
8.18005e-10 0.000519959 0.00257532
8.18107e-10 0.000532974 0.00247919
8.18208e-10 0.000545911 0.00238918
8.18309e-10 0.000558727 0.00230589
8.1841e-10 0.000571377 0.00222986
8.18512e-10 0.000583818 0.00216167
8.18613e-10 0.000596003 0.00210185
8.18714e-10 0.00060789 0.00205094
8.18816e-10 0.000619433 0.00200944
8.18917e-10 0.000630589 0.00197785
8.19018e-10 0.000641313 0.00195666
8.19119e-10 0.000651564 0.0019463
8.19221e-10 0.000661299 0.00194722
8.19322e-10 0.000670476 0.00195981
8.19423e-10 0.000679057 0.00198445
8.19524e-10 0.000687003 0.00202148
8.19626e-10 0.000694277 0.00207122
8.19727e-10 0.000700843 0.00213396
8.19828e-10 0.000706668 0.00220994
8.1993e-10 0.000711721 0.00229937
8.20031e-10 0.000715973 0.00240243
8.20132e-10 0.000719396 0.00251927
8.20233e-10 0.000721965 0.00264997
8.20335e-10 0.000723659 0.00279459
8.20436e-10 0.000724458 0.00295316
8.20537e-10 0.000724345 0.00312565
8.20638e-10 0.000723307 0.00331198
8.2074e-10 0.000721333 0.00351205
8.20841e-10 0.000718415 0.00372571
8.20942e-10 0.000714548 0.00395274
8.21043e-10 0.000709732 0.0041929
8.21145e-10 0.000703968 0.00444591
8.21246e-10 0.000697262 0.00471143
8.21347e-10 0.000689622 0.00498908
8.21449e-10 0.000681061 0.00527844
8.2155e-10 0.000671593 0.00557903
8.21651e-10 0.000661239 0.00589036
8.21752e-10 0.000650021 0.00621187
8.21854e-10 0.000637964 0.00654296
8.21955e-10 0.000625098 0.006883
8.22056e-10 0.000611455 0.00723132
8.22157e-10 0.000597072 0.00758721
8.22259e-10 0.000581988 0.00794992
8.2236e-10 0.000566245 0.00831868
8.22461e-10 0.000549888 0.00869267
8.22563e-10 0.000532966 0.00907105
8.22664e-10 0.00051553 0.00945295
8.22765e-10 0.000497634 0.00983747
8.22866e-10 0.000479335 0.0102237
8.22968e-10 0.000460691 0.0106107
8.23069e-10 0.000441764 0.0109975
8.2317e-10 0.000422618 0.0113831
8.23271e-10 0.000403318 0.0117665
8.23373e-10 0.000383932 0.0121468
8.23474e-10 0.000364527 0.0125229
8.23575e-10 0.000345175 0.0128939
8.23677e-10 0.000325947 0.0132586
8.23778e-10 0.000306916 0.0136162
8.23879e-10 0.000288156 0.0139656
8.2398e-10 0.000269739 0.0143058
8.24082e-10 0.000251741 0.0146359
8.24183e-10 0.000234236 0.0149549
8.24284e-10 0.000217299 0.0152618
8.24385e-10 0.000201004 0.0155558
8.24487e-10 0.000185425 0.0158359
8.24588e-10 0.000170635 0.0161012
8.24689e-10 0.000156706 0.0163511
8.2479e-10 0.00014371 0.0165846
8.24892e-10 0.000131717 0.0168011
8.24993e-10 0.000120794 0.0169998
8.25094e-10 0.000111008 0.0171801
8.25196e-10 0.000102424 0.0173413
8.25297e-10 9.51049e-05 0.017483
8.25398e-10 8.91106e-05 0.0176047
8.25499e-10 8.4499e-05 0.0177058
8.25601e-10 8.13255e-05 0.017786
8.25702e-10 7.96425e-05 0.0178451
8.25803e-10 7.94998e-05 0.0178828
8.25904e-10 8.09439e-05 0.0178989
8.26006e-10 8.40183e-05 0.0178933
8.26107e-10 8.87631e-05 0.017866
8.26208e-10 9.52153e-05 0.017817
8.2631e-10 0.000103408 0.0177465
8.26411e-10 0.000113372 0.0176547
8.26512e-10 0.000125132 0.0175418
8.26613e-10 0.000138712 0.0174083
8.26715e-10 0.000154131 0.0172545
8.26816e-10 0.000171404 0.017081
8.26917e-10 0.000190542 0.0168884
8.27018e-10 0.000211554 0.0166774
8.2712e-10 0.000234443 0.0164486
8.27221e-10 0.00025921 0.0162031
8.27322e-10 0.000285851 0.0159416
8.27424e-10 0.000314361 0.0156652
8.27525e-10 0.000344727 0.015375
8.27626e-10 0.000376937 0.015072
8.27727e-10 0.000410972 0.0147576
8.27829e-10 0.000446812 0.0144329
8.2793e-10 0.000484432 0.0140993
8.28031e-10 0.000523805 0.0137583
8.28132e-10 0.000564899 0.0134112
8.28234e-10 0.000607681 0.0130597
8.28335e-10 0.000652113 0.0127053
8.28436e-10 0.000698156 0.0123495
8.28537e-10 0.000745767 0.0119942
8.28639e-10 0.000794899 0.0116408
8.2874e-10 0.000845505 0.0112913
8.28841e-10 0.000897533 0.0109474
8.28943e-10 0.000950929 0.0106108
8.29044e-10 0.00100564 0.0102833
8.29145e-10 0.0010616 0.00996685
8.29246e-10 0.00111876 0.00966316
8.29348e-10 0.00117704 0.00937409
8.29449e-10 0.00123639 0.00910146
8.2955e-10 0.00129673 0.00884706
8.29651e-10 0.001358 0.0086127
8.29753e-10 0.00142012 0.00840014
8.29854e-10 0.00148302 0.00821111
8.29955e-10 0.00154662 0.00804731
8.30057e-10 0.00161085 0.00791041
8.30158e-10 0.00167561 0.007802
8.30259e-10 0.00174083 0.00772363
8.3036e-10 0.00180642 0.0076768
8.30462e-10 0.00187229 0.00766293
8.30563e-10 0.00193835 0.00768336
8.30664e-10 0.00200451 0.00773935
8.30765e-10 0.00207067 0.0078321
8.30867e-10 0.00213673 0.00796268
8.30968e-10 0.00220258 0.00813209
8.31069e-10 0.00226814 0.00834121
8.31171e-10 0.00233327 0.00859083
8.31272e-10 0.00239788 0.00888162
8.31373e-10 0.00246185 0.00921412
8.31474e-10 0.00252507 0.00958876
8.31576e-10 0.00258741 0.0100059
8.31677e-10 0.00264874 0.0104656
8.31778e-10 0.00270895 0.010968
8.31879e-10 0.0027679 0.011513
8.31981e-10 0.00282546 0.0121003
8.32082e-10 0.00288148 0.0127297
8.32183e-10 0.00293583 0.0134005
8.32284e-10 0.00298837 0.0141122
8.32386e-10 0.00303895 0.014864
8.32487e-10 0.00308741 0.0156549
8.32588e-10 0.00313361 0.016484
8.3269e-10 0.0031774 0.0173499
8.32791e-10 0.0032186 0.0182513
8.32892e-10 0.00325708 0.0191868
8.32993e-10 0.00329265 0.0201548
8.33095e-10 0.00332518 0.0211535
8.33196e-10 0.00335449 0.022181
8.33297e-10 0.00338042 0.0232354
8.33398e-10 0.00340282 0.0243145
8.335e-10 0.00342152 0.0254161
8.33601e-10 0.00343637 0.026538
8.33702e-10 0.00344722 0.0276776
8.33804e-10 0.00345392 0.0288325
8.33905e-10 0.00345633 0.03
8.34006e-10 0.00345431 0.0311774
8.34107e-10 0.00344774 0.0323621
8.34209e-10 0.00343649 0.0335511
8.3431e-10 0.00342046 0.0347416
8.34411e-10 0.00339954 0.0359307
8.34512e-10 0.00337366 0.0371154
8.34614e-10 0.00334275 0.0382927
8.34715e-10 0.00330674 0.0394596
8.34816e-10 0.00326562 0.0406132
8.34917e-10 0.00321935 0.0417503
8.35019e-10 0.00316795 0.0428681
8.3512e-10 0.00311145 0.0439635
8.35221e-10 0.0030499 0.0450337
8.35323e-10 0.00298338 0.0460758
8.35424e-10 0.00291199 0.0470869
8.35525e-10 0.00283589 0.0480643
8.35626e-10 0.00275524 0.0490053
8.35728e-10 0.00267024 0.0499074
8.35829e-10 0.00258115 0.0507681
8.3593e-10 0.00248823 0.051585
8.36031e-10 0.00239181 0.0523559
8.36133e-10 0.00229225 0.0530787
8.36234e-10 0.00218995 0.0537515
8.36335e-10 0.00208535 0.0543723
8.36437e-10 0.00197895 0.0549396
8.36538e-10 0.00187128 0.0554518
8.36639e-10 0.00176293 0.0559077
8.3674e-10 0.00165452 0.0563061
8.36842e-10 0.00154674 0.0566461
8.36943e-10 0.00144032 0.0569269
8.37044e-10 0.00133602 0.057148
8.37145e-10 0.00123469 0.057309
8.37247e-10 0.00113719 0.0574097
8.37348e-10 0.00104445 0.0574503
8.37449e-10 0.000957434 0.057431
8.37551e-10 0.000877158 0.0573523
8.37652e-10 0.000804681 0.0572148
8.37753e-10 0.000741107 0.0570196
8.37854e-10 0.000687576 0.0567677
8.37956e-10 0.000645267 0.0564605
8.38057e-10 0.000615394 0.0560994
8.38158e-10 0.000599203 0.0556862
8.38259e-10 0.000597966 0.0552229
8.38361e-10 0.00061298 0.0547115
8.38462e-10 0.000645561 0.0541544
8.38563e-10 0.00069704 0.0535541
8.38664e-10 0.000768756 0.0529131
8.38766e-10 0.000862053 0.0522342
8.38867e-10 0.000978275 0.0515205
8.38968e-10 0.00111875 0.050775
8.3907e-10 0.00128481 0.0500009
8.39171e-10 0.00147775 0.0492014
8.39272e-10 0.00169884 0.0483801
8.39373e-10 0.00194931 0.0475404
8.39475e-10 0.00223036 0.046686
8.39576e-10 0.00254313 0.0458203
8.39677e-10 0.0028887 0.0449471
8.39778e-10 0.0032681 0.0440702
8.3988e-10 0.00368228 0.0431931
