6.9e-10 0.0020602 0.0338113
6.90101e-10 0.00187297 0.0336473
6.90203e-10 0.00169544 0.0334551
6.90304e-10 0.00152759 0.0332343
6.90405e-10 0.00136939 0.0329847
6.90506e-10 0.00122078 0.0327062
6.90608e-10 0.00108168 0.032399
6.90709e-10 0.000951995 0.0320633
6.9081e-10 0.00083161 0.0316996
6.90911e-10 0.000720393 0.0313085
6.91013e-10 0.000618197 0.0308908
6.91114e-10 0.000524861 0.0304473
6.91215e-10 0.00044021 0.0299792
6.91317e-10 0.000364059 0.0294877
6.91418e-10 0.000296209 0.028974
6.91519e-10 0.000236452 0.0284397
6.9162e-10 0.00018457 0.0278861
6.91722e-10 0.000140336 0.027315
6.91823e-10 0.000103512 0.0267281
6.91924e-10 7.38559e-05 0.0261271
6.92025e-10 5.1114e-05 0.0255138
6.92127e-10 3.50272e-05 0.0248903
6.92228e-10 2.53293e-05 0.0242584
6.92329e-10 2.17477e-05 0.02362
6.9243e-10 2.40039e-05 0.0229773
6.92532e-10 3.18139e-05 0.022332
6.92633e-10 4.48886e-05 0.0216863
6.92734e-10 6.29343e-05 0.0210421
6.92836e-10 8.56532e-05 0.0204013
6.92937e-10 0.000112744 0.0197659
6.93038e-10 0.000143901 0.0191376
6.93139e-10 0.000178819 0.0185184
6.93241e-10 0.000217188 0.0179099
6.93342e-10 0.000258697 0.0173139
6.93443e-10 0.000303034 0.0167318
6.93544e-10 0.00034989 0.0161654
6.93646e-10 0.000398953 0.0156159
6.93747e-10 0.000449913 0.0150847
6.93848e-10 0.000502464 0.014573
6.9395e-10 0.000556301 0.0140819
6.94051e-10 0.000611123 0.0136125
6.94152e-10 0.000666633 0.0131657
6.94253e-10 0.000722541 0.0127421
6.94355e-10 0.000778561 0.0123426
6.94456e-10 0.000834416 0.0119676
6.94557e-10 0.000889834 0.0116176
6.94658e-10 0.000944553 0.0112929
6.9476e-10 0.00099832 0.0109936
6.94861e-10 0.00105089 0.0107199
6.94962e-10 0.00110204 0.0104718
6.95064e-10 0.00115153 0.010249
6.95165e-10 0.00119917 0.0100513
6.95266e-10 0.00124475 0.00987832
6.95367e-10 0.0012881 0.00972967
6.95469e-10 0.00132904 0.00960473
6.9557e-10 0.00136742 0.00950286
6.95671e-10 0.00140309 0.00942332
6.95772e-10 0.00143593 0.00936527
6.95874e-10 0.00146584 0.00932782
6.95975e-10 0.0014927 0.00930998
6.96076e-10 0.00151646 0.00931074
6.96177e-10 0.00153703 0.00932898
6.96279e-10 0.00155438 0.00936355
6.9638e-10 0.00156847 0.00941328
6.96481e-10 0.00157928 0.00947691
6.96583e-10 0.00158681 0.00955318
6.96684e-10 0.00159107 0.00964081
6.96785e-10 0.0015921 0.00973849
6.96886e-10 0.00158993 0.00984488
6.96988e-10 0.00158463 0.00995866
6.97089e-10 0.00157625 0.0100785
6.9719e-10 0.00156489 0.0102031
6.97291e-10 0.00155064 0.0103311
6.97393e-10 0.0015336 0.0104612
6.97494e-10 0.00151389 0.0105923
6.97595e-10 0.00149164 0.0107229
6.97697e-10 0.00146699 0.010852
6.97798e-10 0.00144008 0.0109783
6.97899e-10 0.00141106 0.0111008
6.98e-10 0.0013801 0.0112183
6.98102e-10 0.00134736 0.0113299
6.98203e-10 0.00131301 0.0114345
6.98304e-10 0.00127722 0.0115314
6.98405e-10 0.00124018 0.0116195
6.98507e-10 0.00120206 0.0116982
6.98608e-10 0.00116305 0.0117667
6.98709e-10 0.00112333 0.0118243
6.9881e-10 0.00108307 0.0118706
6.98912e-10 0.00104246 0.0119049
6.99013e-10 0.00100168 0.0119269
6.99114e-10 0.00096091 0.0119361
6.99216e-10 0.00092031 0.0119324
6.99317e-10 0.000880052 0.0119153
6.99418e-10 0.000840299 0.0118849
6.99519e-10 0.000801206 0.011841
6.99621e-10 0.000762923 0.0117836
6.99722e-10 0.000725592 0.0117127
6.99823e-10 0.000689349 0.0116285
6.99924e-10 0.00065432 0.0115311
7.00026e-10 0.000620624 0.0114208
7.00127e-10 0.00058837 0.0112979
7.00228e-10 0.000557659 0.0111627
7.0033e-10 0.000528581 0.0110157
7.00431e-10 0.000501216 0.0108572
7.00532e-10 0.000475637 0.0106879
7.00633e-10 0.000451903 0.0105082
7.00735e-10 0.000430066 0.0103188
7.00836e-10 0.000410166 0.0101202
7.00937e-10 0.000392234 0.00991314
7.01038e-10 0.000376291 0.0096983
7.0114e-10 0.000362346 0.00947637
7.01241e-10 0.000350402 0.0092481
7.01342e-10 0.00034045 0.00901423
7.01444e-10 0.000332472 0.00877553
7.01545e-10 0.000326441 0.00853277
7.01646e-10 0.000322323 0.00828674
7.01747e-10 0.000320073 0.00803822
7.01849e-10 0.000319642 0.007788
7.0195e-10 0.00032097 0.00753686
7.02051e-10 0.000323993 0.00728557
7.02152e-10 0.000328638 0.0070349
7.02254e-10 0.000334828 0.00678559
7.02355e-10 0.000342479 0.00653837
7.02456e-10 0.000351505 0.00629397
7.02557e-10 0.000361813 0.00605306
7.02659e-10 0.000373307 0.00581632
7.0276e-10 0.000385888 0.00558437
7.02861e-10 0.000399455 0.00535784
7.02963e-10 0.000413903 0.00513729
7.03064e-10 0.000429128 0.00492327
7.03165e-10 0.000445023 0.00471628
7.03266e-10 0.000461482 0.00451681
7.03368e-10 0.000478398 0.00432527
7.03469e-10 0.000495666 0.00414206
7.0357e-10 0.000513181 0.00396754
7.03671e-10 0.000530839 0.00380203
7.03773e-10 0.00054854 0.00364578
7.03874e-10 0.000566185 0.00349903
7.03975e-10 0.000583679 0.00336197
7.04077e-10 0.000600928 0.00323475
7.04178e-10 0.000617845 0.00311747
7.04279e-10 0.000634345 0.0030102
7.0438e-10 0.000650347 0.00291295
7.04482e-10 0.000665775 0.00282572
7.04583e-10 0.000680559 0.00274844
7.04684e-10 0.000694633 0.00268102
7.04785e-10 0.000707936 0.00262334
7.04887e-10 0.000720413 0.00257522
7.04988e-10 0.000732013 0.00253647
7.05089e-10 0.000742694 0.00250685
7.05191e-10 0.000752416 0.00248611
7.05292e-10 0.000761147 0.00247393
7.05393e-10 0.000768859 0.00247002
7.05494e-10 0.000775532 0.00247401
7.05596e-10 0.00078115 0.00248554
7.05697e-10 0.000785702 0.00250422
7.05798e-10 0.000789185 0.00252964
7.05899e-10 0.000791598 0.00256137
7.06001e-10 0.000792949 0.00259895
7.06102e-10 0.000793248 0.00264195
7.06203e-10 0.00079251 0.00268988
7.06304e-10 0.000790757 0.00274227
7.06406e-10 0.000788014 0.00279863
7.06507e-10 0.00078431 0.00285848
7.06608e-10 0.000779677 0.00292132
7.0671e-10 0.000774153 0.00298667
7.06811e-10 0.000767777 0.00305402
7.06912e-10 0.000760594 0.0031229
7.07013e-10 0.000752649 0.00319282
7.07115e-10 0.000743991 0.0032633
7.07216e-10 0.00073467 0.00333388
7.07317e-10 0.000724739 0.00340411
7.07418e-10 0.000714253 0.00347354
7.0752e-10 0.000703267 0.00354174
7.07621e-10 0.000691838 0.0036083
7.07722e-10 0.000680023 0.00367282
7.07824e-10 0.00066788 0.00373492
7.07925e-10 0.000655466 0.00379424
7.08026e-10 0.000642839 0.00385045
7.08127e-10 0.000630056 0.00390322
7.08229e-10 0.000617174 0.00395226
7.0833e-10 0.000604247 0.00399729
7.08431e-10 0.000591331 0.00403807
7.08532e-10 0.000578477 0.00407436
7.08634e-10 0.000565737 0.00410598
7.08735e-10 0.00055316 0.00413273
7.08836e-10 0.000540793 0.00415447
7.08938e-10 0.000528681 0.00417107
7.09039e-10 0.000516866 0.00418242
7.0914e-10 0.000505389 0.00418846
7.09241e-10 0.000494287 0.00418913
7.09343e-10 0.000483593 0.0041844
7.09444e-10 0.00047334 0.00417426
7.09545e-10 0.000463557 0.00415875
7.09646e-10 0.000454269 0.00413789
7.09748e-10 0.000445498 0.00411176
7.09849e-10 0.000437265 0.00408044
7.0995e-10 0.000429585 0.00404404
7.10051e-10 0.000422473 0.00400268
7.10153e-10 0.000415937 0.00395653
7.10254e-10 0.000409987 0.00390573
7.10355e-10 0.000404625 0.00385048
7.10457e-10 0.000399853 0.00379096
7.10558e-10 0.000395669 0.0037274
7.10659e-10 0.000392069 0.00366003
7.1076e-10 0.000389047 0.00358907
7.10862e-10 0.000386591 0.00351478
7.10963e-10 0.00038469 0.00343743
7.11064e-10 0.00038333 0.00335728
7.11165e-10 0.000382494 0.0032746
7.11267e-10 0.000382163 0.0031897
7.11368e-10 0.000382315 0.00310284
7.11469e-10 0.000382929 0.00301433
7.11571e-10 0.000383981 0.00292446
7.11672e-10 0.000385444 0.00283352
7.11773e-10 0.000387292 0.00274182
7.11874e-10 0.000389496 0.00264965
7.11976e-10 0.000392027 0.0025573
7.12077e-10 0.000394856 0.00246506
7.12178e-10 0.000397951 0.00237322
7.12279e-10 0.000401281 0.00228205
7.12381e-10 0.000404816 0.00219183
7.12482e-10 0.000408523 0.00210283
7.12583e-10 0.000412371 0.00201529
7.12684e-10 0.000416327 0.00192948
7.12786e-10 0.000420362 0.00184562
7.12887e-10 0.000424444 0.00176394
7.12988e-10 0.000428542 0.00168465
7.1309e-10 0.000432628 0.00160797
7.13191e-10 0.000436672 0.00153407
7.13292e-10 0.000440647 0.00146313
7.13393e-10 0.000444527 0.00139532
7.13495e-10 0.000448284 0.00133079
7.13596e-10 0.000451896 0.00126965
7.13697e-10 0.000455338 0.00121204
7.13798e-10 0.00045859 0.00115805
7.139e-10 0.000461631 0.00110778
7.14001e-10 0.000464443 0.00106129
7.14102e-10 0.000467008 0.00101865
7.14204e-10 0.000469311 0.000979881
7.14305e-10 0.000471339 0.000945025
7.14406e-10 0.000473079 0.000914087
7.14507e-10 0.000474521 0.000887066
7.14609e-10 0.000475657 0.00086394
7.1471e-10 0.000476479 0.000844679
7.14811e-10 0.000476982 0.000829234
7.14912e-10 0.000477163 0.000817545
7.15014e-10 0.00047702 0.000809539
7.15115e-10 0.000476553 0.000805129
7.15216e-10 0.000475762 0.000804217
7.15318e-10 0.000474652 0.000806694
7.15419e-10 0.000473226 0.000812439
7.1552e-10 0.00047149 0.000821321
7.15621e-10 0.000469451 0.000833201
7.15723e-10 0.000467119 0.000847929
7.15824e-10 0.000464502 0.000865348
7.15925e-10 0.000461612 0.000885294
7.16026e-10 0.00045846 0.000907596
7.16128e-10 0.000455061 0.000932076
7.16229e-10 0.000451427 0.000958553
7.1633e-10 0.000447574 0.00098684
7.16431e-10 0.000443516 0.00101675
7.16533e-10 0.000439272 0.00104808
7.16634e-10 0.000434856 0.00108065
7.16735e-10 0.000430286 0.00111426
7.16837e-10 0.000425581 0.00114871
7.16938e-10 0.000420757 0.00118381
7.17039e-10 0.000415833 0.00121935
7.1714e-10 0.000410827 0.00125516
7.17242e-10 0.000405757 0.00129104
7.17343e-10 0.000400642 0.00132679
7.17444e-10 0.000395499 0.00136225
7.17545e-10 0.000390346 0.00139723
7.17647e-10 0.0003852 0.00143155
7.17748e-10 0.000380079 0.00146506
7.17849e-10 0.000374998 0.00149758
7.17951e-10 0.000369975 0.00152896
7.18052e-10 0.000365025 0.00155906
7.18153e-10 0.000360161 0.00158774
7.18254e-10 0.0003554 0.00161486
7.18356e-10 0.000350752 0.0016403
7.18457e-10 0.000346233 0.00166395
7.18558e-10 0.000341852 0.0016857
7.18659e-10 0.000337621 0.00170545
7.18761e-10 0.00033355 0.00172313
7.18862e-10 0.000329647 0.00173864
7.18963e-10 0.000325922 0.00175193
7.19065e-10 0.00032238 0.00176294
7.19166e-10 0.000319028 0.00177162
7.19267e-10 0.000315871 0.00177793
7.19368e-10 0.000312913 0.00178186
7.1947e-10 0.000310157 0.00178337
7.19571e-10 0.000307605 0.00178247
7.19672e-10 0.000305258 0.00177915
7.19773e-10 0.000303118 0.00177344
7.19875e-10 0.000301181 0.00176534
7.19976e-10 0.000299448 0.0017549
7.20077e-10 0.000297916 0.00174215
7.20178e-10 0.00029658 0.00172714
7.2028e-10 0.000295438 0.00170992
7.20381e-10 0.000294483 0.00169057
7.20482e-10 0.00029371 0.00166915
7.20584e-10 0.000293113 0.00164575
7.20685e-10 0.000292685 0.00162044
7.20786e-10 0.000292417 0.00159333
7.20887e-10 0.000292302 0.00156451
7.20989e-10 0.000292331 0.00153408
7.2109e-10 0.000292494 0.00150215
7.21191e-10 0.000292782 0.00146884
7.21292e-10 0.000293185 0.00143427
7.21394e-10 0.000293692 0.00139855
7.21495e-10 0.000294293 0.00136181
7.21596e-10 0.000294977 0.00132417
7.21698e-10 0.000295734 0.00128577
7.21799e-10 0.000296552 0.00124673
7.219e-10 0.00029742 0.00120718
7.22001e-10 0.000298327 0.00116726
7.22103e-10 0.000299263 0.00112709
7.22204e-10 0.000300216 0.0010868
7.22305e-10 0.000301177 0.00104653
7.22406e-10 0.000302134 0.0010064
7.22508e-10 0.000303077 0.000966538
7.22609e-10 0.000303997 0.000927066
7.2271e-10 0.000304884 0.000888106
7.22812e-10 0.000305729 0.000849773
7.22913e-10 0.000306522 0.000812181
7.23014e-10 0.000307257 0.000775439
7.23115e-10 0.000307924 0.000739654
7.23217e-10 0.000308517 0.000704923
7.23318e-10 0.000309029 0.000671343
7.23419e-10 0.000309453 0.000639004
7.2352e-10 0.000309784 0.000607989
7.23622e-10 0.000310016 0.000578377
7.23723e-10 0.000310145 0.00055024
7.23824e-10 0.000310168 0.000523644
7.23925e-10 0.00031008 0.000498648
7.24027e-10 0.000309879 0.000475307
7.24128e-10 0.000309562 0.000453665
7.24229e-10 0.000309129 0.000433762
7.24331e-10 0.000308578 0.000415632
7.24432e-10 0.000307909 0.0003993
7.24533e-10 0.000307122 0.000384786
7.24634e-10 0.000306217 0.000372101
7.24736e-10 0.000305197 0.000361251
7.24837e-10 0.000304063 0.000352235
7.24938e-10 0.000302818 0.000345045
7.25039e-10 0.000301464 0.000339667
7.25141e-10 0.000300004 0.000336079
7.25242e-10 0.000298444 0.000334255
7.25343e-10 0.000296786 0.000334161
7.25445e-10 0.000295036 0.000335759
7.25546e-10 0.000293198 0.000339004
7.25647e-10 0.000291279 0.000343846
7.25748e-10 0.000289283 0.00035023
7.2585e-10 0.000287216 0.000358096
7.25951e-10 0.000285086 0.000367379
7.26052e-10 0.000282898 0.00037801
7.26153e-10 0.000280658 0.000389917
7.26255e-10 0.000278374 0.000403023
7.26356e-10 0.000276052 0.000417247
7.26457e-10 0.0002737 0.000432507
7.26559e-10 0.000271324 0.000448717
7.2666e-10 0.000268931 0.000465789
7.26761e-10 0.000266529 0.000483633
7.26862e-10 0.000264124 0.000502158
7.26964e-10 0.000261723 0.000521269
7.27065e-10 0.000259332 0.000540874
7.27166e-10 0.000256959 0.000560878
7.27267e-10 0.00025461 0.000581186
7.27369e-10 0.00025229 0.000601703
7.2747e-10 0.000250007 0.000622336
7.27571e-10 0.000247765 0.000642992
7.27672e-10 0.000245571 0.000663577
7.27774e-10 0.000243429 0.000684001
7.27875e-10 0.000241344 0.000704176
7.27976e-10 0.000239322 0.000724014
7.28078e-10 0.000237366 0.000743431
7.28179e-10 0.00023548 0.000762345
7.2828e-10 0.000233668 0.000780677
7.28381e-10 0.000231932 0.000798351
7.28483e-10 0.000230277 0.000815295
7.28584e-10 0.000228703 0.00083144
7.28685e-10 0.000227214 0.00084672
7.28786e-10 0.000225811 0.000861075
7.28888e-10 0.000224495 0.000874448
7.28989e-10 0.000223266 0.000886787
7.2909e-10 0.000222127 0.000898043
7.29192e-10 0.000221075 0.000908173
7.29293e-10 0.000220112 0.000917139
7.29394e-10 0.000219236 0.000924907
7.29495e-10 0.000218447 0.000931447
7.29597e-10 0.000217743 0.000936736
7.29698e-10 0.000217122 0.000940755
7.29799e-10 0.000216583 0.000943488
7.299e-10 0.000216123 0.000944928
7.30002e-10 0.000215738 0.00094507
7.30103e-10 0.000215427 0.000943914
7.30204e-10 0.000215187 0.000941466
7.30305e-10 0.000215013 0.000937736
7.30407e-10 0.000214901 0.00093274
7.30508e-10 0.000214849 0.000926495
7.30609e-10 0.000214852 0.000919027
7.30711e-10 0.000214906 0.000910364
7.30812e-10 0.000215006 0.000900537
7.30913e-10 0.000215148 0.000889584
7.31014e-10 0.000215328 0.000877544
7.31116e-10 0.000215539 0.000864462
7.31217e-10 0.000215779 0.000850384
7.31318e-10 0.000216042 0.000835362
7.31419e-10 0.000216323 0.000819448
7.31521e-10 0.000216618 0.000802699
7.31622e-10 0.000216922 0.000785174
7.31723e-10 0.00021723 0.000766935
7.31825e-10 0.000217537 0.000748044
7.31926e-10 0.000217839 0.000728566
7.32027e-10 0.000218132 0.00070857
7.32128e-10 0.000218411 0.000688121
7.3223e-10 0.000218672 0.00066729
7.32331e-10 0.000218912 0.000646147
7.32432e-10 0.000219125 0.000624761
7.32533e-10 0.00021931 0.000603205
7.32635e-10 0.000219461 0.000581548
7.32736e-10 0.000219577 0.00055986
7.32837e-10 0.000219654 0.000538213
7.32939e-10 0.000219689 0.000516676
7.3304e-10 0.00021968 0.000495316
7.33141e-10 0.000219625 0.000474202
7.33242e-10 0.000219521 0.000453399
7.33344e-10 0.000219368 0.00043297
7.33445e-10 0.000219162 0.000412979
7.33546e-10 0.000218904 0.000393486
7.33647e-10 0.000218592 0.000374548
7.33749e-10 0.000218226 0.000356221
7.3385e-10 0.000217805 0.000338558
7.33951e-10 0.000217329 0.00032161
7.34052e-10 0.000216798 0.000305422
7.34154e-10 0.000216214 0.00029004
7.34255e-10 0.000215575 0.000275504
7.34356e-10 0.000214884 0.000261852
7.34458e-10 0.000214141 0.000249118
7.34559e-10 0.000213348 0.000237333
7.3466e-10 0.000212507 0.000226523
7.34761e-10 0.000211618 0.000216712
7.34863e-10 0.000210685 0.00020792
7.34964e-10 0.00020971 0.000200163
7.35065e-10 0.000208694 0.000193452
7.35166e-10 0.00020764 0.000187797
7.35268e-10 0.000206552 0.000183201
7.35369e-10 0.000205432 0.000179666
7.3547e-10 0.000204282 0.000177189
7.35572e-10 0.000203106 0.000175763
7.35673e-10 0.000201908 0.000175379
7.35774e-10 0.00020069 0.000176022
7.35875e-10 0.000199455 0.000177674
7.35977e-10 0.000198207 0.000180317
7.36078e-10 0.00019695 0.000183925
7.36179e-10 0.000195686 0.000188472
7.3628e-10 0.00019442 0.000193927
7.36382e-10 0.000193154 0.000200258
7.36483e-10 0.000191892 0.000207428
7.36584e-10 0.000190637 0.000215399
7.36686e-10 0.000189393 0.00022413
7.36787e-10 0.000188162 0.000233578
7.36888e-10 0.000186948 0.000243698
7.36989e-10 0.000185754 0.000254442
7.37091e-10 0.000184582 0.00026576
7.37192e-10 0.000183436 0.000277602
7.37293e-10 0.000182317 0.000289917
7.37394e-10 0.00018123 0.00030265
7.37496e-10 0.000180175 0.000315747
7.37597e-10 0.000179155 0.000329153
7.37698e-10 0.000178173 0.000342811
7.37799e-10 0.00017723 0.000356667
7.37901e-10 0.000176327 0.000370663
7.38002e-10 0.000175466 0.000384742
7.38103e-10 0.00017465 0.000398849
7.38205e-10 0.000173877 0.000412927
7.38306e-10 0.000173151 0.000426922
7.38407e-10 0.00017247 0.000440777
7.38508e-10 0.000171837 0.000454441
7.3861e-10 0.00017125 0.000467859
7.38711e-10 0.000170711 0.000480981
7.38812e-10 0.00017022 0.000493756
7.38913e-10 0.000169775 0.000506138
7.39015e-10 0.000169377 0.000518078
7.39116e-10 0.000169025 0.000529533
7.39217e-10 0.000168718 0.00054046
7.39319e-10 0.000168455 0.000550819
7.3942e-10 0.000168235 0.000560572
7.39521e-10 0.000168057 0.000569683
7.39622e-10 0.000167919 0.00057812
7.39724e-10 0.00016782 0.000585851
7.39825e-10 0.000167758 0.00059285
7.39926e-10 0.000167731 0.000599092
7.40027e-10 0.000167737 0.000604554
7.40129e-10 0.000167774 0.000609217
7.4023e-10 0.000167839 0.000613066
7.40331e-10 0.000167931 0.000616087
7.40433e-10 0.000168047 0.000618271
7.40534e-10 0.000168185 0.00061961
7.40635e-10 0.000168342 0.000620099
7.40736e-10 0.000168515 0.00061974
7.40838e-10 0.000168702 0.000618532
7.40939e-10 0.0001689 0.000616482
7.4104e-10 0.000169108 0.000613597
7.41141e-10 0.000169321 0.000609888
7.41243e-10 0.000169538 0.000605369
7.41344e-10 0.000169756 0.000600056
7.41445e-10 0.000169972 0.000593969
7.41546e-10 0.000170184 0.00058713
7.41648e-10 0.000170389 0.000579562
7.41749e-10 0.000170586 0.000571292
7.4185e-10 0.000170771 0.00056235
7.41952e-10 0.000170943 0.000552767
7.42053e-10 0.000171099 0.000542575
7.42154e-10 0.000171237 0.000531811
7.42255e-10 0.000171356 0.000520512
7.42357e-10 0.000171453 0.000508716
7.42458e-10 0.000171528 0.000496464
7.42559e-10 0.000171577 0.000483796
7.4266e-10 0.0001716 0.000470757
7.42762e-10 0.000171596 0.000457391
7.42863e-10 0.000171563 0.000443741
7.42964e-10 0.000171501 0.000429854
7.43066e-10 0.000171408 0.000415776
7.43167e-10 0.000171284 0.000401554
7.43268e-10 0.000171128 0.000387235
7.43369e-10 0.000170939 0.000372865
7.43471e-10 0.000170719 0.000358493
7.43572e-10 0.000170465 0.000344164
7.43673e-10 0.000170179 0.000329925
7.43774e-10 0.000169861 0.000315823
7.43876e-10 0.000169511 0.000301901
7.43977e-10 0.000169129 0.000288206
7.44078e-10 0.000168716 0.000274779
7.44179e-10 0.000168274 0.000261664
7.44281e-10 0.000167801 0.000248902
7.44382e-10 0.000167301 0.000236532
7.44483e-10 0.000166774 0.000224591
7.44585e-10 0.00016622 0.000213118
7.44686e-10 0.000165643 0.000202146
7.44787e-10 0.000165042 0.000191709
7.44888e-10 0.00016442 0.000181836
7.4499e-10 0.000163778 0.000172557
7.45091e-10 0.000163119 0.0001639
7.45192e-10 0.000162443 0.000155887
7.45293e-10 0.000161753 0.000148541
7.45395e-10 0.000161051 0.000141882
7.45496e-10 0.000160338 0.000135927
7.45597e-10 0.000159617 0.000130692
7.45699e-10 0.00015889 0.000126188
7.458e-10 0.000158158 0.000122425
7.45901e-10 0.000157425 0.00011941
7.46002e-10 0.000156691 0.000117149
7.46104e-10 0.00015596 0.000115644
7.46205e-10 0.000155233 0.000114893
7.46306e-10 0.000154512 0.000114894
7.46407e-10 0.000153799 0.000115641
7.46509e-10 0.000153097 0.000117127
7.4661e-10 0.000152406 0.00011934
7.46711e-10 0.00015173 0.000122269
7.46813e-10 0.000151069 0.000125897
7.46914e-10 0.000150427 0.000130207
7.47015e-10 0.000149803 0.00013518
7.47116e-10 0.0001492 0.000140793
7.47218e-10 0.000148619 0.000147022
7.47319e-10 0.000148062 0.000153842
7.4742e-10 0.00014753 0.000161224
7.47521e-10 0.000147024 0.00016914
7.47623e-10 0.000146545 0.000177557
7.47724e-10 0.000146095 0.000186442
7.47825e-10 0.000145674 0.000195763
7.47926e-10 0.000145282 0.000205482
7.48028e-10 0.00014492 0.000215563
7.48129e-10 0.00014459 0.000225969
7.4823e-10 0.000144291 0.00023666
7.48332e-10 0.000144023 0.000247596
7.48433e-10 0.000143786 0.000258739
7.48534e-10 0.000143581 0.000270046
7.48635e-10 0.000143408 0.000281476
7.48737e-10 0.000143265 0.000292989
7.48838e-10 0.000143154 0.000304542
7.48939e-10 0.000143072 0.000316095
7.4904e-10 0.00014302 0.000327605
7.49142e-10 0.000142997 0.000339032
7.49243e-10 0.000143002 0.000350336
7.49344e-10 0.000143034 0.000361475
7.49446e-10 0.000143092 0.000372412
7.49547e-10 0.000143174 0.000383107
7.49648e-10 0.000143281 0.000393523
7.49749e-10 0.000143409 0.000403624
7.49851e-10 0.000143559 0.000413375
7.49952e-10 0.000143728 0.000422741
7.50053e-10 0.000143915 0.000431691
7.50154e-10 0.000144118 0.000440192
7.50256e-10 0.000144336 0.000448217
7.50357e-10 0.000144566 0.000455738
7.50458e-10 0.000144808 0.000462728
7.5056e-10 0.00014506 0.000469164
7.50661e-10 0.000145319 0.000475024
7.50762e-10 0.000145584 0.000480288
7.50863e-10 0.000145853 0.000484939
7.50965e-10 0.000146125 0.00048896
7.51066e-10 0.000146397 0.000492338
7.51167e-10 0.000146667 0.000495063
7.51268e-10 0.000146935 0.000497124
7.5137e-10 0.000147198 0.000498515
7.51471e-10 0.000147454 0.000499231
7.51572e-10 0.000147703 0.000499271
7.51673e-10 0.000147941 0.000498635
7.51775e-10 0.000148169 0.000497325
7.51876e-10 0.000148383 0.000495345
7.51977e-10 0.000148584 0.000492703
7.52079e-10 0.000148769 0.000489408
7.5218e-10 0.000148937 0.00048547
7.52281e-10 0.000149087 0.000480905
7.52382e-10 0.000149218 0.000475726
7.52484e-10 0.00014933 0.000469952
7.52585e-10 0.00014942 0.000463602
7.52686e-10 0.000149488 0.000456698
7.52787e-10 0.000149534 0.000449263
7.52889e-10 0.000149557 0.000441322
7.5299e-10 0.000149556 0.000432902
7.53091e-10 0.000149531 0.000424031
7.53193e-10 0.000149482 0.000414738
7.53294e-10 0.000149409 0.000405055
7.53395e-10 0.000149311 0.000395014
7.53496e-10 0.000149189 0.000384648
7.53598e-10 0.000149042 0.000373992
7.53699e-10 0.000148871 0.000363081
7.538e-10 0.000148677 0.000351953
7.53901e-10 0.000148459 0.000340642
7.54003e-10 0.000148219 0.000329187
7.54104e-10 0.000147957 0.000317626
7.54205e-10 0.000147674 0.000305997
7.54307e-10 0.00014737 0.000294338
7.54408e-10 0.000147047 0.000282688
7.54509e-10 0.000146706 0.000271084
7.5461e-10 0.000146347 0.000259566
7.54712e-10 0.000145972 0.00024817
7.54813e-10 0.000145583 0.000236935
7.54914e-10 0.00014518 0.000225896
7.55015e-10 0.000144765 0.000215091
7.55117e-10 0.000144339 0.000204553
7.55218e-10 0.000143904 0.000194319
7.55319e-10 0.000143461 0.00018442
7.5542e-10 0.000143013 0.000174889
7.55522e-10 0.000142559 0.000165758
7.55623e-10 0.000142103 0.000157054
7.55724e-10 0.000141646 0.000148808
7.55826e-10 0.000141188 0.000141045
7.55927e-10 0.000140733 0.00013379
7.56028e-10 0.000140281 0.000127067
7.56129e-10 0.000139835 0.000120897
7.56231e-10 0.000139395 0.0001153
7.56332e-10 0.000138963 0.000110294
7.56433e-10 0.000138541 0.000105895
7.56534e-10 0.000138131 0.000102116
7.56636e-10 0.000137734 9.89687e-05
7.56737e-10 0.00013735 9.64639e-05
7.56838e-10 0.000136982 9.46088e-05
7.5694e-10 0.000136631 9.34088e-05
7.57041e-10 0.000136298 9.28675e-05
7.57142e-10 0.000135984 9.29859e-05
7.57243e-10 0.000135691 9.37631e-05
7.57345e-10 0.000135419 9.51961e-05
7.57446e-10 0.000135169 9.72796e-05
7.57547e-10 0.000134942 0.000100006
7.57648e-10 0.000134739 0.000103367
7.5775e-10 0.00013456 0.000107349
7.57851e-10 0.000134406 0.000111941
7.57952e-10 0.000134278 0.000117126
7.58053e-10 0.000134176 0.000122886
7.58155e-10 0.0001341 0.000129203
7.58256e-10 0.000134049 0.000136056
7.58357e-10 0.000134026 0.000143421
7.58459e-10 0.000134028 0.000151275
7.5856e-10 0.000134057 0.00015959
7.58661e-10 0.000134111 0.000168341
7.58762e-10 0.000134192 0.000177497
7.58864e-10 0.000134297 0.000187029
7.58965e-10 0.000134427 0.000196905
7.59066e-10 0.00013458 0.000207093
7.59167e-10 0.000134757 0.000217558
7.59269e-10 0.000134957 0.000228268
7.5937e-10 0.000135178 0.000239186
7.59471e-10 0.00013542 0.000250276
7.59573e-10 0.000135681 0.000261503
7.59674e-10 0.000135961 0.000272829
7.59775e-10 0.000136258 0.000284218
7.59876e-10 0.000136571 0.000295632
7.59978e-10 0.000136898 0.000307033
7.60079e-10 0.00013724 0.000318384
7.6018e-10 0.000137593 0.000329649
7.60281e-10 0.000137956 0.000340789
7.60383e-10 0.000138329 0.000351769
7.60484e-10 0.000138709 0.000362554
7.60585e-10 0.000139096 0.000373106
7.60687e-10 0.000139486 0.000383393
7.60788e-10 0.00013988 0.000393379
7.60889e-10 0.000140275 0.000403034
7.6099e-10 0.00014067 0.000412324
7.61092e-10 0.000141063 0.00042122
7.61193e-10 0.000141453 0.000429692
7.61294e-10 0.000141838 0.000437713
7.61395e-10 0.000142217 0.000445256
7.61497e-10 0.000142588 0.000452297
7.61598e-10 0.00014295 0.000458812
7.61699e-10 0.000143301 0.000464779
7.618e-10 0.00014364 0.000470181
7.61902e-10 0.000143966 0.000474997
7.62003e-10 0.000144278 0.000479214
7.62104e-10 0.000144574 0.000482815
7.62206e-10 0.000144854 0.000485791
7.62307e-10 0.000145116 0.00048813
7.62408e-10 0.000145359 0.000489825
7.62509e-10 0.000145583 0.00049087
7.62611e-10 0.000145787 0.000491261
7.62712e-10 0.00014597 0.000490997
7.62813e-10 0.000146132 0.000490078
7.62914e-10 0.000146271 0.000488507
7.63016e-10 0.000146388 0.000486289
7.63117e-10 0.000146483 0.00048343
7.63218e-10 0.000146555 0.000479941
7.6332e-10 0.000146603 0.000475831
7.63421e-10 0.000146629 0.000471114
7.63522e-10 0.000146631 0.000465805
7.63623e-10 0.000146611 0.000459922
7.63725e-10 0.000146569 0.000453482
7.63826e-10 0.000146504 0.000446507
7.63927e-10 0.000146418 0.00043902
7.64028e-10 0.000146311 0.000431044
7.6413e-10 0.000146183 0.000422605
7.64231e-10 0.000146036 0.000413731
7.64332e-10 0.00014587 0.000404451
7.64434e-10 0.000145686 0.000394795
7.64535e-10 0.000145485 0.000384794
7.64636e-10 0.000145269 0.000374481
7.64737e-10 0.000145037 0.00036389
7.64839e-10 0.000144792 0.000353055
7.6494e-10 0.000144535 0.000342012
7.65041e-10 0.000144267 0.000330798
7.65142e-10 0.00014399 0.000319449
7.65244e-10 0.000143704 0.000308002
7.65345e-10 0.000143412 0.000296496
7.65446e-10 0.000143115 0.000284969
7.65547e-10 0.000142814 0.000273459
7.65649e-10 0.000142511 0.000262004
7.6575e-10 0.000142208 0.000250643
7.65851e-10 0.000141906 0.000239413
7.65953e-10 0.000141606 0.000228353
7.66054e-10 0.000141311 0.000217499
7.66155e-10 0.000141022 0.000206888
7.66256e-10 0.00014074 0.000196557
7.66358e-10 0.000140467 0.00018654
7.66459e-10 0.000140205 0.000176872
7.6656e-10 0.000139954 0.000167586
7.66661e-10 0.000139717 0.000158715
7.66763e-10 0.000139495 0.000150288
7.66864e-10 0.00013929 0.000142337
7.66965e-10 0.000139101 0.000134889
7.67067e-10 0.000138932 0.00012797
7.67168e-10 0.000138782 0.000121607
7.67269e-10 0.000138654 0.000115821
7.6737e-10 0.000138547 0.000110635
7.67472e-10 0.000138464 0.00010607
7.67573e-10 0.000138405 0.000102141
7.67674e-10 0.00013837 9.88661e-05
7.67775e-10 0.000138361 9.62584e-05
7.67877e-10 0.000138378 9.433e-05
7.67978e-10 0.000138421 9.30906e-05
7.68079e-10 0.000138491 9.25476e-05
7.68181e-10 0.000138589 9.27067e-05
7.68282e-10 0.000138714 9.3571e-05
7.68383e-10 0.000138867 9.51415e-05
7.68484e-10 0.000139047 9.7417e-05
7.68586e-10 0.000139255 0.000100394
7.68687e-10 0.00013949 0.000104067
7.68788e-10 0.000139753 0.000108429
7.68889e-10 0.000140042 0.000113468
7.68991e-10 0.000140357 0.000119174
7.69092e-10 0.000140698 0.000125531
7.69193e-10 0.000141064 0.000132523
7.69294e-10 0.000141454 0.000140133
7.69396e-10 0.000141867 0.000148339
7.69497e-10 0.000142303 0.000157119
7.69598e-10 0.000142759 0.000166449
7.697e-10 0.000143236 0.000176302
7.69801e-10 0.000143732 0.000186653
7.69902e-10 0.000144246 0.000197469
7.70003e-10 0.000144776 0.000208722
7.70105e-10 0.000145321 0.000220379
7.70206e-10 0.000145879 0.000232405
7.70307e-10 0.00014645 0.000244766
7.70408e-10 0.000147031 0.000257425
7.7051e-10 0.00014762 0.000270346
7.70611e-10 0.000148217 0.000283491
7.70712e-10 0.00014882 0.00029682
7.70814e-10 0.000149426 0.000310293
7.70915e-10 0.000150035 0.000323871
7.71016e-10 0.000150644 0.000337513
7.71117e-10 0.000151252 0.000351177
7.71219e-10 0.000151857 0.000364823
7.7132e-10 0.000152457 0.000378409
7.71421e-10 0.000153051 0.000391895
7.71522e-10 0.000153637 0.000405238
7.71624e-10 0.000154214 0.000418398
7.71725e-10 0.000154779 0.000431335
7.71826e-10 0.000155332 0.00044401
7.71928e-10 0.000155871 0.000456382
7.72029e-10 0.000156394 0.000468414
7.7213e-10 0.0001569 0.000480068
7.72231e-10 0.000157388 0.000491309
7.72333e-10 0.000157856 0.0005021
7.72434e-10 0.000158304 0.000512409
7.72535e-10 0.00015873 0.000522203
7.72636e-10 0.000159134 0.000531451
7.72738e-10 0.000159514 0.000540123
7.72839e-10 0.00015987 0.000548193
7.7294e-10 0.0001602 0.000555633
7.73041e-10 0.000160505 0.000562421
7.73143e-10 0.000160784 0.000568534
7.73244e-10 0.000161036 0.000573952
7.73345e-10 0.000161262 0.000578657
7.73447e-10 0.00016146 0.000582635
7.73548e-10 0.000161632 0.000585871
7.73649e-10 0.000161776 0.000588353
7.7375e-10 0.000161894 0.000590074
7.73852e-10 0.000161985 0.000591027
7.73953e-10 0.00016205 0.000591208
7.74054e-10 0.000162089 0.000590614
7.74155e-10 0.000162104 0.000589247
7.74257e-10 0.000162094 0.000587111
7.74358e-10 0.00016206 0.000584209
7.74459e-10 0.000162004 0.000580552
7.74561e-10 0.000161927 0.000576148
7.74662e-10 0.000161829 0.000571011
7.74763e-10 0.000161712 0.000565156
7.74864e-10 0.000161577 0.000558602
7.74966e-10 0.000161426 0.000551366
7.75067e-10 0.000161259 0.000543472
7.75168e-10 0.00016108 0.000534945
7.75269e-10 0.000160888 0.000525809
7.75371e-10 0.000160686 0.000516095
7.75472e-10 0.000160476 0.000505831
7.75573e-10 0.00016026 0.000495051
7.75674e-10 0.000160038 0.000483789
7.75776e-10 0.000159814 0.00047208
7.75877e-10 0.000159589 0.000459962
7.75978e-10 0.000159364 0.000447474
7.7608e-10 0.000159143 0.000434655
7.76181e-10 0.000158926 0.000421548
7.76282e-10 0.000158716 0.000408196
7.76383e-10 0.000158515 0.000394641
7.76485e-10 0.000158325 0.000380928
7.76586e-10 0.000158147 0.000367104
7.76687e-10 0.000157984 0.000353213
7.76788e-10 0.000157837 0.000339303
7.7689e-10 0.000157709 0.000325419
7.76991e-10 0.0001576 0.00031161
7.77092e-10 0.000157513 0.000297922
7.77194e-10 0.000157449 0.000284402
7.77295e-10 0.000157411 0.000271097
7.77396e-10 0.000157398 0.000258053
7.77497e-10 0.000157414 0.000245317
7.77599e-10 0.000157458 0.000232933
7.777e-10 0.000157533 0.000220947
7.77801e-10 0.00015764 0.000209401
7.77902e-10 0.000157779 0.000198338
7.78004e-10 0.000157952 0.000187799
7.78105e-10 0.000158159 0.000177825
7.78206e-10 0.0001584 0.000168453
7.78308e-10 0.000158678 0.000159721
7.78409e-10 0.000158992 0.000151663
7.7851e-10 0.000159341 0.000144314
7.78611e-10 0.000159728 0.000137704
7.78713e-10 0.000160151 0.000131862
7.78814e-10 0.000160611 0.000126817
7.78915e-10 0.000161107 0.000122592
7.79016e-10 0.000161639 0.000119211
7.79118e-10 0.000162207 0.000116693
7.79219e-10 0.00016281 0.000115057
7.7932e-10 0.000163447 0.000114317
7.79421e-10 0.000164118 0.000114487
7.79523e-10 0.000164821 0.000115575
7.79624e-10 0.000165556 0.000117589
7.79725e-10 0.00016632 0.000120534
7.79827e-10 0.000167114 0.00012441
7.79928e-10 0.000167935 0.000129217
7.80029e-10 0.000168783 0.000134951
7.8013e-10 0.000169654 0.000141605
7.80232e-10 0.000170548 0.000149169
7.80333e-10 0.000171463 0.00015763
7.80434e-10 0.000172396 0.000166974
7.80535e-10 0.000173347 0.000177182
7.80637e-10 0.000174312 0.000188233
7.80738e-10 0.00017529 0.000200105
7.80839e-10 0.000176278 0.00021277
7.80941e-10 0.000177274 0.0002262
7.81042e-10 0.000178276 0.000240365
7.81143e-10 0.000179282 0.000255229
7.81244e-10 0.000180289 0.000270759
7.81346e-10 0.000181295 0.000286914
7.81447e-10 0.000182298 0.000303656
7.81548e-10 0.000183295 0.000320941
7.81649e-10 0.000184284 0.000338726
7.81751e-10 0.000185262 0.000356964
7.81852e-10 0.000186227 0.000375608
7.81953e-10 0.000187178 0.000394608
7.82055e-10 0.000188111 0.000413914
7.82156e-10 0.000189025 0.000433474
7.82257e-10 0.000189918 0.000453234
7.82358e-10 0.000190787 0.000473142
7.8246e-10 0.000191631 0.000493142
7.82561e-10 0.000192447 0.000513178
7.82662e-10 0.000193235 0.000533195
7.82763e-10 0.000193992 0.000553137
7.82865e-10 0.000194716 0.000572947
7.82966e-10 0.000195407 0.000592569
7.83067e-10 0.000196063 0.000611946
7.83168e-10 0.000196683 0.000631023
7.8327e-10 0.000197266 0.000649746
7.83371e-10 0.000197811 0.000668058
7.83472e-10 0.000198317 0.000685907
7.83574e-10 0.000198784 0.000703239
7.83675e-10 0.00019921 0.000720004
7.83776e-10 0.000199597 0.000736151
7.83877e-10 0.000199943 0.000751632
7.83979e-10 0.00020025 0.0007664
7.8408e-10 0.000200516 0.00078041
7.84181e-10 0.000200742 0.000793619
7.84282e-10 0.00020093 0.000805985
7.84384e-10 0.000201078 0.000817471
7.84485e-10 0.00020119 0.000828041
7.84586e-10 0.000201264 0.000837659
7.84688e-10 0.000201303 0.000846296
7.84789e-10 0.000201308 0.000853924
7.8489e-10 0.00020128 0.000860516
7.84991e-10 0.000201222 0.00086605
7.85093e-10 0.000201133 0.000870507
7.85194e-10 0.000201018 0.000873872
7.85295e-10 0.000200877 0.00087613
7.85396e-10 0.000200713 0.000877272
7.85498e-10 0.000200528 0.000877292
7.85599e-10 0.000200324 0.000876187
7.857e-10 0.000200105 0.000873957
7.85802e-10 0.000199872 0.000870606
7.85903e-10 0.000199629 0.000866142
7.86004e-10 0.000199377 0.000860575
7.86105e-10 0.000199121 0.00085392
7.86207e-10 0.000198862 0.000846195
7.86308e-10 0.000198604 0.00083742
7.86409e-10 0.00019835 0.000827621
7.8651e-10 0.000198103 0.000816825
7.86612e-10 0.000197865 0.000805063
7.86713e-10 0.000197641 0.000792371
7.86814e-10 0.000197433 0.000778786
7.86915e-10 0.000197244 0.000764348
7.87017e-10 0.000197076 0.000749101
7.87118e-10 0.000196934 0.000733092
7.87219e-10 0.00019682 0.000716371
7.87321e-10 0.000196737 0.000698989
7.87422e-10 0.000196688 0.000681002
7.87523e-10 0.000196675 0.000662465
7.87624e-10 0.000196701 0.000643438
7.87726e-10 0.000196769 0.000623982
7.87827e-10 0.00019688 0.000604161
7.87928e-10 0.000197039 0.000584039
7.88029e-10 0.000197245 0.000563684
7.88131e-10 0.000197502 0.000543162
7.88232e-10 0.000197812 0.000522542
7.88333e-10 0.000198176 0.000501895
7.88435e-10 0.000198595 0.000481292
7.88536e-10 0.000199072 0.000460804
7.88637e-10 0.000199606 0.000440503
7.88738e-10 0.0002002 0.000420461
7.8884e-10 0.000200854 0.00040075
7.88941e-10 0.000201569 0.000381442
7.89042e-10 0.000202344 0.000362608
7.89143e-10 0.000203181 0.000344319
7.89245e-10 0.000204079 0.000326644
7.89346e-10 0.000205038 0.000309653
7.89447e-10 0.000206058 0.000293412
7.89548e-10 0.000207137 0.000277988
7.8965e-10 0.000208276 0.000263445
7.89751e-10 0.000209472 0.000249846
7.89852e-10 0.000210726 0.000237249
7.89954e-10 0.000212034 0.000225714
7.90055e-10 0.000213395 0.000215296
7.90156e-10 0.000214808 0.000206046
7.90257e-10 0.00021627 0.000198015
7.90359e-10 0.000217779 0.00019125
7.9046e-10 0.000219333 0.000185794
7.90561e-10 0.000220928 0.000181687
7.90662e-10 0.000222562 0.000178966
7.90764e-10 0.000224232 0.000177664
7.90865e-10 0.000225935 0.000177809
7.90966e-10 0.000227667 0.000179427
7.91068e-10 0.000229424 0.000182539
7.91169e-10 0.000231204 0.000187162
7.9127e-10 0.000233002 0.00019331
7.91371e-10 0.000234815 0.000200989
7.91473e-10 0.000236639 0.000210205
7.91574e-10 0.000238469 0.000220957
7.91675e-10 0.000240301 0.00023324
7.91776e-10 0.000242133 0.000247046
7.91878e-10 0.000243958 0.000262359
7.91979e-10 0.000245774 0.000279163
7.9208e-10 0.000247576 0.000297434
7.92182e-10 0.00024936 0.000317144
7.92283e-10 0.000251121 0.000338262
7.92384e-10 0.000252856 0.000360752
7.92485e-10 0.000254561 0.000384574
7.92587e-10 0.000256231 0.000409681
7.92688e-10 0.000257863 0.000436026
7.92789e-10 0.000259453 0.000463555
7.9289e-10 0.000260997 0.000492211
7.92992e-10 0.000262492 0.000521933
7.93093e-10 0.000263934 0.000552656
7.93194e-10 0.000265321 0.000584313
7.93295e-10 0.000266648 0.000616831
7.93397e-10 0.000267914 0.000650136
7.93498e-10 0.000269115 0.00068415
7.93599e-10 0.000270249 0.000718792
7.93701e-10 0.000271315 0.000753979
7.93802e-10 0.000272309 0.000789625
7.93903e-10 0.00027323 0.000825642
7.94004e-10 0.000274077 0.000861941
7.94106e-10 0.000274848 0.000898428
7.94207e-10 0.000275543 0.000935012
7.94308e-10 0.00027616 0.000971598
7.94409e-10 0.0002767 0.00100809
7.94511e-10 0.000277163 0.00104439
7.94612e-10 0.000277547 0.00108041
7.94713e-10 0.000277855 0.00111605
7.94815e-10 0.000278087 0.0011512
7.94916e-10 0.000278244 0.00118578
7.95017e-10 0.000278327 0.00121969
7.95118e-10 0.000278338 0.00125284
7.9522e-10 0.000278279 0.00128513
7.95321e-10 0.000278153 0.00131647
7.95422e-10 0.000277962 0.00134678
7.95523e-10 0.00027771 0.00137595
7.95625e-10 0.000277398 0.00140392
7.95726e-10 0.000277031 0.00143059
7.95827e-10 0.000276613 0.0014559
7.95929e-10 0.000276147 0.00147975
7.9603e-10 0.000275637 0.00150208
7.96131e-10 0.00027509 0.00152282
7.96232e-10 0.000274508 0.00154191
7.96334e-10 0.000273897 0.00155929
7.96435e-10 0.000273262 0.00157489
7.96536e-10 0.000272608 0.00158867
7.96637e-10 0.000271941 0.00160058
7.96739e-10 0.000271267 0.00161057
7.9684e-10 0.000270591 0.00161862
7.96941e-10 0.000269919 0.0016247
7.97042e-10 0.000269257 0.00162877
7.97144e-10 0.000268611 0.00163081
7.97245e-10 0.000267988 0.00163082
7.97346e-10 0.000267393 0.00162878
7.97448e-10 0.000266832 0.0016247
7.97549e-10 0.000266312 0.00161858
7.9765e-10 0.000265839 0.00161042
7.97751e-10 0.000265418 0.00160025
7.97853e-10 0.000265056 0.00158809
7.97954e-10 0.000264759 0.00157397
7.98055e-10 0.000264532 0.00155792
7.98156e-10 0.000264381 0.00153998
7.98258e-10 0.000264311 0.00152021
7.98359e-10 0.000264328 0.00149866
7.9846e-10 0.000264437 0.00147539
7.98562e-10 0.000264642 0.00145046
7.98663e-10 0.000264948 0.00142395
7.98764e-10 0.000265359 0.00139593
7.98865e-10 0.000265879 0.0013665
7.98967e-10 0.000266513 0.00133573
7.99068e-10 0.000267263 0.00130372
7.99169e-10 0.000268132 0.00127058
7.9927e-10 0.000269123 0.0012364
7.99372e-10 0.000270238 0.0012013
7.99473e-10 0.00027148 0.00116538
7.99574e-10 0.000272849 0.00112877
7.99676e-10 0.000274346 0.00109158
7.99777e-10 0.000275973 0.00105395
7.99878e-10 0.00027773 0.00101599
7.99979e-10 0.000279615 0.000977834
8.00081e-10 0.000281629 0.000939622
8.00182e-10 0.000283771 0.000901485
8.00283e-10 0.000286038 0.00086356
8.00384e-10 0.000288429 0.000825985
8.00486e-10 0.000290942 0.0007889
8.00587e-10 0.000293572 0.000752444
8.00688e-10 0.000296318 0.000716758
8.00789e-10 0.000299174 0.000681982
8.00891e-10 0.000302137 0.000648255
8.00992e-10 0.000305201 0.000615717
8.01093e-10 0.000308362 0.000584504
8.01195e-10 0.000311614 0.000554753
8.01296e-10 0.000314951 0.000526596
8.01397e-10 0.000318367 0.000500166
8.01498e-10 0.000321854 0.000475589
8.016e-10 0.000325406 0.000452991
8.01701e-10 0.000329016 0.000432493
8.01802e-10 0.000332674 0.000414211
8.01903e-10 0.000336374 0.000398257
8.02005e-10 0.000340106 0.00038474
8.02106e-10 0.000343863 0.00037376
8.02207e-10 0.000347636 0.000365414
8.02309e-10 0.000351414 0.000359793
8.0241e-10 0.00035519 0.00035698
8.02511e-10 0.000358954 0.000357053
8.02612e-10 0.000362697 0.000360083
8.02714e-10 0.000366408 0.000366131
8.02815e-10 0.000370079 0.000375254
8.02916e-10 0.0003737 0.0003875
8.03017e-10 0.000377261 0.000402908
8.03119e-10 0.000380752 0.000421508
8.0322e-10 0.000384166 0.000443326
8.03321e-10 0.000387491 0.000468373
8.03422e-10 0.00039072 0.000496656
8.03524e-10 0.000393842 0.000528171
8.03625e-10 0.000396851 0.000562906
8.03726e-10 0.000399736 0.000600838
8.03828e-10 0.00040249 0.000641936
8.03929e-10 0.000405105 0.00068616
8.0403e-10 0.000407575 0.00073346
8.04131e-10 0.00040989 0.000783777
8.04233e-10 0.000412046 0.000837043
8.04334e-10 0.000414036 0.00089318
8.04435e-10 0.000415855 0.000952102
8.04536e-10 0.000417496 0.00101371
8.04638e-10 0.000418956 0.00107791
8.04739e-10 0.000420231 0.00114458
8.0484e-10 0.000421316 0.0012136
8.04942e-10 0.00042221 0.00128483
8.05043e-10 0.00042291 0.00135816
8.05144e-10 0.000423415 0.00143341
8.05245e-10 0.000423724 0.00151046
8.05347e-10 0.000423836 0.00158913
8.05448e-10 0.000423753 0.00166925
8.05549e-10 0.000423475 0.00175066
8.0565e-10 0.000423004 0.00183318
8.05752e-10 0.000422343 0.00191662
8.05853e-10 0.000421497 0.00200079
8.05954e-10 0.000420468 0.00208549
8.06056e-10 0.000419261 0.00217054
8.06157e-10 0.000417883 0.00225572
8.06258e-10 0.00041634 0.00234084
8.06359e-10 0.000414639 0.00242567
8.06461e-10 0.000412787 0.00251003
8.06562e-10 0.000410794 0.00259369
8.06663e-10 0.000408668 0.00267643
8.06764e-10 0.000406418 0.00275806
8.06866e-10 0.000404057 0.00283835
8.06967e-10 0.000401594 0.00291711
8.07068e-10 0.000399042 0.0029941
8.07169e-10 0.000396411 0.00306914
8.07271e-10 0.000393717 0.00314201
8.07372e-10 0.00039097 0.00321252
8.07473e-10 0.000388186 0.00328046
8.07575e-10 0.000385378 0.00334565
8.07676e-10 0.00038256 0.0034079
8.07777e-10 0.000379748 0.00346702
8.07878e-10 0.000376956 0.00352285
8.0798e-10 0.000374201 0.00357521
8.08081e-10 0.000371496 0.00362395
8.08182e-10 0.000368858 0.00366891
8.08283e-10 0.000366303 0.00370995
8.08385e-10 0.000363847 0.00374695
8.08486e-10 0.000361505 0.00377977
8.08587e-10 0.000359292 0.00380831
8.08689e-10 0.000357225 0.00383246
8.0879e-10 0.000355319 0.00385213
8.08891e-10 0.000353589 0.00386725
8.08992e-10 0.00035205 0.00387774
8.09094e-10 0.000350716 0.00388357
8.09195e-10 0.000349601 0.00388468
8.09296e-10 0.00034872 0.00388105
8.09397e-10 0.000348085 0.00387267
8.09499e-10 0.000347708 0.00385954
8.096e-10 0.000347602 0.00384167
8.09701e-10 0.000347778 0.0038191
8.09803e-10 0.000348246 0.00379186
8.09904e-10 0.000349016 0.00376002
8.10005e-10 0.000350097 0.00372366
8.10106e-10 0.000351498 0.00368286
8.10208e-10 0.000353224 0.00363772
8.10309e-10 0.000355282 0.00358836
8.1041e-10 0.000357677 0.00353492
8.10511e-10 0.000360414 0.00347755
8.10613e-10 0.000363495 0.0034164
8.10714e-10 0.000366922 0.00335165
8.10815e-10 0.000370696 0.0032835
8.10916e-10 0.000374816 0.00321215
8.11018e-10 0.000379281 0.00313781
8.11119e-10 0.000384088 0.00306071
8.1122e-10 0.000389233 0.00298111
8.11322e-10 0.00039471 0.00289925
8.11423e-10 0.000400514 0.0028154
8.11524e-10 0.000406636 0.00272984
8.11625e-10 0.000413067 0.00264285
8.11727e-10 0.000419797 0.00255475
8.11828e-10 0.000426815 0.00246582
8.11929e-10 0.000434108 0.0023764
8.1203e-10 0.000441662 0.00228679
8.12132e-10 0.000449463 0.00219735
8.12233e-10 0.000457493 0.00210839
8.12334e-10 0.000465735 0.00202026
8.12436e-10 0.000474172 0.00193331
8.12537e-10 0.000482784 0.0018479
8.12638e-10 0.00049155 0.00176436
8.12739e-10 0.00050045 0.00168307
8.12841e-10 0.00050946 0.00160437
8.12942e-10 0.000518559 0.00152862
8.13043e-10 0.000527721 0.00145617
8.13144e-10 0.000536923 0.00138738
8.13246e-10 0.000546139 0.0013226
8.13347e-10 0.000555344 0.00126216
8.13448e-10 0.000564511 0.00120642
8.1355e-10 0.000573614 0.0011557
8.13651e-10 0.000582625 0.00111033
8.13752e-10 0.000591518 0.00107063
8.13853e-10 0.000600265 0.00103691
8.13955e-10 0.000608838 0.00100946
8.14056e-10 0.00061721 0.000988574
8.14157e-10 0.000625354 0.000974525
8.14258e-10 0.000633242 0.000967573
8.1436e-10 0.000640847 0.000967965
8.14461e-10 0.000648143 0.000975932
8.14562e-10 0.000655104 0.00099169
8.14663e-10 0.000661704 0.00101544
8.14765e-10 0.000667919 0.00104735
8.14866e-10 0.000673725 0.0010876
8.14967e-10 0.000679097 0.00113632
8.15069e-10 0.000684015 0.00119363
8.1517e-10 0.000688456 0.00125964
8.15271e-10 0.000692401 0.00133442
8.15372e-10 0.000695831 0.00141803
8.15474e-10 0.000698729 0.0015105
8.15575e-10 0.000701078 0.00161185
8.15676e-10 0.000702864 0.00172206
8.15777e-10 0.000704073 0.00184109
8.15879e-10 0.000704695 0.00196889
8.1598e-10 0.000704719 0.00210536
8.16081e-10 0.000704138 0.00225039
8.16183e-10 0.000702946 0.00240386
8.16284e-10 0.000701138 0.00256558
8.16385e-10 0.000698712 0.00273539
8.16486e-10 0.000695667 0.00291306
8.16588e-10 0.000692006 0.00309837
8.16689e-10 0.000687732 0.00329104
8.1679e-10 0.000682851 0.00349079
8.16891e-10 0.000677371 0.00369731
8.16993e-10 0.000671302 0.00391027
8.17094e-10 0.000664657 0.00412931
8.17195e-10 0.000657449 0.00435405
8.17296e-10 0.000649696 0.00458409
8.17398e-10 0.000641415 0.00481901
8.17499e-10 0.000632628 0.00505835
8.176e-10 0.000623358 0.00530166
8.17702e-10 0.000613629 0.00554846
8.17803e-10 0.000603469 0.00579825
8.17904e-10 0.000592905 0.00605051
8.18005e-10 0.000581969 0.00630471
8.18107e-10 0.000570694 0.0065603
8.18208e-10 0.000559113 0.00681673
8.18309e-10 0.000547263 0.00707343
8.1841e-10 0.000535181 0.00732981
8.18512e-10 0.000522908 0.00758529
8.18613e-10 0.000510482 0.00783928
8.18714e-10 0.000497946 0.00809116
8.18816e-10 0.000485344 0.00834034
8.18917e-10 0.000472719 0.00858621
8.19018e-10 0.000460117 0.00882816
8.19119e-10 0.000447584 0.00906557
8.19221e-10 0.000435166 0.00929786
8.19322e-10 0.000422912 0.00952441
8.19423e-10 0.000410868 0.00974462
8.19524e-10 0.000399084 0.00995793
8.19626e-10 0.000387607 0.0101637
8.19727e-10 0.000376486 0.0103615
8.19828e-10 0.000365768 0.0105507
8.1993e-10 0.000355503 0.0107307
8.20031e-10 0.000345737 0.010901
8.20132e-10 0.000336518 0.0110612
8.20233e-10 0.000327891 0.0112108
8.20335e-10 0.000319902 0.0113492
8.20436e-10 0.000312595 0.0114762
8.20537e-10 0.000306013 0.0115912
8.20638e-10 0.000300197 0.011694
8.2074e-10 0.000295188 0.011784
8.20841e-10 0.000291025 0.0118611
8.20942e-10 0.000287743 0.011925
8.21043e-10 0.000285377 0.0119754
8.21145e-10 0.00028396 0.0120121
8.21246e-10 0.000283522 0.0120349
8.21347e-10 0.000284092 0.0120436
8.21449e-10 0.000285695 0.0120383
8.2155e-10 0.000288353 0.0120188
8.21651e-10 0.000292087 0.0119851
8.21752e-10 0.000296915 0.0119372
8.21854e-10 0.000302851 0.0118752
8.21955e-10 0.000309907 0.0117993
8.22056e-10 0.000318091 0.0117095
8.22157e-10 0.000327409 0.0116062
8.22259e-10 0.000337863 0.0114894
8.2236e-10 0.000349452 0.0113596
8.22461e-10 0.000362172 0.011217
8.22563e-10 0.000376016 0.0110621
8.22664e-10 0.000390973 0.0108953
8.22765e-10 0.000407029 0.0107171
8.22866e-10 0.000424166 0.010528
8.22968e-10 0.000442365 0.0103285
8.23069e-10 0.0004616 0.0101193
8.2317e-10 0.000481845 0.00990099
8.23271e-10 0.00050307 0.00967434
8.23373e-10 0.000525241 0.00944005
8.23474e-10 0.000548322 0.00919892
8.23575e-10 0.000572273 0.00895175
8.23677e-10 0.000597051 0.0086994
8.23778e-10 0.000622612 0.00844277
8.23879e-10 0.000648908 0.00818278
8.2398e-10 0.000675888 0.00792039
8.24082e-10 0.000703499 0.00765658
8.24183e-10 0.000731686 0.00739238
8.24284e-10 0.000760392 0.00712882
8.24385e-10 0.000789556 0.00686697
8.24487e-10 0.000819119 0.00660791
8.24588e-10 0.000849016 0.00635275
8.24689e-10 0.000879184 0.0061026
8.2479e-10 0.000909556 0.00585861
8.24892e-10 0.000940065 0.00562191
8.24993e-10 0.000970643 0.00539365
8.25094e-10 0.00100122 0.00517498
8.25196e-10 0.00103173 0.00496706
8.25297e-10 0.0010621 0.00477104
8.25398e-10 0.00109226 0.00458806
8.25499e-10 0.00112214 0.00441925
8.25601e-10 0.00115168 0.00426574
8.25702e-10 0.00118079 0.00412864
8.25803e-10 0.00120941 0.00400903
8.25904e-10 0.00123748 0.00390797
8.26006e-10 0.00126492 0.00382651
8.26107e-10 0.00129168 0.00376565
8.26208e-10 0.00131767 0.00372637
8.2631e-10 0.00134285 0.0037096
8.26411e-10 0.00136715 0.00371623
8.26512e-10 0.00139051 0.00374713
8.26613e-10 0.00141286 0.0038031
8.26715e-10 0.00143417 0.00388489
8.26816e-10 0.00145436 0.0039932
8.26917e-10 0.00147339 0.0041287
8.27018e-10 0.00149122 0.00429195
8.2712e-10 0.00150778 0.00448348
8.27221e-10 0.00152305 0.00470376
8.27322e-10 0.00153698 0.00495317
8.27424e-10 0.00154953 0.00523204
8.27525e-10 0.00156066 0.00554061
8.27626e-10 0.00157035 0.00587906
8.27727e-10 0.00157856 0.00624748
8.27829e-10 0.00158528 0.0066459
8.2793e-10 0.00159047 0.00707424
8.28031e-10 0.00159411 0.00753237
8.28132e-10 0.0015962 0.00802005
8.28234e-10 0.00159671 0.00853698
8.28335e-10 0.00159564 0.00908276
8.28436e-10 0.00159298 0.0096569
8.28537e-10 0.00158872 0.0102588
8.28639e-10 0.00158287 0.0108879
8.2874e-10 0.00157542 0.0115434
8.28841e-10 0.00156638 0.0122245
8.28943e-10 0.00155577 0.0129302
8.29044e-10 0.00154358 0.0136596
8.29145e-10 0.00152983 0.0144116
8.29246e-10 0.00151455 0.015185
8.29348e-10 0.00149774 0.0159786
8.29449e-10 0.00147944 0.0167911
8.2955e-10 0.00145966 0.017621
8.29651e-10 0.00143843 0.018467
8.29753e-10 0.00141578 0.0193275
8.29854e-10 0.00139175 0.0202008
8.29955e-10 0.00136636 0.0210854
8.30057e-10 0.00133966 0.0219794
8.30158e-10 0.00131168 0.0228812
8.30259e-10 0.00128247 0.0237888
8.3036e-10 0.00125207 0.0247005
8.30462e-10 0.00122053 0.0256142
8.30563e-10 0.00118789 0.0265279
8.30664e-10 0.00115421 0.0274398
8.30765e-10 0.00111955 0.0283478
8.30867e-10 0.00108395 0.0292498
8.30968e-10 0.00104749 0.0301438
8.31069e-10 0.00101022 0.0310276
8.31171e-10 0.000972221 0.0318993
8.31272e-10 0.000933551 0.0327567
8.31373e-10 0.000894289 0.0335977
8.31474e-10 0.000854514 0.0344203
8.31576e-10 0.000814307 0.0352225
8.31677e-10 0.000773756 0.0360022
8.31778e-10 0.000732952 0.0367574
8.31879e-10 0.000691993 0.0374862
8.31981e-10 0.000650982 0.0381868
8.32082e-10 0.000610026 0.0388572
8.32183e-10 0.000569241 0.0394957
8.32284e-10 0.000528749 0.0401005
8.32386e-10 0.000488677 0.04067
8.32487e-10 0.000449163 0.0412026
8.32588e-10 0.000410351 0.0416969
8.3269e-10 0.000372394 0.0421514
8.32791e-10 0.000335454 0.0425649
8.32892e-10 0.000299703 0.0429361
8.32993e-10 0.000265322 0.043264
8.33095e-10 0.000232503 0.0435475
8.33196e-10 0.000201449 0.0437859
8.33297e-10 0.000172375 0.0439783
8.33398e-10 0.000145506 0.0441243
8.335e-10 0.000121082 0.0442232
8.33601e-10 9.93541e-05 0.0442748
8.33702e-10 8.05858e-05 0.0442788
8.33804e-10 6.50553e-05 0.0442352
8.33905e-10 5.30539e-05 0.0441442
8.34006e-10 4.4887e-05 0.0440058
8.34107e-10 4.08741e-05 0.0438206
8.34209e-10 4.1349e-05 0.043589
8.3431e-10 4.66597e-05 0.0433117
8.34411e-10 5.71688e-05 0.0429896
8.34512e-10 7.3253e-05 0.0426236
8.34614e-10 9.5303e-05 0.042215
8.34715e-10 0.000123724 0.0417649
8.34816e-10 0.000158933 0.0412749
8.34917e-10 0.000201363 0.0407465
8.35019e-10 0.000251457 0.0401815
8.3512e-10 0.000309671 0.0395817
8.35221e-10 0.000376472 0.0389492
8.35323e-10 0.000452337 0.0382861
8.35424e-10 0.000537751 0.0375947
8.35525e-10 0.000633211 0.0368774
8.35626e-10 0.000739215 0.0361367
8.35728e-10 0.000856272 0.0353752
8.35829e-10 0.000984891 0.0345958
8.3593e-10 0.00112559 0.0338012
8.36031e-10 0.00127887 0.0329943
8.36133e-10 0.00144525 0.0321783
8.36234e-10 0.00162523 0.0313561
8.36335e-10 0.00181932 0.0305309
8.36437e-10 0.00202801 0.0297059
8.36538e-10 0.00225178 0.0288845
8.36639e-10 0.00249111 0.0280697
8.3674e-10 0.00274643 0.0272651
8.36842e-10 0.00301818 0.0264739
8.36943e-10 0.00330679 0.0256994
8.37044e-10 0.00361262 0.024945
8.37145e-10 0.00393604 0.024214
8.37247e-10 0.00427737 0.0235096
8.37348e-10 0.00463691 0.0228351
8.37449e-10 0.0050149 0.0221937
8.37551e-10 0.00541156 0.0215885
8.37652e-10 0.00582706 0.0210225
8.37753e-10 0.00626151 0.0204988
8.37854e-10 0.00671498 0.02002
8.37956e-10 0.00718748 0.0195891
8.38057e-10 0.00767897 0.0192086
8.38158e-10 0.00818933 0.0188809
8.38259e-10 0.0087184 0.0186086
8.38361e-10 0.00926594 0.0183937
8.38462e-10 0.00983163 0.0182383
8.38563e-10 0.0104151 0.0181442
8.38664e-10 0.0110159 0.0181132
8.38766e-10 0.0116335 0.0181468
8.38867e-10 0.0122672 0.0182462
8.38968e-10 0.0129165 0.0184125
8.3907e-10 0.0135804 0.0186467
8.39171e-10 0.0142582 0.0189495
8.39272e-10 0.0149489 0.0193212
8.39373e-10 0.0156515 0.0197621
8.39475e-10 0.0163649 0.0202722
8.39576e-10 0.0170878 0.0208514
8.39677e-10 0.0178191 0.0214991
8.39778e-10 0.0185573 0.0222147
8.3988e-10 0.019301 0.0229973
