6.9e-10 0.000699702 0.0314237
6.90101e-10 0.000678581 0.0309949
6.90203e-10 0.000663663 0.0305446
6.90304e-10 0.00065442 0.0300743
6.90405e-10 0.000650344 0.0295853
6.90506e-10 0.000650947 0.0290791
6.90608e-10 0.000655762 0.0285574
6.90709e-10 0.000664343 0.0280219
6.9081e-10 0.000676265 0.0274744
6.90911e-10 0.000691124 0.0269168
6.91013e-10 0.00070854 0.0263511
6.91114e-10 0.000728151 0.0257792
6.91215e-10 0.000749618 0.0252031
6.91317e-10 0.00077262 0.0246248
6.91418e-10 0.000796858 0.0240462
6.91519e-10 0.00082205 0.0234694
6.9162e-10 0.000847933 0.0228964
6.91722e-10 0.00087426 0.0223289
6.91823e-10 0.000900801 0.0217689
6.91924e-10 0.000927342 0.021218
6.92025e-10 0.000953683 0.0206781
6.92127e-10 0.000979638 0.0201507
6.92228e-10 0.00100503 0.0196374
6.92329e-10 0.00102971 0.0191395
6.9243e-10 0.00105352 0.0186584
6.92532e-10 0.00107631 0.0181952
6.92633e-10 0.00109798 0.017751
6.92734e-10 0.00111839 0.0173267
6.92836e-10 0.00113743 0.0169232
6.92937e-10 0.00115501 0.0165411
6.93038e-10 0.00117104 0.016181
6.93139e-10 0.00118543 0.0158433
6.93241e-10 0.00119811 0.0155282
6.93342e-10 0.00120901 0.0152359
6.93443e-10 0.00121807 0.0149664
6.93544e-10 0.00122524 0.0147196
6.93646e-10 0.00123047 0.0144953
6.93747e-10 0.00123373 0.014293
6.93848e-10 0.00123499 0.0141123
6.9395e-10 0.00123422 0.0139527
6.94051e-10 0.00123142 0.0138134
6.94152e-10 0.00122658 0.0136937
6.94253e-10 0.00121971 0.0135926
6.94355e-10 0.0012108 0.0135093
6.94456e-10 0.00119988 0.0134427
6.94557e-10 0.00118698 0.0133916
6.94658e-10 0.00117213 0.013355
6.9476e-10 0.00115536 0.0133316
6.94861e-10 0.00113674 0.0133201
6.94962e-10 0.00111632 0.0133193
6.95064e-10 0.00109416 0.0133279
6.95165e-10 0.00107034 0.0133445
6.95266e-10 0.00104493 0.0133678
6.95367e-10 0.00101803 0.0133965
6.95469e-10 0.000989717 0.0134293
6.9557e-10 0.000960102 0.0134647
6.95671e-10 0.000929287 0.0135016
6.95772e-10 0.000897382 0.0135387
6.95874e-10 0.000864505 0.0135747
6.95975e-10 0.000830774 0.0136085
6.96076e-10 0.000796313 0.0136389
6.96177e-10 0.000761251 0.0136649
6.96279e-10 0.000725716 0.0136855
6.9638e-10 0.00068984 0.0136997
6.96481e-10 0.000653758 0.0137066
6.96583e-10 0.000617603 0.0137054
6.96684e-10 0.000581509 0.0136954
6.96785e-10 0.00054561 0.0136759
6.96886e-10 0.000510037 0.0136464
6.96988e-10 0.000474921 0.0136064
6.97089e-10 0.000440388 0.0135553
6.9719e-10 0.000406563 0.013493
6.97291e-10 0.000373565 0.0134192
6.97393e-10 0.00034151 0.0133336
6.97494e-10 0.000310508 0.0132363
6.97595e-10 0.000280662 0.0131272
6.97697e-10 0.000252071 0.0130063
6.97798e-10 0.000224824 0.0128739
6.97899e-10 0.000199006 0.0127301
6.98e-10 0.000174693 0.0125753
6.98102e-10 0.000151952 0.0124097
6.98203e-10 0.000130842 0.0122339
6.98304e-10 0.000111415 0.0120483
6.98405e-10 9.3712e-05 0.0118534
6.98507e-10 7.77663e-05 0.0116499
6.98608e-10 6.36016e-05 0.0114383
6.98709e-10 5.12326e-05 0.0112193
6.9881e-10 4.06649e-05 0.0109936
6.98912e-10 3.1895e-05 0.0107621
6.99013e-10 2.49107e-05 0.0105254
6.99114e-10 1.96908e-05 0.0102843
6.99216e-10 1.62056e-05 0.0100396
6.99317e-10 1.44172e-05 0.00979225
6.99418e-10 1.42799e-05 0.00954294
6.99519e-10 1.57402e-05 0.00929254
6.99621e-10 1.87376e-05 0.00904187
6.99722e-10 2.32048e-05 0.00879175
6.99823e-10 2.90681e-05 0.00854297
6.99924e-10 3.62484e-05 0.00829633
7.00026e-10 4.4661e-05 0.00805258
7.00127e-10 5.42168e-05 0.00781248
7.00228e-10 6.48225e-05 0.00757674
7.0033e-10 7.63813e-05 0.00734603
7.00431e-10 8.87934e-05 0.00712101
7.00532e-10 0.000101957 0.00690228
7.00633e-10 0.000115768 0.00669041
7.00735e-10 0.000130122 0.00648593
7.00836e-10 0.000144914 0.00628933
7.00937e-10 0.000160039 0.00610104
7.01038e-10 0.000175392 0.00592144
7.0114e-10 0.00019087 0.00575088
7.01241e-10 0.000206372 0.00558964
7.01342e-10 0.0002218 0.00543796
7.01444e-10 0.000237057 0.00529604
7.01545e-10 0.00025205 0.005164
7.01646e-10 0.000266692 0.00504193
7.01747e-10 0.000280897 0.00492988
7.01849e-10 0.000294587 0.00482782
7.0195e-10 0.000307685 0.0047357
7.02051e-10 0.000320124 0.0046534
7.02152e-10 0.000331838 0.00458078
7.02254e-10 0.000342769 0.00451764
7.02355e-10 0.000352867 0.00446374
7.02456e-10 0.000362085 0.0044188
7.02557e-10 0.000370383 0.0043825
7.02659e-10 0.000377729 0.0043545
7.0276e-10 0.000384096 0.00433442
7.02861e-10 0.000389464 0.00432183
7.02963e-10 0.000393819 0.00431631
7.03064e-10 0.000397153 0.00431739
7.03165e-10 0.000399466 0.00432457
7.03266e-10 0.000400763 0.00433738
7.03368e-10 0.000401054 0.00435527
7.03469e-10 0.000400355 0.00437773
7.0357e-10 0.00039869 0.00440422
7.03671e-10 0.000396085 0.00443419
7.03773e-10 0.000392571 0.00446709
7.03874e-10 0.000388187 0.00450237
7.03975e-10 0.000382973 0.00453949
7.04077e-10 0.000376973 0.00457792
7.04178e-10 0.000370238 0.00461711
7.04279e-10 0.000362817 0.00465654
7.0438e-10 0.000354766 0.00469572
7.04482e-10 0.000346141 0.00473413
7.04583e-10 0.000337002 0.00477132
7.04684e-10 0.00032741 0.00480682
7.04785e-10 0.000317425 0.00484021
7.04887e-10 0.000307111 0.00487107
7.04988e-10 0.000296531 0.00489901
7.05089e-10 0.000285748 0.00492369
7.05191e-10 0.000274824 0.00494476
7.05292e-10 0.000263822 0.00496194
7.05393e-10 0.000252803 0.00497494
7.05494e-10 0.000241826 0.00498353
7.05596e-10 0.00023095 0.0049875
7.05697e-10 0.00022023 0.00498668
7.05798e-10 0.000209719 0.00498091
7.05899e-10 0.00019947 0.00497008
7.06001e-10 0.000189531 0.00495411
7.06102e-10 0.000179946 0.00493296
7.06203e-10 0.000170758 0.0049066
7.06304e-10 0.000162005 0.00487504
7.06406e-10 0.000153724 0.00483834
7.06507e-10 0.000145945 0.00479655
7.06608e-10 0.000138695 0.00474978
7.0671e-10 0.000132001 0.00469815
7.06811e-10 0.00012588 0.00464182
7.06912e-10 0.00012035 0.00458095
7.07013e-10 0.000115424 0.00451576
7.07115e-10 0.000111109 0.00444646
7.07216e-10 0.00010741 0.00437328
7.07317e-10 0.000104328 0.0042965
7.07418e-10 0.000101861 0.00421637
7.0752e-10 0.000100003 0.0041332
7.07621e-10 9.87431e-05 0.00404728
7.07722e-10 9.80691e-05 0.00395892
7.07824e-10 9.79648e-05 0.00386845
7.07925e-10 9.84111e-05 0.0037762
7.08026e-10 9.93863e-05 0.0036825
7.08127e-10 0.000100866 0.00358768
7.08229e-10 0.000102823 0.00349209
7.0833e-10 0.00010523 0.00339607
7.08431e-10 0.000108054 0.00329995
7.08532e-10 0.000111265 0.00320406
7.08634e-10 0.000114827 0.00310874
7.08735e-10 0.000118705 0.00301431
7.08836e-10 0.000122864 0.00292107
7.08938e-10 0.000127267 0.00282934
7.09039e-10 0.000131876 0.00273939
7.0914e-10 0.000136654 0.00265152
7.09241e-10 0.000141562 0.00256598
7.09343e-10 0.000146564 0.00248302
7.09444e-10 0.000151623 0.00240288
7.09545e-10 0.000156702 0.00232578
7.09646e-10 0.000161765 0.00225191
7.09748e-10 0.000166777 0.00218145
7.09849e-10 0.000171706 0.00211457
7.0995e-10 0.000176519 0.00205141
7.10051e-10 0.000181185 0.00199208
7.10153e-10 0.000185677 0.0019367
7.10254e-10 0.000189965 0.00188534
7.10355e-10 0.000194026 0.00183806
7.10457e-10 0.000197835 0.0017949
7.10558e-10 0.000201372 0.00175589
7.10659e-10 0.000204618 0.00172102
7.1076e-10 0.000207556 0.00169028
7.10862e-10 0.000210171 0.00166362
7.10963e-10 0.000212452 0.001641
7.11064e-10 0.000214388 0.00162233
7.11165e-10 0.000215971 0.00160752
7.11267e-10 0.000217197 0.00159647
7.11368e-10 0.000218062 0.00158904
7.11469e-10 0.000218566 0.00158511
7.11571e-10 0.00021871 0.00158451
7.11672e-10 0.000218497 0.00158708
7.11773e-10 0.000217934 0.00159264
7.11874e-10 0.000217027 0.001601
7.11976e-10 0.000215787 0.00161197
7.12077e-10 0.000214224 0.00162534
7.12178e-10 0.000212351 0.00164089
7.12279e-10 0.000210183 0.0016584
7.12381e-10 0.000207736 0.00167765
7.12482e-10 0.000205026 0.00169841
7.12583e-10 0.000202073 0.00172045
7.12684e-10 0.000198894 0.00174353
7.12786e-10 0.000195512 0.00176743
7.12887e-10 0.000191946 0.00179191
7.12988e-10 0.000188218 0.00181674
7.1309e-10 0.000184351 0.0018417
7.13191e-10 0.000180366 0.00186656
7.13292e-10 0.000176286 0.00189111
7.13393e-10 0.000172134 0.00191514
7.13495e-10 0.000167932 0.00193845
7.13596e-10 0.000163703 0.00196083
7.13697e-10 0.000159468 0.00198212
7.13798e-10 0.00015525 0.00200212
7.139e-10 0.000151068 0.00202068
7.14001e-10 0.000146943 0.00203764
7.14102e-10 0.000142894 0.00205286
7.14204e-10 0.000138941 0.00206621
7.14305e-10 0.000135099 0.00207757
7.14406e-10 0.000131387 0.00208684
7.14507e-10 0.000127818 0.00209392
7.14609e-10 0.000124408 0.00209874
7.1471e-10 0.000121169 0.00210123
7.14811e-10 0.000118113 0.00210134
7.14912e-10 0.000115249 0.00209903
7.15014e-10 0.000112587 0.00209428
7.15115e-10 0.000110134 0.00208709
7.15216e-10 0.000107897 0.00207745
7.15318e-10 0.000105879 0.00206537
7.15419e-10 0.000104085 0.0020509
7.1552e-10 0.000102515 0.00203407
7.15621e-10 0.000101171 0.00201494
7.15723e-10 0.000100052 0.00199356
7.15824e-10 9.91554e-05 0.00197002
7.15925e-10 9.84779e-05 0.0019444
7.16026e-10 9.80151e-05 0.00191681
7.16128e-10 9.77611e-05 0.00188733
7.16229e-10 9.77091e-05 0.0018561
7.1633e-10 9.78513e-05 0.00182322
7.16431e-10 9.81788e-05 0.00178884
7.16533e-10 9.8682e-05 0.00175308
7.16634e-10 9.93502e-05 0.00171608
7.16735e-10 0.000100172 0.00167799
7.16837e-10 0.000101136 0.00163896
7.16938e-10 0.00010223 0.00159914
7.17039e-10 0.00010344 0.00155869
7.1714e-10 0.000104753 0.00151775
7.17242e-10 0.000106156 0.0014765
7.17343e-10 0.000107635 0.00143507
7.17444e-10 0.000109175 0.00139364
7.17545e-10 0.000110764 0.00135234
7.17647e-10 0.000112386 0.00131134
7.17748e-10 0.000114028 0.00127078
7.17849e-10 0.000115677 0.00123081
7.17951e-10 0.000117319 0.00119156
7.18052e-10 0.00011894 0.00115317
7.18153e-10 0.000120529 0.00111576
7.18254e-10 0.000122074 0.00107947
7.18356e-10 0.000123562 0.0010444
7.18457e-10 0.000124983 0.00101067
7.18558e-10 0.000126327 0.000978367
7.18659e-10 0.000127583 0.000947594
7.18761e-10 0.000128743 0.000918432
7.18862e-10 0.0001298 0.000890956
7.18963e-10 0.000130744 0.000865233
7.19065e-10 0.000131571 0.000841319
7.19166e-10 0.000132275 0.000819262
7.19267e-10 0.00013285 0.000799101
7.19368e-10 0.000133293 0.000780864
7.1947e-10 0.000133601 0.000764571
7.19571e-10 0.000133772 0.000750231
7.19672e-10 0.000133805 0.000737846
7.19773e-10 0.000133699 0.000727406
7.19875e-10 0.000133455 0.000718894
7.19976e-10 0.000133073 0.000712283
7.20077e-10 0.000132557 0.000707537
7.20178e-10 0.000131909 0.000704613
7.2028e-10 0.000131132 0.00070346
7.20381e-10 0.000130232 0.000704018
7.20482e-10 0.000129212 0.000706221
7.20584e-10 0.000128079 0.000709995
7.20685e-10 0.000126839 0.000715262
7.20786e-10 0.000125498 0.000721936
7.20887e-10 0.000124064 0.000729925
7.20989e-10 0.000122544 0.000739135
7.2109e-10 0.000120946 0.000749466
7.21191e-10 0.000119278 0.000760813
7.21292e-10 0.00011755 0.000773071
7.21394e-10 0.000115769 0.000786128
7.21495e-10 0.000113945 0.000799875
7.21596e-10 0.000112086 0.000814197
7.21698e-10 0.000110202 0.000828981
7.21799e-10 0.000108302 0.000844111
7.219e-10 0.000106394 0.000859475
7.22001e-10 0.000104488 0.000874959
7.22103e-10 0.000102592 0.00089045
7.22204e-10 0.000100715 0.000905838
7.22305e-10 9.88639e-05 0.000921015
7.22406e-10 9.70478e-05 0.000935876
7.22508e-10 9.52739e-05 0.000950319
7.22609e-10 9.35493e-05 0.000964245
7.2271e-10 9.18808e-05 0.000977562
7.22812e-10 9.02747e-05 0.00099018
7.22913e-10 8.87368e-05 0.00100201
7.23014e-10 8.72725e-05 0.00101298
7.23115e-10 8.58864e-05 0.00102302
7.23217e-10 8.4583e-05 0.00103205
7.23318e-10 8.33659e-05 0.00104001
7.23419e-10 8.22383e-05 0.00104686
7.2352e-10 8.12027e-05 0.00105253
7.23622e-10 8.02611e-05 0.00105699
7.23723e-10 7.94149e-05 0.00106021
7.23824e-10 7.8665e-05 0.00106215
7.23925e-10 7.80116e-05 0.0010628
7.24027e-10 7.74545e-05 0.00106213
7.24128e-10 7.69928e-05 0.00106015
7.24229e-10 7.66251e-05 0.00105685
7.24331e-10 7.63496e-05 0.00105224
7.24432e-10 7.61638e-05 0.00104632
7.24533e-10 7.60649e-05 0.00103913
7.24634e-10 7.60496e-05 0.00103068
7.24736e-10 7.61142e-05 0.00102101
7.24837e-10 7.62546e-05 0.00101015
7.24938e-10 7.64663e-05 0.000998156
7.25039e-10 7.67445e-05 0.000985063
7.25141e-10 7.70841e-05 0.000970931
7.25242e-10 7.74798e-05 0.000955817
7.25343e-10 7.79261e-05 0.000939783
7.25445e-10 7.84171e-05 0.000922897
7.25546e-10 7.8947e-05 0.000905229
7.25647e-10 7.95098e-05 0.000886851
7.25748e-10 8.00994e-05 0.000867841
7.2585e-10 8.07097e-05 0.000848277
7.25951e-10 8.13346e-05 0.00082824
7.26052e-10 8.19679e-05 0.000807811
7.26153e-10 8.26038e-05 0.000787075
7.26255e-10 8.32362e-05 0.000766116
7.26356e-10 8.38593e-05 0.000745018
7.26457e-10 8.44677e-05 0.000723865
7.26559e-10 8.50559e-05 0.000702742
7.2666e-10 8.56186e-05 0.000681731
7.26761e-10 8.6151e-05 0.000660915
7.26862e-10 8.66484e-05 0.000640372
7.26964e-10 8.71065e-05 0.000620182
7.27065e-10 8.75212e-05 0.000600419
7.27166e-10 8.78888e-05 0.000581156
7.27267e-10 8.82059e-05 0.000562463
7.27369e-10 8.84696e-05 0.000544406
7.2747e-10 8.86772e-05 0.000527048
7.27571e-10 8.88266e-05 0.000510448
7.27672e-10 8.89158e-05 0.000494659
7.27774e-10 8.89435e-05 0.000479732
7.27875e-10 8.89086e-05 0.000465712
7.27976e-10 8.88105e-05 0.000452641
7.28078e-10 8.86489e-05 0.000440553
7.28179e-10 8.8424e-05 0.00042948
7.2828e-10 8.81362e-05 0.000419447
7.28381e-10 8.77865e-05 0.000410475
7.28483e-10 8.73761e-05 0.000402579
7.28584e-10 8.69066e-05 0.000395769
7.28685e-10 8.63799e-05 0.00039005
7.28786e-10 8.57984e-05 0.00038542
7.28888e-10 8.51645e-05 0.000381875
7.28989e-10 8.4481e-05 0.000379404
7.2909e-10 8.37511e-05 0.00037799
7.29192e-10 8.2978e-05 0.000377614
7.29293e-10 8.21652e-05 0.00037825
7.29394e-10 8.13166e-05 0.000379869
7.29495e-10 8.04359e-05 0.000382436
7.29597e-10 7.95272e-05 0.000385913
7.29698e-10 7.85945e-05 0.000390258
7.29799e-10 7.76422e-05 0.000395425
7.299e-10 7.66744e-05 0.000401366
7.30002e-10 7.56955e-05 0.000408027
7.30103e-10 7.47098e-05 0.000415354
7.30204e-10 7.37215e-05 0.000423289
7.30305e-10 7.27351e-05 0.000431773
7.30407e-10 7.17545e-05 0.000440743
7.30508e-10 7.0784e-05 0.000450136
7.30609e-10 6.98275e-05 0.000459887
7.30711e-10 6.8889e-05 0.000469931
7.30812e-10 6.7972e-05 0.000480202
7.30913e-10 6.70802e-05 0.000490632
7.31014e-10 6.62168e-05 0.000501155
7.31116e-10 6.53851e-05 0.000511706
7.31217e-10 6.45879e-05 0.000522218
7.31318e-10 6.38279e-05 0.000532626
7.31419e-10 6.31076e-05 0.000542868
7.31521e-10 6.24291e-05 0.000552881
7.31622e-10 6.17943e-05 0.000562606
7.31723e-10 6.12049e-05 0.000571984
7.31825e-10 6.06622e-05 0.00058096
7.31926e-10 6.01673e-05 0.000589482
7.32027e-10 5.9721e-05 0.000597498
7.32128e-10 5.93237e-05 0.000604962
7.3223e-10 5.89758e-05 0.00061183
7.32331e-10 5.8677e-05 0.000618062
7.32432e-10 5.84272e-05 0.000623621
7.32533e-10 5.82255e-05 0.000628473
7.32635e-10 5.80713e-05 0.00063259
7.32736e-10 5.79633e-05 0.000635946
7.32837e-10 5.79001e-05 0.00063852
7.32939e-10 5.78802e-05 0.000640296
7.3304e-10 5.79017e-05 0.000641258
7.33141e-10 5.79625e-05 0.0006414
7.33242e-10 5.80605e-05 0.000640717
7.33344e-10 5.81931e-05 0.000639207
7.33445e-10 5.83579e-05 0.000636874
7.33546e-10 5.8552e-05 0.000633727
7.33647e-10 5.87727e-05 0.000629776
7.33749e-10 5.9017e-05 0.000625038
7.3385e-10 5.92819e-05 0.000619531
7.33951e-10 5.95642e-05 0.000613279
7.34052e-10 5.98607e-05 0.000606308
7.34154e-10 6.01683e-05 0.000598647
7.34255e-10 6.04838e-05 0.000590331
7.34356e-10 6.08039e-05 0.000581395
7.34458e-10 6.11255e-05 0.000571877
7.34559e-10 6.14454e-05 0.00056182
7.3466e-10 6.17605e-05 0.000551266
7.34761e-10 6.20678e-05 0.000540263
7.34863e-10 6.23644e-05 0.000528856
7.34964e-10 6.26475e-05 0.000517096
7.35065e-10 6.29144e-05 0.000505034
7.35166e-10 6.31625e-05 0.000492722
7.35268e-10 6.33895e-05 0.000480211
7.35369e-10 6.35931e-05 0.000467556
7.3547e-10 6.37712e-05 0.000454811
7.35572e-10 6.3922e-05 0.000442028
7.35673e-10 6.40437e-05 0.000429262
7.35774e-10 6.41349e-05 0.000416566
7.35875e-10 6.41943e-05 0.000403992
7.35977e-10 6.42207e-05 0.000391592
7.36078e-10 6.42133e-05 0.000379416
7.36179e-10 6.41715e-05 0.000367514
7.3628e-10 6.40948e-05 0.000355932
7.36382e-10 6.3983e-05 0.000344716
7.36483e-10 6.38361e-05 0.00033391
7.36584e-10 6.36542e-05 0.000323555
7.36686e-10 6.34378e-05 0.000313689
7.36787e-10 6.31875e-05 0.000304349
7.36888e-10 6.2904e-05 0.000295567
7.36989e-10 6.25885e-05 0.000287376
7.37091e-10 6.22421e-05 0.000279802
7.37192e-10 6.18661e-05 0.000272869
7.37293e-10 6.1462e-05 0.0002666
7.37394e-10 6.10316e-05 0.000261011
7.37496e-10 6.05766e-05 0.000256117
7.37597e-10 6.00989e-05 0.00025193
7.37698e-10 5.96007e-05 0.000248457
7.37799e-10 5.9084e-05 0.000245703
7.37901e-10 5.85512e-05 0.000243668
7.38002e-10 5.80045e-05 0.00024235
7.38103e-10 5.74463e-05 0.000241742
7.38205e-10 5.68791e-05 0.000241837
7.38306e-10 5.63053e-05 0.00024262
7.38407e-10 5.57274e-05 0.000244077
7.38508e-10 5.51479e-05 0.000246189
7.3861e-10 5.45692e-05 0.000248933
7.38711e-10 5.39939e-05 0.000252286
7.38812e-10 5.34242e-05 0.00025622
7.38913e-10 5.28626e-05 0.000260705
7.39015e-10 5.23113e-05 0.00026571
7.39116e-10 5.17726e-05 0.000271198
7.39217e-10 5.12485e-05 0.000277135
7.39319e-10 5.07411e-05 0.000283482
7.3942e-10 5.02523e-05 0.000290199
7.39521e-10 4.97838e-05 0.000297243
7.39622e-10 4.93374e-05 0.000304574
7.39724e-10 4.89145e-05 0.000312146
7.39825e-10 4.85165e-05 0.000319916
7.39926e-10 4.81446e-05 0.000327837
7.40027e-10 4.77998e-05 0.000335866
7.40129e-10 4.74831e-05 0.000343955
7.4023e-10 4.71952e-05 0.000352059
7.40331e-10 4.69367e-05 0.000360133
7.40433e-10 4.67078e-05 0.000368132
7.40534e-10 4.65089e-05 0.000376012
7.40635e-10 4.63401e-05 0.000383729
7.40736e-10 4.6201e-05 0.000391242
7.40838e-10 4.60916e-05 0.000398509
7.40939e-10 4.60113e-05 0.000405491
7.4104e-10 4.59595e-05 0.00041215
7.41141e-10 4.59355e-05 0.00041845
7.41243e-10 4.59383e-05 0.000424358
7.41344e-10 4.59669e-05 0.000429842
7.41445e-10 4.60202e-05 0.000434872
7.41546e-10 4.60967e-05 0.000439421
7.41648e-10 4.61951e-05 0.000443465
7.41749e-10 4.63139e-05 0.000446981
7.4185e-10 4.64513e-05 0.000449951
7.41952e-10 4.66057e-05 0.000452358
7.42053e-10 4.67753e-05 0.000454189
7.42154e-10 4.69582e-05 0.000455432
7.42255e-10 4.71524e-05 0.000456081
7.42357e-10 4.73561e-05 0.00045613
7.42458e-10 4.75672e-05 0.000455578
7.42559e-10 4.77837e-05 0.000454425
7.4266e-10 4.80036e-05 0.000452676
7.42762e-10 4.82249e-05 0.000450338
7.42863e-10 4.84455e-05 0.00044742
7.42964e-10 4.86634e-05 0.000443935
7.43066e-10 4.88769e-05 0.000439899
7.43167e-10 4.90838e-05 0.000435328
7.43268e-10 4.92825e-05 0.000430244
7.43369e-10 4.9471e-05 0.000424669
7.43471e-10 4.96479e-05 0.000418629
7.43572e-10 4.98114e-05 0.00041215
7.43673e-10 4.996e-05 0.000405262
7.43774e-10 5.00923e-05 0.000397996
7.43876e-10 5.02071e-05 0.000390385
7.43977e-10 5.03032e-05 0.000382462
7.44078e-10 5.03795e-05 0.000374264
7.44179e-10 5.04351e-05 0.000365828
7.44281e-10 5.04692e-05 0.00035719
7.44382e-10 5.04811e-05 0.000348391
7.44483e-10 5.04703e-05 0.000339469
7.44585e-10 5.04365e-05 0.000330464
7.44686e-10 5.03794e-05 0.000321416
7.44787e-10 5.02989e-05 0.000312365
7.44888e-10 5.0195e-05 0.000303351
7.4499e-10 5.00679e-05 0.000294413
7.45091e-10 4.9918e-05 0.000285591
7.45192e-10 4.97457e-05 0.000276922
7.45293e-10 4.95515e-05 0.000268445
7.45395e-10 4.93363e-05 0.000260196
7.45496e-10 4.91007e-05 0.000252209
7.45597e-10 4.88458e-05 0.00024452
7.45699e-10 4.85726e-05 0.000237159
7.458e-10 4.82823e-05 0.000230158
7.45901e-10 4.7976e-05 0.000223545
7.46002e-10 4.76552e-05 0.000217347
7.46104e-10 4.73213e-05 0.000211589
7.46205e-10 4.69757e-05 0.000206293
7.46306e-10 4.662e-05 0.000201481
7.46407e-10 4.62558e-05 0.000197168
7.46509e-10 4.58847e-05 0.000193372
7.4661e-10 4.55085e-05 0.000190105
7.46711e-10 4.51287e-05 0.000187377
7.46813e-10 4.47471e-05 0.000185197
7.46914e-10 4.43654e-05 0.000183569
7.47015e-10 4.39853e-05 0.000182496
7.47116e-10 4.36085e-05 0.000181978
7.47218e-10 4.32367e-05 0.000182013
7.47319e-10 4.28714e-05 0.000182594
7.4742e-10 4.25143e-05 0.000183714
7.47521e-10 4.21668e-05 0.000185363
7.47623e-10 4.18306e-05 0.000187528
7.47724e-10 4.15068e-05 0.000190193
7.47825e-10 4.11969e-05 0.000193341
7.47926e-10 4.09021e-05 0.000196953
7.48028e-10 4.06235e-05 0.000201006
7.48129e-10 4.03622e-05 0.000205477
7.4823e-10 4.01191e-05 0.000210339
7.48332e-10 3.9895e-05 0.000215565
7.48433e-10 3.96907e-05 0.000221127
7.48534e-10 3.95069e-05 0.000226993
7.48635e-10 3.93438e-05 0.000233132
7.48737e-10 3.92021e-05 0.00023951
7.48838e-10 3.90818e-05 0.000246093
7.48939e-10 3.89832e-05 0.000252847
7.4904e-10 3.89063e-05 0.000259736
7.49142e-10 3.88508e-05 0.000266724
7.49243e-10 3.88167e-05 0.000273774
7.49344e-10 3.88035e-05 0.000280849
7.49446e-10 3.88108e-05 0.000287914
7.49547e-10 3.88381e-05 0.000294932
7.49648e-10 3.88845e-05 0.000301867
7.49749e-10 3.89495e-05 0.000308683
7.49851e-10 3.9032e-05 0.000315346
7.49952e-10 3.9131e-05 0.000321821
7.50053e-10 3.92456e-05 0.000328077
7.50154e-10 3.93746e-05 0.000334081
7.50256e-10 3.95167e-05 0.000339802
7.50357e-10 3.96708e-05 0.000345213
7.50458e-10 3.98353e-05 0.000350286
7.5056e-10 4.0009e-05 0.000354994
7.50661e-10 4.01904e-05 0.000359315
7.50762e-10 4.03781e-05 0.000363227
7.50863e-10 4.05705e-05 0.000366709
7.50965e-10 4.07662e-05 0.000369745
7.51066e-10 4.09636e-05 0.000372318
7.51167e-10 4.11611e-05 0.000374417
7.51268e-10 4.13574e-05 0.000376029
7.5137e-10 4.15509e-05 0.000377146
7.51471e-10 4.17402e-05 0.000377763
7.51572e-10 4.19238e-05 0.000377876
7.51673e-10 4.21003e-05 0.000377484
7.51775e-10 4.22683e-05 0.000376588
7.51876e-10 4.24268e-05 0.000375191
7.51977e-10 4.25743e-05 0.0003733
7.52079e-10 4.27097e-05 0.000370924
7.5218e-10 4.28321e-05 0.000368072
7.52281e-10 4.29404e-05 0.000364759
7.52382e-10 4.30337e-05 0.000361
7.52484e-10 4.31112e-05 0.000356812
7.52585e-10 4.31722e-05 0.000352214
7.52686e-10 4.32161e-05 0.000347228
7.52787e-10 4.32424e-05 0.000341877
7.52889e-10 4.32507e-05 0.000336186
7.5299e-10 4.32407e-05 0.000330181
7.53091e-10 4.32122e-05 0.000323891
7.53193e-10 4.31653e-05 0.000317346
7.53294e-10 4.30998e-05 0.000310574
7.53395e-10 4.3016e-05 0.000303609
7.53496e-10 4.29141e-05 0.000296482
7.53598e-10 4.27945e-05 0.000289227
7.53699e-10 4.26576e-05 0.000281877
7.538e-10 4.2504e-05 0.000274467
7.53901e-10 4.23345e-05 0.000267031
7.54003e-10 4.21496e-05 0.000259604
7.54104e-10 4.19503e-05 0.00025222
7.54205e-10 4.17375e-05 0.000244913
7.54307e-10 4.15123e-05 0.000237718
7.54408e-10 4.12756e-05 0.000230667
7.54509e-10 4.10286e-05 0.000223793
7.5461e-10 4.07725e-05 0.000217128
7.54712e-10 4.05086e-05 0.000210703
7.54813e-10 4.02382e-05 0.000204546
7.54914e-10 3.99626e-05 0.000198687
7.55015e-10 3.9683e-05 0.000193151
7.55117e-10 3.94011e-05 0.000187965
7.55218e-10 3.9118e-05 0.000183151
7.55319e-10 3.88352e-05 0.000178732
7.5542e-10 3.85542e-05 0.000174727
7.55522e-10 3.82763e-05 0.000171154
7.55623e-10 3.80028e-05 0.00016803
7.55724e-10 3.77351e-05 0.000165367
7.55826e-10 3.74745e-05 0.000163178
7.55927e-10 3.72222e-05 0.000161472
7.56028e-10 3.69796e-05 0.000160255
7.56129e-10 3.67477e-05 0.000159533
7.56231e-10 3.65276e-05 0.000159307
7.56332e-10 3.63204e-05 0.000159578
7.56433e-10 3.6127e-05 0.000160344
7.56534e-10 3.59483e-05 0.000161599
7.56636e-10 3.57852e-05 0.000163337
7.56737e-10 3.56382e-05 0.000165549
7.56838e-10 3.55081e-05 0.000168222
7.5694e-10 3.53954e-05 0.000171344
7.57041e-10 3.53004e-05 0.000174899
7.57142e-10 3.52235e-05 0.000178868
7.57243e-10 3.5165e-05 0.000183232
7.57345e-10 3.51249e-05 0.00018797
7.57446e-10 3.51032e-05 0.000193058
7.57547e-10 3.51e-05 0.000198472
7.57648e-10 3.51149e-05 0.000204184
7.5775e-10 3.51478e-05 0.000210167
7.57851e-10 3.51982e-05 0.000216392
7.57952e-10 3.52656e-05 0.000222829
7.58053e-10 3.53495e-05 0.000229446
7.58155e-10 3.54491e-05 0.000236211
7.58256e-10 3.55638e-05 0.000243092
7.58357e-10 3.56927e-05 0.000250056
7.58459e-10 3.58349e-05 0.000257068
7.5856e-10 3.59894e-05 0.000264095
7.58661e-10 3.61551e-05 0.000271104
7.58762e-10 3.6331e-05 0.00027806
7.58864e-10 3.65158e-05 0.000284929
7.58965e-10 3.67084e-05 0.00029168
7.59066e-10 3.69075e-05 0.000298279
7.59167e-10 3.71118e-05 0.000304695
7.59269e-10 3.732e-05 0.000310897
7.5937e-10 3.75307e-05 0.000316855
7.59471e-10 3.77427e-05 0.00032254
7.59573e-10 3.79546e-05 0.000327926
7.59674e-10 3.81649e-05 0.000332986
7.59775e-10 3.83725e-05 0.000337697
7.59876e-10 3.8576e-05 0.000342035
7.59978e-10 3.8774e-05 0.000345979
7.60079e-10 3.89655e-05 0.000349512
7.6018e-10 3.91491e-05 0.000352615
7.60281e-10 3.93236e-05 0.000355274
7.60383e-10 3.94881e-05 0.000357476
7.60484e-10 3.96413e-05 0.000359211
7.60585e-10 3.97825e-05 0.00036047
7.60687e-10 3.99106e-05 0.000361246
7.60788e-10 4.00248e-05 0.000361538
7.60889e-10 4.01244e-05 0.000361342
7.6099e-10 4.02087e-05 0.000360659
7.61092e-10 4.02771e-05 0.000359494
7.61193e-10 4.03292e-05 0.000357851
7.61294e-10 4.03645e-05 0.000355739
7.61395e-10 4.03829e-05 0.000353167
7.61497e-10 4.0384e-05 0.000350148
7.61598e-10 4.03679e-05 0.000346696
7.61699e-10 4.03344e-05 0.000342827
7.618e-10 4.02839e-05 0.000338561
7.61902e-10 4.02163e-05 0.000333918
7.62003e-10 4.01322e-05 0.00032892
7.62104e-10 4.00318e-05 0.000323592
7.62206e-10 3.99158e-05 0.000317958
7.62307e-10 3.97846e-05 0.000312046
7.62408e-10 3.9639e-05 0.000305885
7.62509e-10 3.94797e-05 0.000299504
7.62611e-10 3.93077e-05 0.000292934
7.62712e-10 3.91237e-05 0.000286208
7.62813e-10 3.89289e-05 0.000279357
7.62914e-10 3.87243e-05 0.000272416
7.63016e-10 3.8511e-05 0.000265417
7.63117e-10 3.82902e-05 0.000258395
7.63218e-10 3.80631e-05 0.000251385
7.6332e-10 3.7831e-05 0.00024442
7.63421e-10 3.75951e-05 0.000237535
7.63522e-10 3.73568e-05 0.000230764
7.63623e-10 3.71175e-05 0.00022414
7.63725e-10 3.68784e-05 0.000217695
7.63826e-10 3.66409e-05 0.000211463
7.63927e-10 3.64063e-05 0.000205473
7.64028e-10 3.6176e-05 0.000199756
7.6413e-10 3.59513e-05 0.000194341
7.64231e-10 3.57335e-05 0.000189255
7.64332e-10 3.55238e-05 0.000184524
7.64434e-10 3.53234e-05 0.000180172
7.64535e-10 3.51335e-05 0.000176222
7.64636e-10 3.49551e-05 0.000172695
7.64737e-10 3.47894e-05 0.000169609
7.64839e-10 3.46372e-05 0.00016698
7.6494e-10 3.44995e-05 0.000164825
7.65041e-10 3.43771e-05 0.000163154
7.65142e-10 3.42707e-05 0.000161979
7.65244e-10 3.4181e-05 0.000161307
7.65345e-10 3.41086e-05 0.000161143
7.65446e-10 3.40538e-05 0.000161492
7.65547e-10 3.40171e-05 0.000162352
7.65649e-10 3.39986e-05 0.000163724
7.6575e-10 3.39987e-05 0.000165602
7.65851e-10 3.40173e-05 0.00016798
7.65953e-10 3.40545e-05 0.00017085
7.66054e-10 3.41099e-05 0.0001742
7.66155e-10 3.41835e-05 0.000178017
7.66256e-10 3.42749e-05 0.000182284
7.66358e-10 3.43836e-05 0.000186986
7.66459e-10 3.4509e-05 0.000192101
7.6656e-10 3.46506e-05 0.000197607
7.66661e-10 3.48076e-05 0.000203481
7.66763e-10 3.49791e-05 0.000209697
7.66864e-10 3.51644e-05 0.000216229
7.66965e-10 3.53624e-05 0.000223047
7.67067e-10 3.5572e-05 0.000230121
7.67168e-10 3.57922e-05 0.000237419
7.67269e-10 3.60217e-05 0.00024491
7.6737e-10 3.62594e-05 0.00025256
7.67472e-10 3.6504e-05 0.000260333
7.67573e-10 3.67541e-05 0.000268197
7.67674e-10 3.70085e-05 0.000276113
7.67775e-10 3.72656e-05 0.000284048
7.67877e-10 3.75242e-05 0.000291965
7.67978e-10 3.77828e-05 0.000299828
7.68079e-10 3.80401e-05 0.000307601
7.68181e-10 3.82945e-05 0.000315249
7.68282e-10 3.85449e-05 0.000322736
7.68383e-10 3.87897e-05 0.000330029
7.68484e-10 3.90276e-05 0.000337094
7.68586e-10 3.92574e-05 0.000343899
7.68687e-10 3.94778e-05 0.000350411
7.68788e-10 3.96876e-05 0.000356603
7.68889e-10 3.98856e-05 0.000362444
7.68991e-10 4.00708e-05 0.000367908
7.69092e-10 4.02422e-05 0.000372969
7.69193e-10 4.03988e-05 0.000377605
7.69294e-10 4.05398e-05 0.000381794
7.69396e-10 4.06644e-05 0.000385517
7.69497e-10 4.0772e-05 0.000388756
7.69598e-10 4.0862e-05 0.000391497
7.697e-10 4.09339e-05 0.000393727
7.69801e-10 4.09874e-05 0.000395436
7.69902e-10 4.10222e-05 0.000396616
7.70003e-10 4.10381e-05 0.000397262
7.70105e-10 4.10351e-05 0.000397372
7.70206e-10 4.10132e-05 0.000396945
7.70307e-10 4.09727e-05 0.000395985
7.70408e-10 4.09138e-05 0.000394495
7.7051e-10 4.08369e-05 0.000392483
7.70611e-10 4.07425e-05 0.00038996
7.70712e-10 4.06312e-05 0.000386939
7.70814e-10 4.05036e-05 0.000383434
7.70915e-10 4.03607e-05 0.000379462
7.71016e-10 4.02032e-05 0.000375044
7.71117e-10 4.00322e-05 0.000370202
7.71219e-10 3.98487e-05 0.000364959
7.7132e-10 3.96539e-05 0.000359342
7.71421e-10 3.94489e-05 0.000353378
7.71522e-10 3.9235e-05 0.000347098
7.71624e-10 3.90137e-05 0.000340532
7.71725e-10 3.87861e-05 0.000333715
7.71826e-10 3.85539e-05 0.000326679
7.71928e-10 3.83184e-05 0.000319461
7.72029e-10 3.80811e-05 0.000312097
7.7213e-10 3.78436e-05 0.000304625
7.72231e-10 3.76074e-05 0.000297082
7.72333e-10 3.73739e-05 0.000289507
7.72434e-10 3.71448e-05 0.00028194
7.72535e-10 3.69215e-05 0.000274419
7.72636e-10 3.67055e-05 0.000266984
7.72738e-10 3.64982e-05 0.000259673
7.72839e-10 3.63011e-05 0.000252526
7.7294e-10 3.61155e-05 0.000245579
7.73041e-10 3.59427e-05 0.000238871
7.73143e-10 3.5784e-05 0.000232437
7.73244e-10 3.56406e-05 0.000226313
7.73345e-10 3.55135e-05 0.000220533
7.73447e-10 3.54037e-05 0.000215129
7.73548e-10 3.53123e-05 0.000210131
7.73649e-10 3.52399e-05 0.000205571
7.7375e-10 3.51873e-05 0.000201473
7.73852e-10 3.51552e-05 0.000197864
7.73953e-10 3.5144e-05 0.000194767
7.74054e-10 3.51542e-05 0.000192203
7.74155e-10 3.5186e-05 0.000190189
7.74257e-10 3.52396e-05 0.000188742
7.74358e-10 3.5315e-05 0.000187875
7.74459e-10 3.54122e-05 0.0001876
7.74561e-10 3.5531e-05 0.000187922
7.74662e-10 3.56709e-05 0.000188849
7.74763e-10 3.58317e-05 0.000190383
7.74864e-10 3.60127e-05 0.000192522
7.74966e-10 3.62133e-05 0.000195265
7.75067e-10 3.64326e-05 0.000198604
7.75168e-10 3.66699e-05 0.000202531
7.75269e-10 3.69241e-05 0.000207034
7.75371e-10 3.7194e-05 0.000212099
7.75472e-10 3.74786e-05 0.000217708
7.75573e-10 3.77765e-05 0.000223843
7.75674e-10 3.80864e-05 0.00023048
7.75776e-10 3.84069e-05 0.000237594
7.75877e-10 3.87364e-05 0.00024516
7.75978e-10 3.90734e-05 0.000253146
7.7608e-10 3.94163e-05 0.000261523
7.76181e-10 3.97634e-05 0.000270256
7.76282e-10 4.01132e-05 0.00027931
7.76383e-10 4.04638e-05 0.000288647
7.76485e-10 4.08135e-05 0.000298231
7.76586e-10 4.11607e-05 0.00030802
7.76687e-10 4.15037e-05 0.000317974
7.76788e-10 4.18406e-05 0.00032805
7.7689e-10 4.21699e-05 0.000338207
7.76991e-10 4.24899e-05 0.0003484
7.77092e-10 4.2799e-05 0.000358586
7.77194e-10 4.30957e-05 0.000368721
7.77295e-10 4.33785e-05 0.000378761
7.77396e-10 4.3646e-05 0.000388663
7.77497e-10 4.38968e-05 0.000398383
7.77599e-10 4.41296e-05 0.000407879
7.777e-10 4.43435e-05 0.000417109
7.77801e-10 4.45372e-05 0.000426032
7.77902e-10 4.47099e-05 0.000434609
7.78004e-10 4.48608e-05 0.000442802
7.78105e-10 4.4989e-05 0.000450575
7.78206e-10 4.50941e-05 0.000457892
7.78308e-10 4.51756e-05 0.000464722
7.78409e-10 4.52332e-05 0.000471035
7.7851e-10 4.52666e-05 0.000476801
7.78611e-10 4.52759e-05 0.000481995
7.78713e-10 4.5261e-05 0.000486594
7.78814e-10 4.52224e-05 0.000490578
7.78915e-10 4.51602e-05 0.00049393
7.79016e-10 4.50751e-05 0.000496634
7.79118e-10 4.49676e-05 0.000498679
7.79219e-10 4.48386e-05 0.000500056
7.7932e-10 4.46889e-05 0.000500761
7.79421e-10 4.45196e-05 0.00050079
7.79523e-10 4.43318e-05 0.000500146
7.79624e-10 4.41268e-05 0.000498831
7.79725e-10 4.39059e-05 0.000496855
7.79827e-10 4.36708e-05 0.000494227
7.79928e-10 4.34228e-05 0.000490961
7.80029e-10 4.31638e-05 0.000487075
7.8013e-10 4.28953e-05 0.000482588
7.80232e-10 4.26194e-05 0.000477525
7.80333e-10 4.23378e-05 0.000471911
7.80434e-10 4.20524e-05 0.000465775
7.80535e-10 4.17652e-05 0.000459149
7.80637e-10 4.14783e-05 0.000452067
7.80738e-10 4.11936e-05 0.000444566
7.80839e-10 4.09131e-05 0.000436685
7.80941e-10 4.06389e-05 0.000428465
7.81042e-10 4.03729e-05 0.000419949
7.81143e-10 4.01172e-05 0.000411183
7.81244e-10 3.98737e-05 0.000402212
7.81346e-10 3.96442e-05 0.000393084
7.81447e-10 3.94307e-05 0.000383849
7.81548e-10 3.92348e-05 0.000374556
7.81649e-10 3.90582e-05 0.000365255
7.81751e-10 3.89026e-05 0.000355998
7.81852e-10 3.87694e-05 0.000346836
7.81953e-10 3.866e-05 0.000337819
7.82055e-10 3.85756e-05 0.000329
7.82156e-10 3.85175e-05 0.000320427
7.82257e-10 3.84865e-05 0.000312152
7.82358e-10 3.84836e-05 0.000304223
7.8246e-10 3.85094e-05 0.000296687
7.82561e-10 3.85646e-05 0.00028959
7.82662e-10 3.86495e-05 0.000282976
7.82763e-10 3.87644e-05 0.000276889
7.82865e-10 3.89093e-05 0.000271369
7.82966e-10 3.90842e-05 0.000266453
7.83067e-10 3.92888e-05 0.000262178
7.83168e-10 3.95228e-05 0.000258576
7.8327e-10 3.97854e-05 0.000255677
7.83371e-10 4.00761e-05 0.000253509
7.83472e-10 4.03938e-05 0.000252094
7.83574e-10 4.07375e-05 0.000251454
7.83675e-10 4.1106e-05 0.000251606
7.83776e-10 4.14979e-05 0.000252564
7.83877e-10 4.19117e-05 0.000254336
7.83979e-10 4.23458e-05 0.00025693
7.8408e-10 4.27984e-05 0.000260347
7.84181e-10 4.32676e-05 0.000264588
7.84282e-10 4.37514e-05 0.000269645
7.84384e-10 4.42477e-05 0.00027551
7.84485e-10 4.47543e-05 0.000282171
7.84586e-10 4.5269e-05 0.000289611
7.84688e-10 4.57895e-05 0.000297809
7.84789e-10 4.63133e-05 0.000306741
7.8489e-10 4.6838e-05 0.00031638
7.84991e-10 4.73613e-05 0.000326694
7.85093e-10 4.78805e-05 0.000337649
7.85194e-10 4.83933e-05 0.000349207
7.85295e-10 4.88973e-05 0.000361326
7.85396e-10 4.93899e-05 0.000373964
7.85498e-10 4.98688e-05 0.000387074
7.85599e-10 5.03317e-05 0.000400606
7.857e-10 5.07764e-05 0.000414509
7.85802e-10 5.12006e-05 0.00042873
7.85903e-10 5.16022e-05 0.000443212
7.86004e-10 5.19794e-05 0.0004579
7.86105e-10 5.23302e-05 0.000472733
7.86207e-10 5.26529e-05 0.000487654
7.86308e-10 5.2946e-05 0.000502601
7.86409e-10 5.32079e-05 0.000517512
7.8651e-10 5.34375e-05 0.000532328
7.86612e-10 5.36336e-05 0.000546986
7.86713e-10 5.37953e-05 0.000561426
7.86814e-10 5.3922e-05 0.000575587
7.86915e-10 5.40129e-05 0.000589408
7.87017e-10 5.40679e-05 0.000602833
7.87118e-10 5.40867e-05 0.000615804
7.87219e-10 5.40694e-05 0.000628265
7.87321e-10 5.40163e-05 0.000640163
7.87422e-10 5.39279e-05 0.000651447
7.87523e-10 5.38048e-05 0.000662069
7.87624e-10 5.36479e-05 0.000671983
7.87726e-10 5.34583e-05 0.000681146
7.87827e-10 5.32374e-05 0.000689518
7.87928e-10 5.29865e-05 0.000697064
7.88029e-10 5.27074e-05 0.000703751
7.88131e-10 5.24018e-05 0.000709551
7.88232e-10 5.2072e-05 0.000714439
7.88333e-10 5.17199e-05 0.000718395
7.88435e-10 5.1348e-05 0.000721402
7.88536e-10 5.09588e-05 0.00072345
7.88637e-10 5.05548e-05 0.000724531
7.88738e-10 5.01388e-05 0.000724643
7.8884e-10 4.97137e-05 0.000723788
7.88941e-10 4.92823e-05 0.000721973
7.89042e-10 4.88477e-05 0.000719209
7.89143e-10 4.84129e-05 0.000715513
7.89245e-10 4.7981e-05 0.000710906
7.89346e-10 4.75551e-05 0.000705414
7.89447e-10 4.71385e-05 0.000699065
7.89548e-10 4.67341e-05 0.000691897
7.8965e-10 4.63451e-05 0.000683946
7.89751e-10 4.59746e-05 0.000675256
7.89852e-10 4.56254e-05 0.000665875
7.89954e-10 4.53007e-05 0.000655853
7.90055e-10 4.50031e-05 0.000645245
7.90156e-10 4.47354e-05 0.000634109
7.90257e-10 4.45001e-05 0.000622507
7.90359e-10 4.42997e-05 0.000610502
7.9046e-10 4.41364e-05 0.000598161
7.90561e-10 4.40124e-05 0.000585554
7.90662e-10 4.39295e-05 0.000572752
7.90764e-10 4.38895e-05 0.000559828
7.90865e-10 4.38938e-05 0.000546856
7.90966e-10 4.39437e-05 0.000533913
7.91068e-10 4.40402e-05 0.000521075
7.91169e-10 4.41842e-05 0.000508418
7.9127e-10 4.43761e-05 0.000496019
7.91371e-10 4.46162e-05 0.000483956
7.91473e-10 4.49046e-05 0.000472304
7.91574e-10 4.5241e-05 0.000461137
7.91675e-10 4.56249e-05 0.00045053
7.91776e-10 4.60555e-05 0.000440554
7.91878e-10 4.65318e-05 0.00043128
7.91979e-10 4.70523e-05 0.000422773
7.9208e-10 4.76157e-05 0.000415099
7.92182e-10 4.822e-05 0.00040832
7.92283e-10 4.88631e-05 0.000402492
7.92384e-10 4.95427e-05 0.00039767
7.92485e-10 5.02564e-05 0.000393905
7.92587e-10 5.10012e-05 0.000391243
7.92688e-10 5.17742e-05 0.000389723
7.92789e-10 5.25722e-05 0.000389384
7.9289e-10 5.3392e-05 0.000390255
7.92992e-10 5.42299e-05 0.000392364
7.93093e-10 5.50822e-05 0.000395732
7.93194e-10 5.59453e-05 0.000400373
7.93295e-10 5.68152e-05 0.000406296
7.93397e-10 5.76878e-05 0.000413506
7.93498e-10 5.85593e-05 0.000422001
7.93599e-10 5.94253e-05 0.000431771
7.93701e-10 6.02819e-05 0.000442803
7.93802e-10 6.11249e-05 0.000455077
7.93903e-10 6.19502e-05 0.000468567
7.94004e-10 6.27536e-05 0.00048324
7.94106e-10 6.35314e-05 0.000499059
7.94207e-10 6.42794e-05 0.000515981
7.94308e-10 6.4994e-05 0.000533957
7.94409e-10 6.56714e-05 0.000552931
7.94511e-10 6.63083e-05 0.000572845
7.94612e-10 6.69012e-05 0.000593635
7.94713e-10 6.74471e-05 0.00061523
7.94815e-10 6.7943e-05 0.000637557
7.94916e-10 6.83864e-05 0.000660539
7.95017e-10 6.87747e-05 0.000684094
7.95118e-10 6.9106e-05 0.000708137
7.9522e-10 6.93783e-05 0.000732579
7.95321e-10 6.95902e-05 0.00075733
7.95422e-10 6.97404e-05 0.000782297
7.95523e-10 6.9828e-05 0.000807384
7.95625e-10 6.98526e-05 0.000832494
7.95726e-10 6.9814e-05 0.00085753
7.95827e-10 6.97122e-05 0.000882393
7.95929e-10 6.95478e-05 0.000906985
7.9603e-10 6.93218e-05 0.000931208
7.96131e-10 6.90353e-05 0.000954963
7.96232e-10 6.869e-05 0.000978156
7.96334e-10 6.82877e-05 0.00100069
7.96435e-10 6.78309e-05 0.00102248
7.96536e-10 6.73222e-05 0.00104342
7.96637e-10 6.67645e-05 0.00106344
7.96739e-10 6.61611e-05 0.00108245
7.9684e-10 6.55158e-05 0.00110037
7.96941e-10 6.48323e-05 0.00111713
7.97042e-10 6.41149e-05 0.00113266
7.97144e-10 6.3368e-05 0.00114689
7.97245e-10 6.25963e-05 0.00115976
7.97346e-10 6.18047e-05 0.00117123
7.97448e-10 6.09983e-05 0.00118123
7.97549e-10 6.01823e-05 0.00118974
7.9765e-10 5.93621e-05 0.00119672
7.97751e-10 5.85432e-05 0.00120215
7.97853e-10 5.77313e-05 0.001206
7.97954e-10 5.69319e-05 0.00120826
7.98055e-10 5.61507e-05 0.00120893
7.98156e-10 5.53934e-05 0.00120801
7.98258e-10 5.46656e-05 0.00120551
7.98359e-10 5.39729e-05 0.00120146
7.9846e-10 5.33206e-05 0.00119588
7.98562e-10 5.27142e-05 0.0011888
7.98663e-10 5.21587e-05 0.00118028
7.98764e-10 5.16592e-05 0.00117035
7.98865e-10 5.12204e-05 0.00115908
7.98967e-10 5.08466e-05 0.00114653
7.99068e-10 5.05422e-05 0.00113277
7.99169e-10 5.0311e-05 0.00111789
7.9927e-10 5.01566e-05 0.00110198
7.99372e-10 5.00821e-05 0.00108511
7.99473e-10 5.00903e-05 0.0010674
7.99574e-10 5.01836e-05 0.00104895
7.99676e-10 5.03639e-05 0.00102986
7.99777e-10 5.06329e-05 0.00101025
7.99878e-10 5.09915e-05 0.000990239
7.99979e-10 5.14402e-05 0.00096995
8.00081e-10 5.19793e-05 0.000949507
8.00182e-10 5.26083e-05 0.000929038
8.00283e-10 5.33262e-05 0.000908674
8.00384e-10 5.41317e-05 0.000888546
8.00486e-10 5.50229e-05 0.000868787
8.00587e-10 5.59973e-05 0.00084953
8.00688e-10 5.70521e-05 0.000830908
8.00789e-10 5.81839e-05 0.000813053
8.00891e-10 5.93887e-05 0.000796096
8.00992e-10 6.06622e-05 0.000780165
8.01093e-10 6.19997e-05 0.000765385
8.01195e-10 6.3396e-05 0.000751878
8.01296e-10 6.48453e-05 0.000739763
8.01397e-10 6.63417e-05 0.000729153
8.01498e-10 6.78788e-05 0.000720156
8.016e-10 6.945e-05 0.000712875
8.01701e-10 7.10481e-05 0.000707405
8.01802e-10 7.2666e-05 0.000703836
8.01903e-10 7.42962e-05 0.000702249
8.02005e-10 7.59309e-05 0.000702719
8.02106e-10 7.75623e-05 0.00070531
8.02207e-10 7.91825e-05 0.00071008
8.02309e-10 8.07835e-05 0.000717075
8.0241e-10 8.23571e-05 0.000726334
8.02511e-10 8.38953e-05 0.000737886
8.02612e-10 8.53903e-05 0.000751747
8.02714e-10 8.6834e-05 0.000767927
8.02815e-10 8.82187e-05 0.000786421
8.02916e-10 8.9537e-05 0.000807218
8.03017e-10 9.07815e-05 0.000830292
8.03119e-10 9.19452e-05 0.000855609
8.0322e-10 9.30214e-05 0.000883123
8.03321e-10 9.40038e-05 0.000912779
8.03422e-10 9.48865e-05 0.000944509
8.03524e-10 9.5664e-05 0.000978237
8.03625e-10 9.63314e-05 0.00101387
8.03726e-10 9.68841e-05 0.00105132
8.03828e-10 9.73183e-05 0.00109048
8.03929e-10 9.76307e-05 0.00113123
8.0403e-10 9.78185e-05 0.00117344
8.04131e-10 9.78798e-05 0.00121698
8.04233e-10 9.78131e-05 0.00126172
8.04334e-10 9.76177e-05 0.0013075
8.04435e-10 9.72936e-05 0.00135417
8.04536e-10 9.68416e-05 0.00140156
8.04638e-10 9.6263e-05 0.00144952
8.04739e-10 9.556e-05 0.00149787
8.0484e-10 9.47355e-05 0.00154643
8.04942e-10 9.3793e-05 0.00159504
8.05043e-10 9.2737e-05 0.0016435
8.05144e-10 9.15724e-05 0.00169164
8.05245e-10 9.0305e-05 0.00173927
8.05347e-10 8.89411e-05 0.00178622
8.05448e-10 8.74879e-05 0.00183229
8.05549e-10 8.5953e-05 0.00187732
8.0565e-10 8.43447e-05 0.00192113
8.05752e-10 8.26718e-05 0.00196354
8.05853e-10 8.09437e-05 0.00200439
8.05954e-10 7.91702e-05 0.00204351
8.06056e-10 7.73616e-05 0.00208075
8.06157e-10 7.55287e-05 0.00211596
8.06258e-10 7.36823e-05 0.002149
8.06359e-10 7.18338e-05 0.00217973
8.06461e-10 6.99947e-05 0.00220804
8.06562e-10 6.81768e-05 0.0022338
8.06663e-10 6.63917e-05 0.00225693
8.06764e-10 6.46515e-05 0.00227733
8.06866e-10 6.29679e-05 0.00229492
8.06967e-10 6.13527e-05 0.00230965
8.07068e-10 5.98175e-05 0.00232144
8.07169e-10 5.83737e-05 0.00233028
8.07271e-10 5.70324e-05 0.00233614
8.07372e-10 5.58045e-05 0.002339
8.07473e-10 5.47004e-05 0.00233888
8.07575e-10 5.37298e-05 0.0023358
8.07676e-10 5.29023e-05 0.00232978
8.07777e-10 5.22266e-05 0.00232089
8.07878e-10 5.17108e-05 0.00230919
8.0798e-10 5.13625e-05 0.00229477
8.08081e-10 5.11881e-05 0.00227771
8.08182e-10 5.11936e-05 0.00225813
8.08283e-10 5.13841e-05 0.00223617
8.08385e-10 5.17635e-05 0.00221195
8.08486e-10 5.2335e-05 0.00218564
8.08587e-10 5.31008e-05 0.00215739
8.08689e-10 5.40621e-05 0.0021274
8.0879e-10 5.52189e-05 0.00209586
8.08891e-10 5.65704e-05 0.00206296
8.08992e-10 5.81146e-05 0.00202893
8.09094e-10 5.98485e-05 0.00199398
8.09195e-10 6.17678e-05 0.00195836
8.09296e-10 6.38673e-05 0.00192229
8.09397e-10 6.61408e-05 0.00188604
8.09499e-10 6.85809e-05 0.00184985
8.096e-10 7.11793e-05 0.00181398
8.09701e-10 7.39264e-05 0.0017787
8.09803e-10 7.68119e-05 0.00174426
8.09904e-10 7.98245e-05 0.00171094
8.10005e-10 8.29519e-05 0.00167901
8.10106e-10 8.61812e-05 0.00164871
8.10208e-10 8.94982e-05 0.00162033
8.10309e-10 9.28885e-05 0.00159411
8.1041e-10 9.63368e-05 0.0015703
8.10511e-10 9.98271e-05 0.00154917
8.10613e-10 0.000103343 0.00153094
8.10714e-10 0.000106868 0.00151584
8.10815e-10 0.000110384 0.00150411
8.10916e-10 0.000113873 0.00149593
8.11018e-10 0.000117319 0.00149152
8.11119e-10 0.000120704 0.00149105
8.1122e-10 0.000124008 0.0014947
8.11322e-10 0.000127216 0.00150261
8.11423e-10 0.000130308 0.00151492
8.11524e-10 0.000133268 0.00153175
8.11625e-10 0.000136078 0.0015532
8.11727e-10 0.000138723 0.00157935
8.11828e-10 0.000141186 0.00161026
8.11929e-10 0.000143452 0.00164597
8.1203e-10 0.000145507 0.0016865
8.12132e-10 0.000147336 0.00173184
8.12233e-10 0.000148928 0.00178198
8.12334e-10 0.000150271 0.00183685
8.12436e-10 0.000151353 0.0018964
8.12537e-10 0.000152166 0.00196054
8.12638e-10 0.000152702 0.00202915
8.12739e-10 0.000152954 0.00210208
8.12841e-10 0.000152916 0.0021792
8.12942e-10 0.000152584 0.00226031
8.13043e-10 0.000151957 0.00234522
8.13144e-10 0.000151033 0.0024337
8.13246e-10 0.000149813 0.00252552
8.13347e-10 0.000148299 0.00262042
8.13448e-10 0.000146495 0.00271812
8.1355e-10 0.000144407 0.00281832
8.13651e-10 0.000142042 0.00292073
8.13752e-10 0.000139409 0.003025
8.13853e-10 0.000136518 0.00313082
8.13955e-10 0.000133381 0.00323782
8.14056e-10 0.000130012 0.00334564
8.14157e-10 0.000126425 0.00345393
8.14258e-10 0.000122639 0.00356231
8.1436e-10 0.00011867 0.00367038
8.14461e-10 0.000114538 0.00377778
8.14562e-10 0.000110263 0.0038841
8.14663e-10 0.000105868 0.00398898
8.14765e-10 0.000101376 0.00409201
8.14866e-10 9.68091e-05 0.00419282
8.14967e-10 9.21938e-05 0.00429104
8.15069e-10 8.75551e-05 0.00438629
8.1517e-10 8.29194e-05 0.00447822
8.15271e-10 7.83136e-05 0.00456647
8.15372e-10 7.37648e-05 0.00465072
8.15474e-10 6.93007e-05 0.00473065
8.15575e-10 6.49489e-05 0.00480594
8.15676e-10 6.07371e-05 0.00487633
8.15777e-10 5.66928e-05 0.00494154
8.15879e-10 5.28435e-05 0.00500133
8.1598e-10 4.92158e-05 0.00505549
8.16081e-10 4.58362e-05 0.00510382
8.16183e-10 4.27301e-05 0.00514616
8.16284e-10 3.99225e-05 0.00518236
8.16385e-10 3.74368e-05 0.00521233
8.16486e-10 3.52959e-05 0.00523598
8.16588e-10 3.35209e-05 0.00525326
8.16689e-10 3.21317e-05 0.00526417
8.1679e-10 3.11469e-05 0.0052687
8.16891e-10 3.0583e-05 0.00526692
8.16993e-10 3.0455e-05 0.00525892
8.17094e-10 3.0776e-05 0.0052448
8.17195e-10 3.1557e-05 0.00522472
8.17296e-10 3.28072e-05 0.00519886
8.17398e-10 3.45333e-05 0.00516745
8.17499e-10 3.674e-05 0.00513074
8.176e-10 3.94297e-05 0.00508901
8.17702e-10 4.26024e-05 0.00504258
8.17803e-10 4.62556e-05 0.0049918
8.17904e-10 5.03846e-05 0.00493706
8.18005e-10 5.49823e-05 0.00487874
8.18107e-10 6.00388e-05 0.0048173
8.18208e-10 6.55422e-05 0.0047532
8.18309e-10 7.14779e-05 0.00468691
8.1841e-10 7.78291e-05 0.00461895
8.18512e-10 8.45765e-05 0.00454984
8.18613e-10 9.16987e-05 0.00448013
8.18714e-10 9.91718e-05 0.00441039
8.18816e-10 0.00010697 0.00434119
8.18917e-10 0.000115066 0.00427311
8.19018e-10 0.000123428 0.00420675
8.19119e-10 0.000132027 0.00414272
8.19221e-10 0.000140828 0.00408161
8.19322e-10 0.000149796 0.00402404
8.19423e-10 0.000158895 0.0039706
8.19524e-10 0.000168088 0.0039219
8.19626e-10 0.000177335 0.00387851
8.19727e-10 0.000186597 0.00384102
8.19828e-10 0.000195834 0.00380999
8.1993e-10 0.000205004 0.00378597
8.20031e-10 0.000214067 0.00376947
8.20132e-10 0.00022298 0.003761
8.20233e-10 0.000231702 0.00376103
8.20335e-10 0.000240193 0.00377002
8.20436e-10 0.00024841 0.00378837
8.20537e-10 0.000256315 0.00381646
8.20638e-10 0.000263866 0.00385464
8.2074e-10 0.000271027 0.00390322
8.20841e-10 0.00027776 0.00396246
8.20942e-10 0.000284029 0.00403257
8.21043e-10 0.0002898 0.00411373
8.21145e-10 0.000295041 0.00420608
8.21246e-10 0.000299721 0.00430968
8.21347e-10 0.000303813 0.00442458
8.21449e-10 0.000307291 0.00455075
8.2155e-10 0.000310132 0.00468812
8.21651e-10 0.000312314 0.00483657
8.21752e-10 0.000313821 0.00499592
8.21854e-10 0.000314637 0.00516594
8.21955e-10 0.000314751 0.00534635
8.22056e-10 0.000314154 0.00553683
8.22157e-10 0.000312841 0.00573697
8.22259e-10 0.000310809 0.00594635
8.2236e-10 0.00030806 0.00616449
8.22461e-10 0.000304598 0.00639085
8.22563e-10 0.000300433 0.00662485
8.22664e-10 0.000295575 0.00686588
8.22765e-10 0.00029004 0.00711326
8.22866e-10 0.000283847 0.0073663
8.22968e-10 0.000277019 0.00762425
8.23069e-10 0.00026958 0.00788634
8.2317e-10 0.000261561 0.00815177
8.23271e-10 0.000252993 0.0084197
8.23373e-10 0.000243914 0.00868928
8.23474e-10 0.000234361 0.00895963
8.23575e-10 0.000224377 0.00922987
8.23677e-10 0.000214008 0.00949909
8.23778e-10 0.000203301 0.00976639
8.23879e-10 0.000192307 0.0100308
8.2398e-10 0.00018108 0.0102915
8.24082e-10 0.000169675 0.0105476
8.24183e-10 0.00015815 0.0107981
8.24284e-10 0.000146566 0.0110422
8.24385e-10 0.000134985 0.011279
8.24487e-10 0.000123469 0.0115077
8.24588e-10 0.000112086 0.0117275
8.24689e-10 0.0001009 0.0119376
8.2479e-10 8.99803e-05 0.0121373
8.24892e-10 7.93946e-05 0.0123258
8.24993e-10 6.92122e-05 0.0125027
8.25094e-10 5.95028e-05 0.0126672
8.25196e-10 5.03361e-05 0.0128189
8.25297e-10 4.17819e-05 0.0129573
8.25398e-10 3.39097e-05 0.0130819
8.25499e-10 2.67886e-05 0.0131925
8.25601e-10 2.04869e-05 0.0132887
8.25702e-10 1.50721e-05 0.0133704
8.25803e-10 1.06104e-05 0.0134374
8.25904e-10 7.16675e-06 0.0134898
8.26006e-10 4.80435e-06 0.0135274
8.26107e-10 3.58467e-06 0.0135505
8.26208e-10 3.56711e-06 0.0135592
8.2631e-10 4.8088e-06 0.0135539
8.26411e-10 7.36439e-06 0.0135348
8.26512e-10 1.12858e-05 0.0135024
8.26613e-10 1.66221e-05 0.0134573
8.26715e-10 2.34193e-05 0.0134001
8.26816e-10 3.17198e-05 0.0133313
8.26917e-10 4.15629e-05 0.0132519
8.27018e-10 5.29839e-05 0.0131626
8.2712e-10 6.60143e-05 0.0130643
8.27221e-10 8.06815e-05 0.0129581
8.27322e-10 9.70084e-05 0.0128449
8.27424e-10 0.000115014 0.0127259
8.27525e-10 0.000134712 0.0126023
8.27626e-10 0.000156111 0.0124753
8.27727e-10 0.000179216 0.0123461
8.27829e-10 0.000204025 0.012216
8.2793e-10 0.000230532 0.0120865
8.28031e-10 0.000258725 0.0119588
8.28132e-10 0.000288586 0.0118345
8.28234e-10 0.000320092 0.0117148
8.28335e-10 0.000353213 0.0116013
8.28436e-10 0.000387914 0.0114954
8.28537e-10 0.000424152 0.0113985
8.28639e-10 0.00046188 0.011312
8.2874e-10 0.000501042 0.0112374
8.28841e-10 0.000541577 0.011176
8.28943e-10 0.000583416 0.0111292
8.29044e-10 0.000626485 0.0110982
8.29145e-10 0.000670703 0.0110844
8.29246e-10 0.000715979 0.011089
8.29348e-10 0.000762219 0.0111131
8.29449e-10 0.00080932 0.0111577
8.2955e-10 0.000857172 0.0112239
8.29651e-10 0.000905659 0.0113126
8.29753e-10 0.000954658 0.0114246
8.29854e-10 0.00100404 0.0115606
8.29955e-10 0.00105366 0.0117214
8.30057e-10 0.00110339 0.0119073
8.30158e-10 0.00115308 0.0121188
8.30259e-10 0.00120256 0.0123563
8.3036e-10 0.00125168 0.0126199
8.30462e-10 0.00130027 0.0129097
8.30563e-10 0.00134817 0.0132257
8.30664e-10 0.00139519 0.0135676
8.30765e-10 0.00144117 0.0139351
8.30867e-10 0.00148591 0.0143278
8.30968e-10 0.00152924 0.0147452
8.31069e-10 0.00157097 0.0151866
8.31171e-10 0.00161092 0.0156511
8.31272e-10 0.00164888 0.0161379
8.31373e-10 0.00168469 0.0166459
8.31474e-10 0.00171815 0.0171739
8.31576e-10 0.00174909 0.0177206
8.31677e-10 0.00177732 0.0182847
8.31778e-10 0.00180268 0.0188646
8.31879e-10 0.001825 0.0194589
8.31981e-10 0.00184411 0.0200658
8.32082e-10 0.00185988 0.0206836
8.32183e-10 0.00187215 0.0213105
8.32284e-10 0.00188082 0.0219446
8.32386e-10 0.00188575 0.0225839
8.32487e-10 0.00188686 0.0232265
8.32588e-10 0.00188406 0.0238703
8.3269e-10 0.00187729 0.0245134
8.32791e-10 0.00186651 0.0251536
8.32892e-10 0.0018517 0.025789
8.32993e-10 0.00183286 0.0264174
8.33095e-10 0.00181001 0.0270368
8.33196e-10 0.00178321 0.0276452
8.33297e-10 0.00175255 0.0282407
8.33398e-10 0.00171813 0.0288214
8.335e-10 0.0016801 0.0293854
8.33601e-10 0.00163863 0.029931
8.33702e-10 0.00159393 0.0304565
8.33804e-10 0.00154626 0.0309603
8.33905e-10 0.00149588 0.0314409
8.34006e-10 0.00144311 0.031897
8.34107e-10 0.00138832 0.0323274
8.34209e-10 0.00133189 0.032731
8.3431e-10 0.00127425 0.0331068
8.34411e-10 0.00121587 0.033454
8.34512e-10 0.00115727 0.0337721
8.34614e-10 0.00109899 0.0340604
8.34715e-10 0.00104161 0.0343187
8.34816e-10 0.000985749 0.0345469
8.34917e-10 0.000932069 0.034745
8.35019e-10 0.000881257 0.0349132
8.3512e-10 0.000834034 0.0350519
8.35221e-10 0.000791152 0.0351616
8.35323e-10 0.00075339 0.0352431
8.35424e-10 0.00072155 0.0352974
8.35525e-10 0.000696457 0.0353253
8.35626e-10 0.000678954 0.0353284
8.35728e-10 0.000669898 0.0353078
8.35829e-10 0.000670155 0.0352653
8.3593e-10 0.000680597 0.0352024
8.36031e-10 0.000702097 0.035121
8.36133e-10 0.000735523 0.0350232
8.36234e-10 0.000781733 0.0349109
8.36335e-10 0.000841569 0.0347864
8.36437e-10 0.000915854 0.0346519
8.36538e-10 0.00100538 0.0345098
8.36639e-10 0.00111091 0.0343624
8.3674e-10 0.00123315 0.0342124
8.36842e-10 0.00137279 0.0340622
8.36943e-10 0.00153043 0.0339142
8.37044e-10 0.00170665 0.0337711
8.37145e-10 0.00190192 0.0336353
8.37247e-10 0.00211666 0.0335094
8.37348e-10 0.00235122 0.0333957
8.37449e-10 0.00260583 0.0332967
8.37551e-10 0.00288067 0.0332146
8.37652e-10 0.00317577 0.0331517
8.37753e-10 0.00349112 0.03311
8.37854e-10 0.00382653 0.0330916
8.37956e-10 0.00418176 0.0330982
8.38057e-10 0.00455641 0.0331316
8.38158e-10 0.00494997 0.0331933
8.38259e-10 0.00536183 0.0332846
8.38361e-10 0.00579121 0.0334066
8.38462e-10 0.00623725 0.0335604
8.38563e-10 0.00669892 0.0337467
8.38664e-10 0.0071751 0.0339661
8.38766e-10 0.00766452 0.0342188
8.38867e-10 0.0081658 0.0345051
8.38968e-10 0.00867744 0.0348246
8.3907e-10 0.00919781 0.0351772
8.39171e-10 0.00972519 0.0355623
8.39272e-10 0.0102578 0.0359791
8.39373e-10 0.0107936 0.0364265
8.39475e-10 0.0113306 0.0369033
8.39576e-10 0.0118669 0.0374082
8.39677e-10 0.0124001 0.0379395
8.39778e-10 0.0129282 0.0384953
8.3988e-10 0.0134489 0.0390738
