6.9e-10 0.00633475 0.0479182
6.90101e-10 0.00646756 0.0467064
6.90203e-10 0.00660082 0.0455132
6.90304e-10 0.00673441 0.0443388
6.90405e-10 0.00686827 0.043183
6.90506e-10 0.00700229 0.0420461
6.90608e-10 0.0071364 0.040928
6.90709e-10 0.0072705 0.0398287
6.9081e-10 0.00740451 0.0387484
6.90911e-10 0.00753835 0.0376868
6.91013e-10 0.00767192 0.0366441
6.91114e-10 0.00780515 0.0356201
6.91215e-10 0.00793795 0.0346149
6.91317e-10 0.00807024 0.0336284
6.91418e-10 0.00820194 0.0326605
6.91519e-10 0.00833296 0.0317111
6.9162e-10 0.00846324 0.0307801
6.91722e-10 0.0085927 0.0298675
6.91823e-10 0.00872125 0.0289731
6.91924e-10 0.00884883 0.0280968
6.92025e-10 0.00897536 0.0272386
6.92127e-10 0.00910078 0.0263981
6.92228e-10 0.00922501 0.0255755
6.92329e-10 0.009348 0.0247703
6.9243e-10 0.00946966 0.0239826
6.92532e-10 0.00958995 0.0232122
6.92633e-10 0.0097088 0.0224589
6.92734e-10 0.00982615 0.0217225
6.92836e-10 0.00994195 0.0210029
6.92937e-10 0.0100561 0.0202998
6.93038e-10 0.0101687 0.0196131
6.93139e-10 0.0102795 0.0189427
6.93241e-10 0.0103885 0.0182882
6.93342e-10 0.0104957 0.0176496
6.93443e-10 0.0106011 0.0170266
6.93544e-10 0.0107046 0.016419
6.93646e-10 0.0108062 0.0158267
6.93747e-10 0.0109057 0.0152493
6.93848e-10 0.0110033 0.0146868
6.9395e-10 0.0110988 0.0141388
6.94051e-10 0.0111922 0.0136053
6.94152e-10 0.0112836 0.0130859
6.94253e-10 0.0113728 0.0125805
6.94355e-10 0.0114598 0.0120888
6.94456e-10 0.0115447 0.0116106
6.94557e-10 0.0116273 0.0111458
6.94658e-10 0.0117077 0.0106941
6.9476e-10 0.0117859 0.0102552
6.94861e-10 0.0118618 0.009829
6.94962e-10 0.0119354 0.00941525
6.95064e-10 0.0120068 0.00901374
6.95165e-10 0.0120758 0.00862425
6.95266e-10 0.0121426 0.00824656
6.95367e-10 0.012207 0.00788046
6.95469e-10 0.0122691 0.00752573
6.9557e-10 0.0123289 0.00718217
6.95671e-10 0.0123863 0.00684956
6.95772e-10 0.0124415 0.0065277
6.95874e-10 0.0124943 0.00621636
6.95975e-10 0.0125447 0.00591535
6.96076e-10 0.0125929 0.00562447
6.96177e-10 0.0126387 0.0053435
6.96279e-10 0.0126823 0.00507224
6.9638e-10 0.0127235 0.00481049
6.96481e-10 0.0127625 0.00455806
6.96583e-10 0.0127991 0.00431474
6.96684e-10 0.0128335 0.00408034
6.96785e-10 0.0128657 0.00385467
6.96886e-10 0.0128956 0.00363754
6.96988e-10 0.0129232 0.00342875
6.97089e-10 0.0129487 0.00322812
6.9719e-10 0.012972 0.00303547
6.97291e-10 0.0129931 0.00285061
6.97393e-10 0.013012 0.00267335
6.97494e-10 0.0130288 0.00250353
6.97595e-10 0.0130435 0.00234097
6.97697e-10 0.0130561 0.00218549
6.97798e-10 0.0130666 0.00203692
6.97899e-10 0.0130751 0.00189509
6.98e-10 0.0130816 0.00175984
6.98102e-10 0.013086 0.001631
6.98203e-10 0.0130885 0.0015084
6.98304e-10 0.013089 0.0013919
6.98405e-10 0.0130877 0.00128134
6.98507e-10 0.0130844 0.00117655
6.98608e-10 0.0130792 0.00107739
6.98709e-10 0.0130722 0.000983702
6.9881e-10 0.0130634 0.000895347
6.98912e-10 0.0130529 0.000812177
6.99013e-10 0.0130405 0.00073405
6.99114e-10 0.0130265 0.000660824
6.99216e-10 0.0130107 0.000592364
6.99317e-10 0.0129933 0.000528533
6.99418e-10 0.0129742 0.000469199
6.99519e-10 0.0129535 0.000414232
6.99621e-10 0.0129313 0.000363503
6.99722e-10 0.0129075 0.000316886
6.99823e-10 0.0128822 0.000274259
6.99924e-10 0.0128554 0.000235499
7.00026e-10 0.0128271 0.000200489
7.00127e-10 0.0127974 0.000169111
7.00228e-10 0.0127664 0.000141252
7.0033e-10 0.012734 0.0001168
7.00431e-10 0.0127002 9.56434e-05
7.00532e-10 0.0126651 7.76763e-05
7.00633e-10 0.0126288 6.27927e-05
7.00735e-10 0.0125912 5.08893e-05
7.00836e-10 0.0125525 4.18651e-05
7.00937e-10 0.0125125 3.56208e-05
7.01038e-10 0.0124714 3.20597e-05
7.0114e-10 0.0124292 3.10867e-05
7.01241e-10 0.0123859 3.26089e-05
7.01342e-10 0.0123416 3.65356e-05
7.01444e-10 0.0122962 4.27777e-05
7.01545e-10 0.0122498 5.12485e-05
7.01646e-10 0.0122024 6.18628e-05
7.01747e-10 0.0121541 7.45375e-05
7.01849e-10 0.0121049 8.91915e-05
7.0195e-10 0.0120549 0.000105745
7.02051e-10 0.0120039 0.000124122
7.02152e-10 0.0119522 0.000144244
7.02254e-10 0.0118996 0.00016604
7.02355e-10 0.0118463 0.000189435
7.02456e-10 0.0117922 0.000214361
7.02557e-10 0.0117375 0.000240748
7.02659e-10 0.011682 0.000268529
7.0276e-10 0.0116259 0.000297638
7.02861e-10 0.0115691 0.000328011
7.02963e-10 0.0115117 0.000359587
7.03064e-10 0.0114538 0.000392305
7.03165e-10 0.0113952 0.000426104
7.03266e-10 0.0113362 0.000460928
7.03368e-10 0.0112766 0.000496721
7.03469e-10 0.0112166 0.000533427
7.0357e-10 0.0111561 0.000570994
7.03671e-10 0.0110951 0.000609368
7.03773e-10 0.0110338 0.000648501
7.03874e-10 0.010972 0.000688342
7.03975e-10 0.0109099 0.000728844
7.04077e-10 0.0108474 0.000769961
7.04178e-10 0.0107846 0.000811646
7.04279e-10 0.0107215 0.000853856
7.0438e-10 0.0106581 0.000896549
7.04482e-10 0.0105944 0.000939682
7.04583e-10 0.0105305 0.000983216
7.04684e-10 0.0104664 0.00102711
7.04785e-10 0.0104021 0.00107133
7.04887e-10 0.0103375 0.00111583
7.04988e-10 0.0102728 0.00116059
7.05089e-10 0.010208 0.00120555
7.05191e-10 0.010143 0.00125071
7.05292e-10 0.010078 0.00129601
7.05393e-10 0.0100128 0.00134142
7.05494e-10 0.00994752 0.00138693
7.05596e-10 0.00988219 0.00143249
7.05697e-10 0.00981682 0.00147808
7.05798e-10 0.00975142 0.00152367
7.05899e-10 0.009686 0.00156923
7.06001e-10 0.00962058 0.00161474
7.06102e-10 0.00955518 0.00166018
7.06203e-10 0.0094898 0.00170551
7.06304e-10 0.00942447 0.00175071
7.06406e-10 0.00935919 0.00179577
7.06507e-10 0.00929398 0.00184066
7.06608e-10 0.00922885 0.00188535
7.0671e-10 0.00916382 0.00192984
7.06811e-10 0.00909889 0.00197409
7.06912e-10 0.00903408 0.00201809
7.07013e-10 0.00896941 0.00206183
7.07115e-10 0.00890488 0.00210528
7.07216e-10 0.0088405 0.00214842
7.07317e-10 0.00877628 0.00219125
7.07418e-10 0.00871224 0.00223375
7.0752e-10 0.00864838 0.00227589
7.07621e-10 0.00858472 0.00231767
7.07722e-10 0.00852126 0.00235908
7.07824e-10 0.00845802 0.00240009
7.07925e-10 0.008395 0.00244071
7.08026e-10 0.00833221 0.00248091
7.08127e-10 0.00826966 0.00252068
7.08229e-10 0.00820735 0.00256002
7.0833e-10 0.00814531 0.0025989
7.08431e-10 0.00808352 0.00263734
7.08532e-10 0.00802201 0.0026753
7.08634e-10 0.00796078 0.0027128
7.08735e-10 0.00789983 0.0027498
7.08836e-10 0.00783917 0.00278632
7.08938e-10 0.0077788 0.00282234
7.09039e-10 0.00771875 0.00285785
7.0914e-10 0.007659 0.00289285
7.09241e-10 0.00759956 0.00292734
7.09343e-10 0.00754045 0.00296129
7.09444e-10 0.00748166 0.00299472
7.09545e-10 0.00742321 0.00302761
7.09646e-10 0.00736509 0.00305996
7.09748e-10 0.00730731 0.00309177
7.09849e-10 0.00724987 0.00312303
7.0995e-10 0.00719278 0.00315374
7.10051e-10 0.00713604 0.00318389
7.10153e-10 0.00707966 0.00321348
7.10254e-10 0.00702364 0.00324252
7.10355e-10 0.00696798 0.00327099
7.10457e-10 0.00691269 0.00329889
7.10558e-10 0.00685777 0.00332623
7.10659e-10 0.00680321 0.003353
7.1076e-10 0.00674904 0.00337919
7.10862e-10 0.00669524 0.00340482
7.10963e-10 0.00664181 0.00342987
7.11064e-10 0.00658877 0.00345435
7.11165e-10 0.00653611 0.00347826
7.11267e-10 0.00648384 0.0035016
7.11368e-10 0.00643195 0.00352436
7.11469e-10 0.00638045 0.00354655
7.11571e-10 0.00632934 0.00356816
7.11672e-10 0.00627862 0.00358921
7.11773e-10 0.00622829 0.00360968
7.11874e-10 0.00617835 0.00362959
7.11976e-10 0.00612881 0.00364893
7.12077e-10 0.00607966 0.0036677
7.12178e-10 0.0060309 0.0036859
7.12279e-10 0.00598254 0.00370354
7.12381e-10 0.00593457 0.00372063
7.12482e-10 0.005887 0.00373715
7.12583e-10 0.00583982 0.00375311
7.12684e-10 0.00579304 0.00376852
7.12786e-10 0.00574665 0.00378338
7.12887e-10 0.00570066 0.00379769
7.12988e-10 0.00565506 0.00381146
7.1309e-10 0.00560986 0.00382468
7.13191e-10 0.00556504 0.00383735
7.13292e-10 0.00552062 0.0038495
7.13393e-10 0.0054766 0.0038611
7.13495e-10 0.00543296 0.00387218
7.13596e-10 0.00538971 0.00388273
7.13697e-10 0.00534685 0.00389276
7.13798e-10 0.00530438 0.00390226
7.139e-10 0.0052623 0.00391125
7.14001e-10 0.0052206 0.00391973
7.14102e-10 0.00517928 0.0039277
7.14204e-10 0.00513835 0.00393516
7.14305e-10 0.0050978 0.00394213
7.14406e-10 0.00505763 0.00394859
7.14507e-10 0.00501784 0.00395457
7.14609e-10 0.00497842 0.00396005
7.1471e-10 0.00493938 0.00396506
7.14811e-10 0.00490071 0.00396958
7.14912e-10 0.00486241 0.00397363
7.15014e-10 0.00482449 0.0039772
7.15115e-10 0.00478693 0.00398032
7.15216e-10 0.00474973 0.00398297
7.15318e-10 0.0047129 0.00398516
7.15419e-10 0.00467643 0.0039869
7.1552e-10 0.00464032 0.00398819
7.15621e-10 0.00460456 0.00398904
7.15723e-10 0.00456917 0.00398945
7.15824e-10 0.00453412 0.00398943
7.15925e-10 0.00449942 0.00398898
7.16026e-10 0.00446508 0.00398811
7.16128e-10 0.00443107 0.00398681
7.16229e-10 0.00439742 0.00398511
7.1633e-10 0.0043641 0.00398299
7.16431e-10 0.00433112 0.00398047
7.16533e-10 0.00429848 0.00397755
7.16634e-10 0.00426617 0.00397423
7.16735e-10 0.0042342 0.00397052
7.16837e-10 0.00420255 0.00396643
7.16938e-10 0.00417123 0.00396196
7.17039e-10 0.00414023 0.00395712
7.1714e-10 0.00410955 0.0039519
7.17242e-10 0.0040792 0.00394632
7.17343e-10 0.00404916 0.00394038
7.17444e-10 0.00401943 0.00393409
7.17545e-10 0.00399001 0.00392744
7.17647e-10 0.0039609 0.00392045
7.17748e-10 0.0039321 0.00391312
7.17849e-10 0.0039036 0.00390545
7.17951e-10 0.0038754 0.00389746
7.18052e-10 0.0038475 0.00388913
7.18153e-10 0.00381989 0.00388049
7.18254e-10 0.00379258 0.00387153
7.18356e-10 0.00376555 0.00386226
7.18457e-10 0.00373882 0.00385269
7.18558e-10 0.00371236 0.00384281
7.18659e-10 0.00368619 0.00383264
7.18761e-10 0.0036603 0.00382217
7.18862e-10 0.00363468 0.00381142
7.18963e-10 0.00360934 0.00380039
7.19065e-10 0.00358426 0.00378908
7.19166e-10 0.00355946 0.0037775
7.19267e-10 0.00353492 0.00376565
7.19368e-10 0.00351064 0.00375354
7.1947e-10 0.00348663 0.00374116
7.19571e-10 0.00346287 0.00372854
7.19672e-10 0.00343937 0.00371567
7.19773e-10 0.00341611 0.00370255
7.19875e-10 0.00339311 0.00368919
7.19976e-10 0.00337036 0.0036756
7.20077e-10 0.00334785 0.00366178
7.20178e-10 0.00332558 0.00364773
7.2028e-10 0.00330355 0.00363346
7.20381e-10 0.00328175 0.00361897
7.20482e-10 0.00326019 0.00360427
7.20584e-10 0.00323886 0.00358937
7.20685e-10 0.00321776 0.00357426
7.20786e-10 0.00319689 0.00355894
7.20887e-10 0.00317624 0.00354344
7.20989e-10 0.00315581 0.00352774
7.2109e-10 0.0031356 0.00351186
7.21191e-10 0.0031156 0.00349579
7.21292e-10 0.00309582 0.00347955
7.21394e-10 0.00307625 0.00346313
7.21495e-10 0.00305689 0.00344654
7.21596e-10 0.00303773 0.00342979
7.21698e-10 0.00301878 0.00341288
7.21799e-10 0.00300003 0.0033958
7.219e-10 0.00298148 0.00337858
7.22001e-10 0.00296312 0.0033612
7.22103e-10 0.00294496 0.00334368
7.22204e-10 0.00292699 0.00332602
7.22305e-10 0.00290921 0.00330822
7.22406e-10 0.00289162 0.00329029
7.22508e-10 0.00287421 0.00327222
7.22609e-10 0.00285698 0.00325403
7.2271e-10 0.00283994 0.00323572
7.22812e-10 0.00282307 0.00321729
7.22913e-10 0.00280638 0.00319874
7.23014e-10 0.00278986 0.00318008
7.23115e-10 0.00277352 0.00316132
7.23217e-10 0.00275734 0.00314245
7.23318e-10 0.00274133 0.00312348
7.23419e-10 0.00272549 0.00310441
7.2352e-10 0.00270981 0.00308524
7.23622e-10 0.00269429 0.00306599
7.23723e-10 0.00267893 0.00304665
7.23824e-10 0.00266372 0.00302723
7.23925e-10 0.00264867 0.00300773
7.24027e-10 0.00263377 0.00298815
7.24128e-10 0.00261903 0.0029685
7.24229e-10 0.00260443 0.00294877
7.24331e-10 0.00258998 0.00292898
7.24432e-10 0.00257567 0.00290913
7.24533e-10 0.00256151 0.00288921
7.24634e-10 0.00254748 0.00286924
7.24736e-10 0.0025336 0.00284921
7.24837e-10 0.00251985 0.00282914
7.24938e-10 0.00250624 0.00280901
7.25039e-10 0.00249276 0.00278884
7.25141e-10 0.00247942 0.00276862
7.25242e-10 0.0024662 0.00274837
7.25343e-10 0.00245311 0.00272808
7.25445e-10 0.00244015 0.00270775
7.25546e-10 0.00242732 0.0026874
7.25647e-10 0.0024146 0.00266701
7.25748e-10 0.00240201 0.0026466
7.2585e-10 0.00238954 0.00262617
7.25951e-10 0.00237719 0.00260572
7.26052e-10 0.00236495 0.00258525
7.26153e-10 0.00235283 0.00256476
7.26255e-10 0.00234082 0.00254426
7.26356e-10 0.00232892 0.00252376
7.26457e-10 0.00231713 0.00250324
7.26559e-10 0.00230546 0.00248272
7.2666e-10 0.00229389 0.0024622
7.26761e-10 0.00228242 0.00244168
7.26862e-10 0.00227106 0.00242116
7.26964e-10 0.0022598 0.00240065
7.27065e-10 0.00224864 0.00238014
7.27166e-10 0.00223759 0.00235965
7.27267e-10 0.00222663 0.00233916
7.27369e-10 0.00221577 0.00231869
7.2747e-10 0.002205 0.00229824
7.27571e-10 0.00219433 0.0022778
7.27672e-10 0.00218375 0.00225739
7.27774e-10 0.00217326 0.002237
7.27875e-10 0.00216287 0.00221663
7.27976e-10 0.00215256 0.00219629
7.28078e-10 0.00214234 0.00217598
7.28179e-10 0.00213221 0.0021557
7.2828e-10 0.00212217 0.00213546
7.28381e-10 0.00211221 0.00211525
7.28483e-10 0.00210233 0.00209507
7.28584e-10 0.00209253 0.00207494
7.28685e-10 0.00208282 0.00205484
7.28786e-10 0.00207318 0.00203479
7.28888e-10 0.00206362 0.00201478
7.28989e-10 0.00205415 0.00199482
7.2909e-10 0.00204474 0.00197491
7.29192e-10 0.00203542 0.00195505
7.29293e-10 0.00202616 0.00193523
7.29394e-10 0.00201698 0.00191547
7.29495e-10 0.00200788 0.00189577
7.29597e-10 0.00199884 0.00187612
7.29698e-10 0.00198988 0.00185653
7.29799e-10 0.00198098 0.001837
7.299e-10 0.00197215 0.00181754
7.30002e-10 0.00196339 0.00179813
7.30103e-10 0.0019547 0.00177879
7.30204e-10 0.00194607 0.00175951
7.30305e-10 0.00193751 0.0017403
7.30407e-10 0.00192901 0.00172116
7.30508e-10 0.00192058 0.00170209
7.30609e-10 0.0019122 0.00168309
7.30711e-10 0.00190389 0.00166417
7.30812e-10 0.00189564 0.00164531
7.30913e-10 0.00188745 0.00162654
7.31014e-10 0.00187932 0.00160784
7.31116e-10 0.00187124 0.00158922
7.31217e-10 0.00186322 0.00157067
7.31318e-10 0.00185526 0.00155221
7.31419e-10 0.00184736 0.00153383
7.31521e-10 0.00183951 0.00151553
7.31622e-10 0.00183171 0.00149732
7.31723e-10 0.00182397 0.00147919
7.31825e-10 0.00181629 0.00146115
7.31926e-10 0.00180865 0.00144319
7.32027e-10 0.00180107 0.00142532
7.32128e-10 0.00179353 0.00140755
7.3223e-10 0.00178605 0.00138986
7.32331e-10 0.00177862 0.00137226
7.32432e-10 0.00177123 0.00135476
7.32533e-10 0.0017639 0.00133735
7.32635e-10 0.00175661 0.00132003
7.32736e-10 0.00174937 0.00130281
7.32837e-10 0.00174218 0.00128569
7.32939e-10 0.00173504 0.00126866
7.3304e-10 0.00172794 0.00125173
7.33141e-10 0.00172088 0.0012349
7.33242e-10 0.00171387 0.00121817
7.33344e-10 0.0017069 0.00120154
7.33445e-10 0.00169998 0.00118501
7.33546e-10 0.0016931 0.00116859
7.33647e-10 0.00168626 0.00115226
7.33749e-10 0.00167947 0.00113604
7.3385e-10 0.00167272 0.00111993
7.33951e-10 0.001666 0.00110391
7.34052e-10 0.00165933 0.00108801
7.34154e-10 0.0016527 0.00107221
7.34255e-10 0.00164611 0.00105652
7.34356e-10 0.00163956 0.00104093
7.34458e-10 0.00163305 0.00102545
7.34559e-10 0.00162658 0.00101009
7.3466e-10 0.00162014 0.000994827
7.34761e-10 0.00161374 0.000979678
7.34863e-10 0.00160738 0.000964639
7.34964e-10 0.00160106 0.000949712
7.35065e-10 0.00159478 0.000934895
7.35166e-10 0.00158853 0.000920191
7.35268e-10 0.00158231 0.0009056
7.35369e-10 0.00157614 0.000891121
7.3547e-10 0.00156999 0.000876756
7.35572e-10 0.00156389 0.000862504
7.35673e-10 0.00155782 0.000848367
7.35774e-10 0.00155178 0.000834345
7.35875e-10 0.00154577 0.000820437
7.35977e-10 0.0015398 0.000806646
7.36078e-10 0.00153387 0.00079297
7.36179e-10 0.00152797 0.00077941
7.3628e-10 0.0015221 0.000765966
7.36382e-10 0.00151626 0.00075264
7.36483e-10 0.00151046 0.00073943
7.36584e-10 0.00150468 0.000726339
7.36686e-10 0.00149894 0.000713364
7.36787e-10 0.00149324 0.000700508
7.36888e-10 0.00148756 0.00068777
7.36989e-10 0.00148191 0.000675151
7.37091e-10 0.0014763 0.00066265
7.37192e-10 0.00147072 0.000650269
7.37293e-10 0.00146516 0.000638006
7.37394e-10 0.00145964 0.000625863
7.37496e-10 0.00145415 0.00061384
7.37597e-10 0.00144869 0.000601936
7.37698e-10 0.00144325 0.000590152
7.37799e-10 0.00143785 0.000578488
7.37901e-10 0.00143248 0.000566944
7.38002e-10 0.00142713 0.00055552
7.38103e-10 0.00142182 0.000544217
7.38205e-10 0.00141653 0.000533035
7.38306e-10 0.00141128 0.000521972
7.38407e-10 0.00140605 0.000511031
7.38508e-10 0.00140085 0.00050021
7.3861e-10 0.00139568 0.00048951
7.38711e-10 0.00139053 0.000478931
7.38812e-10 0.00138542 0.000468473
7.38913e-10 0.00138033 0.000458135
7.39015e-10 0.00137527 0.000447919
7.39116e-10 0.00137024 0.000437823
7.39217e-10 0.00136523 0.000427848
7.39319e-10 0.00136025 0.000417994
7.3942e-10 0.0013553 0.000408261
7.39521e-10 0.00135038 0.000398649
7.39622e-10 0.00134549 0.000389157
7.39724e-10 0.00134062 0.000379786
7.39825e-10 0.00133577 0.000370536
7.39926e-10 0.00133096 0.000361406
7.40027e-10 0.00132617 0.000352397
7.40129e-10 0.00132141 0.000343508
7.4023e-10 0.00131667 0.000334739
7.40331e-10 0.00131196 0.000326091
7.40433e-10 0.00130728 0.000317562
7.40534e-10 0.00130262 0.000309154
7.40635e-10 0.00129799 0.000300865
7.40736e-10 0.00129338 0.000292696
7.40838e-10 0.0012888 0.000284646
7.40939e-10 0.00128425 0.000276716
7.4104e-10 0.00127972 0.000268904
7.41141e-10 0.00127522 0.000261212
7.41243e-10 0.00127074 0.000253639
7.41344e-10 0.00126629 0.000246184
7.41445e-10 0.00126187 0.000238847
7.41546e-10 0.00125747 0.000231629
7.41648e-10 0.00125309 0.000224528
7.41749e-10 0.00124874 0.000217545
7.4185e-10 0.00124442 0.00021068
7.41952e-10 0.00124012 0.000203932
7.42053e-10 0.00123585 0.000197301
7.42154e-10 0.0012316 0.000190786
7.42255e-10 0.00122738 0.000184389
7.42357e-10 0.00122318 0.000178107
7.42458e-10 0.001219 0.000171941
7.42559e-10 0.00121486 0.000165891
7.4266e-10 0.00121073 0.000159956
7.42762e-10 0.00120663 0.000154137
7.42863e-10 0.00120256 0.000148432
7.42964e-10 0.00119851 0.000142841
7.43066e-10 0.00119448 0.000137365
7.43167e-10 0.00119048 0.000132003
7.43268e-10 0.00118651 0.000126754
7.43369e-10 0.00118256 0.000121618
7.43471e-10 0.00117863 0.000116595
7.43572e-10 0.00117473 0.000111684
7.43673e-10 0.00117085 0.000106886
7.43774e-10 0.001167 0.000102199
7.43876e-10 0.00116317 9.76242e-05
7.43977e-10 0.00115937 9.316e-05
7.44078e-10 0.00115559 8.88065e-05
7.44179e-10 0.00115183 8.45632e-05
7.44281e-10 0.0011481 8.04299e-05
7.44382e-10 0.0011444 7.64061e-05
7.44483e-10 0.00114071 7.24913e-05
7.44585e-10 0.00113706 6.86853e-05
7.44686e-10 0.00113342 6.49876e-05
7.44787e-10 0.00112981 6.13978e-05
7.44888e-10 0.00112623 5.79155e-05
7.4499e-10 0.00112267 5.45402e-05
7.45091e-10 0.00111913 5.12716e-05
7.45192e-10 0.00111561 4.81091e-05
7.45293e-10 0.00111213 4.50524e-05
7.45395e-10 0.00110866 4.21011e-05
7.45496e-10 0.00110522 3.92546e-05
7.45597e-10 0.0011018 3.65126e-05
7.45699e-10 0.00109841 3.38745e-05
7.458e-10 0.00109504 3.134e-05
7.45901e-10 0.00109169 2.89085e-05
7.46002e-10 0.00108837 2.65796e-05
7.46104e-10 0.00108508 2.43529e-05
7.46205e-10 0.0010818 2.22278e-05
7.46306e-10 0.00107855 2.02038e-05
7.46407e-10 0.00107533 1.82805e-05
7.46509e-10 0.00107212 1.64575e-05
7.4661e-10 0.00106894 1.47341e-05
7.46711e-10 0.00106579 1.31099e-05
7.46813e-10 0.00106266 1.15845e-05
7.46914e-10 0.00105955 1.01573e-05
7.47015e-10 0.00105647 8.82774e-06
7.47116e-10 0.00105341 7.5954e-06
7.47218e-10 0.00105037 6.45974e-06
7.47319e-10 0.00104736 5.42025e-06
7.4742e-10 0.00104437 4.47639e-06
7.47521e-10 0.0010414 3.62766e-06
7.47623e-10 0.00103846 2.87351e-06
7.47724e-10 0.00103554 2.21342e-06
7.47825e-10 0.00103264 1.64686e-06
7.47926e-10 0.00102977 1.17329e-06
7.48028e-10 0.00102692 7.92162e-07
7.48129e-10 0.0010241 5.0294e-07
7.4823e-10 0.0010213 3.05075e-07
7.48332e-10 0.00101852 1.98018e-07
7.48433e-10 0.00101576 1.81215e-07
7.48534e-10 0.00101303 2.5411e-07
7.48635e-10 0.00101032 4.16145e-07
7.48737e-10 0.00100763 6.66759e-07
7.48838e-10 0.00100497 1.00539e-06
7.48939e-10 0.00100233 1.43146e-06
7.4904e-10 0.000999715 1.94441e-06
7.49142e-10 0.000997121 2.54367e-06
7.49243e-10 0.00099455 3.22865e-06
7.49344e-10 0.000992003 3.99879e-06
7.49446e-10 0.000989478 4.8535e-06
7.49547e-10 0.000986976 5.79219e-06
7.49648e-10 0.000984497 6.81429e-06
7.49749e-10 0.00098204 7.91921e-06
7.49851e-10 0.000979607 9.10634e-06
7.49952e-10 0.000977196 1.03751e-05
7.50053e-10 0.000974807 1.17249e-05
7.50154e-10 0.000972442 1.31552e-05
7.50256e-10 0.000970099 1.46653e-05
7.50357e-10 0.000967778 1.62546e-05
7.50458e-10 0.000965481 1.79226e-05
7.5056e-10 0.000963205 1.96686e-05
7.50661e-10 0.000960952 2.1492e-05
7.50762e-10 0.000958721 2.33922e-05
7.50863e-10 0.000956513 2.53686e-05
7.50965e-10 0.000954327 2.74206e-05
7.51066e-10 0.000952163 2.95476e-05
7.51167e-10 0.000950021 3.1749e-05
7.51268e-10 0.000947901 3.4024e-05
7.5137e-10 0.000945804 3.63722e-05
7.51471e-10 0.000943728 3.87929e-05
7.51572e-10 0.000941675 4.12854e-05
7.51673e-10 0.000939643 4.38492e-05
7.51775e-10 0.000937633 4.64836e-05
7.51876e-10 0.000935645 4.9188e-05
7.51977e-10 0.000933678 5.19617e-05
7.52079e-10 0.000931734 5.48041e-05
7.5218e-10 0.000929811 5.77146e-05
7.52281e-10 0.000927909 6.06925e-05
7.52382e-10 0.000926029 6.37373e-05
7.52484e-10 0.00092417 6.68482e-05
7.52585e-10 0.000922333 7.00246e-05
7.52686e-10 0.000920517 7.32659e-05
7.52787e-10 0.000918723 7.65715e-05
7.52889e-10 0.000916949 7.99406e-05
7.5299e-10 0.000915197 8.33727e-05
7.53091e-10 0.000913465 8.68671e-05
7.53193e-10 0.000911755 9.04232e-05
7.53294e-10 0.000910066 9.40402e-05
7.53395e-10 0.000908397 9.77176e-05
7.53496e-10 0.000906749 0.000101455
7.53598e-10 0.000905122 0.000105251
7.53699e-10 0.000903515 0.000109105
7.538e-10 0.000901929 0.000113018
7.53901e-10 0.000900364 0.000116987
7.54003e-10 0.000898819 0.000121013
7.54104e-10 0.000897294 0.000125094
7.54205e-10 0.00089579 0.000129231
7.54307e-10 0.000894305 0.000133422
7.54408e-10 0.000892841 0.000137667
7.54509e-10 0.000891397 0.000141965
7.5461e-10 0.000889973 0.000146315
7.54712e-10 0.000888568 0.000150717
7.54813e-10 0.000887184 0.000155171
7.54914e-10 0.000885819 0.000159674
7.55015e-10 0.000884474 0.000164228
7.55117e-10 0.000883148 0.00016883
7.55218e-10 0.000881842 0.000173482
7.55319e-10 0.000880555 0.000178181
7.5542e-10 0.000879287 0.000182927
7.55522e-10 0.000878039 0.000187719
7.55623e-10 0.00087681 0.000192557
7.55724e-10 0.0008756 0.000197441
7.55826e-10 0.000874408 0.000202368
7.55927e-10 0.000873236 0.00020734
7.56028e-10 0.000872082 0.000212354
7.56129e-10 0.000870947 0.000217412
7.56231e-10 0.000869831 0.00022251
7.56332e-10 0.000868733 0.00022765
7.56433e-10 0.000867653 0.00023283
7.56534e-10 0.000866592 0.00023805
7.56636e-10 0.000865549 0.000243309
7.56737e-10 0.000864524 0.000248606
7.56838e-10 0.000863517 0.000253941
7.5694e-10 0.000862528 0.000259313
7.57041e-10 0.000861557 0.000264722
7.57142e-10 0.000860604 0.000270166
7.57243e-10 0.000859668 0.000275645
7.57345e-10 0.00085875 0.000281158
7.57446e-10 0.000857849 0.000286705
7.57547e-10 0.000856966 0.000292284
7.57648e-10 0.0008561 0.000297897
7.5775e-10 0.000855251 0.00030354
7.57851e-10 0.000854419 0.000309215
7.57952e-10 0.000853604 0.000314919
7.58053e-10 0.000852805 0.000320654
7.58155e-10 0.000852024 0.000326417
7.58256e-10 0.000851259 0.000332208
7.58357e-10 0.000850511 0.000338027
7.58459e-10 0.000849779 0.000343873
7.5856e-10 0.000849064 0.000349744
7.58661e-10 0.000848364 0.000355642
7.58762e-10 0.000847681 0.000361564
7.58864e-10 0.000847014 0.00036751
7.58965e-10 0.000846363 0.000373479
7.59066e-10 0.000845728 0.000379471
7.59167e-10 0.000845108 0.000385486
7.59269e-10 0.000844504 0.000391522
7.5937e-10 0.000843915 0.000397578
7.59471e-10 0.000843342 0.000403654
7.59573e-10 0.000842784 0.00040975
7.59674e-10 0.000842241 0.000415865
7.59775e-10 0.000841713 0.000421997
7.59876e-10 0.000841201 0.000428147
7.59978e-10 0.000840703 0.000434313
7.60079e-10 0.000840219 0.000440496
7.6018e-10 0.000839751 0.000446693
7.60281e-10 0.000839297 0.000452906
7.60383e-10 0.000838857 0.000459132
7.60484e-10 0.000838432 0.000465371
7.60585e-10 0.000838021 0.000471623
7.60687e-10 0.000837624 0.000477887
7.60788e-10 0.000837241 0.000484162
7.60889e-10 0.000836871 0.000490448
7.6099e-10 0.000836516 0.000496744
7.61092e-10 0.000836174 0.000503049
7.61193e-10 0.000835846 0.000509362
7.61294e-10 0.000835531 0.000515683
7.61395e-10 0.000835229 0.000522011
7.61497e-10 0.000834941 0.000528346
7.61598e-10 0.000834666 0.000534687
7.61699e-10 0.000834403 0.000541033
7.618e-10 0.000834154 0.000547383
7.61902e-10 0.000833917 0.000553737
7.62003e-10 0.000833693 0.000560095
7.62104e-10 0.000833482 0.000566454
7.62206e-10 0.000833283 0.000572816
7.62307e-10 0.000833096 0.000579179
7.62408e-10 0.000832921 0.000585542
7.62509e-10 0.000832759 0.000591906
7.62611e-10 0.000832609 0.000598268
7.62712e-10 0.00083247 0.000604629
7.62813e-10 0.000832343 0.000610987
7.62914e-10 0.000832228 0.000617343
7.63016e-10 0.000832125 0.000623696
7.63117e-10 0.000832033 0.000630044
7.63218e-10 0.000831952 0.000636387
7.6332e-10 0.000831883 0.000642725
7.63421e-10 0.000831824 0.000649057
7.63522e-10 0.000831777 0.000655382
7.63623e-10 0.000831741 0.0006617
7.63725e-10 0.000831715 0.00066801
7.63826e-10 0.0008317 0.00067431
7.63927e-10 0.000831696 0.000680602
7.64028e-10 0.000831702 0.000686883
7.6413e-10 0.000831718 0.000693154
7.64231e-10 0.000831745 0.000699413
7.64332e-10 0.000831782 0.000705661
7.64434e-10 0.000831829 0.000711896
7.64535e-10 0.000831887 0.000718117
7.64636e-10 0.000831954 0.000724325
7.64737e-10 0.00083203 0.000730517
7.64839e-10 0.000832117 0.000736695
7.6494e-10 0.000832213 0.000742857
7.65041e-10 0.000832318 0.000749003
7.65142e-10 0.000832433 0.000755131
7.65244e-10 0.000832557 0.000761241
7.65345e-10 0.00083269 0.000767333
7.65446e-10 0.000832832 0.000773406
7.65547e-10 0.000832983 0.00077946
7.65649e-10 0.000833143 0.000785493
7.6575e-10 0.000833312 0.000791505
7.65851e-10 0.00083349 0.000797496
7.65953e-10 0.000833676 0.000803464
7.66054e-10 0.000833871 0.00080941
7.66155e-10 0.000834074 0.000815332
7.66256e-10 0.000834285 0.00082123
7.66358e-10 0.000834504 0.000827103
7.66459e-10 0.000834732 0.000832951
7.6656e-10 0.000834968 0.000838773
7.66661e-10 0.000835211 0.000844569
7.66763e-10 0.000835463 0.000850337
7.66864e-10 0.000835722 0.000856078
7.66965e-10 0.000835989 0.00086179
7.67067e-10 0.000836263 0.000867473
7.67168e-10 0.000836545 0.000873127
7.67269e-10 0.000836834 0.00087875
7.6737e-10 0.000837131 0.000884343
7.67472e-10 0.000837435 0.000889904
7.67573e-10 0.000837746 0.000895433
7.67674e-10 0.000838064 0.00090093
7.67775e-10 0.000838389 0.000906393
7.67877e-10 0.000838721 0.000911823
7.67978e-10 0.00083906 0.000917218
7.68079e-10 0.000839406 0.000922578
7.68181e-10 0.000839759 0.000927903
7.68282e-10 0.000840118 0.000933191
7.68383e-10 0.000840483 0.000938443
7.68484e-10 0.000840855 0.000943657
7.68586e-10 0.000841234 0.000948833
7.68687e-10 0.000841619 0.000953971
7.68788e-10 0.00084201 0.00095907
7.68889e-10 0.000842407 0.000964129
7.68991e-10 0.00084281 0.000969148
7.69092e-10 0.00084322 0.000974126
7.69193e-10 0.000843635 0.000979063
7.69294e-10 0.000844057 0.000983958
7.69396e-10 0.000844484 0.00098881
7.69497e-10 0.000844917 0.000993619
7.69598e-10 0.000845356 0.000998385
7.697e-10 0.0008458 0.00100311
7.69801e-10 0.00084625 0.00100778
7.69902e-10 0.000846706 0.00101241
7.70003e-10 0.000847167 0.001017
7.70105e-10 0.000847634 0.00102154
7.70206e-10 0.000848106 0.00102603
7.70307e-10 0.000848584 0.00103048
7.70408e-10 0.000849066 0.00103487
7.7051e-10 0.000849555 0.00103922
7.70611e-10 0.000850048 0.00104352
7.70712e-10 0.000850546 0.00104777
7.70814e-10 0.00085105 0.00105197
7.70915e-10 0.000851559 0.00105612
7.71016e-10 0.000852073 0.00106022
7.71117e-10 0.000852592 0.00106427
7.71219e-10 0.000853115 0.00106826
7.7132e-10 0.000853644 0.0010722
7.71421e-10 0.000854178 0.00107609
7.71522e-10 0.000854716 0.00107992
7.71624e-10 0.00085526 0.0010837
7.71725e-10 0.000855808 0.00108743
7.71826e-10 0.000856361 0.0010911
7.71928e-10 0.000856919 0.00109472
7.72029e-10 0.000857481 0.00109827
7.7213e-10 0.000858049 0.00110178
7.72231e-10 0.000858621 0.00110522
7.72333e-10 0.000859197 0.00110861
7.72434e-10 0.000859778 0.00111194
7.72535e-10 0.000860364 0.00111521
7.72636e-10 0.000860955 0.00111842
7.72738e-10 0.00086155 0.00112157
7.72839e-10 0.00086215 0.00112466
7.7294e-10 0.000862754 0.00112769
7.73041e-10 0.000863363 0.00113066
7.73143e-10 0.000863976 0.00113357
7.73244e-10 0.000864594 0.00113642
7.73345e-10 0.000865217 0.00113921
7.73447e-10 0.000865844 0.00114193
7.73548e-10 0.000866476 0.00114459
7.73649e-10 0.000867112 0.00114718
7.7375e-10 0.000867753 0.00114972
7.73852e-10 0.000868399 0.00115218
7.73953e-10 0.000869049 0.00115459
7.74054e-10 0.000869703 0.00115692
7.74155e-10 0.000870363 0.0011592
7.74257e-10 0.000871026 0.0011614
7.74358e-10 0.000871695 0.00116354
7.74459e-10 0.000872368 0.00116561
7.74561e-10 0.000873046 0.00116762
7.74662e-10 0.000873728 0.00116956
7.74763e-10 0.000874416 0.00117143
7.74864e-10 0.000875108 0.00117323
7.74966e-10 0.000875804 0.00117496
7.75067e-10 0.000876506 0.00117662
7.75168e-10 0.000877212 0.00117822
7.75269e-10 0.000877923 0.00117974
7.75371e-10 0.00087864 0.0011812
7.75472e-10 0.000879361 0.00118258
7.75573e-10 0.000880087 0.00118389
7.75674e-10 0.000880818 0.00118513
7.75776e-10 0.000881554 0.0011863
7.75877e-10 0.000882295 0.0011874
7.75978e-10 0.000883041 0.00118843
7.7608e-10 0.000883792 0.00118938
7.76181e-10 0.000884549 0.00119026
7.76282e-10 0.000885311 0.00119107
7.76383e-10 0.000886079 0.0011918
7.76485e-10 0.000886851 0.00119246
7.76586e-10 0.000887629 0.00119305
7.76687e-10 0.000888413 0.00119356
7.76788e-10 0.000889202 0.00119399
7.7689e-10 0.000889997 0.00119436
7.76991e-10 0.000890798 0.00119464
7.77092e-10 0.000891605 0.00119485
7.77194e-10 0.000892417 0.00119499
7.77295e-10 0.000893235 0.00119505
7.77396e-10 0.000894059 0.00119503
7.77497e-10 0.000894889 0.00119494
7.77599e-10 0.000895726 0.00119477
7.777e-10 0.000896569 0.00119452
7.77801e-10 0.000897418 0.0011942
7.77902e-10 0.000898273 0.0011938
7.78004e-10 0.000899135 0.00119332
7.78105e-10 0.000900003 0.00119276
7.78206e-10 0.000900878 0.00119213
7.78308e-10 0.00090176 0.00119142
7.78409e-10 0.000902649 0.00119063
7.7851e-10 0.000903545 0.00118976
7.78611e-10 0.000904448 0.00118881
7.78713e-10 0.000905358 0.00118778
7.78814e-10 0.000906275 0.00118668
7.78915e-10 0.000907199 0.00118549
7.79016e-10 0.000908131 0.00118423
7.79118e-10 0.000909071 0.00118289
7.79219e-10 0.000910018 0.00118146
7.7932e-10 0.000910974 0.00117996
7.79421e-10 0.000911937 0.00117838
7.79523e-10 0.000912908 0.00117672
7.79624e-10 0.000913887 0.00117498
7.79725e-10 0.000914875 0.00117315
7.79827e-10 0.000915871 0.00117125
7.79928e-10 0.000916875 0.00116927
7.80029e-10 0.000917889 0.00116721
7.8013e-10 0.000918911 0.00116507
7.80232e-10 0.000919942 0.00116284
7.80333e-10 0.000920982 0.00116054
7.80434e-10 0.000922031 0.00115816
7.80535e-10 0.00092309 0.0011557
7.80637e-10 0.000924158 0.00115315
7.80738e-10 0.000925235 0.00115053
7.80839e-10 0.000926323 0.00114782
7.80941e-10 0.00092742 0.00114504
7.81042e-10 0.000928528 0.00114218
7.81143e-10 0.000929646 0.00113923
7.81244e-10 0.000930774 0.0011362
7.81346e-10 0.000931913 0.0011331
7.81447e-10 0.000933062 0.00112991
7.81548e-10 0.000934222 0.00112665
7.81649e-10 0.000935394 0.0011233
7.81751e-10 0.000936576 0.00111988
7.81852e-10 0.00093777 0.00111637
7.81953e-10 0.000938975 0.00111279
7.82055e-10 0.000940192 0.00110913
7.82156e-10 0.000941421 0.00110538
7.82257e-10 0.000942662 0.00110156
7.82358e-10 0.000943915 0.00109766
7.8246e-10 0.000945181 0.00109368
7.82561e-10 0.000946459 0.00108962
7.82662e-10 0.000947749 0.00108548
7.82763e-10 0.000949053 0.00108127
7.82865e-10 0.00095037 0.00107697
7.82966e-10 0.0009517 0.0010726
7.83067e-10 0.000953044 0.00106815
7.83168e-10 0.000954401 0.00106363
7.8327e-10 0.000955772 0.00105902
7.83371e-10 0.000957157 0.00105434
7.83472e-10 0.000958557 0.00104959
7.83574e-10 0.000959971 0.00104475
7.83675e-10 0.000961399 0.00103984
7.83776e-10 0.000962842 0.00103486
7.83877e-10 0.000964301 0.0010298
7.83979e-10 0.000965774 0.00102467
7.8408e-10 0.000967264 0.00101946
7.84181e-10 0.000968768 0.00101417
7.84282e-10 0.000970289 0.00100882
7.84384e-10 0.000971826 0.00100339
7.84485e-10 0.000973379 0.000997882
7.84586e-10 0.000974948 0.000992306
7.84688e-10 0.000976534 0.000986657
7.84789e-10 0.000978138 0.000980937
7.8489e-10 0.000979758 0.000975146
7.84991e-10 0.000981396 0.000969284
7.85093e-10 0.000983051 0.000963352
7.85194e-10 0.000984724 0.00095735
7.85295e-10 0.000986415 0.000951278
7.85396e-10 0.000988125 0.000945139
7.85498e-10 0.000989852 0.000938931
7.85599e-10 0.000991599 0.000932655
7.857e-10 0.000993364 0.000926312
7.85802e-10 0.000995149 0.000919904
7.85903e-10 0.000996953 0.000913429
7.86004e-10 0.000998777 0.000906889
7.86105e-10 0.00100062 0.000900285
7.86207e-10 0.00100248 0.000893617
7.86308e-10 0.00100437 0.000886885
7.86409e-10 0.00100627 0.000880092
7.8651e-10 0.0010082 0.000873236
7.86612e-10 0.00101014 0.00086632
7.86713e-10 0.00101211 0.000859343
7.86814e-10 0.0010141 0.000852306
7.86915e-10 0.00101611 0.000845211
7.87017e-10 0.00101814 0.000838058
7.87118e-10 0.0010202 0.000830848
7.87219e-10 0.00102228 0.000823582
7.87321e-10 0.00102438 0.00081626
7.87422e-10 0.0010265 0.000808883
7.87523e-10 0.00102865 0.000801453
7.87624e-10 0.00103082 0.00079397
7.87726e-10 0.00103301 0.000786435
7.87827e-10 0.00103523 0.00077885
7.87928e-10 0.00103747 0.000771214
7.88029e-10 0.00103974 0.000763529
7.88131e-10 0.00104203 0.000755796
7.88232e-10 0.00104434 0.000748017
7.88333e-10 0.00104668 0.000740191
7.88435e-10 0.00104905 0.00073232
7.88536e-10 0.00105144 0.000724406
7.88637e-10 0.00105386 0.000716449
7.88738e-10 0.0010563 0.000708451
7.8884e-10 0.00105877 0.000700412
7.88941e-10 0.00106127 0.000692333
7.89042e-10 0.0010638 0.000684217
7.89143e-10 0.00106635 0.000676064
7.89245e-10 0.00106892 0.000667875
7.89346e-10 0.00107153 0.000659651
7.89447e-10 0.00107417 0.000651395
7.89548e-10 0.00107683 0.000643107
7.8965e-10 0.00107952 0.000634788
7.89751e-10 0.00108224 0.00062644
7.89852e-10 0.00108499 0.000618064
7.89954e-10 0.00108776 0.000609662
7.90055e-10 0.00109057 0.000601235
7.90156e-10 0.00109341 0.000592784
7.90257e-10 0.00109627 0.000584311
7.90359e-10 0.00109917 0.000575818
7.9046e-10 0.00110209 0.000567305
7.90561e-10 0.00110505 0.000558775
7.90662e-10 0.00110804 0.000550229
7.90764e-10 0.00111106 0.000541668
7.90865e-10 0.00111411 0.000533095
7.90966e-10 0.00111719 0.00052451
7.91068e-10 0.0011203 0.000515916
7.91169e-10 0.00112345 0.000507314
7.9127e-10 0.00112663 0.000498706
7.91371e-10 0.00112984 0.000490093
7.91473e-10 0.00113308 0.000481478
7.91574e-10 0.00113635 0.000472862
7.91675e-10 0.00113966 0.000464247
7.91776e-10 0.00114301 0.000455635
7.91878e-10 0.00114638 0.000447028
7.91979e-10 0.00114979 0.000438428
7.9208e-10 0.00115323 0.000429836
7.92182e-10 0.00115671 0.000421254
7.92283e-10 0.00116022 0.000412685
7.92384e-10 0.00116377 0.000404131
7.92485e-10 0.00116735 0.000395594
7.92587e-10 0.00117097 0.000387075
7.92688e-10 0.00117462 0.000378577
7.92789e-10 0.00117831 0.000370102
7.9289e-10 0.00118203 0.000361653
7.92992e-10 0.00118579 0.000353231
7.93093e-10 0.00118958 0.000344838
7.93194e-10 0.00119341 0.000336478
7.93295e-10 0.00119728 0.000328152
7.93397e-10 0.00120119 0.000319862
7.93498e-10 0.00120513 0.000311612
7.93599e-10 0.0012091 0.000303403
7.93701e-10 0.00121312 0.000295238
7.93802e-10 0.00121717 0.000287119
7.93903e-10 0.00122126 0.000279049
7.94004e-10 0.00122539 0.00027103
7.94106e-10 0.00122955 0.000263066
7.94207e-10 0.00123376 0.000255158
7.94308e-10 0.001238 0.00024731
7.94409e-10 0.00124228 0.000239523
7.94511e-10 0.00124659 0.000231801
7.94612e-10 0.00125095 0.000224147
7.94713e-10 0.00125535 0.000216563
7.94815e-10 0.00125978 0.000209052
7.94916e-10 0.00126425 0.000201617
7.95017e-10 0.00126876 0.000194262
7.95118e-10 0.00127331 0.000186988
7.9522e-10 0.0012779 0.000179799
7.95321e-10 0.00128253 0.000172698
7.95422e-10 0.0012872 0.000165688
7.95523e-10 0.00129191 0.000158772
7.95625e-10 0.00129666 0.000151954
7.95726e-10 0.00130145 0.000145236
7.95827e-10 0.00130627 0.000138622
7.95929e-10 0.00131114 0.000132115
7.9603e-10 0.00131605 0.000125718
7.96131e-10 0.001321 0.000119435
7.96232e-10 0.00132598 0.00011327
7.96334e-10 0.00133101 0.000107224
7.96435e-10 0.00133608 0.000101304
7.96536e-10 0.00134119 9.55103e-05
7.96637e-10 0.00134633 8.98483e-05
7.96739e-10 0.00135152 8.43213e-05
7.9684e-10 0.00135675 7.89329e-05
7.96941e-10 0.00136202 7.36868e-05
7.97042e-10 0.00136733 6.85868e-05
7.97144e-10 0.00137268 6.36368e-05
7.97245e-10 0.00137807 5.88405e-05
7.97346e-10 0.0013835 5.4202e-05
7.97448e-10 0.00138897 4.97252e-05
7.97549e-10 0.00139448 4.54141e-05
7.9765e-10 0.00140003 4.12727e-05
7.97751e-10 0.00140562 3.73052e-05
7.97853e-10 0.00141125 3.35158e-05
7.97954e-10 0.00141692 2.99086e-05
7.98055e-10 0.00142264 2.6488e-05
7.98156e-10 0.00142839 2.32582e-05
7.98258e-10 0.00143418 2.02236e-05
7.98359e-10 0.00144001 1.73886e-05
7.9846e-10 0.00144588 1.47577e-05
7.98562e-10 0.00145179 1.23355e-05
7.98663e-10 0.00145774 1.01265e-05
7.98764e-10 0.00146372 8.13538e-06
7.98865e-10 0.00146975 6.36676e-06
7.98967e-10 0.00147582 4.82544e-06
7.99068e-10 0.00148192 3.5162e-06
7.99169e-10 0.00148806 2.44391e-06
7.9927e-10 0.00149425 1.61347e-06
7.99372e-10 0.00150046 1.02987e-06
7.99473e-10 0.00150672 6.98116e-07
7.99574e-10 0.00151302 6.23311e-07
7.99676e-10 0.00151935 8.10596e-07
7.99777e-10 0.00152572 1.26517e-06
7.99878e-10 0.00153213 1.99231e-06
7.99979e-10 0.00153857 2.99733e-06
8.00081e-10 0.00154505 4.28561e-06
8.00182e-10 0.00155157 5.86261e-06
8.00283e-10 0.00155813 7.73383e-06
8.00384e-10 0.00156471 9.90484e-06
8.00486e-10 0.00157134 1.23813e-05
8.00587e-10 0.001578 1.51688e-05
8.00688e-10 0.00158469 1.82733e-05
8.00789e-10 0.00159142 2.17004e-05
8.00891e-10 0.00159818 2.54561e-05
8.00992e-10 0.00160498 2.95464e-05
8.01093e-10 0.00161181 3.39772e-05
8.01195e-10 0.00161867 3.87547e-05
8.01296e-10 0.00162557 4.3885e-05
8.01397e-10 0.0016325 4.93744e-05
8.01498e-10 0.00163946 5.5229e-05
8.016e-10 0.00164645 6.14553e-05
8.01701e-10 0.00165347 6.80597e-05
8.01802e-10 0.00166052 7.50487e-05
8.01903e-10 0.0016676 8.24289e-05
8.02005e-10 0.00167471 9.02069e-05
8.02106e-10 0.00168185 9.83894e-05
8.02207e-10 0.00168902 0.000106983
8.02309e-10 0.00169621 0.000115995
8.0241e-10 0.00170343 0.000125432
8.02511e-10 0.00171068 0.000135301
8.02612e-10 0.00171796 0.000145609
8.02714e-10 0.00172526 0.000156364
8.02815e-10 0.00173258 0.000167572
8.02916e-10 0.00173993 0.000179241
8.03017e-10 0.00174731 0.000191378
8.03119e-10 0.0017547 0.00020399
8.0322e-10 0.00176212 0.000217086
8.03321e-10 0.00176956 0.000230673
8.03422e-10 0.00177702 0.000244758
8.03524e-10 0.0017845 0.000259349
8.03625e-10 0.001792 0.000274454
8.03726e-10 0.00179952 0.000290082
8.03828e-10 0.00180706 0.000306239
8.03929e-10 0.00181461 0.000322935
8.0403e-10 0.00182218 0.000340176
8.04131e-10 0.00182977 0.000357973
8.04233e-10 0.00183737 0.000376332
8.04334e-10 0.00184498 0.000395262
8.04435e-10 0.00185261 0.000414772
8.04536e-10 0.00186025 0.000434871
8.04638e-10 0.0018679 0.000455566
8.04739e-10 0.00187556 0.000476868
8.0484e-10 0.00188323 0.000498784
8.04942e-10 0.0018909 0.000521323
8.05043e-10 0.00189859 0.000544496
8.05144e-10 0.00190628 0.00056831
8.05245e-10 0.00191398 0.000592774
8.05347e-10 0.00192168 0.000617899
8.05448e-10 0.00192938 0.000643694
8.05549e-10 0.00193709 0.000670167
8.0565e-10 0.0019448 0.00069733
8.05752e-10 0.00195251 0.00072519
8.05853e-10 0.00196021 0.000753758
8.05954e-10 0.00196792 0.000783044
8.06056e-10 0.00197562 0.000813058
8.06157e-10 0.00198332 0.00084381
8.06258e-10 0.00199101 0.000875309
8.06359e-10 0.00199869 0.000907567
8.06461e-10 0.00200637 0.000940593
8.06562e-10 0.00201403 0.000974398
8.06663e-10 0.00202169 0.00100899
8.06764e-10 0.00202934 0.00104439
8.06866e-10 0.00203697 0.00108059
8.06967e-10 0.00204458 0.00111762
8.07068e-10 0.00205218 0.00115547
8.07169e-10 0.00205977 0.00119417
8.07271e-10 0.00206733 0.00123373
8.07372e-10 0.00207488 0.00127415
8.07473e-10 0.0020824 0.00131545
8.07575e-10 0.0020899 0.00135763
8.07676e-10 0.00209738 0.00140072
8.07777e-10 0.00210483 0.00144471
8.07878e-10 0.00211225 0.00148963
8.0798e-10 0.00211965 0.00153549
8.08081e-10 0.00212701 0.00158229
8.08182e-10 0.00213435 0.00163004
8.08283e-10 0.00214165 0.00167877
8.08385e-10 0.00214891 0.00172848
8.08486e-10 0.00215614 0.00177919
8.08587e-10 0.00216333 0.0018309
8.08689e-10 0.00217048 0.00188364
8.0879e-10 0.00217759 0.0019374
8.08891e-10 0.00218465 0.00199222
8.08992e-10 0.00219168 0.00204809
8.09094e-10 0.00219865 0.00210503
8.09195e-10 0.00220558 0.00216305
8.09296e-10 0.00221245 0.00222217
8.09397e-10 0.00221928 0.0022824
8.09499e-10 0.00222605 0.00234376
8.096e-10 0.00223276 0.00240625
8.09701e-10 0.00223942 0.00246989
8.09803e-10 0.00224602 0.0025347
8.09904e-10 0.00225256 0.00260069
8.10005e-10 0.00225903 0.00266786
8.10106e-10 0.00226544 0.00273625
8.10208e-10 0.00227179 0.00280585
8.10309e-10 0.00227806 0.00287669
8.1041e-10 0.00228427 0.00294877
8.10511e-10 0.0022904 0.00302212
8.10613e-10 0.00229646 0.00309675
8.10714e-10 0.00230244 0.00317266
8.10815e-10 0.00230835 0.00324989
8.10916e-10 0.00231417 0.00332843
8.11018e-10 0.00231991 0.00340831
8.11119e-10 0.00232557 0.00348955
8.1122e-10 0.00233114 0.00357215
8.11322e-10 0.00233662 0.00365613
8.11423e-10 0.00234202 0.00374151
8.11524e-10 0.00234731 0.0038283
8.11625e-10 0.00235252 0.00391652
8.11727e-10 0.00235762 0.00400618
8.11828e-10 0.00236263 0.0040973
8.11929e-10 0.00236754 0.0041899
8.1203e-10 0.00237234 0.00428399
8.12132e-10 0.00237704 0.00437958
8.12233e-10 0.00238163 0.0044767
8.12334e-10 0.00238611 0.00457536
8.12436e-10 0.00239048 0.00467558
8.12537e-10 0.00239473 0.00477737
8.12638e-10 0.00239887 0.00488074
8.12739e-10 0.00240289 0.00498572
8.12841e-10 0.00240678 0.00509233
8.12942e-10 0.00241056 0.00520057
8.13043e-10 0.00241421 0.00531048
8.13144e-10 0.00241773 0.00542205
8.13246e-10 0.00242112 0.00553531
8.13347e-10 0.00242437 0.00565029
8.13448e-10 0.0024275 0.00576698
8.1355e-10 0.00243048 0.00588542
8.13651e-10 0.00243333 0.00600562
8.13752e-10 0.00243604 0.0061276
8.13853e-10 0.0024386 0.00625137
8.13955e-10 0.00244102 0.00637695
8.14056e-10 0.00244329 0.00650437
8.14157e-10 0.0024454 0.00663363
8.14258e-10 0.00244737 0.00676476
8.1436e-10 0.00244918 0.00689777
8.14461e-10 0.00245083 0.00703269
8.14562e-10 0.00245233 0.00716953
8.14663e-10 0.00245366 0.0073083
8.14765e-10 0.00245482 0.00744904
8.14866e-10 0.00245583 0.00759174
8.14967e-10 0.00245666 0.00773645
8.15069e-10 0.00245732 0.00788316
8.1517e-10 0.00245781 0.00803191
8.15271e-10 0.00245812 0.0081827
8.15372e-10 0.00245826 0.00833557
8.15474e-10 0.00245822 0.00849052
8.15575e-10 0.00245799 0.00864758
8.15676e-10 0.00245758 0.00880676
8.15777e-10 0.00245699 0.00896809
8.15879e-10 0.00245621 0.00913158
8.1598e-10 0.00245523 0.00929725
8.16081e-10 0.00245407 0.00946512
8.16183e-10 0.00245271 0.00963521
8.16284e-10 0.00245115 0.00980754
8.16385e-10 0.0024494 0.00998212
8.16486e-10 0.00244744 0.010159
8.16588e-10 0.00244529 0.0103381
8.16689e-10 0.00244293 0.0105196
8.1679e-10 0.00244036 0.0107034
8.16891e-10 0.00243758 0.0108896
8.16993e-10 0.0024346 0.0110781
8.17094e-10 0.0024314 0.0112691
8.17195e-10 0.00242799 0.0114624
8.17296e-10 0.00242437 0.0116582
8.17398e-10 0.00242052 0.0118564
8.17499e-10 0.00241646 0.012057
8.176e-10 0.00241218 0.0122602
8.17702e-10 0.00240768 0.0124659
8.17803e-10 0.00240295 0.0126741
8.17904e-10 0.002398 0.0128848
8.18005e-10 0.00239282 0.0130981
8.18107e-10 0.00238741 0.013314
8.18208e-10 0.00238178 0.0135325
8.18309e-10 0.00237591 0.0137536
8.1841e-10 0.00236982 0.0139774
8.18512e-10 0.00236349 0.0142038
8.18613e-10 0.00235692 0.0144328
8.18714e-10 0.00235012 0.0146646
8.18816e-10 0.00234309 0.0148991
8.18917e-10 0.00233581 0.0151363
8.19018e-10 0.0023283 0.0153762
8.19119e-10 0.00232055 0.0156189
8.19221e-10 0.00231256 0.0158644
8.19322e-10 0.00230433 0.0161127
8.19423e-10 0.00229586 0.0163638
8.19524e-10 0.00228715 0.0166178
8.19626e-10 0.0022782 0.0168746
8.19727e-10 0.002269 0.0171343
8.19828e-10 0.00225956 0.0173968
8.1993e-10 0.00224988 0.0176623
8.20031e-10 0.00223995 0.0179306
8.20132e-10 0.00222978 0.018202
8.20233e-10 0.00221936 0.0184762
8.20335e-10 0.00220871 0.0187534
8.20436e-10 0.00219781 0.0190336
8.20537e-10 0.00218666 0.0193169
8.20638e-10 0.00217527 0.0196031
8.2074e-10 0.00216365 0.0198923
8.20841e-10 0.00215177 0.0201846
8.20942e-10 0.00213966 0.0204799
8.21043e-10 0.00212731 0.0207783
8.21145e-10 0.00211472 0.0210798
8.21246e-10 0.00210188 0.0213844
8.21347e-10 0.00208881 0.0216921
8.21449e-10 0.00207551 0.0220029
8.2155e-10 0.00206197 0.0223168
8.21651e-10 0.00204819 0.0226339
8.21752e-10 0.00203418 0.0229542
8.21854e-10 0.00201994 0.0232776
8.21955e-10 0.00200547 0.0236042
8.22056e-10 0.00199077 0.0239339
8.22157e-10 0.00197585 0.0242669
8.22259e-10 0.0019607 0.0246031
8.2236e-10 0.00194533 0.0249424
8.22461e-10 0.00192974 0.025285
8.22563e-10 0.00191394 0.0256309
8.22664e-10 0.00189792 0.0259799
8.22765e-10 0.00188168 0.0263322
8.22866e-10 0.00186524 0.0266878
8.22968e-10 0.00184859 0.0270466
8.23069e-10 0.00183174 0.0274086
8.2317e-10 0.00181469 0.027774
8.23271e-10 0.00179744 0.0281426
8.23373e-10 0.00177999 0.0285144
8.23474e-10 0.00176236 0.0288895
8.23575e-10 0.00174454 0.0292679
8.23677e-10 0.00172653 0.0296496
8.23778e-10 0.00170835 0.0300345
8.23879e-10 0.00168999 0.0304227
8.2398e-10 0.00167146 0.0308141
8.24082e-10 0.00165277 0.0312089
8.24183e-10 0.00163391 0.0316069
8.24284e-10 0.00161489 0.0320081
8.24385e-10 0.00159573 0.0324126
8.24487e-10 0.00157641 0.0328203
8.24588e-10 0.00155695 0.0332313
8.24689e-10 0.00153736 0.0336455
8.2479e-10 0.00151763 0.0340629
8.24892e-10 0.00149777 0.0344835
8.24993e-10 0.00147779 0.0349073
8.25094e-10 0.0014577 0.0353344
8.25196e-10 0.00143749 0.0357645
8.25297e-10 0.00141718 0.0361979
8.25398e-10 0.00139677 0.0366344
8.25499e-10 0.00137627 0.037074
8.25601e-10 0.00135569 0.0375167
8.25702e-10 0.00133502 0.0379625
8.25803e-10 0.00131428 0.0384114
8.25904e-10 0.00129347 0.0388633
8.26006e-10 0.00127261 0.0393182
8.26107e-10 0.00125169 0.0397762
8.26208e-10 0.00123072 0.0402371
8.2631e-10 0.00120971 0.0407009
8.26411e-10 0.00118868 0.0411677
8.26512e-10 0.00116761 0.0416374
8.26613e-10 0.00114653 0.0421099
8.26715e-10 0.00112544 0.0425852
8.26816e-10 0.00110435 0.0430634
8.26917e-10 0.00108327 0.0435443
8.27018e-10 0.00106219 0.0440279
8.2712e-10 0.00104114 0.0445142
8.27221e-10 0.00102011 0.0450031
8.27322e-10 0.000999122 0.0454946
8.27424e-10 0.000978177 0.0459886
8.27525e-10 0.000957284 0.0464852
8.27626e-10 0.000936452 0.0469842
8.27727e-10 0.000915687 0.0474856
8.27829e-10 0.000895 0.0479893
8.2793e-10 0.000874396 0.0484954
8.28031e-10 0.000853886 0.0490037
8.28132e-10 0.000833477 0.0495141
8.28234e-10 0.000813177 0.0500267
8.28335e-10 0.000792994 0.0505414
8.28436e-10 0.000772937 0.051058
8.28537e-10 0.000753014 0.0515766
8.28639e-10 0.000733232 0.0520971
8.2874e-10 0.000713601 0.0526193
8.28841e-10 0.000694128 0.0531433
8.28943e-10 0.000674822 0.0536689
8.29044e-10 0.00065569 0.054196
8.29145e-10 0.00063674 0.0547247
8.29246e-10 0.00061798 0.0552547
8.29348e-10 0.000599419 0.0557861
8.29449e-10 0.000581063 0.0563187
8.2955e-10 0.00056292 0.0568525
8.29651e-10 0.000544998 0.0573873
8.29753e-10 0.000527305 0.0579231
8.29854e-10 0.000509847 0.0584597
8.29955e-10 0.000492632 0.0589971
8.30057e-10 0.000475666 0.0595351
8.30158e-10 0.000458957 0.0600737
8.30259e-10 0.000442512 0.0606128
8.3036e-10 0.000426336 0.0611521
8.30462e-10 0.000410436 0.0616917
8.30563e-10 0.000394819 0.0622315
8.30664e-10 0.00037949 0.0627711
8.30765e-10 0.000364455 0.0633107
8.30867e-10 0.000349719 0.06385
8.30968e-10 0.000335289 0.0643889
8.31069e-10 0.000321169 0.0649273
8.31171e-10 0.000307364 0.0654651
8.31272e-10 0.000293878 0.066002
8.31373e-10 0.000280716 0.0665381
8.31474e-10 0.000267883 0.067073
8.31576e-10 0.000255382 0.0676068
8.31677e-10 0.000243216 0.0681392
8.31778e-10 0.000231389 0.0686701
8.31879e-10 0.000219905 0.0691993
8.31981e-10 0.000208766 0.0697267
8.32082e-10 0.000197974 0.0702521
8.32183e-10 0.000187532 0.0707754
8.32284e-10 0.000177442 0.0712963
8.32386e-10 0.000167706 0.0718148
8.32487e-10 0.000158325 0.0723306
8.32588e-10 0.0001493 0.0728436
8.3269e-10 0.000140633 0.0733536
8.32791e-10 0.000132324 0.0738603
8.32892e-10 0.000124373 0.0743637
8.32993e-10 0.000116782 0.0748636
8.33095e-10 0.000109549 0.0753596
8.33196e-10 0.000102674 0.0758518
8.33297e-10 9.61586e-05 0.0763397
8.33398e-10 9.00005e-05 0.0768234
8.335e-10 8.41995e-05 0.0773025
8.33601e-10 7.87548e-05 0.0777768
8.33702e-10 7.36655e-05 0.0782461
8.33804e-10 6.89305e-05 0.0787103
8.33905e-10 6.45489e-05 0.0791691
8.34006e-10 6.05194e-05 0.0796223
8.34107e-10 5.6841e-05 0.0800697
8.34209e-10 5.35128e-05 0.080511
8.3431e-10 5.05337e-05 0.0809461
8.34411e-10 4.7903e-05 0.0813746
8.34512e-10 4.56201e-05 0.0817965
8.34614e-10 4.36845e-05 0.0822113
8.34715e-10 4.20961e-05 0.082619
8.34816e-10 4.08552e-05 0.0830193
8.34917e-10 3.99625e-05 0.0834119
8.35019e-10 3.94188e-05 0.0837966
8.3512e-10 3.9226e-05 0.0841731
8.35221e-10 3.93862e-05 0.0845413
8.35323e-10 3.99023e-05 0.0849008
8.35424e-10 4.07779e-05 0.0852515
8.35525e-10 4.20177e-05 0.085593
8.35626e-10 4.36269e-05 0.0859252
8.35728e-10 4.56121e-05 0.0862477
8.35829e-10 4.79809e-05 0.0865604
8.3593e-10 5.0742e-05 0.0868629
8.36031e-10 5.39057e-05 0.0871551
8.36133e-10 5.74835e-05 0.0874366
8.36234e-10 6.14887e-05 0.0877072
8.36335e-10 6.5936e-05 0.0879668
8.36437e-10 7.08421e-05 0.0882149
8.36538e-10 7.62257e-05 0.0884514
8.36639e-10 8.21075e-05 0.088676
8.3674e-10 8.85105e-05 0.0888885
8.36842e-10 9.54599e-05 0.0890886
8.36943e-10 0.000102984 0.089276
8.37044e-10 0.000111112 0.0894506
8.37145e-10 0.000119879 0.0896121
8.37247e-10 0.00012932 0.0897601
8.37348e-10 0.000139475 0.0898946
8.37449e-10 0.000150388 0.0900152
8.37551e-10 0.000162104 0.0901218
8.37652e-10 0.000174674 0.090214
8.37753e-10 0.000188151 0.0902916
8.37854e-10 0.000202595 0.0903545
8.37956e-10 0.000218067 0.0904024
8.38057e-10 0.000234634 0.0904351
8.38158e-10 0.000252369 0.0904524
8.38259e-10 0.000271347 0.090454
8.38361e-10 0.00029165 0.0904397
8.38462e-10 0.000313365 0.0904095
8.38563e-10 0.000336585 0.090363
8.38664e-10 0.000361407 0.0903001
8.38766e-10 0.000387936 0.0902206
8.38867e-10 0.000416281 0.0901243
8.38968e-10 0.000446559 0.090011
8.3907e-10 0.000478893 0.0898807
8.39171e-10 0.000513413 0.0897331
8.39272e-10 0.000550255 0.0895682
8.39373e-10 0.000589562 0.0893857
8.39475e-10 0.000631486 0.0891855
8.39576e-10 0.000676184 0.0889676
8.39677e-10 0.000723822 0.0887318
8.39778e-10 0.000774575 0.0884781
8.3988e-10 0.000828622 0.0882062
