7e-10 0.00209212 0.00915164
7.0162e-10 0.00260233 0.00276698
7.03241e-10 0.00302473 0.0020099
7.04861e-10 0.00282615 0.00477527
7.06481e-10 0.00222468 0.00703861
7.08102e-10 0.00171764 0.00651072
7.09722e-10 0.0015459 0.00386012
7.11342e-10 0.00158016 0.00131937
7.12963e-10 0.00156984 0.000504114
7.14583e-10 0.00140682 0.00131725
7.16203e-10 0.00117066 0.00246273
7.17824e-10 0.000993028 0.00274555
7.19444e-10 0.000921664 0.0019681
7.21064e-10 0.000903203 0.000842646
7.22684e-10 0.000861599 0.000223388
7.24305e-10 0.000772973 0.00040173
7.25925e-10 0.00067148 0.000990752
7.27545e-10 0.000601035 0.0013626
7.29166e-10 0.000571386 0.00118914
7.30786e-10 0.000557015 0.000647022
7.32406e-10 0.000528845 0.0001892
7.34027e-10 0.000481765 0.00013667
7.35647e-10 0.0004337 0.000439824
7.37267e-10 0.00040341 0.000770717
7.38888e-10 0.000392074 0.000824944
7.40508e-10 0.000385057 0.00056515
7.42128e-10 0.000368419 0.000219915
7.43749e-10 0.000342015 6.79937e-05
7.45369e-10 0.000317344 0.000204445
7.46989e-10 0.000304526 0.00047862
7.4861e-10 0.000302371 0.000638227
7.5023e-10 0.000300691 0.000545549
7.5185e-10 0.000291179 0.000284517
7.53471e-10 0.000275387 7.84104e-05
7.55091e-10 0.000262294 9.6366e-05
7.56711e-10 0.000258702 0.000313218
7.58332e-10 0.00026242 0.000536236
7.59952e-10 0.000264812 0.000571504
7.61572e-10 0.000259749 0.000388537
7.63193e-10 0.000249784 0.000145796
7.64813e-10 0.000243429 5.63668e-05
7.66433e-10 0.000246362 0.000205983
7.68053e-10 0.000255471 0.00047627
7.69674e-10 0.000261832 0.00064048
7.71294e-10 0.000259816 0.000555706
7.72914e-10 0.000253187 0.000291516
7.74535e-10 0.00025175 8.18544e-05
7.76155e-10 0.000261427 0.000131338
7.77775e-10 0.000277609 0.000433196
7.79396e-10 0.00028903 0.00075724
7.81016e-10 0.000289157 0.00083279
7.82636e-10 0.000283918 0.00058551
7.84257e-10 0.000287077 0.00022657
7.85877e-10 0.000306479 9.91185e-05
7.87497e-10 0.0003345 0.000387583
7.89118e-10 0.00035369 0.000928907
7.90738e-10 0.000354246 0.00130799
7.92358e-10 0.000346602 0.00119555
7.93979e-10 0.000354365 0.000665294
7.95599e-10 0.000391006 0.000201483
7.97219e-10 0.000442177 0.000333297
7.9884e-10 0.000474665 0.00115528
8.0046e-10 0.000468985 0.00214758
8.0208e-10 0.000445731 0.00252537
8.03701e-10 0.000454253 0.00191674
8.05321e-10 0.000524965 0.000821034
8.06941e-10 0.000627751 0.000367119
8.08562e-10 0.000685743 0.00141365
8.10182e-10 0.000647738 0.00365502
8.11802e-10 0.00055706 0.00557881
8.13422e-10 0.000536507 0.00557049
8.15043e-10 0.000675348 0.00346957
8.16663e-10 0.000911353 0.00122909
8.18283e-10 0.00104203 0.00173801
8.19904e-10 0.000901879 0.0063094
8.21524e-10 0.000565494 0.0128151
8.23144e-10 0.000354721 0.0165572
8.24765e-10 0.000575889 0.0140726
8.26385e-10 0.00119936 0.00721366
8.28005e-10 0.00181854 0.00346423
8.29626e-10 0.00197465 0.0105772
8.31246e-10 0.00152156 0.0286823
8.32866e-10 0.000688676 0.0471
8.34487e-10 6.31934e-05 0.0513247
8.36107e-10 0.00101662 0.0369458
8.37727e-10 0.00600878 0.0179328
8.39348e-10 0.0166383 0.017514
8.40968e-10 0.0290838 0.0455013
8.42588e-10 0.03304 0.0842286
8.44209e-10 0.0220993 0.102582
8.45829e-10 0.00835091 0.0870055
8.47449e-10 0.0165241 0.0534631
8.4907e-10 0.0540768 0.0263276
8.5069e-10 0.097953 0.0146973
8.5231e-10 0.119363 0.0131179
8.53931e-10 0.106805 0.0130251
8.55551e-10 0.0675068 0.00930625
8.57171e-10 0.0248329 0.00372031
8.58791e-10 0.00229065 0.000661639
8.60412e-10 0.00452885 0.00011571
8.62032e-10 0.0246987 0.000560843
8.63652e-10 0.0535063 0.00278639
8.65273e-10 0.0732323 0.00676536
8.66893e-10 0.0651458 0.0098857
8.68513e-10 0.0342209 0.00948928
8.70134e-10 0.0173272 0.00738356
8.71754e-10 0.0513193 0.0123489
8.73374e-10 0.127298 0.0330435
8.74995e-10 0.187493 0.0644242
8.76615e-10 0.17828 0.0855742
8.78235e-10 0.104634 0.0777301
8.79856e-10 0.0273889 0.0458704
8.81476e-10 0.00724792 0.0191158
8.83096e-10 0.052287 0.0259799
8.84717e-10 0.116152 0.0670516
8.86337e-10 0.142372 0.11173
8.87957e-10 0.111271 0.123529
8.89578e-10 0.0509147 0.0919874
8.91198e-10 0.00907943 0.0428622
8.92818e-10 0.0142334 0.0172145
8.94439e-10 0.0567177 0.0370017
8.96059e-10 0.100528 0.0864416
8.97679e-10 0.11225 0.124992
8.993e-10 0.0844985 0.121035
9.0092e-10 0.0391242 0.0779807
9.0254e-10 0.0106858 0.0310049
9.0416e-10 0.0222621 0.0174863
9.05781e-10 0.0688711 0.0462161
9.07401e-10 0.119211 0.0911323
9.09021e-10 0.136364 0.114137
9.10642e-10 0.105628 0.0968531
9.12262e-10 0.0495006 0.0542681
9.13882e-10 0.014714 0.0198002
9.15503e-10 0.0362176 0.0163534
9.17123e-10 0.105209 0.0390102
9.18743e-10 0.171108 0.0628624
9.20364e-10 0.181377 0.0663123
9.21984e-10 0.127255 0.0478141
9.23604e-10 0.0531042 0.0228657
9.25225e-10 0.018043 0.00762301
9.26845e-10 0.0442584 0.00610428
9.28465e-10 0.100392 0.0110134
9.30086e-10 0.133889 0.0135578
9.31706e-10 0.118324 0.010941
9.33326e-10 0.0704191 0.00593386
9.34947e-10 0.0262117 0.00204531
9.36567e-10 0.00652153 0.000374147
9.38187e-10 0.00591517 5.89674e-05
9.39808e-10 0.00851257 7.04676e-05
9.41428e-10 0.00665575 4.15698e-05
9.43048e-10 0.00296608 6.52823e-06
9.44669e-10 0.000829397 7.30035e-07
9.46289e-10 0.000324017 4.05915e-06
9.47909e-10 0.00386904 0.000112486
9.49529e-10 0.0189665 0.000655641
9.5115e-10 0.0486247 0.00193679
9.5277e-10 0.0795923 0.00357963
9.5439e-10 0.0875628 0.00431959
9.56011e-10 0.0614875 0.00326955
9.57631e-10 0.0232163 0.00197151
9.59251e-10 0.0159771 0.00446977
9.60872e-10 0.064867 0.0136656
9.62492e-10 0.145853 0.0266788
9.64112e-10 0.198519 0.0349127
9.65733e-10 0.177506 0.031076
9.67353e-10 0.0968263 0.017663
9.68973e-10 0.0231644 0.00772934
9.70594e-10 0.020277 0.0147578
9.72214e-10 0.0931551 0.0394352
9.73834e-10 0.182413 0.0661049
9.75455e-10 0.214452 0.0742515
9.77075e-10 0.163382 0.0564392
9.78695e-10 0.0714933 0.0267672
9.80316e-10 0.0124585 0.0109403
9.81936e-10 0.0304391 0.0250607
9.83556e-10 0.106223 0.0610072
9.85177e-10 0.17601 0.0916674
9.86797e-10 0.184222 0.0926717
9.88417e-10 0.126303 0.0628419
9.90038e-10 0.0490711 0.0259918
9.91658e-10 0.0117544 0.0120125
9.93278e-10 0.0403621 0.0325646
9.94898e-10 0.110021 0.0714335
9.96519e-10 0.166199 0.0975952
9.98139e-10 0.166563 0.0902802
