7e-10 0.0154348 0.00158044
7.0162e-10 0.0141209 0.00216106
7.03241e-10 0.0127328 0.00265254
7.04861e-10 0.0113626 0.0030375
7.06481e-10 0.0100683 0.0033159
7.08102e-10 0.00888197 0.00349691
7.09722e-10 0.00781761 0.00359379
7.11342e-10 0.00687737 0.00362092
7.12963e-10 0.00605605 0.00359213
7.14583e-10 0.00534434 0.00351985
7.16203e-10 0.00473105 0.00341481
7.17824e-10 0.00420448 0.00328598
7.19444e-10 0.00375329 0.00314069
7.21064e-10 0.00336697 0.00298485
7.22684e-10 0.00303606 0.00282309
7.24305e-10 0.00275224 0.00265901
7.25925e-10 0.0025083 0.00249536
7.27545e-10 0.00229805 0.0023342
7.29166e-10 0.00211624 0.002177
7.30786e-10 0.00195842 0.00202483
7.32406e-10 0.00182089 0.0018784
7.34027e-10 0.00170052 0.00173814
7.35647e-10 0.00159473 0.00160429
7.37267e-10 0.00150135 0.00147693
7.38888e-10 0.00141859 0.00135603
7.40508e-10 0.00134499 0.00124148
7.42128e-10 0.00127932 0.0011331
7.43749e-10 0.00122056 0.00103069
7.45369e-10 0.0011679 0.000934025
7.46989e-10 0.00112064 0.000842865
7.4861e-10 0.00107824 0.000756975
7.5023e-10 0.00104025 0.000676129
7.5185e-10 0.00100629 0.000600119
7.53471e-10 0.000976081 0.000528753
7.55091e-10 0.000949392 0.00046187
7.56711e-10 0.000926048 0.000399333
7.58332e-10 0.00090592 0.000341044
7.59952e-10 0.000888919 0.000286939
7.61572e-10 0.00087499 0.000236998
7.63193e-10 0.000864108 0.000191247
7.64813e-10 0.00085628 0.000149764
7.66433e-10 0.000851533 0.000112687
7.68053e-10 0.00084992 8.02186e-05
7.69674e-10 0.000851515 5.26375e-05
7.71294e-10 0.000856413 3.03068e-05
7.72914e-10 0.000864724 1.3688e-05
7.74535e-10 0.00087658 3.35504e-06
7.76155e-10 0.000892124 1.2886e-08
7.77775e-10 0.000911516 4.51843e-06
7.79396e-10 0.000934927 1.79064e-05
7.81016e-10 0.000962538 4.14199e-05
7.82636e-10 0.000994533 7.65477e-05
7.84257e-10 0.0010311 0.000125068
7.85877e-10 0.00107242 0.000189103
7.87497e-10 0.00111867 0.000271181
7.89118e-10 0.00117 0.000374317
7.90738e-10 0.00122651 0.000502102
7.92358e-10 0.00128829 0.00065882
7.93979e-10 0.00135532 0.000849583
7.95599e-10 0.00142751 0.0010805
7.97219e-10 0.00150465 0.00135886
7.9884e-10 0.00158635 0.00169341
8.0046e-10 0.00167202 0.00209462
8.0208e-10 0.00176083 0.00257505
8.03701e-10 0.00185159 0.00314979
8.05321e-10 0.00194273 0.00383696
8.06941e-10 0.00203218 0.00465837
8.08562e-10 0.00211726 0.00564028
8.10182e-10 0.00219463 0.00681425
8.11802e-10 0.00226013 0.00821828
8.13422e-10 0.00230873 0.00989798
8.15043e-10 0.00233448 0.011908
8.16663e-10 0.00233052 0.0143137
8.18283e-10 0.00228929 0.0171925
8.19904e-10 0.0022029 0.0206356
8.21524e-10 0.00206389 0.0247494
8.23144e-10 0.00186645 0.0296553
8.24765e-10 0.00160846 0.0354889
8.26385e-10 0.00129435 0.0423953
8.28005e-10 0.000939245 0.05052
8.29626e-10 0.000574165 0.059992
8.31246e-10 0.000252003 0.0708942
8.32866e-10 5.28824e-05 0.0832177
8.34487e-10 8.60201e-05 0.0967937
8.36107e-10 0.000483007 0.111201
8.37727e-10 0.00137522 0.125653
8.39348e-10 0.00284796 0.138893
8.40968e-10 0.00486999 0.149141
8.42588e-10 0.00721538 0.154201
8.44209e-10 0.0094246 0.151828
8.45829e-10 0.0108767 0.14045
8.47449e-10 0.0110186 0.120097
8.4907e-10 0.00968132 0.0931106
8.5069e-10 0.00726173 0.0639647
8.5231e-10 0.00455802 0.0378477
8.53931e-10 0.00232763 0.018573
8.55551e-10 0.000920823 0.00714953
8.57171e-10 0.000252613 0.00197469
8.58791e-10 3.21785e-05 0.000341775
8.60412e-10 7.45059e-06 5.82537e-05
8.62032e-10 7.82618e-05 0.00016417
8.63652e-10 0.000288769 0.000609887
8.65273e-10 0.000804848 0.0015126
8.66893e-10 0.00192688 0.00269905
8.68513e-10 0.00406209 0.00374432
8.70134e-10 0.00759498 0.00424994
8.71754e-10 0.0127225 0.0040519
8.73374e-10 0.0193658 0.00325137
8.74995e-10 0.0271979 0.00212614
8.76615e-10 0.0357453 0.00101561
8.78235e-10 0.0445029 0.000234563
8.79856e-10 0.0530194 2.92153e-05
8.81476e-10 0.0609436 0.000566361
8.83096e-10 0.0680389 0.0019413
8.84717e-10 0.0741764 0.00419315
8.86337e-10 0.0793204 0.0073206
8.87957e-10 0.0835109 0.0112949
8.89578e-10 0.0868492 0.0160691
8.91198e-10 0.0894865 0.0215836
8.92818e-10 0.0916173 0.0277692
8.94439e-10 0.0934744 0.0345466
8.96059e-10 0.0953276 0.0418258
8.97679e-10 0.0974816 0.0495033
8.993e-10 0.100274 0.0574582
9.0092e-10 0.104072 0.0655497
9.0254e-10 0.109261 0.0736127
9.0416e-10 0.116232 0.0814559
9.05781e-10 0.125359 0.0888601
9.07401e-10 0.136966 0.0955795
9.09021e-10 0.151284 0.101346
9.10642e-10 0.168396 0.105877
9.12262e-10 0.188182 0.10889
9.13882e-10 0.210246 0.110118
9.15503e-10 0.233867 0.109337
9.17123e-10 0.257954 0.106397
9.18743e-10 0.28105 0.101244
9.20364e-10 0.30138 0.0939597
9.21984e-10 0.316966 0.0847746
9.23604e-10 0.325822 0.0740797
9.25225e-10 0.326199 0.0624115
9.26845e-10 0.316874 0.0504141
9.28465e-10 0.297415 0.0387774
9.30086e-10 0.268377 0.028155
9.31706e-10 0.231362 0.0190778
9.33326e-10 0.188924 0.011879
9.34947e-10 0.144301 0.00664976
9.36567e-10 0.101039 0.00323974
9.38187e-10 0.0625706 0.00130602
9.39808e-10 0.0318342 0.000401884
9.41428e-10 0.0110004 8.44378e-05
9.43048e-10 0.00133451 1.43154e-05
9.44669e-10 0.00318395 2.28609e-05
9.46289e-10 0.016057 0.000131786
9.47909e-10 0.038751 0.000524243
9.49529e-10 0.069502 0.00147941
9.5115e-10 0.106141 0.00329083
9.5277e-10 0.146258 0.00619007
9.5439e-10 0.187374 0.0102922
9.56011e-10 0.227114 0.0155711
9.57631e-10 0.263366 0.0218648
9.59251e-10 0.29442 0.0289026
9.60872e-10 0.319049 0.0363455
9.62492e-10 0.336548 0.0438297
9.64112e-10 0.346711 0.0510048
9.65733e-10 0.349777 0.0575633
9.67353e-10 0.346333 0.0632593
9.68973e-10 0.33722 0.0679166
9.70594e-10 0.323424 0.0714288
9.72214e-10 0.305995 0.0737532
9.73834e-10 0.285964 0.0749016
9.75455e-10 0.264294 0.0749287
9.77075e-10 0.241841 0.0739219
9.78695e-10 0.219336 0.0719902
9.80316e-10 0.197373 0.069256
9.81936e-10 0.176412 0.0658478
9.83556e-10 0.15679 0.0618948
9.85177e-10 0.138731 0.0575229
9.86797e-10 0.122361 0.0528517
9.88417e-10 0.107722 0.0479931
9.90038e-10 0.0947889 0.04305
9.91658e-10 0.0834821 0.0381157
9.93278e-10 0.0736806 0.0332744
9.94898e-10 0.0652337 0.0286005
9.96519e-10 0.0579714 0.0241591
9.98139e-10 0.0517136 0.0200064
