6.9e-10 0.00215563 0.0274535
6.90101e-10 0.00204462 0.0284099
6.90203e-10 0.00177323 0.0284033
6.90304e-10 0.00150826 0.0272212
6.90405e-10 0.00140746 0.0255653
6.90506e-10 0.00150057 0.0244833
6.90608e-10 0.00167102 0.0245517
6.90709e-10 0.00174904 0.0254468
6.9081e-10 0.00164176 0.0262211
6.90911e-10 0.00140083 0.0260514
6.91013e-10 0.0011783 0.024867
6.91114e-10 0.00110804 0.0233797
6.91215e-10 0.00120509 0.0225127
6.91317e-10 0.00135847 0.0226857
6.91418e-10 0.00141969 0.0235106
6.91519e-10 0.00131635 0.0241153
6.9162e-10 0.00110411 0.0238278
6.91722e-10 0.000919743 0.0226828
6.91823e-10 0.000874652 0.0213706
6.91924e-10 0.000971559 0.020687
6.92025e-10 0.00110664 0.0209224
6.92127e-10 0.00115212 0.0216586
6.92228e-10 0.00105377 0.0221132
6.92329e-10 0.000868887 0.0217487
6.9243e-10 0.000718487 0.0206726
6.92532e-10 0.000693268 0.0195313
6.92633e-10 0.000786387 0.0189987
6.92734e-10 0.000902693 0.0192628
6.92836e-10 0.000934253 0.0199022
6.92937e-10 0.000842294 0.0202292
6.93038e-10 0.000683415 0.0198219
6.93139e-10 0.000562705 0.0188332
6.93241e-10 0.000552369 0.0178519
6.93342e-10 0.0006388 0.0174397
6.93443e-10 0.000736713 0.0177073
6.93544e-10 0.000756635 0.0182492
6.93646e-10 0.000672414 0.0184717
6.93747e-10 0.000537897 0.0180487
6.93848e-10 0.000442606 0.017157
6.9395e-10 0.000442714 0.0163208
6.94051e-10 0.000520446 0.0160024
6.94152e-10 0.000601058 0.0162558
6.94253e-10 0.000611784 0.0167046
6.94355e-10 0.000536329 0.0168438
6.94456e-10 0.000424213 0.0164255
6.94557e-10 0.000350228 0.0156337
6.94658e-10 0.00035705 0.0149264
6.9476e-10 0.000424942 0.0146792
6.94861e-10 0.000489846 0.0149072
6.94962e-10 0.000493713 0.0152702
6.95064e-10 0.000427608 0.0153448
6.95165e-10 0.000335682 0.0149454
6.95266e-10 0.000279201 0.0142517
6.95367e-10 0.000289782 0.013657
6.95469e-10 0.000347451 0.0134632
6.9557e-10 0.00039851 0.0136593
6.95671e-10 0.000397575 0.0139456
6.95772e-10 0.000340941 0.0139712
6.95874e-10 0.000266865 0.0135996
6.95975e-10 0.000224516 0.012999
6.96076e-10 0.000236658 0.0125017
6.96177e-10 0.000284309 0.0123474
6.96279e-10 0.00032346 0.0125093
6.9638e-10 0.000319402 0.0127281
6.96481e-10 0.000271958 0.0127172
6.96583e-10 0.000213388 0.0123783
6.96684e-10 0.000182286 0.0118637
6.96785e-10 0.000194468 0.0114501
6.96886e-10 0.000232727 0.0113252
6.96988e-10 0.000261834 0.0114532
6.97089e-10 0.000255933 0.0116137
6.9719e-10 0.00021708 0.0115759
6.97291e-10 0.000171769 0.0112712
6.97393e-10 0.000149532 0.0108345
6.97494e-10 0.000160802 0.0104927
6.97595e-10 0.000190556 0.0103901
6.97697e-10 0.000211321 0.0104865
6.97798e-10 0.000204478 0.0105973
6.97899e-10 0.000173402 0.0105396
6.98e-10 0.000139272 0.0102683
6.98102e-10 0.000123983 0.00990097
6.98203e-10 0.000133841 0.00962071
6.98304e-10 0.000156117 0.00953595
6.98405e-10 0.00017003 0.0096042
6.98507e-10 0.000162824 0.00967306
6.98608e-10 0.000138578 0.00960051
6.98709e-10 0.000113761 0.00936012
6.9881e-10 0.000103922 0.00905343
6.98912e-10 0.000112203 0.00882611
6.99013e-10 0.000128077 0.00875638
6.99114e-10 0.000136406 0.00880089
6.99216e-10 0.000129152 0.00883489
6.99317e-10 0.000110738 0.0087508
6.99418e-10 9.35844e-05 0.00853768
6.99519e-10 8.8048e-05 0.00828321
6.99621e-10 9.48276e-05 0.00810144
6.99722e-10 0.000105356 0.00804536
6.99823e-10 0.00010916 0.00807093
6.99924e-10 0.000101979 0.00807644
7.00026e-10 8.83952e-05 0.00798304
7.00127e-10 7.74745e-05 0.00779291
7.00228e-10 7.53734e-05 0.00758251
7.0033e-10 8.08807e-05 0.0074399
7.00431e-10 8.7066e-05 0.00739699
7.00532e-10 8.72219e-05 0.00740857
7.00633e-10 8.00974e-05 0.00739143
7.00735e-10 7.03838e-05 0.00729025
7.00836e-10 6.44605e-05 0.00711852
7.00937e-10 6.51441e-05 0.00694442
7.01038e-10 6.96983e-05 0.00683528
7.0114e-10 7.24665e-05 0.00680554
7.01241e-10 6.96997e-05 0.00680811
7.01342e-10 6.25338e-05 0.00677373
7.01444e-10 5.57935e-05 0.00666591
7.01545e-10 5.38045e-05 0.00650803
7.01646e-10 5.67796e-05 0.00636285
7.01747e-10 6.07394e-05 0.00628193
7.01849e-10 6.09323e-05 0.00626555
7.0195e-10 5.58507e-05 0.00626386
7.02051e-10 4.85044e-05 0.00621738
7.02152e-10 4.39204e-05 0.006104
7.02254e-10 4.49479e-05 0.00595569
7.02355e-10 4.98294e-05 0.00583249
7.02456e-10 5.35556e-05 0.00577481
7.02557e-10 5.19297e-05 0.00577183
7.02659e-10 4.50542e-05 0.00577032
7.0276e-10 3.73819e-05 0.00571666
7.02861e-10 3.42252e-05 0.00559899
7.02963e-10 3.74715e-05 0.00545648
7.03064e-10 4.39416e-05 0.00534877
7.03165e-10 4.77697e-05 0.00530942
7.03266e-10 4.49987e-05 0.00531955
7.03368e-10 3.6789e-05 0.00532215
7.03469e-10 2.86649e-05 0.00526607
7.0357e-10 2.62984e-05 0.00514574
7.03671e-10 3.10646e-05 0.00500594
7.03773e-10 3.8841e-05 0.0049078
7.03874e-10 4.30612e-05 0.00488186
7.03975e-10 3.97394e-05 0.00490425
7.04077e-10 3.06151e-05 0.00491426
7.04178e-10 2.19517e-05 0.00486032
7.04279e-10 1.98325e-05 0.00473943
7.0438e-10 2.55014e-05 0.00460014
7.04482e-10 3.43138e-05 0.00450627
7.04583e-10 3.91567e-05 0.00448878
7.04684e-10 3.58022e-05 0.00452191
7.04785e-10 2.61569e-05 0.00454186
7.04887e-10 1.69186e-05 0.00449434
7.04988e-10 1.45988e-05 0.00437553
7.05089e-10 2.06233e-05 0.00423551
7.05191e-10 3.01974e-05 0.0041414
7.05292e-10 3.58242e-05 0.00412744
7.05393e-10 3.28796e-05 0.00416904
7.05494e-10 2.30898e-05 0.00420048
7.05596e-10 1.33011e-05 0.00416329
7.05697e-10 1.0429e-05 0.00404967
7.05798e-10 1.63252e-05 0.00390878
7.05899e-10 2.6373e-05 0.00381086
7.06001e-10 3.2869e-05 0.00379561
7.06102e-10 3.07009e-05 0.00384266
7.06203e-10 2.11291e-05 0.00388609
7.06304e-10 1.08776e-05 0.00386253
7.06406e-10 7.19873e-06 0.0037576
7.06507e-10 1.25443e-05 0.00361682
7.06608e-10 2.2761e-05 0.0035126
7.0671e-10 3.01321e-05 0.00349157
7.06811e-10 2.90281e-05 0.00354037
7.06912e-10 2.00209e-05 0.00359513
7.07013e-10 9.45676e-06 0.00358771
7.07115e-10 4.81421e-06 0.00349515
7.07216e-10 9.25045e-06 0.00335653
7.07317e-10 1.93165e-05 0.00324479
7.07418e-10 2.74894e-05 0.00321404
7.0752e-10 2.76544e-05 0.00326038
7.07621e-10 1.95359e-05 0.0033246
7.07722e-10 8.86644e-06 0.00333481
7.07824e-10 3.20082e-06 0.00325823
7.07925e-10 6.438e-06 0.00312479
7.08026e-10 1.60263e-05 0.00300564
7.08127e-10 2.48514e-05 0.00296206
7.08229e-10 2.64035e-05 0.00300145
7.0833e-10 1.94653e-05 0.0030721
7.08431e-10 8.94551e-06 0.00310023
7.08532e-10 2.29281e-06 0.00304283
7.08634e-10 4.11729e-06 0.00291833
7.08735e-10 1.29048e-05 0.0027933
7.08836e-10 2.21636e-05 0.00273487
7.08938e-10 2.51301e-05 0.00276289
7.09039e-10 1.96188e-05 0.0028359
7.0914e-10 9.53782e-06 0.00288085
7.09241e-10 2.02467e-06 0.00284511
7.09343e-10 2.30675e-06 0.00273374
7.09444e-10 9.98947e-06 0.0026057
7.09545e-10 1.94055e-05 0.00253178
7.09646e-10 2.37219e-05 0.00254443
7.09748e-10 1.98249e-05 0.00261497
7.09849e-10 1.04888e-05 0.0026742
7.0995e-10 2.32404e-06 0.00266148
7.10051e-10 1.02481e-06 0.00256749
7.10153e-10 7.33503e-06 0.00244049
7.10254e-10 1.65896e-05 0.00235197
7.10355e-10 2.21017e-05 0.00234611
7.10457e-10 1.99331e-05 0.00240893
7.10558e-10 1.16442e-05 0.0024785
7.10659e-10 3.10638e-06 0.00248876
7.1076e-10 2.81972e-07 0.00241596
7.10862e-10 5.00702e-06 0.00229495
7.10963e-10 1.37588e-05 0.00219432
7.11064e-10 2.02284e-05 0.00216809
7.11165e-10 1.98174e-05 0.00221799
7.11267e-10 1.28519e-05 0.00229275
7.11368e-10 4.27169e-06 0.00232432
7.11469e-10 7.35161e-08 0.0022756
7.11571e-10 3.07365e-06 0.00216597
7.11672e-10 1.09817e-05 0.00205731
7.11773e-10 1.80991e-05 0.00201044
7.11874e-10 1.9381e-05 0.0020428
7.11976e-10 1.39657e-05 0.00211674
7.12077e-10 5.70369e-06 0.00216625
7.12178e-10 3.73134e-07 0.00214311
7.12279e-10 1.597e-06 0.00205018
7.12381e-10 8.34649e-06 0.00193886
7.12482e-10 1.57476e-05 0.00187294
7.12583e-10 1.85613e-05 0.00188426
7.12684e-10 1.4851e-05 0.00195101
7.12786e-10 7.2718e-06 0.00201345
7.12887e-10 1.12834e-06 0.00201563
7.12988e-10 6.23924e-07 0.00194401
7.1309e-10 5.95235e-06 0.0018363
7.13191e-10 1.32423e-05 0.00175483
7.13292e-10 1.73336e-05 0.00174326
7.13393e-10 1.53927e-05 0.00179671
7.13495e-10 8.83591e-06 0.00186576
7.13596e-10 2.25826e-06 0.00189098
7.13697e-10 1.77295e-07 0.00184398
7.13798e-10 3.89945e-06 0.00174645
7.139e-10 1.06809e-05 0.00165468
7.14001e-10 1.57144e-05 0.0016204
7.14102e-10 1.55032e-05 0.00165538
7.14204e-10 1.0254e-05 0.0017239
7.14305e-10 3.65454e-06 0.00176787
7.14406e-10 2.48686e-07 0.00174692
7.14507e-10 2.27752e-06 0.00166574
7.14609e-10 8.18168e-06 0.00157028
7.1471e-10 1.37611e-05 0.00151571
7.14811e-10 1.51307e-05 0.00152865
7.14912e-10 1.13921e-05 0.00158939
7.15014e-10 5.18574e-06 0.00164602
7.15115e-10 7.93447e-07 0.00165031
7.15216e-10 1.1542e-06 0.00159046
7.15318e-10 5.87311e-06 0.00149865
7.15419e-10 1.15689e-05 0.0014284
7.1552e-10 1.42654e-05 0.00141791
7.15621e-10 1.21356e-05 0.0014643
7.15723e-10 6.70542e-06 0.00152622
7.15824e-10 1.72928e-06 0.00155253
7.15925e-10 5.64422e-07 0.00151712
7.16026e-10 3.88029e-06 0.00143623
7.16128e-10 9.26374e-06 0.00135674
7.16229e-10 1.29434e-05 0.00132394
7.1633e-10 1.24013e-05 0.00135091
7.16431e-10 8.06368e-06 0.00141022
7.16533e-10 2.93916e-06 0.0014531
7.16634e-10 5.02082e-07 0.0014428
7.16735e-10 2.31067e-06 0.00137914
7.16837e-10 6.9912e-06 0.00129801
7.16938e-10 1.12461e-05 0.00124659
7.17039e-10 1.21474e-05 0.00125132
7.1714e-10 9.12113e-06 0.0013005
7.17242e-10 4.27896e-06 0.00135278
7.17343e-10 9.1563e-07 0.00136554
7.17444e-10 1.23996e-06 0.00132355
7.17545e-10 4.90192e-06 0.00124868
7.17647e-10 9.29493e-06 0.00118458
7.17748e-10 1.13815e-05 0.00116698
7.17849e-10 9.76402e-06 0.00119988
7.17951e-10 5.58981e-06 0.00125345
7.18052e-10 1.7088e-06 0.00128462
7.18153e-10 7.00263e-07 0.0012662
7.18254e-10 3.13483e-06 0.00120471
7.18356e-10 7.24085e-06 0.00113544
7.18457e-10 1.01628e-05 0.00109828
7.18558e-10 9.91851e-06 0.00111102
7.18659e-10 6.71412e-06 0.00115789
7.18761e-10 2.74729e-06 0.00120071
7.18862e-10 6.72465e-07 0.00120482
7.18963e-10 1.7998e-06 0.00116206
7.19065e-10 5.24864e-06 0.00109571
7.19166e-10 8.59914e-06 0.00104435
7.19267e-10 9.56186e-06 0.00103591
7.19368e-10 7.5137e-06 0.00106932
7.1947e-10 3.87143e-06 0.00111579
7.19571e-10 1.08448e-06 0.00113849
7.19672e-10 9.62323e-07 0.00111718
7.19773e-10 3.478e-06 0.00106125
7.19875e-10 6.83686e-06 0.00100291
7.19976e-10 8.72826e-06 0.000975374
7.20077e-10 7.88765e-06 0.000990835
7.20178e-10 4.914e-06 0.00103286
7.2028e-10 1.81679e-06 0.00106785
7.20381e-10 6.32623e-07 0.00106761
7.20482e-10 2.06324e-06 0.00102787
7.20584e-10 5.04463e-06 0.000970548
7.20685e-10 7.50756e-06 0.00092878
7.20786e-10 7.78704e-06 0.000924776
7.20887e-10 5.72107e-06 0.000955445
7.20989e-10 2.71536e-06 0.000994983
7.2109e-10 7.61647e-07 0.00101237
7.21191e-10 1.09461e-06 0.000991871
7.21292e-10 3.39233e-06 0.000943071
7.21394e-10 6.03591e-06 0.000893972
7.21495e-10 7.2236e-06 0.000872203
7.21596e-10 6.17315e-06 0.000886886
7.21698e-10 3.61104e-06 0.00092308
7.21799e-10 1.24554e-06 0.00095213
7.219e-10 6.04508e-07 0.000950764
7.22001e-10 2.02797e-06 0.000916205
7.22103e-10 4.47858e-06 0.000867504
7.22204e-10 6.2701e-06 0.000832565
7.22305e-10 6.203e-06 0.000829686
7.22406e-10 4.34301e-06 0.000855838
7.22508e-10 1.93903e-06 0.000889153
7.22609e-10 5.6164e-07 0.000903656
7.2271e-10 1.05609e-06 0.000886303
7.22812e-10 3.00691e-06 0.000845169
7.22913e-10 5.05116e-06 0.000803664
7.23014e-10 5.80654e-06 0.00078491
7.23115e-10 4.78282e-06 0.000796696
7.23217e-10 2.67651e-06 0.000826801
7.23318e-10 8.74969e-07 0.000851442
7.23419e-10 5.21759e-07 0.00085102
7.2352e-10 1.77263e-06 0.00082274
7.23622e-10 3.72485e-06 0.000781988
7.23723e-10 5.04417e-06 0.000751881
7.23824e-10 4.85454e-06 0.000748081
7.23925e-10 3.29795e-06 0.000768842
7.24027e-10 1.40807e-06 0.000796601
7.24128e-10 4.03596e-07 0.000809766
7.24229e-10 8.83998e-07 0.000796785
7.24331e-10 2.45762e-06 0.000763344
7.24432e-10 4.03093e-06 0.000728226
7.24533e-10 4.54703e-06 0.000710822
7.24634e-10 3.67517e-06 0.000718605
7.24736e-10 2.00219e-06 0.000742635
7.24837e-10 6.18264e-07 0.000763786
7.24938e-10 3.88462e-07 0.000765345
7.25039e-10 1.39633e-06 0.00074371
7.25141e-10 2.91643e-06 0.000710331
7.25242e-10 3.91495e-06 0.000683915
7.25343e-10 3.7335e-06 0.000678193
7.25445e-10 2.50436e-06 0.000693241
7.25546e-10 1.03655e-06 0.000715834
7.25647e-10 2.66011e-07 0.000728322
7.25748e-10 6.43077e-07 0.000720082
7.2585e-10 1.8575e-06 0.000694114
7.25951e-10 3.06723e-06 0.000664713
7.26052e-10 3.46381e-06 0.000647965
7.26153e-10 2.79523e-06 0.000651406
7.26255e-10 1.50874e-06 0.000669462
7.26356e-10 4.35412e-07 0.00068742
7.26457e-10 2.38038e-07 0.000691114
7.26559e-10 9.8874e-07 0.000675952
7.2666e-10 2.14458e-06 0.00064954
7.26761e-10 2.92168e-06 0.000626439
7.26862e-10 2.81059e-06 0.000618659
7.26964e-10 1.89459e-06 0.000628092
7.27065e-10 7.73014e-07 0.000645637
7.27166e-10 1.54776e-07 0.000657359
7.27267e-10 3.97271e-07 0.000653512
7.27369e-10 1.29007e-06 0.000634595
7.2747e-10 2.21297e-06 0.000610681
7.27571e-10 2.5514e-06 0.000594694
7.27672e-10 2.09135e-06 0.000594109
7.27774e-10 1.14065e-06 0.000606399
7.27875e-10 3.09847e-07 0.000620992
7.27976e-10 1.07737e-07 0.000626256
7.28078e-10 6.19149e-07 0.000616903
7.28179e-10 1.46832e-06 0.000597102
7.2828e-10 2.07925e-06 0.0005775
7.28381e-10 2.05324e-06 0.000568243
7.28483e-10 1.41654e-06 0.000572588
7.28584e-10 5.8516e-07 0.000585106
7.28685e-10 8.16484e-08 0.000595439
7.28786e-10 1.96349e-07 0.000595028
7.28888e-10 8.12202e-07 0.000582439
7.28989e-10 1.49783e-06 0.000563982
7.2909e-10 1.79721e-06 0.000549432
7.29192e-10 1.52171e-06 0.000545728
7.29293e-10 8.58095e-07 0.000552728
7.29394e-10 2.31843e-07 0.000563586
7.29495e-10 2.4839e-08 0.000569338
7.29597e-10 3.34241e-07 0.000564626
7.29698e-10 9.24369e-07 0.000550906
7.29799e-10 1.39288e-06 0.00053524
7.299e-10 1.43484e-06 0.000525616
7.30002e-10 1.03172e-06 0.000525899
7.30103e-10 4.48735e-07 0.000533591
7.30204e-10 5.19052e-08 0.000541688
7.30305e-10 7.05083e-08 0.000543277
7.30407e-10 4.587e-07 0.000535857
7.30508e-10 9.39144e-07 0.000522698
7.30609e-10 1.19128e-06 0.000510514
7.30711e-10 1.05686e-06 0.000505097
7.30812e-10 6.31336e-07 0.000507737
7.30913e-10 1.89239e-07 0.000514647
7.31014e-10 2.15066e-10 0.000519587
7.31116e-10 1.58573e-07 0.000517889
7.31217e-10 5.33764e-07 0.000509291
7.31318e-10 8.66248e-07 0.000497862
7.31419e-10 9.39428e-07 0.000489229
7.31521e-10 7.14078e-07 0.000486972
7.31622e-10 3.42225e-07 0.00049051
7.31723e-10 5.90032e-08 0.0004957
7.31825e-10 2.86278e-08 0.00049763
7.31926e-10 2.45093e-07 0.000493731
7.32027e-10 5.47162e-07 0.00048524
7.32128e-10 7.30775e-07 0.000476191
7.3223e-10 6.81127e-07 0.000470723
7.32331e-10 4.39179e-07 0.000470484
7.32432e-10 1.64738e-07 0.000473765
7.32533e-10 2.66333e-08 0.00047679
7.32635e-10 9.49725e-08 0.00047622
7.32736e-10 3.03975e-07 0.000471215
7.32837e-10 5.04067e-07 0.000463783
7.32939e-10 5.63505e-07 0.000457316
7.3304e-10 4.50904e-07 0.000454357
7.33141e-10 2.47226e-07 0.000455061
7.33242e-10 8.48649e-08 0.00045728
7.33344e-10 5.85531e-08 0.000458095
7.33445e-10 1.6769e-07 0.000455731
7.33546e-10 3.24903e-07 0.000450589
7.33647e-10 4.2006e-07 0.000444818
7.33749e-10 3.93723e-07 0.000440793
7.3385e-10 2.71349e-07 0.00043957
7.33951e-10 1.38978e-07 0.000440316
7.34052e-10 8.11014e-08 0.000441007
7.34154e-10 1.24825e-07 0.000439853
7.34255e-10 2.26961e-07 0.000436452
7.34356e-10 3.09339e-07 0.000431945
7.34458e-10 3.14881e-07 0.000428124
7.34559e-10 2.44885e-07 0.000426176
7.3466e-10 1.53385e-07 0.000425919
7.34761e-10 1.05356e-07 0.000426023
7.34863e-10 1.30031e-07 0.00042501
7.34964e-10 2.0224e-07 0.0004223
7.35065e-10 2.63484e-07 0.000418577
7.35166e-10 2.66044e-07 0.00041525
7.35268e-10 2.07768e-07 0.000413414
7.35369e-10 1.32786e-07 0.000413058
7.3547e-10 9.82964e-08 0.000413079
7.35572e-10 1.31844e-07 0.000412083
7.35673e-10 2.10177e-07 0.00040941
7.35774e-10 2.75205e-07 0.000405634
7.35875e-10 2.76028e-07 0.000402194
7.35977e-10 2.07068e-07 0.000400379
7.36078e-10 1.14552e-07 0.000400383
7.36179e-10 6.55773e-08 0.000401099
7.3628e-10 1.00518e-07 0.000400837
7.36382e-10 2.02135e-07 0.000398487
7.36483e-10 3.04149e-07 0.000394343
7.36584e-10 3.35138e-07 0.000389996
7.36686e-10 2.68639e-07 0.00038731
7.36787e-10 1.44685e-07 0.000387156
7.36888e-10 4.63154e-08 0.000388739
7.36989e-10 4.49183e-08 0.000390034
7.37091e-10 1.50428e-07 0.000389073
7.37192e-10 3.00711e-07 0.000385278
7.37293e-10 3.99412e-07 0.000379938
7.37394e-10 3.79056e-07 0.000375467
7.37496e-10 2.48079e-07 0.000373864
7.37597e-10 8.94112e-08 0.000375376
7.37698e-10 9.22111e-09 0.000378227
7.37799e-10 6.76531e-08 0.000379671
7.37901e-10 2.36716e-07 0.000377731
7.38002e-10 4.1439e-07 0.000372524
7.38103e-10 4.8809e-07 0.000366294
7.38205e-10 4.07871e-07 0.000362069
7.38306e-10 2.21813e-07 0.00036175
7.38407e-10 4.89726e-08 0.000364835
7.38508e-10 5.09391e-09 0.000368633
7.3861e-10 1.27552e-07 0.000369884
7.38711e-10 3.48144e-07 0.000366809
7.38812e-10 5.33e-07 0.000360302
7.38913e-10 5.66206e-07 0.000353478
7.39015e-10 4.24786e-07 0.000349782
7.39116e-10 1.96624e-07 0.000350835
7.39217e-10 2.80368e-08 0.00035534
7.39319e-10 3.23785e-08 0.000359791
7.3942e-10 2.16848e-07 0.000360597
7.39521e-10 4.74666e-07 0.000356327
7.39622e-10 6.49419e-07 0.000348679
7.39724e-10 6.32694e-07 0.00034152
7.39825e-10 4.33969e-07 0.000338547
7.39926e-10 1.77828e-07 0.000340978
7.40027e-10 2.84369e-08 0.000346721
7.40129e-10 8.71973e-08 0.000351575
7.4023e-10 3.27423e-07 0.000351773
7.40331e-10 6.08007e-07 0.000346325
7.40433e-10 7.59231e-07 0.000337708
7.40534e-10 6.88413e-07 0.000330426
7.40635e-10 4.39594e-07 0.000328286
7.40736e-10 1.68956e-07 0.000332038
7.40838e-10 4.96796e-08 0.000338835
7.40939e-10 1.64326e-07 0.000343897
7.4104e-10 4.51626e-07 0.000343401
7.41141e-10 7.41832e-07 0.000336843
7.41243e-10 8.60179e-07 0.000327425
7.41344e-10 7.35283e-07 0.000320173
7.41445e-10 4.45236e-07 0.000318908
7.41546e-10 1.71782e-07 0.000323883
7.41648e-10 8.95603e-08 0.000331563
7.41749e-10 2.57992e-07 0.000336698
7.4185e-10 5.82753e-07 0.000335488
7.41952e-10 8.71629e-07 0.00032792
7.42053e-10 9.5158e-07 0.00031785
7.42154e-10 7.75631e-07 0.000310726
7.42255e-10 4.53566e-07 0.000310315
7.42357e-10 1.86558e-07 0.000316393
7.42458e-10 1.44768e-07 0.00032481
7.42559e-10 3.6246e-07 0.000329938
7.4266e-10 7.15261e-07 0.000328047
7.42762e-10 9.9445e-07 0.00031959
7.42863e-10 1.03378e-06 0.000308989
7.42964e-10 8.1173e-07 0.000302036
7.43066e-10 4.66272e-07 0.000302415
7.43167e-10 2.12342e-07 0.000309462
7.43268e-10 2.11409e-07 0.000318499
7.43369e-10 4.72417e-07 0.000323592
7.43471e-10 8.44783e-07 0.000321096
7.43572e-10 1.10857e-06 0.000311875
7.43673e-10 1.10771e-06 0.000300839
7.43774e-10 8.45528e-07 0.000294052
7.43876e-10 4.84133e-07 0.000295121
7.43977e-10 2.47363e-07 0.000303
7.44078e-10 2.85426e-07 0.00031257
7.44179e-10 5.83188e-07 0.000317644
7.44281e-10 9.68028e-07 0.000314651
7.44382e-10 1.21317e-06 0.000304795
7.44483e-10 1.17455e-06 0.000293387
7.44585e-10 8.7852e-07 0.000286725
7.44686e-10 5.0717e-07 0.000288354
7.44787e-10 2.89357e-07 0.00029693
7.44888e-10 3.62894e-07 0.000306973
7.4499e-10 6.90822e-07 0.00031208
7.45091e-10 1.08261e-06 0.000308722
7.45192e-10 1.30802e-06 0.000298359
7.45293e-10 1.23545e-06 0.000286621
7.45395e-10 9.11727e-07 0.000280008
7.45496e-10 5.34849e-07 0.000282048
7.45597e-10 3.35851e-07 0.000291187
7.45699e-10 4.40221e-07 0.000301664
7.458e-10 7.92087e-07 0.000306887
7.45901e-10 1.18687e-06 0.000303314
7.46002e-10 1.39322e-06 0.000292571
7.46104e-10 1.29148e-06 0.000280525
7.46205e-10 9.45739e-07 0.000273861
7.46306e-10 5.6628e-07 0.000276148
7.46407e-10 3.84389e-07 0.000285716
7.46509e-10 5.14264e-07 0.000296606
7.4661e-10 8.8441e-07 0.000302047
7.46711e-10 1.27967e-06 0.000298426
7.46813e-10 1.46907e-06 0.00028743
7.46914e-10 1.34345e-06 0.000275087
7.47015e-10 9.80796e-07 0.000268256
7.47116e-10 6.00392e-07 0.000270611
7.47218e-10 4.32703e-07 0.000280472
7.47319e-10 5.82383e-07 0.000291763
7.4742e-10 9.65793e-07 0.000297538
7.47521e-10 1.36024e-06 0.000294046
7.47623e-10 1.53587e-06 0.000282931
7.47724e-10 1.39195e-06 0.000270298
7.47825e-10 1.01688e-06 0.000263173
7.47926e-10 6.36094e-07 0.000265408
7.48028e-10 4.78826e-07 0.000275421
7.48129e-10 6.42452e-07 0.000287097
7.4823e-10 1.03472e-06 0.000293331
7.48332e-10 1.42806e-06 0.000290156
7.48433e-10 1.59383e-06 0.000279063
7.48534e-10 1.43733e-06 0.000266151
7.48635e-10 1.0538e-06 0.000258605
7.48737e-10 6.72386e-07 0.000260523
7.48838e-10 5.21171e-07 0.000270535
7.48939e-10 6.92851e-07 0.000282576
7.4904e-10 1.09009e-06 0.00028939
7.49142e-10 1.48271e-06 0.000286727
7.49243e-10 1.64305e-06 0.000275811
7.49344e-10 1.47972e-06 0.000262645
7.49446e-10 1.09129e-06 0.000254554
7.49547e-10 7.08448e-07 0.000255954
7.49648e-10 5.58569e-07 0.000265797
7.49749e-10 7.3244e-07 0.000278164
7.49851e-10 1.13109e-06 0.00028567
7.49952e-10 1.52385e-06 0.000283718
7.50053e-10 1.68346e-06 0.000273152
7.50154e-10 1.51901e-06 0.000259779
7.50256e-10 1.12903e-06 0.000251035
7.50357e-10 7.43692e-07 0.000251713
7.50458e-10 5.90291e-07 0.0002612
7.5056e-10 7.60541e-07 0.000273829
7.50661e-10 1.15723e-06 0.000282121
7.50762e-10 1.55114e-06 0.00028108
7.50863e-10 1.71479e-06 0.000271057
7.50965e-10 1.55494e-06 0.000257552
7.51066e-10 1.16668e-06 0.000248071
7.51167e-10 7.77784e-07 0.000247826
7.51268e-10 6.1605e-07 0.000256752
7.5137e-10 7.76914e-07 0.000269544
7.51471e-10 1.16825e-06 0.000278688
7.51572e-10 1.56423e-06 0.000278751
7.51673e-10 1.73659e-06 0.000269483
7.51775e-10 1.58704e-06 0.000255962
7.51876e-10 1.20393e-06 0.000245693
7.51977e-10 8.10644e-07 0.000244335
7.52079e-10 6.35988e-07 0.000252473
7.5218e-10 7.81745e-07 0.00026529
7.52281e-10 1.16415e-06 0.000275313
7.52382e-10 1.56278e-06 0.000276657
7.52484e-10 1.74823e-06 0.000268379
7.52585e-10 1.61465e-06 0.000254998
7.52686e-10 1.24041e-06 0.000243936
7.52787e-10 8.42414e-07 0.000241294
7.52889e-10 6.50652e-07 0.0002484
7.5299e-10 7.75642e-07 0.000261059
7.53091e-10 1.14517e-06 0.000271937
7.53193e-10 1.54644e-06 0.000274717
7.53294e-10 1.74892e-06 0.000267673
7.53395e-10 1.63692e-06 0.00025464
7.53496e-10 1.27573e-06 0.000242833
7.53598e-10 8.73413e-07 0.00023877
7.53699e-10 6.60956e-07 0.000244591
7.538e-10 7.59628e-07 0.000256859
7.53901e-10 1.11188e-06 0.000268509
7.54003e-10 1.51498e-06 0.000272839
7.54104e-10 1.73771e-06 0.000267283
7.54205e-10 1.65281e-06 0.000254849
7.54307e-10 1.30937e-06 0.000242412
7.54408e-10 9.04061e-07 0.000236837
7.54509e-10 6.6813e-07 0.000241122
7.5461e-10 7.35139e-07 0.000252721
7.54712e-10 1.06515e-06 0.000264991
7.54813e-10 1.46828e-06 0.00027093
7.54914e-10 1.71361e-06 0.000267105
7.55015e-10 1.66103e-06 0.000255568
7.55117e-10 1.34064e-06 0.000242688
7.55218e-10 9.34788e-07 0.000235573
7.55319e-10 6.73644e-07 0.000238086
7.5542e-10 7.04008e-07 0.000248698
7.55522e-10 1.00629e-06 0.000261361
7.55623e-10 1.40644e-06 0.000268898
7.55724e-10 1.67557e-06 0.000267022
7.55826e-10 1.66012e-06 0.000256714
7.55927e-10 1.3686e-06 0.000243657
7.56028e-10 9.65921e-07 0.000235051
7.56129e-10 6.79116e-07 0.000235594
7.56231e-10 6.68443e-07 0.000244875
7.56332e-10 9.37019e-07 0.000257624
7.56433e-10 1.32992e-06 0.000266663
7.56534e-10 1.62265e-06 0.000266905
7.56636e-10 1.64842e-06 0.000258176
7.56737e-10 1.39202e-06 0.000245284
7.56838e-10 9.97557e-07 0.000235332
7.5694e-10 6.86186e-07 0.000233767
7.57041e-10 6.30963e-07 0.000241364
7.57142e-10 8.5957e-07 0.000253821
7.57243e-10 1.2396e-06 0.000264163
7.57345e-10 1.5541e-06 0.000266622
7.57446e-10 1.62414e-06 0.000259818
7.57547e-10 1.4093e-06 0.000247501
7.57648e-10 1.02943e-06 0.000236455
7.5775e-10 6.96366e-07 0.000232729
7.57851e-10 5.94313e-07 0.000238307
7.57952e-10 7.76679e-07 0.000250031
7.58053e-10 1.13696e-06 0.000261371
7.58155e-10 1.46951e-06 0.000266045
7.58256e-10 1.58548e-06 0.000261479
7.58357e-10 1.41846e-06 0.0002502
7.58459e-10 1.0608e-06 0.000238419
7.5856e-10 7.10862e-07 0.000232592
7.58661e-10 5.61329e-07 0.000235867
7.58762e-10 6.91568e-07 0.000246379
7.58864e-10 1.0241e-06 0.0002583
7.58965e-10 1.36901e-06 0.000265067
7.59066e-10 1.53074e-06 0.000262983
7.59167e-10 1.41719e-06 0.000253228
7.59269e-10 1.0903e-06 0.00024118
7.5937e-10 7.30376e-07 0.000233443
7.59471e-10 5.34752e-07 0.000234219
7.59573e-10 6.07875e-07 0.000243033
7.59674e-10 9.03915e-07 0.00025502
7.59775e-10 1.25343e-06 0.000263614
7.59876e-10 1.45852e-06 0.00026415
7.59978e-10 1.40292e-06 0.000256394
7.60079e-10 1.11593e-06 0.000244637
7.6018e-10 7.54908e-07 0.000235327
7.60281e-10 5.16992e-07 0.000233534
7.60383e-10 5.29504e-07 0.0002402
7.60484e-10 7.80031e-07 0.000251659
7.60585e-10 1.12449e-06 0.000261668
7.60687e-10 1.36797e-06 0.000264819
7.60788e-10 1.37301e-06 0.000259475
7.60889e-10 1.13499e-06 0.000248626
7.6099e-10 7.83568e-07 0.000238231
7.61092e-10 5.09856e-07 0.000233956
7.61193e-10 4.60407e-07 0.000238109
7.61294e-10 6.56806e-07 0.000248412
7.61395e-10 9.84929e-07 0.000259279
7.61497e-10 1.25909e-06 0.000264866
7.61598e-10 1.32496e-06 0.000262237
7.61699e-10 1.14421e-06 0.000252926
7.618e-10 8.14439e-07 0.000242066
7.61902e-10 5.14248e-07 0.000235585
7.62003e-10 4.04269e-07 0.000236996
7.62104e-10 5.39153e-07 0.000245528
7.62206e-10 8.38641e-07 0.000256577
7.62307e-10 1.13296e-06 0.000264228
7.62408e-10 1.25682e-06 0.000264455
7.62509e-10 1.13993e-06 0.000257265
7.62611e-10 8.44528e-07 0.00024666
7.62712e-10 5.29877e-07 0.000238442
7.62813e-10 3.64126e-07 0.000237073
7.62914e-10 4.32267e-07 0.000243299
7.63016e-10 6.90603e-07 0.00025378
7.63117e-10 9.92027e-07 0.000262934
7.63218e-10 1.16748e-06 0.000265946
7.6332e-10 1.11844e-06 0.000261347
7.63421e-10 8.69832e-07 0.00025176
7.63522e-10 5.55022e-07 0.000242455
7.63623e-10 3.41935e-07 0.000238493
7.63725e-10 3.41221e-07 0.000242029
7.63826e-10 5.46736e-07 0.000251186
7.63927e-10 8.40287e-07 0.000261114
7.64028e-10 1.05722e-06 0.000266604
7.6413e-10 1.07644e-06 0.000264879
7.64231e-10 8.85584e-07 0.000257043
7.64332e-10 5.86409e-07 0.000247444
7.64434e-10 3.38135e-07 0.00024132
7.64535e-10 2.70431e-07 0.000241998
7.64636e-10 4.13559e-07 0.00024915
7.64737e-10 6.83293e-07 0.000259013
7.64839e-10 9.28002e-07 0.000266432
7.6494e-10 1.01155e-06 0.00026762
7.65041e-10 8.86668e-07 0.000262145
7.65142e-10 6.19263e-07 0.000253119
7.65244e-10 3.5128e-07 0.000245494
7.65345e-10 2.23052e-07 0.000243418
7.65446e-10 2.97649e-07 0.000248048
7.65547e-10 5.27996e-07 0.000256978
7.65649e-10 7.83824e-07 0.000265567
7.6575e-10 9.23017e-07 0.00026942
7.65851e-10 8.68249e-07 0.000266709
7.65953e-10 6.47589e-07 0.0002591
7.66054e-10 3.77818e-07 0.000250819
7.66155e-10 2.00345e-07 0.000246385
7.66256e-10 2.04921e-07 0.000248228
7.66358e-10 3.82304e-07 0.000255434
7.66459e-10 6.30796e-07 0.000264289
7.6656e-10 8.12228e-07 0.000270269
7.66661e-10 8.26549e-07 0.000270437
7.66763e-10 6.64742e-07 0.000264958
7.66864e-10 4.12127e-07 0.00025696
7.66965e-10 2.01143e-07 0.000250842
7.67067e-10 1.39786e-07 0.000249947
7.67168e-10 2.54372e-07 0.000254828
7.67269e-10 4.7694e-07 0.000263005
7.6737e-10 6.83178e-07 0.000270323
7.67472e-10 7.59705e-07 0.000273151
7.67573e-10 6.64261e-07 0.000270272
7.67674e-10 4.4688e-07 0.000263474
7.67775e-10 2.21525e-07 0.000256559
7.67877e-10 1.0428e-07 0.000253319
7.67978e-10 1.51622e-07 0.000255563
7.68079e-10 3.31612e-07 0.000262212
7.68181e-10 5.4261e-07 0.000269916
7.68282e-10 6.68591e-07 0.000274851
7.68383e-10 6.40941e-07 0.000274708
7.68484e-10 4.73808e-07 0.000269867
7.68586e-10 2.54861e-07 0.000263141
7.68687e-10 9.73306e-08 0.00025826
7.68788e-10 7.95939e-08 0.000257924
7.68889e-10 2.04538e-07 0.000262418
7.68991e-10 3.99739e-07 0.000269529
7.69092e-10 5.57397e-07 0.000275741
7.69193e-10 5.92e-07 0.000278088
7.69294e-10 4.84855e-07 0.000275672
7.69396e-10 2.92328e-07 0.000270074
7.69497e-10 1.14349e-07 0.000264481
7.69598e-10 4.0786e-08 0.000262001
7.697e-10 1.04476e-07 0.000264063
7.69801e-10 2.65445e-07 0.000269728
7.69902e-10 4.33791e-07 0.000276233
7.70003e-10 5.18154e-07 0.00028046
7.70105e-10 4.73628e-07 0.000280547
7.70206e-10 3.23995e-07 0.000276806
7.70307e-10 1.47351e-07 0.000271505
7.70408e-10 3.37211e-08 0.000267647
7.7051e-10 3.76797e-08 0.000267412
7.70611e-10 1.50911e-07 0.000271069
7.70712e-10 3.08456e-07 0.000276895
7.70814e-10 4.24324e-07 0.000282119
7.70915e-10 4.36943e-07 0.000284367
7.71016e-10 3.40421e-07 0.000282856
7.71117e-10 1.85776e-07 0.000278745
7.71219e-10 5.25229e-08 0.000274474
7.7132e-10 6.41203e-09 0.000272485
7.71421e-10 6.58108e-08 0.000273979
7.71522e-10 1.93882e-07 0.000278357
7.71624e-10 3.19683e-07 0.000283586
7.71725e-10 3.76149e-07 0.000287283
7.71826e-10 3.34605e-07 0.000287933
7.71928e-10 2.18067e-07 0.000285616
7.72029e-10 8.72822e-08 0.000281905
7.7213e-10 7.86061e-09 0.000279012
7.72231e-10 1.62886e-08 0.000278645
7.72333e-10 1.02429e-07 0.000281178
7.72434e-10 2.16815e-07 0.000285521
7.72535e-10 2.97849e-07 0.000289733
7.72636e-10 3.03953e-07 0.000292033
7.72738e-10 2.33898e-07 0.00029168
7.72839e-10 1.25406e-07 0.000289292
7.7294e-10 3.38712e-08 0.000286467
7.73041e-10 3.15537e-09 0.000284936
7.73143e-10 4.38651e-08 0.000285703
7.73244e-10 1.29841e-07 0.000288583
7.73345e-10 2.13612e-07 0.00029237
7.73447e-10 2.51777e-07 0.000295485
7.73548e-10 2.26748e-07 0.000296782
7.73649e-10 1.53963e-07 0.000296075
7.7375e-10 7.18488e-08 0.000294171
7.73852e-10 2.0826e-08 0.000292402
7.73953e-10 2.28166e-08 0.000291944
7.74054e-10 7.16487e-08 0.000293258
7.74155e-10 1.38399e-07 0.000295923
7.74257e-10 1.87766e-07 0.000298912
7.74358e-10 1.96252e-07 0.000301134
7.74459e-10 1.62771e-07 0.000301957
7.74561e-10 1.0701e-07 0.000301468
7.74662e-10 5.75478e-08 0.000300358
7.74763e-10 3.67825e-08 0.000299539
7.74864e-10 5.06293e-08 0.000299697
7.74966e-10 8.76542e-08 0.000301002
7.75067e-10 1.26945e-07 0.000303094
7.75168e-10 1.4962e-07 0.000305314
7.75269e-10 1.47638e-07 0.000307034
7.75371e-10 1.25851e-07 0.000307928
7.75472e-10 9.73228e-08 0.000308063
7.75573e-10 7.54671e-08 0.000307807
7.75674e-10 6.76704e-08 0.000307627
7.75776e-10 7.341e-08 0.00030789
7.75877e-10 8.68506e-08 0.000308753
7.75978e-10 1.0137e-07 0.000310144
7.7608e-10 1.1288e-07 0.000311837
7.76181e-10 1.20269e-07 0.000313538
7.76282e-10 1.23582e-07 0.000314968
7.76383e-10 1.22112e-07 0.000315934
7.76485e-10 1.14375e-07 0.000316374
7.76586e-10 1.00185e-07 0.000316402
7.76687e-10 8.311e-08 0.0003163
7.76788e-10 7.08343e-08 0.000316457
7.7689e-10 7.20991e-08 0.000317233
7.76991e-10 9.13294e-08 0.000318784
7.77092e-10 1.2414e-07 0.000320947
7.77194e-10 1.57163e-07 0.000323241
7.77295e-10 1.73522e-07 0.000325042
7.77396e-10 1.6188e-07 0.000325864
7.77497e-10 1.24221e-07 0.000325635
7.77599e-10 7.73902e-08 0.0003248
7.777e-10 4.63054e-08 0.000324176
7.77801e-10 5.1353e-08 0.000324588
7.77902e-10 9.63401e-08 0.00032645
7.78004e-10 1.63969e-07 0.00032949
7.78105e-10 2.22457e-07 0.000332812
7.78206e-10 2.4105e-07 0.000335281
7.78308e-10 2.06901e-07 0.000336078
7.78409e-10 1.34094e-07 0.000335162
7.7851e-10 5.89954e-08 0.000333364
7.78611e-10 2.29854e-08 0.00033205
7.78713e-10 5.07408e-08 0.000332466
7.78814e-10 1.35419e-07 0.000335088
7.78915e-10 2.39421e-07 0.000339311
7.79016e-10 3.11712e-07 0.000343667
7.79118e-10 3.1382e-07 0.000346511
7.79219e-10 2.41277e-07 0.000346849
7.7932e-10 1.28678e-07 0.000344895
7.79421e-10 3.43902e-08 0.000342051
7.79523e-10 1.1518e-08 0.000340274
7.79624e-10 7.955e-08 0.000341115
7.79725e-10 2.11762e-07 0.0003449
7.79827e-10 3.46115e-07 0.000350484
7.79928e-10 4.15452e-07 0.000355743
7.80029e-10 3.82334e-07 0.000358595
7.8013e-10 2.60482e-07 0.00035806
7.80232e-10 1.10729e-07 0.000354823
7.80333e-10 1.21071e-08 0.000350983
7.80434e-10 2.17278e-08 0.000349063
7.80535e-10 1.43824e-07 0.000350756
7.80637e-10 3.24605e-07 0.000356023
7.80738e-10 4.77025e-07 0.000363024
7.80839e-10 5.24154e-07 0.000368955
7.80941e-10 4.39558e-07 0.000371418
7.81042e-10 2.63565e-07 0.000369653
7.81143e-10 8.57669e-08 0.000365001
7.81244e-10 1.16836e-09 0.000360321
7.81346e-10 6.14254e-08 0.000358626
7.81447e-10 2.46156e-07 0.000361566
7.81548e-10 4.70077e-07 0.000368544
7.81649e-10 6.23917e-07 0.000376912
7.81751e-10 6.29515e-07 0.000383218
7.81852e-10 4.81353e-07 0.000384906
7.81953e-10 2.52563e-07 0.000381633
7.82055e-10 6.07934e-08 0.000375533
7.82156e-10 9.81186e-09 0.000370246
7.82257e-10 1.35792e-07 0.000369155
7.82358e-10 3.86033e-07 0.000373683
7.8246e-10 6.423e-07 0.000382505
7.82561e-10 7.78605e-07 0.00039211
7.82662e-10 7.25209e-07 0.000398471
7.82763e-10 5.06377e-07 0.000399036
7.82865e-10 2.31612e-07 0.000394057
7.82966e-10 4.31128e-08 0.000386561
7.83067e-10 4.46277e-08 0.00038094
7.83168e-10 2.47274e-07 0.000380814
7.8327e-10 5.60515e-07 0.000387199
7.83371e-10 8.34473e-07 0.000397921
7.83472e-10 9.33882e-07 0.000408583
7.83574e-10 8.07193e-07 0.000414681
7.83675e-10 5.15615e-07 0.000413832
7.83776e-10 2.05987e-07 0.000407027
7.83877e-10 3.93799e-08 0.000398245
7.83979e-10 1.10111e-07 0.000392575
7.8408e-10 3.95852e-07 0.000393732
7.84181e-10 7.65061e-07 0.000402178
7.84282e-10 1.03982e-06 0.000414793
7.84384e-10 1.0841e-06 0.000426311
7.84485e-10 8.73629e-07 0.000431856
7.84586e-10 5.11722e-07 0.000429364
7.84688e-10 1.81211e-07 0.000420677
7.84789e-10 5.49474e-08 0.000410752
7.8489e-10 2.08572e-07 0.000405303
7.84991e-10 5.7954e-07 0.000408012
7.85093e-10 9.94353e-07 0.000418658
7.85194e-10 1.25232e-06 0.00043312
7.85295e-10 1.2254e-06 0.000445296
7.85396e-10 9.24564e-07 0.000450045
7.85498e-10 4.98312e-07 0.000445743
7.85599e-10 1.62337e-07 0.000435167
7.857e-10 9.35053e-08 0.00042425
7.85802e-10 3.40309e-07 0.000419259
7.85903e-10 7.94995e-07 0.000423729
7.86004e-10 1.24301e-06 0.000436663
7.86105e-10 1.46712e-06 0.000452909
7.86207e-10 1.35575e-06 0.00046557
7.86308e-10 9.61468e-07 0.000469337
7.86409e-10 4.79306e-07 0.000463117
7.8651e-10 1.53437e-07 0.000450673
7.86612e-10 1.56972e-07 0.000438904
7.86713e-10 5.0394e-07 0.000434558
7.86814e-10 1.03811e-06 0.000440938
7.86915e-10 1.50613e-06 0.00045621
7.87017e-10 1.68084e-06 0.000474179
7.87118e-10 1.47469e-06 0.000487198
7.87219e-10 9.86751e-07 0.000489856
7.87321e-10 4.58393e-07 0.00048166
7.87422e-10 1.57301e-07 0.000467383
7.87523e-10 2.45567e-07 0.00045487
7.87624e-10 6.9681e-07 0.000451299
7.87726e-10 1.30452e-06 0.000459683
7.87827e-10 1.77969e-06 0.000477318
7.87928e-10 1.89159e-06 0.000496969
7.88029e-10 1.58313e-06 0.000510273
7.88131e-10 1.0033e-06 0.000511763
7.88232e-10 4.38644e-07 0.000501572
7.88333e-10 1.75305e-07 0.000485495
7.88435e-10 3.58005e-07 0.000472301
7.88536e-10 9.15395e-07 0.000469569
7.88637e-10 1.59006e-06 0.000479999
7.88738e-10 2.06074e-06 0.00050001
7.8884e-10 2.09887e-06 0.000521338
7.88941e-10 1.68298e-06 0.00053492
7.89042e-10 1.01412e-06 0.000535245
7.89143e-10 4.22282e-07 0.000523077
7.89245e-10 2.07431e-07 0.000505217
7.89346e-10 4.91741e-07 0.000491351
7.89447e-10 1.15565e-06 0.000489453
7.89548e-10 1.89097e-06 0.000501922
7.8965e-10 2.3475e-06 0.000524318
7.89751e-10 2.30348e-06 0.000547361
7.89852e-10 1.77691e-06 0.000561287
7.89954e-10 1.02208e-06 0.000560517
7.90055e-10 4.1057e-07 0.000546417
7.90156e-10 2.52363e-07 0.000526769
7.90257e-10 6.43225e-07 0.000512175
7.90359e-10 1.4133e-06 0.000511034
7.9046e-10 2.20414e-06 0.000525489
7.90561e-10 2.63931e-06 0.000550283
7.90662e-10 2.50732e-06 0.000575132
7.90764e-10 1.86813e-06 0.000589544
7.90865e-10 1.02977e-06 0.000587819
7.90966e-10 4.03838e-07 0.000571857
7.91068e-10 3.07656e-07 0.00055039
7.91169e-10 8.08122e-07 0.000534945
7.9127e-10 1.68396e-06 0.000534408
7.91371e-10 2.52708e-06 0.000550747
7.91473e-10 2.93657e-06 0.000577953
7.91574e-10 2.71322e-06 0.000604753
7.91675e-10 1.96023e-06 0.000619877
7.91776e-10 1.03946e-06 0.000617408
7.91878e-10 4.01577e-07 0.000599685
7.91979e-10 3.69917e-07 0.000576339
7.9208e-10 9.81492e-07 0.00055985
7.92182e-10 1.9633e-06 0.000559683
7.92283e-10 2.85791e-06 0.000577753
7.92384e-10 3.24057e-06 0.000607387
7.92485e-10 2.92481e-06 0.000636339
7.92587e-10 2.05716e-06 0.000652485
7.92688e-10 1.05319e-06 0.000649559
7.92789e-10 4.02625e-07 0.000630212
7.9289e-10 4.35005e-07 0.000604907
7.92992e-10 1.15791e-06 0.000587112
7.93093e-10 2.24696e-06 0.000586997
7.93194e-10 3.19524e-06 0.000606582
7.93295e-10 3.55336e-06 0.000638651
7.93397e-10 3.14639e-06 0.000670003
7.93498e-10 2.16322e-06 0.000687568
7.93599e-10 1.07296e-06 0.000684562
7.93701e-10 4.05398e-07 0.000663775
7.93802e-10 4.98227e-07 0.000636419
7.93903e-10 1.33153e-06 0.000616992
7.94004e-10 2.53048e-06 0.00061652
7.94106e-10 3.53795e-06 0.00063733
7.94207e-10 3.87754e-06 0.000671817
7.94308e-10 3.38293e-06 0.000705858
7.94409e-10 2.2832e-06 0.000725328
7.94511e-10 1.10092e-06 0.000722713
7.94612e-10 4.08185e-07 0.000700739
7.94713e-10 5.54542e-07 0.000671248
7.94815e-10 1.49612e-06 0.000649803
7.94916e-10 2.80918e-06 0.00064847
7.95017e-10 3.88494e-06 0.000670124
7.95118e-10 4.21603e-06 0.000706968
7.9522e-10 3.63991e-06 0.000744011
7.95321e-10 2.42251e-06 0.000765952
7.95422e-10 1.13976e-06 0.000764314
7.95523e-10 4.09495e-07 0.000741494
7.95625e-10 5.98787e-07 0.000709812
7.95726e-10 1.64505e-06 0.000685923
7.95827e-10 3.07789e-06 0.000683126
7.95929e-10 4.23484e-06 0.000705134
7.9603e-10 4.57187e-06 0.000744201
7.96131e-10 3.92338e-06 0.000784557
7.96232e-10 2.58744e-06 0.000809615
7.96334e-10 1.19304e-06 0.000809659
7.96435e-10 4.08467e-07 0.000786453
7.96536e-10 6.25944e-07 0.000752587
7.96637e-10 1.77132e-06 0.000725803
7.96739e-10 3.33079e-06 0.000720843
7.9684e-10 4.58563e-06 0.000742581
7.96941e-10 4.94786e-06 0.00078363
7.97042e-10 4.23982e-06 0.00082758
7.97144e-10 2.78529e-06 0.000856461
7.97245e-10 1.26567e-06 0.000859027
7.97346e-10 4.05368e-07 0.000836044
7.97448e-10 6.3148e-07 0.000800105
7.97549e-10 1.86763e-06 0.000769985
7.9765e-10 3.56107e-06 0.00076207
7.97751e-10 4.93426e-06 0.000782764
7.97853e-10 5.34623e-06 0.000825406
7.97954e-10 4.59604e-06 0.000873155
7.98055e-10 3.02465e-06 0.000906602
7.98156e-10 1.36437e-06 0.000912667
7.98258e-10 4.02171e-07 0.000890699
7.98359e-10 6.11803e-07 0.000852947
7.9846e-10 1.92646e-06 0.000819104
7.98562e-10 3.76083e-06 0.000807371
7.98663e-10 5.27613e-06 0.000826077
7.98764e-10 5.76818e-06 0.000869733
7.98865e-10 4.9989e-06 0.000921357
7.98967e-10 3.31549e-06 0.000960108
7.99068e-10 1.49816e-06 0.00097078
7.99169e-10 4.03242e-07 0.000950836
7.9927e-10 5.64868e-07 0.00091174
7.99372e-10 1.94045e-06 0.000873897
7.99473e-10 3.92084e-06 0.000857443
7.99574e-10 5.60468e-06 0.000873042
7.99676e-10 6.21323e-06 0.000916893
7.99777e-10 5.45494e-06 0.000972275
7.99878e-10 3.66916e-06 0.00101701
7.99979e-10 1.67886e-06 0.00103351
8.00081e-10 4.16128e-07 0.00101683
8.00182e-10 4.90978e-07 0.000977135
8.00283e-10 1.90281e-06 0.000935198
8.00384e-10 4.03063e-06 0.000913134
8.00486e-10 5.91087e-06 0.000924338
8.00587e-10 6.67857e-06 0.000967286
8.00688e-10 5.96976e-06 0.00102604
8.00789e-10 4.09827e-06 0.0010773
8.00891e-10 1.92148e-06 0.00110091
8.00992e-10 4.52421e-07 0.00108901
8.01093e-10 3.93815e-07 0.00104978
8.01195e-10 1.80819e-06 0.00100393
8.01296e-10 4.07865e-06 0.000975457
8.01397e-10 6.18282e-06 0.00098084
8.01498e-10 7.15818e-06 0.00102147
8.016e-10 6.54715e-06 0.00108286
8.01701e-10 4.61616e-06 0.00114097
8.01802e-10 2.2444e-06 0.00117297
8.01903e-10 5.2866e-07 0.00116758
8.02005e-10 2.81706e-07 0.00113029
8.02106e-10 1.65378e-06 0.00108108
8.02207e-10 4.05296e-06 0.00104559
8.02309e-10 6.40557e-06 0.00104365
8.0241e-10 7.64198e-06 0.00108024
8.02511e-10 7.18796e-06 0.00114309
8.02612e-10 5.23608e-06 0.00120799
8.02714e-10 2.66937e-06 0.00124957
8.02815e-10 6.67171e-07 0.00125263
8.02916e-10 1.69127e-07 0.00121917
8.03017e-10 1.44093e-06 0.00116764
8.03119e-10 3.94218e-06 0.00112487
8.0322e-10 6.56124e-06 0.00111413
8.03321e-10 8.11497e-06 0.00114463
8.03422e-10 7.88866e-06 0.00120727
8.03524e-10 5.9699e-06 0.00127845
8.03625e-10 3.22091e-06 0.00133052
8.03726e-10 8.96695e-07 0.00134409
8.03828e-10 7.83565e-08 0.0013168
8.03929e-10 1.17726e-06 0.00126458
8.0403e-10 3.73731e-06 0.00121474
8.04131e-10 6.62962e-06 0.00119389
8.04233e-10 8.5565e-06 0.00121605
8.04334e-10 8.63967e-06 0.00127627
8.04435e-10 6.82626e-06 0.00135257
8.04536e-10 3.92523e-06 0.00141564
8.04638e-10 1.25261e-06 0.00144172
8.04739e-10 4.11357e-08 0.00142333
8.0484e-10 8.79193e-07 0.00137273
8.04942e-10 3.43417e-06 0.00131671
8.05043e-10 6.58967e-06 0.00128482
8.05144e-10 8.94016e-06 0.00129628
8.05245e-10 9.4237e-06 0.00135131
8.05347e-10 7.8081e-06 0.00143084
8.05448e-10 4.80825e-06 0.00150475
8.05549e-10 1.77645e-06 0.00154513
8.0565e-10 1.00099e-07 0.00153867
8.05752e-10 5.74909e-07 0.00149272
8.05853e-10 3.03677e-06 0.00143225
8.05954e-10 6.42195e-06 0.001389
8.06056e-10 9.23433e-06 0.0013875
8.06157e-10 1.02142e-05 0.00143413
8.06258e-10 8.90982e-06 0.00151413
8.06359e-10 5.89263e-06 0.00159788
8.06461e-10 2.51438e-06 0.00165383
8.06562e-10 3.09589e-07 0.00166243
8.06663e-10 3.07432e-07 0.00162483
8.06764e-10 2.56162e-06 0.00156265
8.06866e-10 6.11249e-06 0.00150863
8.06967e-10 9.40404e-06 0.00149232
8.07068e-10 1.09745e-05 0.00152706
8.07169e-10 1.01141e-05 0.00160392
8.07271e-10 7.19387e-06 0.0016954
8.07372e-10 3.51432e-06 0.00176736
8.07473e-10 7.35369e-07 0.00179392
8.07575e-10 1.37419e-07 0.00176894
8.07676e-10 2.04276e-06 0.00170889
8.07777e-10 5.65818e-06 0.00164586
8.07878e-10 9.41464e-06 0.00161368
8.0798e-10 1.16584e-05 0.00163304
8.08081e-10 1.13891e-05 0.00170235
8.08182e-10 8.71536e-06 0.00179821
8.08283e-10 4.82135e-06 0.00188543
8.08385e-10 1.45262e-06 0.00193228
8.08486e-10 1.45022e-07 0.00192445
8.08587e-10 1.53711e-06 0.00187143
8.08689e-10 5.07377e-06 0.00180262
8.0879e-10 9.23774e-06 0.00175469
8.08891e-10 1.22124e-05 0.00175562
8.08992e-10 1.26864e-05 0.00181246
8.09094e-10 1.04431e-05 0.00190804
8.09195e-10 6.47132e-06 0.00200822
8.09296e-10 2.54162e-06 0.00207658
8.09397e-10 4.29923e-07 0.00209028
8.09499e-10 1.12946e-06 0.0020501
8.096e-10 4.40023e-06 0.00198033
8.09701e-10 8.85978e-06 0.00191842
8.09803e-10 1.25816e-05 0.00189887
8.09904e-10 1.39414e-05 0.0019382
8.10005e-10 1.23405e-05 0.00202764
8.10106e-10 8.48289e-06 0.00213669
8.10208e-10 4.08051e-06 0.00222615
8.10309e-10 1.1085e-06 0.00226501
8.1041e-10 9.3589e-07 0.00224397
8.10511e-10 3.71366e-06 0.00217964
8.10613e-10 8.29343e-06 0.00210759
8.10714e-10 1.27185e-05 0.00206715
8.10815e-10 1.5077e-05 0.00208445
8.10916e-10 1.43452e-05 0.00216104
8.11018e-10 1.08487e-05 0.00227297
8.11119e-10 6.13508e-06 0.00238095
8.1122e-10 2.30704e-06 0.00244712
8.11322e-10 1.10406e-06 0.00245138
8.11423e-10 3.13353e-06 0.00240022
8.11524e-10 7.59103e-06 0.00232412
8.11625e-10 1.25976e-05 0.00226467
8.11727e-10 1.60126e-05 0.00225678
8.11828e-10 1.63696e-05 0.00231359
8.11929e-10 1.35274e-05 0.0024207
8.1203e-10 8.74595e-06 0.0025421
8.12132e-10 4.15013e-06 0.00263543
8.12233e-10 1.8086e-06 0.00267013
8.12334e-10 2.82805e-06 0.00264059
8.12436e-10 6.859e-06 0.00256878
8.12537e-10 1.22332e-05 0.00249508
8.12638e-10 1.6679e-05 0.0024611
8.12739e-10 1.8307e-05 0.00249195
8.12841e-10 1.64386e-05 0.00258535
8.12942e-10 1.19148e-05 0.00271241
8.13043e-10 6.74424e-06 0.00282975
8.13144e-10 3.23981e-06 0.00289791
8.13246e-10 3.01403e-06 0.00289821
8.13347e-10 6.27036e-06 0.00284084
8.13448e-10 1.17011e-05 0.00276077
8.1355e-10 1.70418e-05 0.00270305
8.13651e-10 2.00468e-05 0.00270368
8.13752e-10 1.94651e-05 0.00277427
8.13853e-10 1.55925e-05 0.00289691
8.13955e-10 1.01576e-05 0.0030316
8.14056e-10 5.58458e-06 0.00313304
8.14157e-10 3.94821e-06 0.00316982
8.14258e-10 6.07186e-06 0.00313788
8.1436e-10 1.11602e-05 0.00306236
8.14461e-10 1.713e-05 0.00298719
8.14562e-10 2.15009e-05 0.00295663
8.14663e-10 2.2465e-05 0.00299651
8.14765e-10 1.96737e-05 0.00310323
8.14866e-10 1.43996e-05 0.00324505
8.14967e-10 9.00003e-06 0.00337535
8.15069e-10 5.90745e-06 0.0034522
8.1517e-10 6.58103e-06 0.00345606
8.15271e-10 1.08705e-05 0.00339821
8.15372e-10 1.70697e-05 0.00331613
8.15474e-10 2.26405e-05 0.00325794
8.15575e-10 2.53e-05 0.00326217
8.15676e-10 2.40043e-05 0.00334152
8.15777e-10 1.94057e-05 0.00347737
8.15879e-10 1.3583e-05 0.0036274
8.1598e-10 9.15685e-06 0.00374325
8.16081e-10 8.16834e-06 0.00379077
8.16183e-10 1.11994e-05 0.00376441
8.16284e-10 1.71155e-05 0.00368973
8.16385e-10 2.35428e-05 0.00361285
8.16486e-10 2.78793e-05 0.00358128
8.16588e-10 2.84079e-05 0.00362402
8.16689e-10 2.50358e-05 0.00373938
8.1679e-10 1.93419e-05 0.0038955
8.16891e-10 1.39084e-05 0.00404352
8.16993e-10 1.12215e-05 0.00413786
8.17094e-10 1.26094e-05 0.00415529
8.17195e-10 1.76705e-05 0.00410467
8.17296e-10 2.44396e-05 0.00402347
8.17398e-10 3.02213e-05 0.00396227
8.17499e-10 3.27368e-05 0.00396379
8.176e-10 3.10968e-05 0.00404513
8.17702e-10 2.61832e-05 0.00419051
8.17803e-10 2.02775e-05 0.00435771
8.17904e-10 1.6093e-05 0.00449546
8.18005e-10 1.56212e-05 0.00456468
8.18107e-10 1.9285e-05 0.00455471
8.18208e-10 2.57572e-05 0.00448784
8.18309e-10 3.25235e-05 0.00441023
8.1841e-10 3.69495e-05 0.00437292
8.18512e-10 3.73983e-05 0.00441073
8.18613e-10 3.39251e-05 0.00452787
8.18714e-10 2.82521e-05 0.00469606
8.18816e-10 2.30379e-05 0.00486609
8.18917e-10 2.075e-05 0.00498806
8.19018e-10 2.26213e-05 0.00503188
8.19119e-10 2.81305e-05 0.00499976
8.19221e-10 3.5228e-05 0.0049254
8.19322e-10 4.12064e-05 0.0048602
8.19423e-10 4.38474e-05 0.00485227
8.19524e-10 4.23568e-05 0.00492662
8.19626e-10 3.76947e-05 0.0050749
8.19727e-10 3.21617e-05 0.00525869
8.19828e-10 2.84223e-05 0.00542521
8.1993e-10 2.83787e-05 0.00552884
8.20031e-10 3.23741e-05 0.0055498
8.20132e-10 3.90583e-05 0.00550231
8.20233e-10 4.59688e-05 0.00542884
8.20335e-10 5.05768e-05 0.00538285
8.20436e-10 5.13527e-05 0.00540704
8.20537e-10 4.84018e-05 0.00551592
8.20638e-10 4.34048e-05 0.00568989
8.2074e-10 3.88953e-05 0.00588314
8.20841e-10 3.71858e-05 0.00604224
8.20942e-10 3.9397e-05 0.00612781
8.21043e-10 4.50017e-05 0.00613051
8.21145e-10 5.20669e-05 0.0060749
8.21246e-10 5.80859e-05 0.00600947
8.21347e-10 6.10401e-05 0.00598713
8.21449e-10 6.02411e-05 0.00604375
8.2155e-10 5.65998e-05 0.00618374
8.21651e-10 5.22179e-05 0.00637817
8.21752e-10 4.94839e-05 0.00657651
8.21854e-10 5.00634e-05 0.0067269
8.21955e-10 5.42131e-05 0.00679707
8.22056e-10 6.07e-05 0.00678732
8.22157e-10 6.73526e-05 0.00673039
8.22259e-10 7.19959e-05 0.00667837
8.2236e-10 7.33694e-05 0.00668176
8.22461e-10 7.16371e-05 0.00676929
8.22563e-10 6.82842e-05 0.00693642
8.22664e-10 6.54555e-05 0.00714714
8.22765e-10 6.50311e-05 0.0073484
8.22866e-10 6.78376e-05 0.00749127
8.22968e-10 7.33284e-05 0.00755048
8.23069e-10 7.98581e-05 0.00753444
8.2317e-10 8.54178e-05 0.00748192
8.23271e-10 8.85049e-05 0.00744659
8.23373e-10 8.87493e-05 0.00747572
8.23474e-10 8.7034e-05 0.00759144
8.23575e-10 8.50713e-05 0.007782
8.23677e-10 8.46339e-05 0.00800644
8.23778e-10 8.67853e-05 0.00821081
8.23879e-10 9.14442e-05 0.00834953
8.2398e-10 9.74655e-05 0.00840334
8.24082e-10 0.000103186 0.00838687
8.24183e-10 0.000107179 0.00834289
8.24284e-10 0.000108886 0.00832545
8.24385e-10 0.000108829 0.00837863
8.24487e-10 0.000108338 0.00851929
8.24588e-10 0.000108918 0.00873046
8.24689e-10 0.000111551 0.00896803
8.2479e-10 0.000116259 0.00917801
8.24892e-10 0.000122118 0.00931766
8.24993e-10 0.00012772 0.00937211
8.25094e-10 0.000131851 0.0093602
8.25196e-10 0.000134081 0.00932711
8.25297e-10 0.00013497 0.00932683
8.25398e-10 0.000135799 0.00940116
8.25499e-10 0.000137954 0.00956355
8.25601e-10 0.000142234 0.00979383
8.25702e-10 0.000148434 0.0100461
8.25803e-10 0.000155404 0.0102662
8.25904e-10 0.00016158 0.0104131
8.26006e-10 0.000165738 0.0104743
8.26107e-10 0.000167641 0.0104707
8.26208e-10 0.00016823 0.010449
8.2631e-10 0.000169263 0.0104635
8.26411e-10 0.00017252 0.0105553
8.26512e-10 0.000178937 0.0107367
8.26613e-10 0.000188064 0.0109861
8.26715e-10 0.000198149 0.0112566
8.26816e-10 0.000206845 0.0114934
8.26917e-10 0.000212267 0.0116547
8.27018e-10 0.000213935 0.0117281
8.2712e-10 0.000213146 0.0117352
8.27221e-10 0.000212561 0.0117236
8.27322e-10 0.000215116 0.0117491
8.27424e-10 0.000222706 0.0118543
8.27525e-10 0.000235213 0.0120527
8.27626e-10 0.000250357 0.0123231
8.27727e-10 0.000264509 0.0126174
8.27829e-10 0.000274188 0.0128785
8.2793e-10 0.000277634 0.0130619
8.28031e-10 0.00027576 0.0131526
8.28132e-10 0.000272008 0.0131713
8.28234e-10 0.000271074 0.013167
8.28335e-10 0.000276969 0.0131984
8.28436e-10 0.000291205 0.0133128
8.28537e-10 0.00031191 0.0135271
8.28639e-10 0.000334336 0.0138218
8.2874e-10 0.000352665 0.014147
8.28841e-10 0.000362425 0.0144414
8.28943e-10 0.000362532 0.0146546
8.29044e-10 0.00035605 0.014767
8.29145e-10 0.000349237 0.0147969
8.29246e-10 0.000349145 0.0147955
8.29348e-10 0.000360689 0.0148272
8.29449e-10 0.000384392 0.0149463
8.2955e-10 0.000415808 0.0151763
8.29651e-10 0.000447007 0.0154997
8.29753e-10 0.00046965 0.0158643
8.29854e-10 0.000478466 0.0162018
8.29955e-10 0.000473712 0.0164528
8.30057e-10 0.000461491 0.0165903
8.30158e-10 0.000451653 0.01663
8.30259e-10 0.000453968 0.0166259
8.3036e-10 0.000474046 0.0166512
8.30462e-10 0.000510702 0.0167707
8.30563e-10 0.00055595 0.0170163
8.30664e-10 0.000597829 0.0173739
8.30765e-10 0.000625074 0.0177873
8.30867e-10 0.000631835 0.0181782
8.30968e-10 0.000620487 0.018475
8.31069e-10 0.000601235 0.0186407
8.31171e-10 0.000588471 0.0186876
8.31272e-10 0.000595144 0.0186745
8.31373e-10 0.000627346 0.0186859
8.31474e-10 0.000681343 0.0188008
8.31576e-10 0.000744444 0.0190622
8.31677e-10 0.000799589 0.0194598
8.31778e-10 0.000832045 0.0199318
8.31879e-10 0.000835587 0.0203867
8.31981e-10 0.000815617 0.0207373
8.32082e-10 0.000787742 0.020934
8.32183e-10 0.0007721 0.020985
8.32284e-10 0.000785476 0.0209556
8.32386e-10 0.000834267 0.0209448
8.32487e-10 0.000911216 0.0210493
8.32588e-10 0.000997477 0.021326
8.3269e-10 0.00106952 0.0217689
8.32791e-10 0.00110835 0.022309
8.32892e-10 0.00110751 0.0228387
8.32993e-10 0.00107647 0.0232512
8.33095e-10 0.00103788 0.0234817
8.33196e-10 0.00101919 0.0235336
8.33297e-10 0.001042 0.0234799
8.33398e-10 0.00111293 0.0234377
8.335e-10 0.00122006 0.0235247
8.33601e-10 0.0013366 0.0238146
8.33702e-10 0.00143069 0.0243066
8.33804e-10 0.00147793 0.0249235
8.33905e-10 0.00147163 0.0255382
8.34006e-10 0.00142654 0.0260209
8.34107e-10 0.00137436 0.0262884
8.34209e-10 0.00135203 0.0263382
8.3431e-10 0.00138732 0.026252
8.34411e-10 0.00148722 0.0261677
8.34512e-10 0.00163387 0.0262281
8.34614e-10 0.00179023 0.0265265
8.34715e-10 0.00191369 0.0270691
8.34816e-10 0.00197273 0.0277695
8.34917e-10 0.00196014 0.0284785
8.35019e-10 0.00189734 0.0290396
8.3512e-10 0.00182762 0.029348
8.35221e-10 0.00180023 0.0293934
8.35323e-10 0.00185121 0.0292666
8.35424e-10 0.00198835 0.0291284
8.35525e-10 0.00218645 0.0291502
8.35626e-10 0.00239539 0.0294488
8.35728e-10 0.00255852 0.0300393
8.35829e-10 0.00263474 0.0308264
8.3593e-10 0.00261563 0.0316373
8.36031e-10 0.00253071 0.0322848
8.36133e-10 0.00243803 0.0326391
8.36234e-10 0.00240287 0.0326791
8.36335e-10 0.00247253 0.0325039
8.36437e-10 0.0026566 0.0322987
8.36538e-10 0.00292111 0.0322669
8.36639e-10 0.0031994 0.0325521
8.3674e-10 0.00341651 0.0331822
8.36842e-10 0.00351823 0.0340545
8.36943e-10 0.00349354 0.0349714
8.37044e-10 0.00338144 0.0357125
8.37145e-10 0.00325848 0.0361187
8.37247e-10 0.00321087 0.0361543
8.37348e-10 0.0033013 0.0359243
8.37449e-10 0.00354306 0.0356383
8.37551e-10 0.00389215 0.0355339
8.37652e-10 0.00426135 0.0357862
8.37753e-10 0.00455193 0.0364401
8.37854e-10 0.00469165 0.0373888
8.37956e-10 0.00466446 0.0384109
8.38057e-10 0.00451983 0.0392509
8.38158e-10 0.00435709 0.0397161
8.38259e-10 0.00428945 0.039751
8.38361e-10 0.00440071 0.0394619
8.38462e-10 0.00471102 0.0390813
8.38563e-10 0.00516572 0.0388818
8.38664e-10 0.00565261 0.0390746
8.38766e-10 0.00604249 0.0397271
8.38867e-10 0.00623853 0.040734
8.38968e-10 0.00621555 0.0418532
8.3907e-10 0.00603364 0.0427939
8.39171e-10 0.00581934 0.0433255
8.39272e-10 0.00572014 0.0433664
8.39373e-10 0.00584847 0.0430178
8.39475e-10 0.00623643 0.04253
8.39576e-10 0.00681928 0.0422106
8.39677e-10 0.00745555 0.04231
8.39778e-10 0.00797782 0.0429251
8.3988e-10 0.00825608 0.0439603
