6.9e-10 0.00852458 0.0288705
6.90101e-10 0.00833629 0.029352
6.90203e-10 0.00814382 0.0298246
6.90304e-10 0.00794757 0.0302856
6.90405e-10 0.00774796 0.0307328
6.90506e-10 0.0075454 0.0311639
6.90608e-10 0.00734028 0.0315765
6.90709e-10 0.00713302 0.0319687
6.9081e-10 0.00692402 0.0323384
6.90911e-10 0.00671368 0.0326838
6.91013e-10 0.00650241 0.0330031
6.91114e-10 0.00629059 0.0332947
6.91215e-10 0.00607861 0.0335571
6.91317e-10 0.00586687 0.033789
6.91418e-10 0.00565575 0.033989
6.91519e-10 0.00544563 0.0341562
6.9162e-10 0.00523687 0.0342896
6.91722e-10 0.00502985 0.0343884
6.91823e-10 0.00482492 0.0344519
6.91924e-10 0.00462243 0.0344796
6.92025e-10 0.00442273 0.0344712
6.92127e-10 0.00422615 0.0344263
6.92228e-10 0.00403302 0.0343449
6.92329e-10 0.00384365 0.0342271
6.9243e-10 0.00365834 0.034073
6.92532e-10 0.00347738 0.0338828
6.92633e-10 0.00330106 0.0336571
6.92734e-10 0.00312963 0.0333963
6.92836e-10 0.00296335 0.0331011
6.92937e-10 0.00280245 0.0327723
6.93038e-10 0.00264716 0.0324108
6.93139e-10 0.00249769 0.0320176
6.93241e-10 0.00235421 0.0315937
6.93342e-10 0.00221692 0.0311403
6.93443e-10 0.00208596 0.0306587
6.93544e-10 0.00196147 0.0301502
6.93646e-10 0.00184357 0.0296162
6.93747e-10 0.00173238 0.0290581
6.93848e-10 0.00162796 0.0284776
6.9395e-10 0.00153039 0.0278762
6.94051e-10 0.00143972 0.0272555
6.94152e-10 0.00135598 0.0266172
6.94253e-10 0.00127917 0.025963
6.94355e-10 0.0012093 0.0252947
6.94456e-10 0.00114633 0.0246139
6.94557e-10 0.00109021 0.0239224
6.94658e-10 0.0010409 0.0232221
6.9476e-10 0.000998313 0.0225146
6.94861e-10 0.000962349 0.0218017
6.94962e-10 0.000932897 0.0210852
6.95064e-10 0.000909831 0.0203669
6.95165e-10 0.000893007 0.0196483
6.95266e-10 0.000882266 0.0189313
6.95367e-10 0.000877436 0.0182174
6.95469e-10 0.000878331 0.0175083
6.9557e-10 0.000884754 0.0168056
6.95671e-10 0.000896493 0.0161106
6.95772e-10 0.000913328 0.0154251
6.95874e-10 0.000935028 0.0147502
6.95975e-10 0.000961351 0.0140875
6.96076e-10 0.000992049 0.0134381
6.96177e-10 0.00102687 0.0128034
6.96279e-10 0.00106554 0.0121845
6.9638e-10 0.0011078 0.0115825
6.96481e-10 0.00115337 0.0109984
6.96583e-10 0.00120199 0.0104331
6.96684e-10 0.00125336 0.00988763
6.96785e-10 0.00130721 0.00936267
6.96886e-10 0.00136326 0.00885897
6.96988e-10 0.00142122 0.00837719
6.97089e-10 0.00148082 0.00791788
6.9719e-10 0.00154178 0.00748155
6.97291e-10 0.00160382 0.00706859
6.97393e-10 0.00166667 0.00667936
6.97494e-10 0.00173007 0.0063141
6.97595e-10 0.00179375 0.00597301
6.97697e-10 0.00185745 0.00565618
6.97798e-10 0.00192094 0.00536365
6.97899e-10 0.00198396 0.00509539
6.98e-10 0.00204628 0.00485129
6.98102e-10 0.00210769 0.00463118
6.98203e-10 0.00216795 0.00443481
6.98304e-10 0.00222688 0.00426188
6.98405e-10 0.00228427 0.00411202
6.98507e-10 0.00233994 0.00398481
6.98608e-10 0.00239371 0.00387978
6.98709e-10 0.00244543 0.00379638
6.9881e-10 0.00249494 0.00373402
6.98912e-10 0.0025421 0.00369209
6.99013e-10 0.0025868 0.0036699
6.99114e-10 0.0026289 0.00366673
6.99216e-10 0.00266831 0.00368183
6.99317e-10 0.00270494 0.00371441
6.99418e-10 0.00273871 0.00376364
6.99519e-10 0.00276956 0.00382867
6.99621e-10 0.00279742 0.00390863
6.99722e-10 0.00282227 0.00400262
6.99823e-10 0.00284407 0.00410972
6.99924e-10 0.00286279 0.00422899
7.00026e-10 0.00287844 0.0043595
7.00127e-10 0.00289102 0.00450029
7.00228e-10 0.00290053 0.0046504
7.0033e-10 0.00290702 0.00480886
7.00431e-10 0.0029105 0.00497472
7.00532e-10 0.00291103 0.00514701
7.00633e-10 0.00290866 0.00532477
7.00735e-10 0.00290345 0.00550707
7.00836e-10 0.00289547 0.00569297
7.00937e-10 0.0028848 0.00588154
7.01038e-10 0.00287152 0.00607188
7.0114e-10 0.00285574 0.00626311
7.01241e-10 0.00283754 0.00645436
7.01342e-10 0.00281704 0.00664478
7.01444e-10 0.00279433 0.00683355
7.01545e-10 0.00276954 0.00701989
7.01646e-10 0.00274279 0.00720303
7.01747e-10 0.00271419 0.00738224
7.01849e-10 0.00268388 0.00755681
7.0195e-10 0.00265197 0.00772608
7.02051e-10 0.0026186 0.00788941
7.02152e-10 0.00258391 0.00804619
7.02254e-10 0.00254801 0.00819587
7.02355e-10 0.00251106 0.00833791
7.02456e-10 0.00247317 0.00847183
7.02557e-10 0.00243448 0.00859717
7.02659e-10 0.00239512 0.00871352
7.0276e-10 0.00235522 0.0088205
7.02861e-10 0.00231491 0.00891779
7.02963e-10 0.00227432 0.00900507
7.03064e-10 0.00223357 0.00908209
7.03165e-10 0.00219278 0.00914864
7.03266e-10 0.00215206 0.00920453
7.03368e-10 0.00211154 0.00924962
7.03469e-10 0.00207131 0.00928381
7.0357e-10 0.00203149 0.00930702
7.03671e-10 0.00199218 0.00931922
7.03773e-10 0.00195346 0.00932043
7.03874e-10 0.00191544 0.00931067
7.03975e-10 0.00187821 0.00929003
7.04077e-10 0.00184183 0.0092586
7.04178e-10 0.00180639 0.00921653
7.04279e-10 0.00177195 0.00916397
7.0438e-10 0.00173859 0.00910114
7.04482e-10 0.00170636 0.00902825
7.04583e-10 0.00167531 0.00894555
7.04684e-10 0.00164549 0.00885333
7.04785e-10 0.00161695 0.00875189
7.04887e-10 0.00158972 0.00864154
7.04988e-10 0.00156383 0.00852264
7.05089e-10 0.0015393 0.00839555
7.05191e-10 0.00151616 0.00826065
7.05292e-10 0.00149442 0.00811834
7.05393e-10 0.00147408 0.00796903
7.05494e-10 0.00145516 0.00781316
7.05596e-10 0.00143764 0.00765116
7.05697e-10 0.00142153 0.00748348
7.05798e-10 0.00140682 0.00731058
7.05899e-10 0.00139347 0.00713293
7.06001e-10 0.00138149 0.006951
7.06102e-10 0.00137083 0.00676525
7.06203e-10 0.00136148 0.00657618
7.06304e-10 0.0013534 0.00638426
7.06406e-10 0.00134655 0.00618998
7.06507e-10 0.00134091 0.00599379
7.06608e-10 0.00133641 0.00579619
7.0671e-10 0.00133303 0.00559765
7.06811e-10 0.0013307 0.00539862
7.06912e-10 0.00132939 0.00519957
7.07013e-10 0.00132904 0.00500094
7.07115e-10 0.0013296 0.00480318
7.07216e-10 0.00133101 0.00460673
7.07317e-10 0.00133321 0.00441199
7.07418e-10 0.00133615 0.00421937
7.0752e-10 0.00133977 0.00402929
7.07621e-10 0.001344 0.0038421
7.07722e-10 0.0013488 0.00365818
7.07824e-10 0.00135409 0.00347789
7.07925e-10 0.00135982 0.00330154
7.08026e-10 0.00136593 0.00312948
7.08127e-10 0.00137235 0.00296198
7.08229e-10 0.00137904 0.00279934
7.0833e-10 0.00138593 0.00264183
7.08431e-10 0.00139297 0.00248968
7.08532e-10 0.00140009 0.00234313
7.08634e-10 0.00140725 0.00220238
7.08735e-10 0.00141439 0.00206762
7.08836e-10 0.00142146 0.00193902
7.08938e-10 0.00142841 0.00181674
7.09039e-10 0.00143519 0.00170089
7.0914e-10 0.00144176 0.0015916
7.09241e-10 0.00144807 0.00148895
7.09343e-10 0.00145409 0.00139301
7.09444e-10 0.00145977 0.00130384
7.09545e-10 0.00146507 0.00122147
7.09646e-10 0.00146997 0.00114591
7.09748e-10 0.00147443 0.00107717
7.09849e-10 0.00147842 0.00101522
7.0995e-10 0.00148191 0.000960014
7.10051e-10 0.00148488 0.000911507
7.10153e-10 0.00148731 0.000869622
7.10254e-10 0.00148918 0.000834273
7.10355e-10 0.00149048 0.000805353
7.10457e-10 0.00149118 0.000782745
7.10558e-10 0.00149128 0.000766314
7.10659e-10 0.00149077 0.000755915
7.1076e-10 0.00148965 0.000751387
7.10862e-10 0.0014879 0.000752558
7.10963e-10 0.00148553 0.000759244
7.11064e-10 0.00148254 0.00077125
7.11165e-10 0.00147894 0.000788372
7.11267e-10 0.00147472 0.000810396
7.11368e-10 0.00146989 0.0008371
7.11469e-10 0.00146447 0.000868251
7.11571e-10 0.00145847 0.000903613
7.11672e-10 0.0014519 0.000942943
7.11773e-10 0.00144477 0.00098599
7.11874e-10 0.0014371 0.0010325
7.11976e-10 0.00142891 0.00108222
7.12077e-10 0.00142023 0.00113488
7.12178e-10 0.00141106 0.00119022
7.12279e-10 0.00140144 0.00124798
7.12381e-10 0.00139138 0.00130788
7.12482e-10 0.00138091 0.00136967
7.12583e-10 0.00137006 0.00143308
7.12684e-10 0.00135885 0.00149784
7.12786e-10 0.00134731 0.00156368
7.12887e-10 0.00133547 0.00163036
7.12988e-10 0.00132335 0.00169761
7.1309e-10 0.00131099 0.00176519
7.13191e-10 0.00129841 0.00183283
7.13292e-10 0.00128563 0.0019003
7.13393e-10 0.0012727 0.00196736
7.13495e-10 0.00125963 0.00203378
7.13596e-10 0.00124646 0.00209933
7.13697e-10 0.00123321 0.0021638
7.13798e-10 0.00121991 0.00222697
7.139e-10 0.00120659 0.00228864
7.14001e-10 0.00119328 0.00234862
7.14102e-10 0.00118 0.00240673
7.14204e-10 0.00116677 0.00246277
7.14305e-10 0.00115363 0.0025166
7.14406e-10 0.0011406 0.00256805
7.14507e-10 0.00112769 0.00261696
7.14609e-10 0.00111494 0.00266322
7.1471e-10 0.00110236 0.00270668
7.14811e-10 0.00108998 0.00274723
7.14912e-10 0.0010778 0.00278476
7.15014e-10 0.00106586 0.00281918
7.15115e-10 0.00105417 0.00285039
7.15216e-10 0.00104274 0.00287834
7.15318e-10 0.00103159 0.00290295
7.15419e-10 0.00102073 0.00292416
7.1552e-10 0.00101018 0.00294194
7.15621e-10 0.000999939 0.00295625
7.15723e-10 0.000990025 0.00296706
7.15824e-10 0.000980444 0.00297438
7.15925e-10 0.000971204 0.00297819
7.16026e-10 0.00096231 0.0029785
7.16128e-10 0.000953767 0.00297533
7.16229e-10 0.000945579 0.00296871
7.1633e-10 0.000937748 0.00295867
7.16431e-10 0.000930276 0.00294526
7.16533e-10 0.000923161 0.00292853
7.16634e-10 0.000916404 0.00290854
7.16735e-10 0.000910002 0.00288537
7.16837e-10 0.000903951 0.00285909
7.16938e-10 0.000898247 0.00282979
7.17039e-10 0.000892886 0.00279755
7.1714e-10 0.00088786 0.00276249
7.17242e-10 0.000883163 0.00272469
7.17343e-10 0.000878787 0.00268428
7.17444e-10 0.000874722 0.00264138
7.17545e-10 0.00087096 0.00259609
7.17647e-10 0.00086749 0.00254855
7.17748e-10 0.000864301 0.0024989
7.17849e-10 0.000861382 0.00244725
7.17951e-10 0.000858721 0.00239376
7.18052e-10 0.000856305 0.00233856
7.18153e-10 0.00085412 0.0022818
7.18254e-10 0.000852155 0.00222361
7.18356e-10 0.000850394 0.00216416
7.18457e-10 0.000848824 0.00210358
7.18558e-10 0.000847431 0.00204203
7.18659e-10 0.0008462 0.00197965
7.18761e-10 0.000845117 0.0019166
7.18862e-10 0.000844167 0.00185303
7.18963e-10 0.000843335 0.00178908
7.19065e-10 0.000842607 0.0017249
7.19166e-10 0.000841968 0.00166064
7.19267e-10 0.000841404 0.00159645
7.19368e-10 0.000840901 0.00153246
7.1947e-10 0.000840444 0.00146882
7.19571e-10 0.000840019 0.00140567
7.19672e-10 0.000839614 0.00134313
7.19773e-10 0.000839214 0.00128133
7.19875e-10 0.000838808 0.00122042
7.19976e-10 0.000838382 0.0011605
7.20077e-10 0.000837925 0.0011017
7.20178e-10 0.000837425 0.00104413
7.2028e-10 0.000836871 0.000987895
7.20381e-10 0.000836252 0.00093311
7.20482e-10 0.000835559 0.000879869
7.20584e-10 0.000834782 0.000828267
7.20685e-10 0.000833912 0.000778392
7.20786e-10 0.00083294 0.000730328
7.20887e-10 0.00083186 0.000684152
7.20989e-10 0.000830664 0.000639935
7.2109e-10 0.000829345 0.000597744
7.21191e-10 0.000827899 0.000557637
7.21292e-10 0.000826318 0.000519669
7.21394e-10 0.0008246 0.000483887
7.21495e-10 0.00082274 0.000450332
7.21596e-10 0.000820735 0.000419039
7.21698e-10 0.000818582 0.000390038
7.21799e-10 0.00081628 0.000363351
7.219e-10 0.000813826 0.000338994
7.22001e-10 0.000811221 0.00031698
7.22103e-10 0.000808464 0.000297311
7.22204e-10 0.000805555 0.000279988
7.22305e-10 0.000802496 0.000265003
7.22406e-10 0.000799288 0.000252343
7.22508e-10 0.000795933 0.000241989
7.22609e-10 0.000792433 0.000233919
7.2271e-10 0.000788793 0.000228102
7.22812e-10 0.000785016 0.000224505
7.22913e-10 0.000781105 0.000223087
7.23014e-10 0.000777065 0.000223806
7.23115e-10 0.000772901 0.00022661
7.23217e-10 0.000768619 0.000231448
7.23318e-10 0.000764224 0.000238261
7.23419e-10 0.000759722 0.000246988
7.2352e-10 0.000755119 0.000257563
7.23622e-10 0.000750422 0.000269917
7.23723e-10 0.000745638 0.000283976
7.23824e-10 0.000740774 0.000299666
7.23925e-10 0.000735838 0.000316906
7.24027e-10 0.000730835 0.000335616
7.24128e-10 0.000725775 0.000355712
7.24229e-10 0.000720665 0.000377106
7.24331e-10 0.000715513 0.000399712
7.24432e-10 0.000710325 0.000423438
7.24533e-10 0.000705111 0.000448194
7.24634e-10 0.000699879 0.000473886
7.24736e-10 0.000694635 0.000500422
7.24837e-10 0.000689388 0.000527706
7.24938e-10 0.000684145 0.000555644
7.25039e-10 0.000678914 0.00058414
7.25141e-10 0.000673703 0.0006131
7.25242e-10 0.000668519 0.000642428
7.25343e-10 0.000663369 0.00067203
7.25445e-10 0.00065826 0.000701812
7.25546e-10 0.000653199 0.000731681
7.25647e-10 0.000648192 0.000761546
7.25748e-10 0.000643246 0.000791315
7.2585e-10 0.000638366 0.000820901
7.25951e-10 0.00063356 0.000850216
7.26052e-10 0.000628831 0.000879175
7.26153e-10 0.000624186 0.000907694
7.26255e-10 0.000619629 0.000935694
7.26356e-10 0.000615165 0.000963095
7.26457e-10 0.000610798 0.000989822
7.26559e-10 0.000606532 0.0010158
7.2666e-10 0.000602371 0.00104097
7.26761e-10 0.000598318 0.00106525
7.26862e-10 0.000594375 0.00108858
7.26964e-10 0.000590546 0.0011109
7.27065e-10 0.000586832 0.00113216
7.27166e-10 0.000583235 0.00115231
7.27267e-10 0.000579757 0.00117128
7.27369e-10 0.000576399 0.00118904
7.2747e-10 0.000573161 0.00120554
7.27571e-10 0.000570045 0.00122074
7.27672e-10 0.000567049 0.00123462
7.27774e-10 0.000564174 0.00124713
7.27875e-10 0.000561419 0.00125826
7.27976e-10 0.000558783 0.00126797
7.28078e-10 0.000556265 0.00127625
7.28179e-10 0.000553863 0.00128308
7.2828e-10 0.000551576 0.00128846
7.28381e-10 0.000549401 0.00129236
7.28483e-10 0.000547336 0.0012948
7.28584e-10 0.000545377 0.00129577
7.28685e-10 0.000543523 0.00129527
7.28786e-10 0.00054177 0.00129331
7.28888e-10 0.000540115 0.0012899
7.28989e-10 0.000538553 0.00128506
7.2909e-10 0.000537082 0.00127881
7.29192e-10 0.000535697 0.00127116
7.29293e-10 0.000534394 0.00126214
7.29394e-10 0.000533169 0.00125178
7.29495e-10 0.000532018 0.00124012
7.29597e-10 0.000530935 0.00122717
7.29698e-10 0.000529916 0.00121299
7.29799e-10 0.000528957 0.00119761
7.299e-10 0.000528053 0.00118107
7.30002e-10 0.000527199 0.00116342
7.30103e-10 0.000526389 0.00114471
7.30204e-10 0.00052562 0.00112498
7.30305e-10 0.000524887 0.00110428
7.30407e-10 0.000524183 0.00108268
7.30508e-10 0.000523506 0.00106022
7.30609e-10 0.000522849 0.00103696
7.30711e-10 0.000522208 0.00101296
7.30812e-10 0.000521579 0.000988271
7.30913e-10 0.000520956 0.000962966
7.31014e-10 0.000520336 0.000937099
7.31116e-10 0.000519713 0.000910735
7.31217e-10 0.000519084 0.000883934
7.31318e-10 0.000518445 0.000856761
7.31419e-10 0.000517791 0.00082928
7.31521e-10 0.000517119 0.000801552
7.31622e-10 0.000516425 0.000773643
7.31723e-10 0.000515705 0.000745616
7.31825e-10 0.000514956 0.000717534
7.31926e-10 0.000514175 0.00068946
7.32027e-10 0.00051336 0.000661455
7.32128e-10 0.000512506 0.000633582
7.3223e-10 0.000511612 0.000605901
7.32331e-10 0.000510675 0.000578471
7.32432e-10 0.000509694 0.00055135
7.32533e-10 0.000508665 0.000524596
7.32635e-10 0.000507588 0.000498264
7.32736e-10 0.000506462 0.000472408
7.32837e-10 0.000505283 0.000447081
7.32939e-10 0.000504053 0.000422333
7.3304e-10 0.000502769 0.000398213
7.33141e-10 0.000501432 0.000374769
7.33242e-10 0.00050004 0.000352044
7.33344e-10 0.000498594 0.000330081
7.33445e-10 0.000497094 0.000308922
7.33546e-10 0.000495539 0.000288604
7.33647e-10 0.000493931 0.000269163
7.33749e-10 0.00049227 0.000250632
7.3385e-10 0.000490557 0.000233042
7.33951e-10 0.000488792 0.000216422
7.34052e-10 0.000486978 0.000200797
7.34154e-10 0.000485115 0.000186191
7.34255e-10 0.000483205 0.000172625
7.34356e-10 0.00048125 0.000160116
7.34458e-10 0.000479251 0.000148679
7.34559e-10 0.000477211 0.000138327
7.3466e-10 0.000475131 0.00012907
7.34761e-10 0.000473014 0.000120916
7.34863e-10 0.000470863 0.000113868
7.34964e-10 0.00046868 0.000107929
7.35065e-10 0.000466467 0.000103097
7.35166e-10 0.000464228 9.93703e-05
7.35268e-10 0.000461964 9.67419e-05
7.35369e-10 0.000459679 9.52035e-05
7.3547e-10 0.000457376 9.47441e-05
7.35572e-10 0.000455057 9.53503e-05
7.35673e-10 0.000452726 9.70063e-05
7.35774e-10 0.000450386 9.96938e-05
7.35875e-10 0.00044804 0.000103393
7.35977e-10 0.00044569 0.00010808
7.36078e-10 0.00044334 0.000113731
7.36179e-10 0.000440993 0.000120319
7.3628e-10 0.000438652 0.000127815
7.36382e-10 0.00043632 0.000136189
7.36483e-10 0.000433999 0.000145408
7.36584e-10 0.000431694 0.000155438
7.36686e-10 0.000429406 0.000166243
7.36787e-10 0.000427139 0.000177786
7.36888e-10 0.000424895 0.000190029
7.36989e-10 0.000422677 0.000202931
7.37091e-10 0.000420487 0.000216452
7.37192e-10 0.000418328 0.000230548
7.37293e-10 0.000416203 0.000245178
7.37394e-10 0.000414113 0.000260296
7.37496e-10 0.000412061 0.000275859
7.37597e-10 0.000410049 0.00029182
7.37698e-10 0.000408078 0.000308134
7.37799e-10 0.000406151 0.000324753
7.37901e-10 0.00040427 0.000341632
7.38002e-10 0.000402435 0.000358724
7.38103e-10 0.000400648 0.000375981
7.38205e-10 0.000398911 0.000393357
7.38306e-10 0.000397224 0.000410804
7.38407e-10 0.000395589 0.000428276
7.38508e-10 0.000394007 0.000445726
7.3861e-10 0.000392477 0.00046311
7.38711e-10 0.000391001 0.000480381
7.38812e-10 0.000389579 0.000497495
7.38913e-10 0.000388212 0.000514408
7.39015e-10 0.000386899 0.000531078
7.39116e-10 0.00038564 0.000547461
7.39217e-10 0.000384436 0.000563517
7.39319e-10 0.000383285 0.000579206
7.3942e-10 0.000382188 0.00059449
7.39521e-10 0.000381144 0.000609331
7.39622e-10 0.000380152 0.000623692
7.39724e-10 0.000379211 0.000637539
7.39825e-10 0.000378321 0.00065084
7.39926e-10 0.00037748 0.000663562
7.40027e-10 0.000376687 0.000675675
7.40129e-10 0.00037594 0.000687152
7.4023e-10 0.000375239 0.000697965
7.40331e-10 0.000374582 0.000708091
7.40433e-10 0.000373967 0.000717505
7.40534e-10 0.000373392 0.000726187
7.40635e-10 0.000372856 0.000734118
7.40736e-10 0.000372357 0.000741281
7.40838e-10 0.000371893 0.00074766
7.40939e-10 0.000371462 0.000753241
7.4104e-10 0.000371062 0.000758015
7.41141e-10 0.00037069 0.00076197
7.41243e-10 0.000370345 0.000765101
7.41344e-10 0.000370025 0.000767401
7.41445e-10 0.000369726 0.000768868
7.41546e-10 0.000369448 0.000769499
7.41648e-10 0.000369188 0.000769297
7.41749e-10 0.000368943 0.000768263
7.4185e-10 0.000368711 0.000766401
7.41952e-10 0.00036849 0.00076372
7.42053e-10 0.000368278 0.000760226
7.42154e-10 0.000368072 0.000755931
7.42255e-10 0.000367871 0.000750845
7.42357e-10 0.000367671 0.000744984
7.42458e-10 0.000367472 0.000738363
7.42559e-10 0.00036727 0.000731
7.4266e-10 0.000367065 0.000722912
7.42762e-10 0.000366853 0.000714121
7.42863e-10 0.000366632 0.000704649
7.42964e-10 0.000366402 0.00069452
7.43066e-10 0.00036616 0.000683758
7.43167e-10 0.000365905 0.000672389
7.43268e-10 0.000365634 0.000660442
7.43369e-10 0.000365346 0.000647945
7.43471e-10 0.00036504 0.000634928
7.43572e-10 0.000364715 0.000621422
7.43673e-10 0.000364368 0.000607458
7.43774e-10 0.000363999 0.00059307
7.43876e-10 0.000363607 0.000578291
7.43977e-10 0.00036319 0.000563156
7.44078e-10 0.000362748 0.000547699
7.44179e-10 0.000362279 0.000531956
7.44281e-10 0.000361784 0.000515963
7.44382e-10 0.000361262 0.000499757
7.44483e-10 0.000360711 0.000483374
7.44585e-10 0.000360132 0.000466851
7.44686e-10 0.000359524 0.000450225
7.44787e-10 0.000358888 0.000433533
7.44888e-10 0.000358222 0.000416813
7.4499e-10 0.000357528 0.000400102
7.45091e-10 0.000356805 0.000383435
7.45192e-10 0.000356053 0.00036685
7.45293e-10 0.000355274 0.000350383
7.45395e-10 0.000354466 0.00033407
7.45496e-10 0.000353631 0.000317945
7.45597e-10 0.00035277 0.000302043
7.45699e-10 0.000351883 0.000286399
7.458e-10 0.000350971 0.000271044
7.45901e-10 0.000350034 0.000256012
7.46002e-10 0.000349075 0.000241335
7.46104e-10 0.000348093 0.000227041
7.46205e-10 0.00034709 0.000213162
7.46306e-10 0.000346067 0.000199725
7.46407e-10 0.000345026 0.000186758
7.46509e-10 0.000343968 0.000174287
7.4661e-10 0.000342894 0.000162336
7.46711e-10 0.000341805 0.000150929
7.46813e-10 0.000340704 0.000140089
7.46914e-10 0.000339591 0.000129836
7.47015e-10 0.000338468 0.00012019
7.47116e-10 0.000337337 0.000111168
7.47218e-10 0.000336199 0.000102787
7.47319e-10 0.000335057 9.50624e-05
7.4742e-10 0.000333911 8.80071e-05
7.47521e-10 0.000332764 8.16331e-05
7.47623e-10 0.000331616 7.59506e-05
7.47724e-10 0.000330471 7.09684e-05
7.47825e-10 0.000329329 6.66935e-05
7.47926e-10 0.000328192 6.31313e-05
7.48028e-10 0.000327062 6.02856e-05
7.48129e-10 0.000325941 5.81586e-05
7.4823e-10 0.00032483 5.6751e-05
7.48332e-10 0.00032373 5.60616e-05
7.48433e-10 0.000322644 5.60879e-05
7.48534e-10 0.000321572 5.68255e-05
7.48635e-10 0.000320517 5.82687e-05
7.48737e-10 0.00031948 6.04101e-05
7.48838e-10 0.000318462 6.32409e-05
7.48939e-10 0.000317465 6.67506e-05
7.4904e-10 0.00031649 7.09273e-05
7.49142e-10 0.000315538 7.57578e-05
7.49243e-10 0.00031461 8.12274e-05
7.49344e-10 0.000313707 8.73199e-05
7.49446e-10 0.000312831 9.40179e-05
7.49547e-10 0.000311983 0.000101303
7.49648e-10 0.000311163 0.000109155
7.49749e-10 0.000310372 0.000117553
7.49851e-10 0.000309612 0.000126474
7.49952e-10 0.000308882 0.000135896
7.50053e-10 0.000308183 0.000145794
7.50154e-10 0.000307516 0.000156142
7.50256e-10 0.000306881 0.000166915
7.50357e-10 0.000306279 0.000178086
7.50458e-10 0.000305709 0.000189626
7.5056e-10 0.000305173 0.000201507
7.50661e-10 0.00030467 0.000213701
7.50762e-10 0.0003042 0.000226176
7.50863e-10 0.000303763 0.000238904
7.50965e-10 0.000303359 0.000251852
7.51066e-10 0.000302987 0.000264991
7.51167e-10 0.000302648 0.000278289
7.51268e-10 0.000302341 0.000291713
7.5137e-10 0.000302066 0.000305233
7.51471e-10 0.000301821 0.000318817
7.51572e-10 0.000301607 0.000332432
7.51673e-10 0.000301422 0.000346046
7.51775e-10 0.000301266 0.000359629
7.51876e-10 0.000301138 0.000373147
7.51977e-10 0.000301037 0.000386571
7.52079e-10 0.000300963 0.000399869
7.5218e-10 0.000300913 0.00041301
7.52281e-10 0.000300888 0.000425964
7.52382e-10 0.000300885 0.000438702
7.52484e-10 0.000300904 0.000451194
7.52585e-10 0.000300944 0.000463412
7.52686e-10 0.000301003 0.000475329
7.52787e-10 0.00030108 0.000486918
7.52889e-10 0.000301174 0.000498151
7.5299e-10 0.000301283 0.000509005
7.53091e-10 0.000301405 0.000519455
7.53193e-10 0.000301541 0.000529476
7.53294e-10 0.000301687 0.000539048
7.53395e-10 0.000301843 0.000548149
7.53496e-10 0.000302007 0.000556759
7.53598e-10 0.000302177 0.000564858
7.53699e-10 0.000302353 0.000572429
7.538e-10 0.000302533 0.000579455
7.53901e-10 0.000302715 0.000585921
7.54003e-10 0.000302897 0.000591813
7.54104e-10 0.00030308 0.000597118
7.54205e-10 0.00030326 0.000601825
7.54307e-10 0.000303437 0.000605924
7.54408e-10 0.000303609 0.000609405
7.54509e-10 0.000303775 0.000612263
7.5461e-10 0.000303934 0.00061449
7.54712e-10 0.000304084 0.000616083
7.54813e-10 0.000304225 0.000617039
7.54914e-10 0.000304354 0.000617355
7.55015e-10 0.000304472 0.000617032
7.55117e-10 0.000304576 0.000616072
7.55218e-10 0.000304666 0.000614475
7.55319e-10 0.000304741 0.000612248
7.5542e-10 0.0003048 0.000609394
7.55522e-10 0.000304842 0.000605922
7.55623e-10 0.000304866 0.000601839
7.55724e-10 0.000304872 0.000597154
7.55826e-10 0.000304859 0.000591879
7.55927e-10 0.000304826 0.000586026
7.56028e-10 0.000304773 0.000579608
7.56129e-10 0.0003047 0.000572639
7.56231e-10 0.000304605 0.000565136
7.56332e-10 0.000304489 0.000557116
7.56433e-10 0.000304352 0.000548595
7.56534e-10 0.000304193 0.000539595
7.56636e-10 0.000304012 0.000530134
7.56737e-10 0.00030381 0.000520235
7.56838e-10 0.000303585 0.000509919
7.5694e-10 0.000303339 0.000499209
7.57041e-10 0.000303072 0.000488129
7.57142e-10 0.000302784 0.000476703
7.57243e-10 0.000302475 0.000464958
7.57345e-10 0.000302145 0.000452919
7.57446e-10 0.000301796 0.000440613
7.57547e-10 0.000301427 0.000428067
7.57648e-10 0.00030104 0.000415308
7.5775e-10 0.000300634 0.000402366
7.57851e-10 0.000300212 0.000389268
7.57952e-10 0.000299772 0.000376044
7.58053e-10 0.000299318 0.000362723
7.58155e-10 0.000298848 0.000349333
7.58256e-10 0.000298365 0.000335905
7.58357e-10 0.000297868 0.000322467
7.58459e-10 0.00029736 0.000309051
7.5856e-10 0.000296842 0.000295684
7.58661e-10 0.000296313 0.000282396
7.58762e-10 0.000295777 0.000269218
7.58864e-10 0.000295233 0.000256177
7.58965e-10 0.000294683 0.000243302
7.59066e-10 0.000294128 0.000230621
7.59167e-10 0.00029357 0.000218163
7.59269e-10 0.00029301 0.000205954
7.5937e-10 0.000292448 0.000194022
7.59471e-10 0.000291888 0.000182393
7.59573e-10 0.000291328 0.000171092
7.59674e-10 0.000290772 0.000160144
7.59775e-10 0.000290221 0.000149574
7.59876e-10 0.000289675 0.000139404
7.59978e-10 0.000289135 0.000129657
7.60079e-10 0.000288605 0.000120354
7.6018e-10 0.000288083 0.000111517
7.60281e-10 0.000287573 0.000103164
7.60383e-10 0.000287074 9.53149e-05
7.60484e-10 0.000286589 8.79862e-05
7.60585e-10 0.000286119 8.11946e-05
7.60687e-10 0.000285663 7.49553e-05
7.60788e-10 0.000285225 6.92823e-05
7.60889e-10 0.000284804 6.41885e-05
7.6099e-10 0.000284403 5.96855e-05
7.61092e-10 0.000284021 5.57837e-05
7.61193e-10 0.00028366 5.2492e-05
7.61294e-10 0.00028332 4.98184e-05
7.61395e-10 0.000283004 4.77693e-05
7.61497e-10 0.00028271 4.63498e-05
7.61598e-10 0.000282441 4.55638e-05
7.61699e-10 0.000282196 4.54137e-05
7.618e-10 0.000281977 4.59006e-05
7.61902e-10 0.000281783 4.70244e-05
7.62003e-10 0.000281616 4.87835e-05
7.62104e-10 0.000281476 5.11748e-05
7.62206e-10 0.000281364 5.41943e-05
7.62307e-10 0.000281279 5.78363e-05
7.62408e-10 0.000281221 6.20938e-05
7.62509e-10 0.000281192 6.69588e-05
7.62611e-10 0.00028119 7.24216e-05
7.62712e-10 0.000281217 7.84716e-05
7.62813e-10 0.000281272 8.50967e-05
7.62914e-10 0.000281354 9.22837e-05
7.63016e-10 0.000281465 0.000100018
7.63117e-10 0.000281603 0.000108285
7.63218e-10 0.000281768 0.000117066
7.6332e-10 0.00028196 0.000126345
7.63421e-10 0.000282178 0.000136103
7.63522e-10 0.000282422 0.000146319
7.63623e-10 0.000282692 0.000156973
7.63725e-10 0.000282986 0.000168043
7.63826e-10 0.000283304 0.000179506
7.63927e-10 0.000283646 0.000191339
7.64028e-10 0.00028401 0.000203517
7.6413e-10 0.000284396 0.000216016
7.64231e-10 0.000284802 0.00022881
7.64332e-10 0.000285228 0.000241872
7.64434e-10 0.000285673 0.000255175
7.64535e-10 0.000286135 0.000268692
7.64636e-10 0.000286614 0.000282394
7.64737e-10 0.000287109 0.000296254
7.64839e-10 0.000287618 0.000310243
7.6494e-10 0.00028814 0.000324331
7.65041e-10 0.000288674 0.00033849
7.65142e-10 0.000289219 0.00035269
7.65244e-10 0.000289774 0.0003669
7.65345e-10 0.000290336 0.000381093
7.65446e-10 0.000290906 0.000395237
7.65547e-10 0.000291481 0.000409304
7.65649e-10 0.00029206 0.000423265
7.6575e-10 0.000292642 0.000437089
7.65851e-10 0.000293226 0.000450748
7.65953e-10 0.00029381 0.000464213
7.66054e-10 0.000294393 0.000477456
7.66155e-10 0.000294974 0.00049045
7.66256e-10 0.000295552 0.000503166
7.66358e-10 0.000296124 0.000515579
7.66459e-10 0.000296691 0.000527661
7.6656e-10 0.00029725 0.000539387
7.66661e-10 0.000297801 0.000550733
7.66763e-10 0.000298342 0.000561674
7.66864e-10 0.000298872 0.000572188
7.66965e-10 0.000299391 0.000582251
7.67067e-10 0.000299897 0.000591842
7.67168e-10 0.000300388 0.000600942
7.67269e-10 0.000300865 0.000609529
7.6737e-10 0.000301326 0.000617586
7.67472e-10 0.00030177 0.000625096
7.67573e-10 0.000302197 0.000632042
7.67674e-10 0.000302605 0.000638408
7.67775e-10 0.000302995 0.000644182
7.67877e-10 0.000303365 0.000649351
7.67978e-10 0.000303715 0.000653902
7.68079e-10 0.000304044 0.000657826
7.68181e-10 0.000304352 0.000661114
7.68282e-10 0.000304638 0.000663759
7.68383e-10 0.000304903 0.000665754
7.68484e-10 0.000305145 0.000667094
7.68586e-10 0.000305366 0.000667775
7.68687e-10 0.000305563 0.000667797
7.68788e-10 0.000305739 0.000667157
7.68889e-10 0.000305892 0.000665857
7.68991e-10 0.000306023 0.000663899
7.69092e-10 0.000306131 0.000661286
7.69193e-10 0.000306218 0.000658022
7.69294e-10 0.000306283 0.000654115
7.69396e-10 0.000306327 0.000649571
7.69497e-10 0.00030635 0.0006444
7.69598e-10 0.000306354 0.000638612
7.697e-10 0.000306337 0.000632218
7.69801e-10 0.000306301 0.000625231
7.69902e-10 0.000306247 0.000617666
7.70003e-10 0.000306176 0.000609537
7.70105e-10 0.000306088 0.000600862
7.70206e-10 0.000305984 0.000591658
7.70307e-10 0.000305865 0.000581945
7.70408e-10 0.000305732 0.000571742
7.7051e-10 0.000305587 0.000561071
7.70611e-10 0.00030543 0.000549953
7.70712e-10 0.000305262 0.000538413
7.70814e-10 0.000305085 0.000526474
7.70915e-10 0.000304899 0.000514162
7.71016e-10 0.000304707 0.000501503
7.71117e-10 0.000304509 0.000488523
7.71219e-10 0.000304307 0.00047525
7.7132e-10 0.000304102 0.000461713
7.71421e-10 0.000303896 0.00044794
7.71522e-10 0.000303689 0.000433961
7.71624e-10 0.000303483 0.000419806
7.71725e-10 0.00030328 0.000405506
7.71826e-10 0.000303082 0.000391091
7.71928e-10 0.000302889 0.000376594
7.72029e-10 0.000302702 0.000362046
7.7213e-10 0.000302524 0.000347478
7.72231e-10 0.000302357 0.000332924
7.72333e-10 0.0003022 0.000318414
7.72434e-10 0.000302056 0.000303982
7.72535e-10 0.000301926 0.000289659
7.72636e-10 0.000301811 0.000275479
7.72738e-10 0.000301713 0.000261472
7.72839e-10 0.000301634 0.00024767
7.7294e-10 0.000301573 0.000234106
7.73041e-10 0.000301534 0.00022081
7.73143e-10 0.000301516 0.000207813
7.73244e-10 0.000301521 0.000195145
7.73345e-10 0.00030155 0.000182836
7.73447e-10 0.000301604 0.000170916
7.73548e-10 0.000301685 0.000159412
7.73649e-10 0.000301793 0.000148352
7.7375e-10 0.000301928 0.000137765
7.73852e-10 0.000302093 0.000127675
7.73953e-10 0.000302288 0.000118108
7.74054e-10 0.000302512 0.000109088
7.74155e-10 0.000302768 0.000100639
7.74257e-10 0.000303056 9.2783e-05
7.74358e-10 0.000303376 8.55414e-05
7.74459e-10 0.000303728 7.89342e-05
7.74561e-10 0.000304113 7.29804e-05
7.74662e-10 0.000304532 6.76975e-05
7.74763e-10 0.000304984 6.3102e-05
7.74864e-10 0.00030547 5.9209e-05
7.74966e-10 0.00030599 5.60324e-05
7.75067e-10 0.000306543 5.35844e-05
7.75168e-10 0.00030713 5.18762e-05
7.75269e-10 0.00030775 5.09172e-05
7.75371e-10 0.000308404 5.07157e-05
7.75472e-10 0.00030909 5.12781e-05
7.75573e-10 0.000309809 5.26098e-05
7.75674e-10 0.00031056 5.47142e-05
7.75776e-10 0.000311342 5.75935e-05
7.75877e-10 0.000312155 6.12483e-05
7.75978e-10 0.000312998 6.56775e-05
7.7608e-10 0.00031387 7.08787e-05
7.76181e-10 0.000314771 7.68477e-05
7.76282e-10 0.000315699 8.35789e-05
7.76383e-10 0.000316654 9.10651e-05
7.76485e-10 0.000317634 9.92975e-05
7.76586e-10 0.000318638 0.000108266
7.76687e-10 0.000319666 0.000117959
7.76788e-10 0.000320715 0.000128362
7.7689e-10 0.000321786 0.000139462
7.76991e-10 0.000322875 0.000151242
7.77092e-10 0.000323982 0.000163684
7.77194e-10 0.000325106 0.000176769
7.77295e-10 0.000326245 0.000190477
7.77396e-10 0.000327397 0.000204786
7.77497e-10 0.000328561 0.000219673
7.77599e-10 0.000329735 0.000235113
7.777e-10 0.000330918 0.000251082
7.77801e-10 0.000332108 0.000267551
7.77902e-10 0.000333304 0.000284494
7.78004e-10 0.000334503 0.000301882
7.78105e-10 0.000335705 0.000319684
7.78206e-10 0.000336907 0.000337869
7.78308e-10 0.000338107 0.000356406
7.78409e-10 0.000339305 0.000375261
7.7851e-10 0.000340498 0.000394402
7.78611e-10 0.000341685 0.000413793
7.78713e-10 0.000342864 0.000433401
7.78814e-10 0.000344034 0.000453189
7.78915e-10 0.000345192 0.000473121
7.79016e-10 0.000346338 0.00049316
7.79118e-10 0.00034747 0.00051327
7.79219e-10 0.000348585 0.000533414
7.7932e-10 0.000349684 0.000553552
7.79421e-10 0.000350764 0.000573649
7.79523e-10 0.000351825 0.000593666
7.79624e-10 0.000352864 0.000613564
7.79725e-10 0.000353881 0.000633306
7.79827e-10 0.000354874 0.000652855
7.79928e-10 0.000355842 0.000672171
7.80029e-10 0.000356784 0.000691219
7.8013e-10 0.0003577 0.000709961
7.80232e-10 0.000358588 0.00072836
7.80333e-10 0.000359448 0.000746381
7.80434e-10 0.000360278 0.000763986
7.80535e-10 0.000361078 0.000781143
7.80637e-10 0.000361848 0.000797815
7.80738e-10 0.000362587 0.00081397
7.80839e-10 0.000363294 0.000829575
7.80941e-10 0.00036397 0.000844599
7.81042e-10 0.000364614 0.000859009
7.81143e-10 0.000365226 0.000872777
7.81244e-10 0.000365805 0.000885874
7.81346e-10 0.000366353 0.000898273
7.81447e-10 0.000366869 0.000909947
7.81548e-10 0.000367353 0.000920871
7.81649e-10 0.000367806 0.000931021
7.81751e-10 0.000368228 0.000940377
7.81852e-10 0.00036862 0.000948915
7.81953e-10 0.000368982 0.000956619
7.82055e-10 0.000369315 0.000963469
7.82156e-10 0.000369621 0.00096945
7.82257e-10 0.000369899 0.000974547
7.82358e-10 0.000370151 0.000978748
7.8246e-10 0.000370378 0.000982041
7.82561e-10 0.000370582 0.000984417
7.82662e-10 0.000370763 0.00098587
7.82763e-10 0.000370922 0.000986392
7.82865e-10 0.000371063 0.00098598
7.82966e-10 0.000371185 0.000984632
7.83067e-10 0.00037129 0.000982349
7.83168e-10 0.000371381 0.000979131
7.8327e-10 0.000371458 0.000974982
7.83371e-10 0.000371524 0.000969909
7.83472e-10 0.000371581 0.000963917
7.83574e-10 0.00037163 0.000957017
7.83675e-10 0.000371673 0.00094922
7.83776e-10 0.000371713 0.000940539
7.83877e-10 0.000371752 0.000930989
7.83979e-10 0.000371791 0.000920586
7.8408e-10 0.000371833 0.00090935
7.84181e-10 0.000371879 0.000897301
7.84282e-10 0.000371933 0.000884461
7.84384e-10 0.000371996 0.000870855
7.84485e-10 0.000372071 0.000856507
7.84586e-10 0.000372159 0.000841446
7.84688e-10 0.000372263 0.000825701
7.84789e-10 0.000372385 0.000809302
7.8489e-10 0.000372528 0.000792282
7.84991e-10 0.000372693 0.000774675
7.85093e-10 0.000372883 0.000756515
7.85194e-10 0.000373099 0.000737841
7.85295e-10 0.000373345 0.000718688
7.85396e-10 0.000373622 0.000699098
7.85498e-10 0.000373932 0.00067911
7.85599e-10 0.000374276 0.000658766
7.857e-10 0.000374658 0.000638109
7.85802e-10 0.000375079 0.000617183
7.85903e-10 0.00037554 0.000596032
7.86004e-10 0.000376044 0.000574702
7.86105e-10 0.000376592 0.000553239
7.86207e-10 0.000377185 0.000531691
7.86308e-10 0.000377826 0.000510104
7.86409e-10 0.000378515 0.000488527
7.8651e-10 0.000379254 0.000467008
7.86612e-10 0.000380044 0.000445597
7.86713e-10 0.000380887 0.000424342
7.86814e-10 0.000381782 0.000403293
7.86915e-10 0.000382732 0.000382499
7.87017e-10 0.000383737 0.00036201
7.87118e-10 0.000384797 0.000341874
7.87219e-10 0.000385913 0.000322141
7.87321e-10 0.000387086 0.000302859
7.87422e-10 0.000388316 0.000284076
7.87523e-10 0.000389603 0.000265841
7.87624e-10 0.000390948 0.0002482
7.87726e-10 0.000392349 0.000231201
7.87827e-10 0.000393807 0.000214888
7.87928e-10 0.000395322 0.000199306
7.88029e-10 0.000396894 0.0001845
7.88131e-10 0.00039852 0.000170512
7.88232e-10 0.000400202 0.000157384
7.88333e-10 0.000401937 0.000145156
7.88435e-10 0.000403726 0.000133867
7.88536e-10 0.000405567 0.000123555
7.88637e-10 0.000407458 0.000114256
7.88738e-10 0.000409398 0.000106005
7.8884e-10 0.000411387 9.88338e-05
7.88941e-10 0.000413422 9.27746e-05
7.89042e-10 0.000415501 8.78563e-05
7.89143e-10 0.000417623 8.41065e-05
7.89245e-10 0.000419786 8.15509e-05
7.89346e-10 0.000421987 8.02128e-05
7.89447e-10 0.000424226 8.01137e-05
7.89548e-10 0.000426498 8.1273e-05
7.8965e-10 0.000428802 8.37077e-05
7.89751e-10 0.000431136 8.74328e-05
7.89852e-10 0.000433497 9.24609e-05
7.89954e-10 0.000435882 9.88021e-05
7.90055e-10 0.000438288 0.000106464
7.90156e-10 0.000440714 0.000115453
7.90257e-10 0.000443155 0.000125772
7.90359e-10 0.00044561 0.00013742
7.9046e-10 0.000448074 0.000150397
7.90561e-10 0.000450546 0.000164697
7.90662e-10 0.000453022 0.000180315
7.90764e-10 0.0004555 0.000197239
7.90865e-10 0.000457975 0.000215458
7.90966e-10 0.000460445 0.000234958
7.91068e-10 0.000462907 0.000255722
7.91169e-10 0.000465358 0.000277729
7.9127e-10 0.000467794 0.000300957
7.91371e-10 0.000470213 0.000325382
7.91473e-10 0.000472612 0.000350977
7.91574e-10 0.000474987 0.000377711
7.91675e-10 0.000477335 0.000405553
7.91776e-10 0.000479654 0.000434469
7.91878e-10 0.000481941 0.000464421
7.91979e-10 0.000484192 0.00049537
7.9208e-10 0.000486406 0.000527276
7.92182e-10 0.000488579 0.000560094
7.92283e-10 0.000490708 0.000593779
7.92384e-10 0.000492792 0.000628283
7.92485e-10 0.000494828 0.000663557
7.92587e-10 0.000496813 0.000699548
7.92688e-10 0.000498746 0.000736204
7.92789e-10 0.000500624 0.000773469
7.9289e-10 0.000502445 0.000811287
7.92992e-10 0.000504208 0.000849599
7.93093e-10 0.00050591 0.000888344
7.93194e-10 0.000507551 0.000927462
7.93295e-10 0.000509129 0.00096689
7.93397e-10 0.000510643 0.00100656
7.93498e-10 0.000512092 0.00104642
7.93599e-10 0.000513474 0.00108639
7.93701e-10 0.000514789 0.00112641
7.93802e-10 0.000516037 0.00116641
7.93903e-10 0.000517218 0.00120633
7.94004e-10 0.00051833 0.00124608
7.94106e-10 0.000519374 0.00128562
7.94207e-10 0.000520351 0.00132486
7.94308e-10 0.000521261 0.00136374
7.94409e-10 0.000522103 0.00140219
7.94511e-10 0.00052288 0.00144013
7.94612e-10 0.000523592 0.00147751
7.94713e-10 0.00052424 0.00151425
7.94815e-10 0.000524825 0.00155028
7.94916e-10 0.00052535 0.00158554
7.95017e-10 0.000525816 0.00161996
7.95118e-10 0.000526224 0.00165347
7.9522e-10 0.000526577 0.00168601
7.95321e-10 0.000526878 0.00171752
7.95422e-10 0.000527129 0.00174794
7.95523e-10 0.000527332 0.0017772
7.95625e-10 0.00052749 0.00180525
7.95726e-10 0.000527607 0.00183202
7.95827e-10 0.000527685 0.00185747
7.95929e-10 0.000527728 0.00188155
7.9603e-10 0.00052774 0.00190419
7.96131e-10 0.000527725 0.00192535
7.96232e-10 0.000527685 0.00194498
7.96334e-10 0.000527625 0.00196305
7.96435e-10 0.000527549 0.0019795
7.96536e-10 0.000527462 0.0019943
7.96637e-10 0.000527367 0.00200742
7.96739e-10 0.000527269 0.00201881
7.9684e-10 0.000527173 0.00202846
7.96941e-10 0.000527084 0.00203632
7.97042e-10 0.000527005 0.00204239
7.97144e-10 0.000526942 0.00204663
7.97245e-10 0.000526899 0.00204904
7.97346e-10 0.000526882 0.00204959
7.97448e-10 0.000526896 0.00204827
7.97549e-10 0.000526944 0.00204509
7.9765e-10 0.000527033 0.00204002
7.97751e-10 0.000527167 0.00203309
7.97853e-10 0.000527351 0.00202428
7.97954e-10 0.00052759 0.0020136
7.98055e-10 0.000527888 0.00200108
7.98156e-10 0.000528252 0.00198671
7.98258e-10 0.000528685 0.00197053
7.98359e-10 0.000529192 0.00195255
7.9846e-10 0.000529777 0.00193279
7.98562e-10 0.000530446 0.0019113
7.98663e-10 0.000531203 0.0018881
7.98764e-10 0.000532052 0.00186323
7.98865e-10 0.000532997 0.00183673
7.98967e-10 0.000534042 0.00180865
7.99068e-10 0.00053519 0.00177903
7.99169e-10 0.000536447 0.00174793
7.9927e-10 0.000537815 0.00171541
7.99372e-10 0.000539297 0.00168152
7.99473e-10 0.000540896 0.00164633
7.99574e-10 0.000542617 0.0016099
7.99676e-10 0.00054446 0.00157231
7.99777e-10 0.000546429 0.00153362
7.99878e-10 0.000548525 0.00149392
7.99979e-10 0.000550752 0.00145328
8.00081e-10 0.000553109 0.00141178
8.00182e-10 0.0005556 0.00136951
8.00283e-10 0.000558224 0.00132656
8.00384e-10 0.000560984 0.00128302
8.00486e-10 0.000563878 0.00123898
8.00587e-10 0.000566909 0.00119453
8.00688e-10 0.000570075 0.00114978
8.00789e-10 0.000573376 0.00110482
8.00891e-10 0.000576812 0.00105976
8.00992e-10 0.000580381 0.00101469
8.01093e-10 0.000584083 0.000969726
8.01195e-10 0.000587916 0.000924971
8.01296e-10 0.000591877 0.000880531
8.01397e-10 0.000595965 0.000836517
8.01498e-10 0.000600177 0.000793035
8.016e-10 0.00060451 0.000750198
8.01701e-10 0.000608962 0.000708114
8.01802e-10 0.000613527 0.000666895
8.01903e-10 0.000618203 0.000626652
8.02005e-10 0.000622986 0.000587495
8.02106e-10 0.00062787 0.000549535
8.02207e-10 0.000632852 0.000512881
8.02309e-10 0.000637925 0.000477644
8.0241e-10 0.000643086 0.00044393
8.02511e-10 0.000648327 0.000411849
8.02612e-10 0.000653644 0.000381505
8.02714e-10 0.000659029 0.000353002
8.02815e-10 0.000664478 0.000326444
8.02916e-10 0.000669982 0.000301931
8.03017e-10 0.000675535 0.000279561
8.03119e-10 0.000681131 0.00025943
8.0322e-10 0.00068676 0.000241633
8.03321e-10 0.000692417 0.00022626
8.03422e-10 0.000698094 0.000213398
8.03524e-10 0.000703781 0.000203132
8.03625e-10 0.000709473 0.000195544
8.03726e-10 0.000715159 0.000190711
8.03828e-10 0.000720833 0.000188706
8.03929e-10 0.000726486 0.0001896
8.0403e-10 0.000732109 0.000193459
8.04131e-10 0.000737693 0.000200344
8.04233e-10 0.000743232 0.000210312
8.04334e-10 0.000748714 0.000223415
8.04435e-10 0.000754133 0.000239701
8.04536e-10 0.00075948 0.000259213
8.04638e-10 0.000764745 0.000281988
8.04739e-10 0.000769921 0.000308059
8.0484e-10 0.000775 0.000337452
8.04942e-10 0.000779972 0.000370188
8.05043e-10 0.00078483 0.000406285
8.05144e-10 0.000789566 0.000445751
8.05245e-10 0.000794172 0.000488591
8.05347e-10 0.00079864 0.000534803
8.05448e-10 0.000802962 0.00058438
8.05549e-10 0.000807132 0.000637308
8.0565e-10 0.000811143 0.000693568
8.05752e-10 0.000814987 0.000753132
8.05853e-10 0.000818658 0.00081597
8.05954e-10 0.000822151 0.000882043
8.06056e-10 0.000825459 0.000951305
8.06157e-10 0.000828576 0.00102371
8.06258e-10 0.000831498 0.00109919
8.06359e-10 0.00083422 0.00117769
8.06461e-10 0.000836738 0.00125914
8.06562e-10 0.000839047 0.00134346
8.06663e-10 0.000841144 0.00143057
8.06764e-10 0.000843027 0.00152039
8.06866e-10 0.000844692 0.00161281
8.06967e-10 0.000846138 0.00170774
8.07068e-10 0.000847363 0.00180506
8.07169e-10 0.000848366 0.00190468
8.07271e-10 0.000849146 0.00200647
8.07372e-10 0.000849703 0.00211031
8.07473e-10 0.000850039 0.00221607
8.07575e-10 0.000850153 0.00232361
8.07676e-10 0.000850048 0.0024328
8.07777e-10 0.000849726 0.0025435
8.07878e-10 0.000849189 0.00265555
8.0798e-10 0.000848441 0.0027688
8.08081e-10 0.000847487 0.0028831
8.08182e-10 0.000846329 0.00299829
8.08283e-10 0.000844974 0.00311419
8.08385e-10 0.000843427 0.00323064
8.08486e-10 0.000841694 0.00334748
8.08587e-10 0.000839783 0.00346451
8.08689e-10 0.000837699 0.00358157
8.0879e-10 0.000835453 0.00369848
8.08891e-10 0.000833051 0.00381505
8.08992e-10 0.000830503 0.00393109
8.09094e-10 0.000827819 0.00404643
8.09195e-10 0.000825009 0.00416087
8.09296e-10 0.000822082 0.00427423
8.09397e-10 0.000819051 0.00438631
8.09499e-10 0.000815927 0.00449692
8.096e-10 0.000812722 0.00460588
8.09701e-10 0.000809448 0.004713
8.09803e-10 0.000806119 0.00481809
8.09904e-10 0.000802747 0.00492095
8.10005e-10 0.000799346 0.00502141
8.10106e-10 0.000795931 0.00511928
8.10208e-10 0.000792515 0.00521437
8.10309e-10 0.000789114 0.00530651
8.1041e-10 0.000785742 0.00539552
8.10511e-10 0.000782414 0.00548122
8.10613e-10 0.000779146 0.00556345
8.10714e-10 0.000775953 0.00564204
8.10815e-10 0.000772852 0.00571682
8.10916e-10 0.000769857 0.00578764
8.11018e-10 0.000766984 0.00585435
8.11119e-10 0.000764251 0.0059168
8.1122e-10 0.000761672 0.00597485
8.11322e-10 0.000759263 0.00602836
8.11423e-10 0.000757041 0.00607721
8.11524e-10 0.000755021 0.00612127
8.11625e-10 0.000753218 0.00616044
8.11727e-10 0.000751649 0.0061946
8.11828e-10 0.000750328 0.00622365
8.11929e-10 0.00074927 0.00624751
8.1203e-10 0.000748491 0.0062661
8.12132e-10 0.000748003 0.00627933
8.12233e-10 0.000747822 0.00628715
8.12334e-10 0.00074796 0.0062895
8.12436e-10 0.000748431 0.00628634
8.12537e-10 0.000749247 0.00627763
8.12638e-10 0.000750421 0.00626334
8.12739e-10 0.000751963 0.00624347
8.12841e-10 0.000753885 0.006218
8.12942e-10 0.000756197 0.00618695
8.13043e-10 0.000758908 0.00615033
8.13144e-10 0.000762027 0.00610818
8.13246e-10 0.000765562 0.00606052
8.13347e-10 0.00076952 0.00600742
8.13448e-10 0.000773908 0.00594894
8.1355e-10 0.000778731 0.00588515
8.13651e-10 0.000783994 0.00581613
8.13752e-10 0.0007897 0.005742
8.13853e-10 0.000795853 0.00566285
8.13955e-10 0.000802454 0.00557882
8.14056e-10 0.000809504 0.00549003
8.14157e-10 0.000817003 0.00539663
8.14258e-10 0.00082495 0.00529878
8.1436e-10 0.000833342 0.00519665
8.14461e-10 0.000842176 0.00509042
8.14562e-10 0.000851448 0.00498029
8.14663e-10 0.000861152 0.00486646
8.14765e-10 0.000871281 0.00474914
8.14866e-10 0.000881829 0.00462856
8.14967e-10 0.000892785 0.00450497
8.15069e-10 0.000904139 0.0043786
8.1517e-10 0.000915882 0.00424973
8.15271e-10 0.000928 0.00411862
8.15372e-10 0.000940481 0.00398555
8.15474e-10 0.000953309 0.0038508
8.15575e-10 0.000966469 0.00371469
8.15676e-10 0.000979945 0.00357751
8.15777e-10 0.000993719 0.00343959
8.15879e-10 0.00100777 0.00330124
8.1598e-10 0.00102208 0.00316281
8.16081e-10 0.00103663 0.00302463
8.16183e-10 0.0010514 0.00288705
8.16284e-10 0.00106636 0.00275042
8.16385e-10 0.00108149 0.00261511
8.16486e-10 0.00109677 0.00248147
8.16588e-10 0.00111217 0.00234988
8.16689e-10 0.00112766 0.00222072
8.1679e-10 0.00114321 0.00209435
8.16891e-10 0.00115881 0.00197117
8.16993e-10 0.00117442 0.00185156
8.17094e-10 0.00119001 0.0017359
8.17195e-10 0.00120555 0.00162458
8.17296e-10 0.00122101 0.00151799
8.17398e-10 0.00123636 0.00141652
8.17499e-10 0.00125158 0.00132056
8.176e-10 0.00126662 0.00123048
8.17702e-10 0.00128146 0.00114668
8.17803e-10 0.00129606 0.00106954
8.17904e-10 0.0013104 0.000999435
8.18005e-10 0.00132444 0.000936738
8.18107e-10 0.00133815 0.000881819
8.18208e-10 0.00135149 0.00083504
8.18309e-10 0.00136444 0.000796759
8.1841e-10 0.00137696 0.000767325
8.18512e-10 0.00138902 0.000747079
8.18613e-10 0.00140059 0.000736355
8.18714e-10 0.00141165 0.000735475
8.18816e-10 0.00142215 0.000744753
8.18917e-10 0.00143207 0.000764491
8.19018e-10 0.00144138 0.000794979
8.19119e-10 0.00145005 0.000836496
8.19221e-10 0.00145806 0.000889305
8.19322e-10 0.00146537 0.00095366
8.19423e-10 0.00147197 0.00102979
8.19524e-10 0.00147782 0.00111793
8.19626e-10 0.00148291 0.00121827
8.19727e-10 0.00148721 0.00133101
8.19828e-10 0.0014907 0.00145632
8.1993e-10 0.00149336 0.00159434
8.20031e-10 0.00149517 0.00174522
8.20132e-10 0.00149612 0.00190907
8.20233e-10 0.00149618 0.00208598
8.20335e-10 0.00149535 0.00227603
8.20436e-10 0.00149361 0.00247928
8.20537e-10 0.00149096 0.00269576
8.20638e-10 0.00148738 0.00292547
8.2074e-10 0.00148286 0.00316841
8.20841e-10 0.0014774 0.00342455
8.20942e-10 0.001471 0.00369382
8.21043e-10 0.00146366 0.00397616
8.21145e-10 0.00145537 0.00427144
8.21246e-10 0.00144613 0.00457955
8.21347e-10 0.00143596 0.00490033
8.21449e-10 0.00142486 0.00523361
8.2155e-10 0.00141283 0.00557919
8.21651e-10 0.0013999 0.00593683
8.21752e-10 0.00138606 0.00630629
8.21854e-10 0.00137133 0.00668729
8.21955e-10 0.00135573 0.00707953
8.22056e-10 0.00133929 0.00748269
8.22157e-10 0.00132201 0.00789641
8.22259e-10 0.00130392 0.00832032
8.2236e-10 0.00128506 0.00875402
8.22461e-10 0.00126543 0.00919708
8.22563e-10 0.00124508 0.00964906
8.22664e-10 0.00122404 0.0101095
8.22765e-10 0.00120232 0.0105779
8.22866e-10 0.00117999 0.0110537
8.22968e-10 0.00115705 0.0115364
8.23069e-10 0.00113357 0.0120254
8.2317e-10 0.00110956 0.0125202
8.23271e-10 0.00108509 0.0130201
8.23373e-10 0.00106018 0.0135246
8.23474e-10 0.00103489 0.0140329
8.23575e-10 0.00100927 0.0145445
8.23677e-10 0.000983344 0.0150586
8.23778e-10 0.00095718 0.0155745
8.23879e-10 0.000930822 0.0160916
8.2398e-10 0.000904323 0.0166091
8.24082e-10 0.000877734 0.0171262
8.24183e-10 0.000851108 0.0176423
8.24284e-10 0.000824499 0.0181565
8.24385e-10 0.000797962 0.0186682
8.24487e-10 0.000771552 0.0191764
8.24588e-10 0.000745325 0.0196804
8.24689e-10 0.000719338 0.0201794
8.2479e-10 0.000693646 0.0206726
8.24892e-10 0.000668307 0.0211593
8.24993e-10 0.000643378 0.0216385
8.25094e-10 0.000618915 0.0221095
8.25196e-10 0.000594975 0.0225715
8.25297e-10 0.000571616 0.0230236
8.25398e-10 0.000548892 0.0234652
8.25499e-10 0.000526862 0.0238952
8.25601e-10 0.000505578 0.0243131
8.25702e-10 0.000485097 0.0247179
8.25803e-10 0.000465473 0.025109
8.25904e-10 0.000446758 0.0254855
8.26006e-10 0.000429005 0.0258468
8.26107e-10 0.000412266 0.026192
8.26208e-10 0.000396591 0.0265205
8.2631e-10 0.000382028 0.0268315
8.26411e-10 0.000368626 0.0271244
8.26512e-10 0.000356431 0.0273986
8.26613e-10 0.000345489 0.0276534
8.26715e-10 0.000335843 0.0278881
8.26816e-10 0.000327537 0.0281023
8.26917e-10 0.00032061 0.0282954
8.27018e-10 0.000315102 0.0284668
8.2712e-10 0.000311051 0.0286161
8.27221e-10 0.000308494 0.0287428
8.27322e-10 0.000307464 0.0288465
8.27424e-10 0.000307995 0.0289269
8.27525e-10 0.000310118 0.0289835
8.27626e-10 0.000313864 0.0290161
8.27727e-10 0.00031926 0.0290244
8.27829e-10 0.000326334 0.0290082
8.2793e-10 0.00033511 0.0289674
8.28031e-10 0.000345612 0.0289018
8.28132e-10 0.000357864 0.0288113
8.28234e-10 0.000371886 0.0286959
8.28335e-10 0.000387698 0.0285556
8.28436e-10 0.000405319 0.0283905
8.28537e-10 0.000424768 0.0282007
8.28639e-10 0.00044606 0.0279864
8.2874e-10 0.000469213 0.0277478
8.28841e-10 0.000494241 0.0274852
8.28943e-10 0.00052116 0.027199
8.29044e-10 0.000549984 0.0268895
8.29145e-10 0.000580727 0.0265571
8.29246e-10 0.000613403 0.0262024
8.29348e-10 0.000648027 0.025826
8.29449e-10 0.000684612 0.0254284
8.2955e-10 0.000723175 0.0250103
8.29651e-10 0.000763728 0.0245725
8.29753e-10 0.00080629 0.0241157
8.29854e-10 0.000850877 0.0236408
8.29955e-10 0.000897507 0.0231487
8.30057e-10 0.000946198 0.0226403
8.30158e-10 0.000996973 0.0221167
8.30259e-10 0.00104985 0.0215789
8.3036e-10 0.00110486 0.021028
8.30462e-10 0.00116203 0.0204652
8.30563e-10 0.00122138 0.0198918
8.30664e-10 0.00128295 0.0193089
8.30765e-10 0.00134676 0.018718
8.30867e-10 0.00141286 0.0181204
8.30968e-10 0.00148129 0.0175174
8.31069e-10 0.00155208 0.0169107
8.31171e-10 0.00162528 0.0163015
8.31272e-10 0.00170094 0.0156916
8.31373e-10 0.0017791 0.0150824
8.31474e-10 0.00185984 0.0144757
8.31576e-10 0.00194319 0.0138729
8.31677e-10 0.00202923 0.0132758
8.31778e-10 0.00211802 0.0126862
8.31879e-10 0.00220962 0.0121057
8.31981e-10 0.00230412 0.0115361
8.32082e-10 0.00240157 0.0109791
8.32183e-10 0.00250207 0.0104365
8.32284e-10 0.0026057 0.00991023
8.32386e-10 0.00271253 0.00940197
8.32487e-10 0.00282266 0.00891357
8.32588e-10 0.00293617 0.00844683
8.3269e-10 0.00305317 0.00800359
8.32791e-10 0.00317374 0.00758563
8.32892e-10 0.00329798 0.00719478
8.32993e-10 0.00342598 0.0068328
8.33095e-10 0.00355786 0.00650148
8.33196e-10 0.0036937 0.00620257
8.33297e-10 0.00383362 0.00593778
8.33398e-10 0.0039777 0.00570882
8.335e-10 0.00412605 0.00551736
8.33601e-10 0.00427876 0.00536501
8.33702e-10 0.00443595 0.00525337
8.33804e-10 0.00459768 0.00518397
8.33905e-10 0.00476407 0.00515831
8.34006e-10 0.00493519 0.00517782
8.34107e-10 0.00511113 0.00524388
8.34209e-10 0.00529197 0.00535781
8.3431e-10 0.00547777 0.00552087
8.34411e-10 0.0056686 0.00573422
8.34512e-10 0.00586452 0.00599897
8.34614e-10 0.00606557 0.00631616
8.34715e-10 0.0062718 0.00668674
8.34816e-10 0.00648322 0.00711155
8.34917e-10 0.00669985 0.00759137
8.35019e-10 0.0069217 0.00812688
8.3512e-10 0.00714876 0.00871866
8.35221e-10 0.007381 0.0093672
8.35323e-10 0.00761839 0.0100729
8.35424e-10 0.00786085 0.0108359
8.35525e-10 0.00810833 0.0116566
8.35626e-10 0.00836072 0.0125348
8.35728e-10 0.00861792 0.0134707
8.35829e-10 0.00887979 0.0144639
8.3593e-10 0.00914618 0.0155142
8.36031e-10 0.00941692 0.0166212
8.36133e-10 0.0096918 0.0177843
8.36234e-10 0.0099706 0.0190029
8.36335e-10 0.0102531 0.0202763
8.36437e-10 0.0105389 0.0216034
8.36538e-10 0.0108279 0.0229833
8.36639e-10 0.0111197 0.0244149
8.3674e-10 0.0114139 0.0258968
8.36842e-10 0.0117101 0.0274276
8.36943e-10 0.012008 0.0290059
8.37044e-10 0.0123071 0.0306299
8.37145e-10 0.0126069 0.032298
8.37247e-10 0.012907 0.0340082
8.37348e-10 0.0132069 0.0357585
8.37449e-10 0.0135059 0.0375467
8.37551e-10 0.0138035 0.0393708
8.37652e-10 0.0140992 0.0412282
8.37753e-10 0.0143923 0.0431167
8.37854e-10 0.0146821 0.0450335
8.37956e-10 0.014968 0.0469761
8.38057e-10 0.0152493 0.0489417
8.38158e-10 0.0155252 0.0509275
8.38259e-10 0.0157951 0.0529306
8.38361e-10 0.0160581 0.0549479
8.38462e-10 0.0163135 0.0569764
8.38563e-10 0.0165605 0.059013
8.38664e-10 0.0167984 0.0610544
8.38766e-10 0.0170262 0.0630974
8.38867e-10 0.0172432 0.0651386
8.38968e-10 0.0174485 0.0671748
8.3907e-10 0.0176414 0.0692026
8.39171e-10 0.017821 0.0712185
8.39272e-10 0.0179864 0.073219
8.39373e-10 0.018137 0.0752008
8.39475e-10 0.0182718 0.0771604
8.39576e-10 0.0183901 0.0790944
8.39677e-10 0.0184912 0.0809993
8.39778e-10 0.0185742 0.0828717
8.3988e-10 0.0186385 0.0847083
