7e-10 9.70122e-05 0.00746634
7.00101e-10 0.000142029 0.00745057
7.00203e-10 0.000155912 0.00766716
7.00304e-10 0.000128094 0.00789649
7.00405e-10 7.71423e-05 0.00791412
7.00506e-10 3.72505e-05 0.0076458
7.00608e-10 3.42342e-05 0.00721642
7.00709e-10 6.78883e-05 0.0068609
7.0081e-10 0.000112742 0.00676065
7.00911e-10 0.00013624 0.00691957
7.01013e-10 0.000121366 0.00716418
7.01114e-10 7.7989e-05 0.00726569
7.01215e-10 3.54045e-05 0.00709799
7.01317e-10 2.16762e-05 0.00672246
7.01418e-10 4.4358e-05 0.0063427
7.01519e-10 8.58196e-05 0.00616261
7.0162e-10 0.000116007 0.0062468
7.01722e-10 0.000113404 0.00647879
7.01823e-10 7.958e-05 0.0066439
7.01924e-10 3.75005e-05 0.00657758
7.02025e-10 1.52167e-05 0.00627684
7.02127e-10 2.65061e-05 0.0058993
7.02228e-10 6.18227e-05 0.00565277
7.02329e-10 9.54635e-05 0.00565273
7.0243e-10 0.000103591 0.00584551
7.02532e-10 8.04743e-05 0.00604803
7.02633e-10 4.19017e-05 0.0060747
7.02734e-10 1.37954e-05 0.00586354
7.02836e-10 1.42375e-05 0.00551576
7.02937e-10 4.1361e-05 0.00522386
7.03038e-10 7.51922e-05 0.00513935
7.03139e-10 9.17769e-05 0.00527089
7.03241e-10 7.96019e-05 0.00548143
7.03342e-10 4.70645e-05 0.00558386
7.03443e-10 1.61771e-05 0.00546852
7.03544e-10 7.20621e-06 0.00517564
7.03646e-10 2.49592e-05 0.00486498
7.03747e-10 5.59837e-05 0.0047055
7.03848e-10 7.82417e-05 0.0047613
7.0395e-10 7.63101e-05 0.00495067
7.04051e-10 5.16291e-05 0.00510432
7.04152e-10 2.101e-05 0.00508117
7.04253e-10 4.78424e-06 0.00486255
7.04355e-10 1.29424e-05 0.004562
7.04456e-10 3.87018e-05 0.00434605
7.04557e-10 6.36133e-05 0.00432126
7.04658e-10 7.03849e-05 0.00446418
7.0476e-10 5.45134e-05 0.00464002
7.04861e-10 2.6915e-05 0.0046955
7.04962e-10 6.07441e-06 0.00456186
7.05064e-10 5.3499e-06 0.00429879
7.05165e-10 2.41447e-05 0.00405157
7.05266e-10 4.87604e-05 0.0039519
7.05367e-10 6.20357e-05 0.0040304
7.05469e-10 5.49925e-05 0.00419858
7.0557e-10 3.25977e-05 0.00431073
7.05671e-10 9.96775e-06 0.00426238
7.05772e-10 1.88983e-06 0.00405883
7.05874e-10 1.29171e-05 0.00380887
7.05975e-10 3.466e-05 0.0036499
7.06076e-10 5.18403e-05 0.00365587
7.06177e-10 5.27506e-05 0.00378981
7.06279e-10 3.69651e-05 0.00393115
7.0638e-10 1.52398e-05 0.00395781
7.06481e-10 1.94154e-06 0.00382719
7.06583e-10 5.32946e-06 0.00360225
7.06684e-10 2.22526e-05 0.00340715
7.06785e-10 4.06476e-05 0.00334347
7.06886e-10 4.78913e-05 0.00342365
7.06988e-10 3.92313e-05 0.00356514
7.07089e-10 2.06742e-05 0.00364742
7.0719e-10 4.60841e-06 0.00359254
7.07291e-10 1.33744e-06 0.00341536
7.07393e-10 1.23042e-05 0.00321129
7.07494e-10 2.94483e-05 0.00309118
7.07595e-10 4.08994e-05 0.00310797
7.07697e-10 3.89918e-05 0.00322345
7.07798e-10 2.51969e-05 0.00333589
7.07899e-10 8.81654e-06 0.00334865
7.08e-10 5.34257e-07 0.00323347
7.08102e-10 5.29092e-06 0.00304713
7.08203e-10 1.92255e-05 0.00289176
7.08304e-10 3.25534e-05 0.00284663
7.08405e-10 3.62536e-05 0.00291685
7.08507e-10 2.79998e-05 0.00303219
7.08608e-10 1.34466e-05 0.00309518
7.08709e-10 2.19898e-06 0.00304561
7.0881e-10 1.3284e-06 0.00289884
7.08912e-10 1.08075e-05 0.00273346
7.09013e-10 2.3797e-05 0.00263821
7.09114e-10 3.14085e-05 0.00265373
7.09216e-10 2.86315e-05 0.00274754
7.09317e-10 1.74797e-05 0.00283736
7.09418e-10 5.39683e-06 0.00284623
7.09519e-10 1.56011e-07 0.00275235
7.09621e-10 4.74358e-06 0.00260166
7.09722e-10 1.55861e-05 0.00247582
7.09823e-10 2.51509e-05 0.0024381
7.09924e-10 2.70391e-05 0.00249289
7.10026e-10 2.01328e-05 0.00258464
7.10127e-10 9.1173e-06 0.0026358
7.10228e-10 1.18383e-06 0.00259774
7.1033e-10 1.22653e-06 0.00248133
7.10431e-10 8.7356e-06 0.002348
7.10532e-10 1.83483e-05 0.00226838
7.10633e-10 2.3547e-05 0.00227635
7.10735e-10 2.0959e-05 0.00234832
7.10836e-10 1.24275e-05 0.00242034
7.10937e-10 3.59606e-06 0.00243071
7.11038e-10 7.53151e-08 0.00235968
7.1114e-10 3.79146e-06 0.00224078
7.11241e-10 1.1886e-05 0.00213746
7.11342e-10 1.87748e-05 0.00210122
7.11444e-10 1.9892e-05 0.00213885
7.11545e-10 1.46133e-05 0.00220962
7.11646e-10 6.49441e-06 0.00225306
7.11747e-10 7.85218e-07 0.00222846
7.11849e-10 9.52906e-07 0.00214037
7.1195e-10 6.51087e-06 0.00203405
7.12051e-10 1.35047e-05 0.00196505
7.12152e-10 1.72232e-05 0.00196324
7.12254e-10 1.528e-05 0.00201456
7.12355e-10 9.0551e-06 0.00207164
7.12456e-10 2.63704e-06 0.00208523
7.12557e-10 6.12443e-08 0.00203583
7.12659e-10 2.70669e-06 0.00194501
7.1276e-10 8.52473e-06 0.00186017
7.12861e-10 1.35146e-05 0.0018233
7.12963e-10 1.4391e-05 0.0018444
7.13064e-10 1.06682e-05 0.00189629
7.13165e-10 4.84486e-06 0.00193333
7.13266e-10 6.58829e-07 0.00192119
7.13368e-10 6.25041e-07 0.00185828
7.13469e-10 4.47549e-06 0.00177548
7.1357e-10 9.46149e-06 0.00171528
7.13671e-10 1.22357e-05 0.00170428
7.13773e-10 1.10294e-05 0.00173694
7.13874e-10 6.71175e-06 0.00178037
7.13975e-10 2.10658e-06 0.00179625
7.14077e-10 8.79569e-08 0.00176541
7.14178e-10 1.7367e-06 0.00169915
7.14279e-10 5.73584e-06 0.00163087
7.1438e-10 9.33111e-06 0.00159401
7.14482e-10 1.01638e-05 0.00160087
7.14583e-10 7.7588e-06 0.0016357
7.14684e-10 3.7341e-06 0.00166587
7.14785e-10 6.61499e-07 0.00166316
7.14887e-10 3.76522e-07 0.00162144
7.14988e-10 2.84486e-06 0.00155955
7.15089e-10 6.28061e-06 0.00150837
7.15191e-10 8.37568e-06 0.00149075
7.15292e-10 7.79767e-06 0.00150752
7.15393e-10 4.98703e-06 0.00153791
7.15494e-10 1.78243e-06 0.00155359
7.15596e-10 1.75941e-07 0.0015369
7.15697e-10 1.03776e-06 0.00149143
7.15798e-10 3.62397e-06 0.00143881
7.15899e-10 6.13792e-06 0.00140423
7.16001e-10 6.9297e-06 0.00140048
7.16102e-10 5.53561e-06 0.00142046
7.16203e-10 2.90568e-06 0.0014426
7.16304e-10 7.20494e-07 0.00144514
7.16406e-10 2.83389e-07 0.00141975
7.16507e-10 1.71584e-06 0.00137613
7.16608e-10 3.94951e-06 0.001335
7.1671e-10 5.47337e-06 0.00131457
7.16811e-10 5.31724e-06 0.00131921
7.16912e-10 3.63368e-06 0.00133746
7.17013e-10 1.53315e-06 0.00135001
7.17115e-10 3.22261e-07 0.00134225
7.17216e-10 6.64613e-07 0.00131311
7.17317e-10 2.2012e-06 0.00127508
7.17418e-10 3.84235e-06 0.00124559
7.1752e-10 4.50389e-06 0.00123582
7.17621e-10 3.79269e-06 0.00124407
7.17722e-10 2.21006e-06 0.00125755
7.17824e-10 7.7528e-07 0.00126097
7.17925e-10 3.45982e-07 0.00124634
7.18026e-10 1.08638e-06 0.00121751
7.18127e-10 2.41092e-06 0.00118705
7.18229e-10 3.40712e-06 0.00116787
7.1833e-10 3.43638e-06 0.00116509
7.18431e-10 2.51914e-06 0.00117328
7.18532e-10 1.2744e-06 0.00118057
7.18634e-10 4.83363e-07 0.00117645
7.18735e-10 5.81615e-07 0.00115834
7.18836e-10 1.40816e-06 0.0011327
7.18938e-10 2.35293e-06 0.00111034
7.19039e-10 2.77957e-06 0.00109938
7.1914e-10 2.43309e-06 0.00110022
7.19241e-10 1.57284e-06 0.00110587
7.19343e-10 7.65896e-07 0.00110683
7.19444e-10 4.99187e-07 0.00109729
7.19545e-10 8.73282e-07 0.0010786
7.19646e-10 1.56908e-06 0.00105789
7.19748e-10 2.08805e-06 0.00104314
7.19849e-10 2.08964e-06 0.00103799
7.1995e-10 1.59934e-06 0.00103973
7.20051e-10 9.61789e-07 0.00104145
7.20153e-10 5.88895e-07 0.0010368
7.20254e-10 6.83627e-07 0.00102407
7.20355e-10 1.123e-06 0.00100701
7.20457e-10 1.56589e-06 0.000991998
7.20558e-10 1.69795e-06 0.000983697
7.20659e-10 1.44054e-06 0.000982078
7.2076e-10 9.86344e-07 0.000982719
7.20862e-10 6.49022e-07 0.000980001
7.20963e-10 6.40302e-07 0.000970933
7.21064e-10 9.30471e-07 0.000957034
7.21165e-10 1.28291e-06 0.000943098
7.21267e-10 1.43003e-06 0.000933798
7.21368e-10 1.26265e-06 0.000930501
7.21469e-10 9.01007e-07 0.000930432
7.21571e-10 6.02286e-07 0.000928691
7.21672e-10 5.74182e-07 0.000921679
7.21773e-10 8.27297e-07 0.000909565
7.21874e-10 1.16918e-06 0.000896139
7.21976e-10 1.34233e-06 0.000886168
7.22077e-10 1.20814e-06 0.000882092
7.22178e-10 8.47397e-07 0.000882308
7.22279e-10 5.0653e-07 0.000882238
7.22381e-10 4.26133e-07 0.000877439
7.22482e-10 6.70362e-07 0.000866675
7.22583e-10 1.0763e-06 0.000852846
7.22684e-10 1.36081e-06 0.000841109
7.22786e-10 1.31405e-06 0.000835417
7.22887e-10 9.48155e-07 0.000835787
7.22988e-10 4.97346e-07 0.000838155
7.2309e-10 2.65453e-07 0.000836978
7.23191e-10 4.2062e-07 0.000828914
7.23292e-10 8.75291e-07 0.000815147
7.23393e-10 1.3354e-06 0.000800761
7.23495e-10 1.49069e-06 0.000791509
7.23596e-10 1.22259e-06 0.000790021
7.23697e-10 6.90839e-07 0.00079395
7.23798e-10 2.37586e-07 0.00079733
7.239e-10 1.66956e-07 0.000794346
7.24001e-10 5.42615e-07 0.000783144
7.24102e-10 1.1374e-06 0.000767175
7.24204e-10 1.57253e-06 0.000753152
7.24305e-10 1.56049e-06 0.000746815
7.24406e-10 1.09547e-06 0.000749201
7.24507e-10 4.65904e-07 0.000755816
7.24609e-10 7.62519e-08 0.000759331
7.2471e-10 1.88755e-07 0.000754181
7.24811e-10 7.50282e-07 0.000740168
7.24912e-10 1.41795e-06 0.000722751
7.25014e-10 1.77162e-06 0.000709752
7.25115e-10 1.58106e-06 0.000706469
7.25216e-10 9.57644e-07 0.00071226
7.25318e-10 2.91368e-07 0.000720779
7.25419e-10 8.92368e-09 0.000723814
7.2552e-10 3.0347e-07 0.000716401
7.25621e-10 1.00728e-06 0.000700008
7.25723e-10 1.6906e-06 0.000681785
7.25824e-10 1.92808e-06 0.00067023
7.25925e-10 1.56706e-06 0.000669926
7.26026e-10 8.28611e-07 0.000678598
7.26128e-10 1.74896e-07 0.000688375
7.26229e-10 2.31002e-08 0.000690552
7.2633e-10 4.83226e-07 0.000680963
7.26431e-10 1.2846e-06 0.00066265
7.26533e-10 1.9395e-06 0.000644124
7.26634e-10 2.04455e-06 0.000634223
7.26735e-10 1.5332e-06 0.000636674
7.26837e-10 7.21464e-07 0.000647711
7.26938e-10 1.1608e-07 0.000658254
7.27039e-10 1.02058e-07 0.000659391
7.2714e-10 7.02576e-07 0.000647839
7.27242e-10 1.5608e-06 0.000628041
7.27343e-10 2.15684e-06 0.00060957
7.27444e-10 2.12754e-06 0.000601361
7.27545e-10 1.49204e-06 0.000606256
7.27647e-10 6.43269e-07 0.000619186
7.27748e-10 1.0894e-07 0.00063015
7.27849e-10 2.27804e-07 0.000630224
7.27951e-10 9.40029e-07 0.000616993
7.28052e-10 1.82121e-06 0.000596095
7.28153e-10 2.34041e-06 0.0005779
7.28254e-10 2.18494e-06 0.00057129
7.28356e-10 1.45307e-06 0.000578271
7.28457e-10 5.96101e-07 0.000592691
7.28558e-10 1.44215e-07 0.000603864
7.28659e-10 3.83089e-07 0.000602969
7.28761e-10 1.17855e-06 0.000588378
7.28862e-10 2.05674e-06 0.000566701
7.28963e-10 2.4915e-06 0.000548886
7.29065e-10 2.22438e-06 0.000543685
7.29166e-10 1.42255e-06 0.000552378
7.29267e-10 5.7836e-07 0.000567952
7.29368e-10 2.11214e-07 0.000579235
7.2947e-10 5.52621e-07 0.000577552
7.29571e-10 1.4054e-06 0.00056193
7.29672e-10 2.26247e-06 0.000539728
7.29773e-10 2.61325e-06 0.000522303
7.29875e-10 2.25236e-06 0.000518255
7.29976e-10 1.40382e-06 0.000528289
7.30077e-10 5.86059e-07 0.00054475
7.30178e-10 2.99184e-07 0.000556132
7.3028e-10 7.23635e-07 0.000553899
7.30381e-10 1.61161e-06 0.00053757
7.30482e-10 2.43643e-06 0.000515043
7.30584e-10 2.70952e-06 0.000497943
7.30685e-10 2.27387e-06 0.00049475
7.30786e-10 1.39795e-06 0.000505766
7.30887e-10 6.13942e-07 0.000522901
7.30989e-10 3.98222e-07 0.000534436
7.3109e-10 8.86035e-07 0.000531927
7.31191e-10 1.79125e-06 0.000515208
7.31292e-10 2.57854e-06 0.000492507
7.31394e-10 2.78405e-06 0.000475618
7.31495e-10 2.29235e-06 0.000472959
7.31596e-10 1.40432e-06 0.000484611
7.31698e-10 6.56369e-07 0.000502252
7.31799e-10 4.99802e-07 0.000514037
7.319e-10 1.03225e-06 0.000511548
7.32001e-10 1.94081e-06 0.000494742
7.32103e-10 2.68979e-06 0.000471989
7.32204e-10 2.84013e-06 0.000455166
7.32305e-10 2.30987e-06 0.000452709
7.32406e-10 1.42132e-06 0.000464666
7.32508e-10 7.07948e-07 0.00048267
7.32609e-10 5.97031e-07 0.000494825
7.3271e-10 1.15696e-06 0.000492658
7.32812e-10 2.0585e-06 0.000476063
7.32913e-10 2.77166e-06 0.000453363
7.33014e-10 2.88029e-06 0.000436452
7.33115e-10 2.32737e-06 0.000433864
7.33217e-10 1.44679e-06 0.000445804
7.33318e-10 7.63949e-07 0.000464038
7.33419e-10 6.84696e-07 0.000476689
7.3352e-10 1.25675e-06 0.000475144
7.33622e-10 2.14375e-06 0.000459052
7.33723e-10 2.82574e-06 0.000436512
7.33824e-10 2.90632e-06 0.000419365
7.33925e-10 2.34494e-06 0.000416324
7.34027e-10 1.47843e-06 0.000427928
7.34128e-10 8.2054e-07 0.000446254
7.34229e-10 7.59195e-07 0.000459515
7.34331e-10 1.32977e-06 0.000458883
7.34432e-10 2.19685e-06 0.000443585
7.34533e-10 2.85349e-06 0.000421326
7.34634e-10 2.91929e-06 0.000403818
7.34736e-10 2.36207e-06 0.000400017
7.34837e-10 1.51406e-06 0.000410969
7.34938e-10 8.74881e-07 0.000429231
7.35039e-10 8.18401e-07 0.000443187
7.35141e-10 1.37546e-06 0.000443738
7.35242e-10 2.21865e-06 0.000429531
7.35343e-10 2.85613e-06 0.0004077
7.35445e-10 2.91962e-06 0.000389742
7.35546e-10 2.37782e-06 0.000384904
7.35647e-10 1.55177e-06 0.000394885
7.35748e-10 9.25117e-07 0.000412897
7.3585e-10 8.61485e-07 0.00042759
7.35951e-10 1.39432e-06 0.000429566
7.36052e-10 2.21037e-06 0.000416747
7.36153e-10 2.83461e-06 0.000395528
7.36255e-10 2.9072e-06 0.000377085
7.36356e-10 2.39097e-06 0.000370967
7.36457e-10 1.58999e-06 0.000379658
7.36559e-10 9.70298e-07 0.000397196
7.3666e-10 8.88741e-07 0.000412614
7.36761e-10 1.38768e-06 0.000416215
7.36862e-10 2.17353e-06 0.000405082
7.36964e-10 2.78965e-06 0.000384702
7.37065e-10 2.88149e-06 0.0003658
7.37166e-10 2.40014e-06 0.000358209
7.37267e-10 1.62744e-06 0.000365298
7.37369e-10 1.01025e-06 0.000382095
7.3747e-10 9.01408e-07 0.000398158
7.37571e-10 1.35762e-06 0.000403529
7.37672e-10 2.10994e-06 0.000394372
7.37774e-10 2.7218e-06 0.000375104
7.37875e-10 2.84161e-06 0.000355844
7.37976e-10 2.40374e-06 0.000346651
7.38078e-10 1.66308e-06 0.00035184
7.38179e-10 1.04542e-06 0.000367586
7.3828e-10 9.01493e-07 0.000384135
7.38381e-10 1.30684e-06 0.000391354
7.38483e-10 2.02167e-06 0.000384443
7.38584e-10 2.63157e-06 0.000366601
7.38685e-10 2.78648e-06 0.000347167
7.38786e-10 2.40006e-06 0.00033632
7.38888e-10 1.69599e-06 0.000339341
7.38989e-10 1.07668e-06 0.000353689
7.3909e-10 8.91603e-07 0.000370483
7.39192e-10 1.23862e-06 0.000379544
7.39293e-10 1.91116e-06 0.00037511
7.39394e-10 2.51952e-06 0.00035904
7.39495e-10 2.71487e-06 0.000339704
7.39597e-10 2.38727e-06 0.000327243
7.39698e-10 1.72526e-06 0.000327876
7.39799e-10 1.10511e-06 0.000340456
7.399e-10 8.74766e-07 0.00035717
7.40002e-10 1.15671e-06 0.000367966
7.40103e-10 1.78126e-06 0.000366185
7.40204e-10 2.38645e-06 0.00035225
7.40305e-10 2.62556e-06 0.000333365
7.40407e-10 2.36333e-06 0.000319437
7.40508e-10 1.74981e-06 0.000317534
7.40609e-10 1.1318e-06 0.000327971
7.40711e-10 8.54239e-07 0.000344199
7.40812e-10 1.06531e-06 0.000356514
7.40913e-10 1.6353e-06 0.000357478
7.41014e-10 2.23352e-06 0.000346034
7.41116e-10 2.51746e-06 0.000328028
7.41217e-10 2.32614e-06 0.0003129
7.41318e-10 1.76831e-06 0.000308407
7.41419e-10 1.15762e-06 0.000316348
7.41521e-10 8.33298e-07 0.00033162
7.41622e-10 9.68928e-07 0.000345117
7.41723e-10 1.47717e-06 0.000348812
7.41825e-10 2.06244e-06 0.000340179
7.41926e-10 2.38979e-06 0.000323538
7.42027e-10 2.27347e-06 0.000307592
7.42128e-10 1.77903e-06 0.000300577
7.4223e-10 1.18302e-06 0.000305723
7.42331e-10 8.15005e-07 0.000319526
7.42432e-10 8.72277e-07 0.000333754
7.42533e-10 1.31131e-06 0.000340034
7.42635e-10 1.87562e-06 0.00033446
7.42736e-10 2.24225e-06 0.000319695
7.42837e-10 2.20319e-06 0.000303431
7.42939e-10 1.77987e-06 0.000294102
7.4304e-10 1.20779e-06 0.000296247
7.43141e-10 8.01954e-07 0.00030806
7.43242e-10 7.80064e-07 0.00032246
7.43344e-10 1.1427e-06 0.000331031
7.43445e-10 1.67628e-06 0.000328654
7.43546e-10 2.07522e-06 0.000316267
7.43647e-10 2.11332e-06 0.000300279
7.43749e-10 1.76828e-06 0.000288999
7.4385e-10 1.23096e-06 0.000288065
7.43951e-10 7.96007e-07 0.000297402
7.44052e-10 6.96756e-07 0.000311333
7.44154e-10 9.76729e-07 0.000321747
7.44255e-10 1.46855e-06 0.000322558
7.44356e-10 1.89004e-06 0.000312991
7.44458e-10 2.00236e-06 0.00029794
7.44559e-10 1.74145e-06 0.000285225
7.4466e-10 1.25065e-06 0.0002813
7.44761e-10 7.98034e-07 0.000287759
7.44863e-10 6.26274e-07 0.000300537
7.44964e-10 8.19031e-07 0.000312197
7.45065e-10 1.25745e-06 0.000316009
7.45166e-10 1.68913e-06 0.000309595
7.45268e-10 1.8695e-06 0.000296159
7.45369e-10 1.69645e-06 0.000282668
7.4547e-10 1.26412e-06 0.000276028
7.45572e-10 8.07695e-07 0.000279344
7.45673e-10 5.71652e-07 0.000290298
7.45774e-10 6.75168e-07 0.00030248
7.45875e-10 1.04886e-06 0.000308909
7.45977e-10 1.47621e-06 0.000305818
7.46078e-10 1.715e-06 0.000294634
7.46179e-10 1.63059e-06 0.000281131
7.4628e-10 1.26786e-06 0.000272252
7.46382e-10 8.23286e-07 0.00027235
7.46483e-10 5.34678e-07 0.000280882
7.46584e-10 5.50249e-07 0.000292781
7.46686e-10 8.49222e-07 0.000301249
7.46787e-10 1.25632e-06 0.000301441
7.46888e-10 1.54042e-06 0.000293037
7.46989e-10 1.54178e-06 0.000280339
7.47091e-10 1.25786e-06 0.000269886
7.47192e-10 8.41706e-07 0.000266916
7.47293e-10 5.15566e-07 0.000272573
7.47394e-10 4.48462e-07 0.000283368
7.47496e-10 6.6522e-07 0.000293121
7.47597e-10 1.03578e-06 0.000296318
7.47698e-10 1.34901e-06 0.000291044
7.47799e-10 1.429e-06 0.000279945
7.47901e-10 1.23001e-06 0.000268736
7.48002e-10 8.58585e-07 0.000263095
7.48103e-10 5.12709e-07 0.000265636
7.48205e-10 3.72566e-07 0.000274568
7.48306e-10 5.03257e-07 0.000284733
7.48407e-10 8.2193e-07 0.000290411
7.48508e-10 1.14573e-06 0.000288377
7.4861e-10 1.29281e-06 0.000279566
7.48711e-10 1.18068e-06 0.000268502
7.48812e-10 8.68606e-07 0.000260825
7.48913e-10 5.2258e-07 0.000260272
7.49015e-10 3.23401e-07 0.000266736
7.49116e-10 3.68817e-07 0.000276394
7.49217e-10 6.22662e-07 0.00028381
7.49319e-10 9.37326e-07 0.000284843
7.4942e-10 1.13574e-06 0.000278814
7.49521e-10 1.10735e-06 0.000268796
7.49622e-10 8.66048e-07 0.00025991
7.49724e-10 5.39861e-07 0.000256579
7.49825e-10 2.99514e-07 0.000260204
7.49926e-10 2.65765e-07 0.000268493
7.50027e-10 4.45784e-07 0.000276744
7.50129e-10 7.32016e-07 0.000280381
7.5023e-10 9.62581e-07 0.000277355
7.50331e-10 1.00931e-06 0.000269174
7.50433e-10 8.4553e-07 0.000260023
7.50534e-10 5.5784e-07 0.000254509
7.50635e-10 2.9698e-07 0.000255228
7.50736e-10 1.95662e-07 0.000261448
7.50838e-10 2.98154e-07 0.000269571
7.50939e-10 5.38915e-07 0.000275088
7.5104e-10 7.80402e-07 0.000274966
7.51141e-10 8.88278e-07 0.000269196
7.51243e-10 8.02908e-07 0.000260728
7.51344e-10 5.69117e-07 0.000253855
7.51445e-10 3.0953e-07 0.000251931
7.51546e-10 1.5723e-07 0.000255647
7.51648e-10 1.84742e-07 0.000262734
7.51749e-10 3.67184e-07 0.000269229
7.5185e-10 5.98221e-07 0.000271579
7.51952e-10 7.48795e-07 0.000268489
7.52053e-10 7.36206e-07 0.000261531
7.52154e-10 5.66595e-07 0.000254248
7.52255e-10 3.29075e-07 0.00025026
7.52357e-10 1.46107e-07 0.000251376
7.52458e-10 1.07721e-07 0.000256709
7.52559e-10 2.24913e-07 0.000263212
7.5266e-10 4.26274e-07 0.000267323
7.52762e-10 5.98262e-07 0.000266823
7.52863e-10 6.4644e-07 0.000261952
7.52964e-10 5.44661e-07 0.000255203
7.53066e-10 3.46637e-07 0.000249967
7.53167e-10 1.55025e-07 0.000248753
7.53268e-10 6.57763e-08 0.000251914
7.53369e-10 1.1789e-07 0.000257541
7.53471e-10 2.74865e-07 0.000262516
7.53572e-10 4.46495e-07 0.000264163
7.53673e-10 5.38111e-07 0.000261612
7.53774e-10 5.00412e-07 0.000256182
7.53876e-10 3.53666e-07 0.00025063
7.53977e-10 1.74538e-07 0.00024768
7.54078e-10 5.38315e-08 0.000248626
7.54179e-10 4.84436e-08 0.00025272
7.54281e-10 1.52912e-07 0.000257631
7.54382e-10 3.04715e-07 0.000260701
7.54483e-10 4.19199e-07 0.000260316
7.54585e-10 4.34661e-07 0.000256697
7.54686e-10 3.43586e-07 0.000251708
7.54787e-10 1.94297e-07 0.000247839
7.54888e-10 6.33911e-08 0.000246907
7.5499e-10 1.4639e-08 0.000249161
7.55091e-10 6.63732e-08 0.000253216
7.55192e-10 1.84009e-07 0.000256837
7.55293e-10 3.00454e-07 0.000258112
7.55395e-10 3.52471e-07 0.000256411
7.55496e-10 3.13314e-07 0.000252646
7.55597e-10 2.04809e-07 0.000248732
7.55699e-10 8.36137e-08 0.000246568
7.558e-10 1.00907e-08 0.000247073
7.55901e-10 1.68654e-08 0.000249773
7.56002e-10 9.34339e-08 0.000253112
7.56104e-10 1.93957e-07 0.0002553
7.56205e-10 2.62931e-07 0.00025523
7.56306e-10 2.64409e-07 0.000252996
7.56407e-10 1.99399e-07 0.000249779
7.56509e-10 1.03106e-07 0.000247183
7.5661e-10 2.46476e-08 0.000246401
7.56711e-10 8.46228e-10 0.000247641
7.56813e-10 3.80718e-08 0.000250089
7.56914e-10 1.11027e-07 0.000252384
7.57015e-10 1.77989e-07 0.000253341
7.57116e-10 2.03469e-07 0.000252535
7.57218e-10 1.76014e-07 0.000250453
7.57319e-10 1.1224e-07 0.000248179
7.5742e-10 4.60481e-08 0.000246806
7.57521e-10 9.73707e-09 0.000246886
7.57623e-10 1.75152e-08 0.000248203
7.57724e-10 5.97938e-08 0.000249951
7.57825e-10 1.10341e-07 0.000251194
7.57926e-10 1.41433e-07 0.000251345
7.58028e-10 1.38337e-07 0.000250423
7.58129e-10 1.05572e-07 0.000248975
7.5823e-10 6.24377e-08 0.000247741
7.58332e-10 3.12469e-08 0.00024726
7.58433e-10 2.5279e-08 0.00024763
7.58534e-10 4.29439e-08 0.000248516
7.58635e-10 7.06178e-08 0.000249387
7.58737e-10 9.16292e-08 0.000249816
7.58838e-10 9.57382e-08 0.000249676
7.58939e-10 8.37682e-08 0.000249154
7.5904e-10 6.53534e-08 0.000248586
7.59142e-10 5.19224e-08 0.000248243
7.59243e-10 4.96005e-08 0.000248202
7.59344e-10 5.63092e-08 0.000248347
7.59446e-10 6.44124e-08 0.000248497
7.59547e-10 6.67209e-08 0.000248551
7.59648e-10 6.16881e-08 0.00024855
7.59749e-10 5.43562e-08 0.00024862
7.59851e-10 5.2498e-08 0.00024885
7.59952e-10 6.06018e-08 0.000249183
7.60053e-10 7.5836e-08 0.000249419
7.60154e-10 8.89531e-08 0.00024934
7.60256e-10 8.99424e-08 0.000248872
7.60357e-10 7.5053e-08 0.000248189
7.60458e-10 5.06097e-08 0.000247663
7.6056e-10 3.06969e-08 0.000247672
7.60661e-10 2.94305e-08 0.000248363
7.60762e-10 5.20508e-08 0.000249512
7.60863e-10 9.02621e-08 0.000250589
7.60965e-10 1.25216e-07 0.00025101
7.61066e-10 1.37245e-07 0.000250471
7.61167e-10 1.17316e-07 0.000249161
7.61268e-10 7.36205e-08 0.000247721
7.6137e-10 2.89345e-08 0.000246954
7.61471e-10 9.31042e-09 0.000247394
7.61572e-10 2.97286e-08 0.000248988
7.61673e-10 8.45679e-08 0.000251057
7.61775e-10 1.48719e-07 0.0002526
7.61876e-10 1.89655e-07 0.0002528
7.61977e-10 1.84667e-07 0.00025148
7.62079e-10 1.34135e-07 0.000249253
7.6218e-10 6.32164e-08 0.000247266
7.62281e-10 1.01382e-08 0.000246635
7.62382e-10 6.51351e-09 0.000247856
7.62484e-10 5.98214e-08 0.000250495
7.62585e-10 1.47691e-07 0.00025335
7.62686e-10 2.27855e-07 0.000255025
7.62787e-10 2.59419e-07 0.000254642
7.62889e-10 2.24732e-07 0.000252337
7.6299e-10 1.40189e-07 0.000249251
7.63091e-10 4.95694e-08 0.000247
7.63193e-10 2.45975e-09 0.000246866
7.63294e-10 2.84053e-08 0.00024912
7.63395e-10 1.20255e-07 0.000252823
7.63496e-10 2.35978e-07 0.000256243
7.63598e-10 3.18928e-07 0.000257705
7.63699e-10 3.26791e-07 0.000256451
7.638e-10 2.54414e-07 0.000253076
7.63901e-10 1.38265e-07 0.000249286
7.64003e-10 3.93477e-08 0.000247082
7.64104e-10 1.25498e-08 0.000247755
7.64205e-10 7.78308e-08 0.000251192
7.64307e-10 2.08352e-07 0.000255876
7.64408e-10 3.42419e-07 0.000259594
7.64509e-10 4.1399e-07 0.000260531
7.6461e-10 3.86662e-07 0.000258208
7.64712e-10 2.73646e-07 0.000253773
7.64813e-10 1.32865e-07 0.000249492
7.64914e-10 3.87978e-08 0.000247639
7.65015e-10 4.47441e-08 0.000249357
7.65117e-10 1.54646e-07 0.000254033
7.65218e-10 3.193e-07 0.000259548
7.65319e-10 4.5975e-07 0.000263289
7.6542e-10 5.06742e-07 0.000263443
7.65522e-10 4.36519e-07 0.000259937
7.65623e-10 2.84483e-07 0.000254529
7.65724e-10 1.29019e-07 0.000249993
7.65826e-10 5.2836e-08 0.000248757
7.65927e-10 1.00903e-07 0.000251681
7.66028e-10 2.56361e-07 0.000257576
7.66129e-10 4.47235e-07 0.000263738
7.66231e-10 5.81413e-07 0.000267248
7.66332e-10 5.92885e-07 0.000266426
7.66433e-10 4.76028e-07 0.000261699
7.66534e-10 2.90176e-07 0.00025545
7.66636e-10 1.31346e-07 0.00025089
7.66737e-10 8.45939e-08 0.000250484
7.66838e-10 1.80654e-07 0.000254704
7.6694e-10 3.78936e-07 0.000261746
7.67041e-10 5.86166e-07 0.00026836
7.67142e-10 7.02128e-07 0.000271427
7.67243e-10 6.70071e-07 0.000269502
7.67345e-10 5.06423e-07 0.000263574
7.67446e-10 2.94335e-07 0.000256636
7.67547e-10 1.43442e-07 0.000252258
7.67648e-10 1.35337e-07 0.000252835
7.6775e-10 2.8187e-07 0.000258381
7.67851e-10 5.17553e-07 0.000266467
7.67952e-10 7.30637e-07 0.000273355
7.68053e-10 8.18124e-07 0.000275815
7.68155e-10 7.37603e-07 0.000272721
7.68256e-10 5.29858e-07 0.000265652
7.68357e-10 3.00288e-07 0.000258177
7.68459e-10 1.67578e-07 0.000254143
7.6856e-10 2.04645e-07 0.0002558
7.68661e-10 4.01228e-07 0.000262658
7.68762e-10 6.67258e-07 0.000271673
7.68864e-10 8.76135e-07 0.000278685
7.68965e-10 9.2711e-07 0.00028043
7.69066e-10 7.96012e-07 0.000276152
7.69167e-10 5.48827e-07 0.000268024
7.69269e-10 3.10649e-07 0.000260144
7.6937e-10 2.04634e-07 0.000256572
7.69471e-10 2.90743e-07 0.000259352
7.69573e-10 5.34752e-07 0.000267473
7.69674e-10 8.23436e-07 0.00027731
7.69775e-10 1.01925e-06 0.000284337
7.69876e-10 1.02808e-06 0.000285311
7.69978e-10 8.46614e-07 0.000279874
7.70079e-10 5.65715e-07 0.000270775
7.7018e-10 3.27106e-07 0.000262595
7.70281e-10 2.54223e-07 0.000259552
7.70383e-10 3.90885e-07 0.000263451
7.70484e-10 6.78256e-07 0.000272771
7.70585e-10 9.82101e-07 0.000283342
7.70687e-10 1.1577e-06 0.000290319
7.70788e-10 1.12102e-06 0.000290517
7.70889e-10 8.91118e-07 0.000283974
7.7099e-10 5.82506e-07 0.000273988
7.71092e-10 3.50365e-07 0.000265575
7.71193e-10 3.14907e-07 0.000263076
7.71294e-10 5.01722e-07 0.000268055
7.71395e-10 8.27686e-07 0.0002785
7.71497e-10 1.14002e-06 0.000289741
7.71598e-10 1.29017e-06 0.000296651
7.71699e-10 1.20664e-06 0.000296112
7.718e-10 9.31317e-07 0.00028854
7.71902e-10 6.00619e-07 0.000277738
7.72003e-10 3.80223e-07 0.000269119
7.72104e-10 3.84452e-07 0.000267134
7.72206e-10 6.19616e-07 0.000273119
7.72307e-10 9.79321e-07 0.000284617
7.72408e-10 1.29476e-06 0.000296495
7.72509e-10 1.41615e-06 0.000303368
7.72611e-10 1.2861e-06 0.000302172
7.72712e-10 9.68883e-07 0.00029366
7.72813e-10 6.20871e-07 0.000282094
7.72914e-10 4.15715e-07 0.000273257
7.73016e-10 4.60089e-07 0.000271711
7.73117e-10 7.40877e-07 0.000278605
7.73218e-10 1.12989e-06 0.000291084
7.7332e-10 1.44454e-06 0.000303597
7.73421e-10 1.53576e-06 0.000310506
7.73522e-10 1.36078e-06 0.000308769
7.73623e-10 1.00525e-06 0.00029942
7.73725e-10 6.43522e-07 0.000287127
7.73826e-10 4.55295e-07 0.00027802
7.73927e-10 5.3874e-07 0.000276797
7.74028e-10 8.61922e-07 0.000284476
7.7413e-10 1.27656e-06 0.00029787
7.74231e-10 1.5882e-06 0.000311047
7.74332e-10 1.64954e-06 0.000318107
7.74434e-10 1.43212e-06 0.000315979
7.74535e-10 1.04159e-06 0.000305906
7.74636e-10 6.68381e-07 0.000292905
7.74737e-10 4.97029e-07 0.000283442
7.74839e-10 6.17199e-07 0.000282388
7.7494e-10 9.79364e-07 0.000290706
7.75041e-10 1.41695e-06 0.00030495
7.75142e-10 1.725e-06 0.000318844
7.75244e-10 1.75825e-06 0.000326207
7.75345e-10 1.50158e-06 0.000323871
7.75446e-10 1.07881e-06 0.000313201
7.75547e-10 6.94944e-07 0.000299503
7.75649e-10 5.38784e-07 0.000289567
7.7575e-10 6.92282e-07 0.000288494
7.75851e-10 1.09004e-06 0.000297279
7.75953e-10 1.54896e-06 0.000312303
7.76054e-10 1.85446e-06 0.000326984
7.76155e-10 1.8628e-06 0.000334836
7.76256e-10 1.57051e-06 0.000332507
7.76358e-10 1.11767e-06 0.000321388
7.76459e-10 7.22557e-07 0.000306999
7.7656e-10 5.78397e-07 0.000296452
7.76661e-10 7.60928e-07 0.000295138
7.76763e-10 1.19103e-06 0.00030419
7.76864e-10 1.67073e-06 0.000319911
7.76965e-10 1.97622e-06 0.000335461
7.77067e-10 1.96404e-06 0.000344012
7.77168e-10 1.64019e-06 0.000341942
7.77269e-10 1.15882e-06 0.000330546
7.7737e-10 7.50568e-07 0.000315482
7.77472e-10 6.1383e-07 0.000304171
7.77573e-10 8.20279e-07 0.000302364
7.77674e-10 1.27957e-06 0.000311448
7.77775e-10 1.78051e-06 0.000327762
7.77877e-10 2.08992e-06 0.000344258
7.77978e-10 2.06278e-06 0.000353743
7.78079e-10 1.7118e-06 0.000352215
7.78181e-10 1.20294e-06 0.000340751
7.78282e-10 7.78494e-07 0.000325047
7.78383e-10 6.43318e-07 0.000312817
7.78484e-10 8.67749e-07 0.000310239
7.78586e-10 1.35308e-06 0.000319082
7.78687e-10 1.87652e-06 0.000335849
7.78788e-10 2.195e-06 0.000353354
7.78889e-10 2.15957e-06 0.000364016
7.78991e-10 1.78642e-06 0.00036335
7.79092e-10 1.25083e-06 0.000352071
7.79193e-10 8.06163e-07 0.000335798
7.79294e-10 6.655e-07 0.000322504
7.79396e-10 9.01088e-07 0.000318858
7.79497e-10 1.40912e-06 0.000327144
7.79598e-10 1.95685e-06 0.000344176
7.797e-10 2.29065e-06 0.000362721
7.79801e-10 2.25473e-06 0.000374801
7.79902e-10 1.86507e-06 0.000375349
7.80003e-10 1.30346e-06 0.00036456
7.80105e-10 8.33851e-07 0.000347843
7.80206e-10 6.79558e-07 0.000333369
7.80307e-10 9.18464e-07 0.000328349
7.80408e-10 1.44534e-06 0.000335718
7.8051e-10 2.0194e-06 0.000352765
7.80611e-10 2.37562e-06 0.000372328
7.80712e-10 2.34815e-06 0.00038605
7.80814e-10 1.9486e-06 0.000388187
7.80915e-10 1.36207e-06 0.000378256
7.81016e-10 8.62399e-07 0.000361287
7.81117e-10 6.85351e-07 0.000345567
7.81219e-10 9.18568e-07 0.000338872
7.8132e-10 1.45956e-06 0.000344923
7.81421e-10 2.06182e-06 0.000361661
7.81522e-10 2.44815e-06 0.000382147
7.81624e-10 2.43925e-06 0.000397695
7.81725e-10 2.03767e-06 0.000401812
7.81826e-10 1.42813e-06 0.000393168
7.81928e-10 8.93301e-07 0.00037623
7.82029e-10 6.8356e-07 0.000359269
7.8213e-10 9.00751e-07 0.000350625
7.82231e-10 1.44986e-06 0.000354922
7.82333e-10 2.08146e-06 0.000370945
7.82434e-10 2.50588e-06 0.000392164
7.82535e-10 2.52677e-06 0.000409656
7.82636e-10 2.1326e-06 0.000416137
7.82738e-10 1.50331e-06 0.00040927
7.82839e-10 9.28757e-07 0.000392747
7.8294e-10 6.75828e-07 0.000374654
7.83041e-10 8.65203e-07 0.000363842
7.83143e-10 1.41467e-06 0.000365928
7.83244e-10 2.07551e-06 0.000380747
7.83345e-10 2.54574e-06 0.000402391
7.83447e-10 2.60868e-06 0.000421848
7.83548e-10 2.2332e-06 0.000431045
7.83649e-10 1.58934e-06 0.000426494
7.8375e-10 9.71663e-07 0.000410881
7.83852e-10 6.64883e-07 0.000391894
7.83953e-10 8.13167e-07 0.000378782
7.84054e-10 1.35304e-06 0.000378212
7.84155e-10 2.04103e-06 0.000391255
7.84257e-10 2.56398e-06 0.000412882
7.84358e-10 2.68195e-06 0.000434193
7.84459e-10 2.33852e-06 0.000446389
7.84561e-10 1.68783e-06 0.000444719
7.84662e-10 1.02553e-06 0.000430628
7.84763e-10 6.54631e-07 0.000411137
7.84864e-10 7.47181e-07 0.000395724
7.84966e-10 1.26489e-06 0.000392095
7.85067e-10 1.97523e-06 0.000402731
7.85168e-10 2.55619e-06 0.000423757
7.85269e-10 2.74245e-06 0.000446645
7.85371e-10 2.44658e-06 0.000462007
7.85472e-10 1.79993e-06 0.000463773
7.85573e-10 1.0943e-06 0.000451916
7.85674e-10 6.50183e-07 0.000432489
7.85776e-10 6.71323e-07 0.000414946
7.85877e-10 1.15145e-06 0.000407951
7.85978e-10 1.87584e-06 0.000415521
7.8608e-10 2.51752e-06 0.000435217
7.86181e-10 2.78487e-06 0.00045921
7.86282e-10 2.55401e-06 0.000477737
7.86383e-10 1.92592e-06 0.000483432
7.86485e-10 1.18199e-06 0.000474598
7.86586e-10 6.57766e-07 0.000455983
7.86687e-10 5.91425e-07 0.000436697
7.86788e-10 1.01561e-06 0.000426186
7.8689e-10 1.74152e-06 0.000430054
7.86991e-10 2.44292e-06 0.000447572
7.87092e-10 2.80267e-06 0.000471978
7.87194e-10 2.65578e-06 0.00049345
7.87295e-10 2.06468e-06 0.000503437
7.87396e-10 1.29225e-06 0.000498438
7.87497e-10 6.84478e-07 0.00048156
7.87599e-10 5.15196e-07 0.000461168
7.877e-10 8.62478e-07 0.00044721
7.87801e-10 1.57255e-06 0.000446839
7.87902e-10 2.32774e-06 0.000461254
7.88004e-10 2.78832e-06 0.000485162
7.88105e-10 2.74494e-06 0.000509085
7.88206e-10 2.21317e-06 0.000523522
7.88308e-10 1.42763e-06 0.000523121
7.88409e-10 7.37828e-07 0.000509039
7.8851e-10 4.52179e-07 0.000488449
7.88611e-10 6.99712e-07 0.000471404
7.88713e-10 1.37152e-06 0.000466439
7.88814e-10 2.16839e-06 0.000476824
7.88915e-10 2.7337e-06 0.000499125
7.89016e-10 2.8125e-06 0.000524697
7.89118e-10 2.36579e-06 0.000543451
7.89219e-10 1.58882e-06 0.000548268
7.8932e-10 8.25002e-07 0.000538112
7.89421e-10 4.13458e-07 0.000518492
7.89523e-10 5.37875e-07 0.000499066
7.89624e-10 1.14411e-06 0.000489435
7.89725e-10 1.96334e-06 0.000494959
7.89827e-10 2.63082e-06 0.000514412
7.89928e-10 2.84767e-06 0.000540511
7.90029e-10 2.51392e-06 0.000563082
7.9013e-10 1.77363e-06 0.000573478
7.90232e-10 9.51838e-07 0.000568343
7.90333e-10 4.11006e-07 0.000551073
7.90434e-10 3.90442e-07 0.000530348
7.90535e-10 8.99854e-07 0.000516367
7.90637e-10 1.71429e-06 0.000516425
7.90738e-10 2.47294e-06 0.000531751
7.90839e-10 2.83836e-06 0.000556972
7.90941e-10 2.64569e-06 0.000582435
7.91042e-10 1.97608e-06 0.000598389
7.91143e-10 1.12152e-06 0.000599197
7.91244e-10 4.56596e-07 0.000585778
7.91346e-10 2.73426e-07 0.000565204
7.91447e-10 6.52662e-07 0.000547653
7.91548e-10 1.42739e-06 0.000542012
7.91649e-10 2.25604e-06 0.000552046
7.91751e-10 2.77228e-06 0.000574777
7.91852e-10 2.74617e-06 0.00060177
7.91953e-10 2.18554e-06 0.000622769
7.92055e-10 1.33307e-06 0.000630107
7.92156e-10 5.60228e-07 0.000622006
7.92257e-10 2.04414e-07 0.000603333
7.92358e-10 4.20917e-07 0.000583505
7.9246e-10 1.11448e-06 0.000572443
7.92561e-10 1.98063e-06 0.000576312
7.92662e-10 2.63866e-06 0.000594888
7.92763e-10 2.7982e-06 0.000621658
7.92865e-10 2.38634e-06 0.000646619
7.92966e-10 1.57982e-06 0.000660565
7.93067e-10 7.28095e-07 0.000659025
7.93168e-10 2.00901e-07 0.000644163
7.9327e-10 2.26918e-07 0.000623842
7.93371e-10 7.93874e-07 0.00060826
7.93472e-10 1.6537e-06 0.000605589
7.93574e-10 2.43048e-06 0.000618498
7.93675e-10 2.78405e-06 0.000643026
7.93776e-10 2.55809e-06 0.000670286
7.93877e-10 1.84817e-06 0.000690261
7.93979e-10 9.60258e-07 0.000696066
7.9408e-10 2.77833e-07 0.000686869
7.94181e-10 9.53553e-08 0.000668225
7.94282e-10 4.90505e-07 0.000649699
7.94384e-10 1.29055e-06 0.000640798
7.94485e-10 2.14731e-06 0.000646936
7.94586e-10 2.68808e-06 0.000667155
7.94688e-10 2.677e-06 0.000694554
7.94789e-10 2.11701e-06 0.000719229
7.9489e-10 1.24835e-06 0.000732478
7.94991e-10 4.44479e-07 0.000730468
7.95093e-10 5.06543e-08 0.000715842
7.95194e-10 2.34912e-07 0.000696571
7.95295e-10 9.1586e-07 0.000682572
7.95396e-10 1.79818e-06 0.000681517
7.95498e-10 2.50024e-06 0.000695611
7.95599e-10 2.7186e-06 0.00072069
7.957e-10 2.35844e-06 0.000748005
7.95802e-10 1.57382e-06 0.000767921
7.95903e-10 7.0092e-07 0.000773975
7.96004e-10 1.13128e-07 0.00076557
7.96105e-10 6.06808e-08 0.000748193
7.96207e-10 5.63671e-07 0.000731082
7.96308e-10 1.40416e-06 0.000723331
7.96409e-10 2.22033e-06 0.000730086
7.9651e-10 2.66194e-06 0.000750412
7.96612e-10 2.54011e-06 0.000777726
7.96713e-10 1.90749e-06 0.000802584
7.96814e-10 1.03478e-06 0.000816642
7.96915e-10 2.9419e-07 0.000816134
7.97017e-10 1.1263e-10 0.000803405
7.97118e-10 2.75333e-07 0.000785896
7.97219e-10 9.99623e-07 0.000773002
7.97321e-10 1.86221e-06 0.000772154
7.97422e-10 2.49506e-06 0.000785741
7.97523e-10 2.62979e-06 0.000810161
7.97624e-10 2.21113e-06 0.000837366
7.97726e-10 1.41914e-06 0.000858236
7.97827e-10 5.91265e-07 0.000866369
7.97928e-10 7.81809e-08 0.00086071
7.98029e-10 9.50478e-08 0.000845935
7.98131e-10 6.31331e-07 0.000830468
7.98232e-10 1.45693e-06 0.000822964
7.98333e-10 2.22119e-06 0.000828734
7.98435e-10 2.60207e-06 0.000847589
7.98536e-10 2.44195e-06 0.000873975
7.98637e-10 1.81275e-06 0.000899316
7.98738e-10 9.83546e-07 0.000915575
7.9884e-10 3.05399e-07 0.000918552
7.98941e-10 6.27348e-08 0.000909565
7.99042e-10 3.54318e-07 0.000894843
7.99143e-10 1.05362e-06 0.000882921
7.99245e-10 1.86434e-06 0.000881109
7.99346e-10 2.44667e-06 0.000892525
7.99447e-10 2.56027e-06 0.000914867
7.99548e-10 2.16388e-06 0.000941429
7.9965e-10 1.43019e-06 0.000963893
7.99751e-10 6.70908e-07 0.000975742
7.99852e-10 2.04699e-07 0.000974888
7.99954e-10 2.23963e-07 0.000964457
8.00055e-10 7.16303e-07 0.000951446
8.00156e-10 1.4726e-06 0.000943822
8.00257e-10 2.17703e-06 0.00094728
8.00359e-10 2.54009e-06 0.000962974
8.0046e-10 2.41861e-06 0.000987122
8.00561e-10 1.87279e-06 0.00101261
8.00662e-10 1.13786e-06 0.00103194
8.00764e-10 5.23538e-07 0.00104022
8.00865e-10 2.84405e-07 0.00103712
8.00966e-10 5.15642e-07 0.00102692
8.01068e-10 1.11673e-06 0.00101669
8.01169e-10 1.83682e-06 0.00101342
8.0127e-10 2.38122e-06 0.00102121
8.01371e-10 2.53373e-06 0.0010397
8.01473e-10 2.24383e-06 0.00106431
8.01574e-10 1.64373e-06 0.00108812
8.01675e-10 9.89858e-07 0.00110471
8.01776e-10 5.54745e-07 0.00111068
8.01878e-10 5.15119e-07 0.00110694
8.01979e-10 8.82138e-07 0.00109824
8.0208e-10 1.50127e-06 0.00109123
8.02182e-10 2.11987e-06 0.00109178
8.02283e-10 2.4928e-06 0.00110268
8.02384e-10 2.48178e-06 0.00112262
8.02485e-10 2.10821e-06 0.00114682
8.02587e-10 1.53941e-06 0.00116897
8.02688e-10 1.01614e-06 0.00118374
8.02789e-10 7.53005e-07 0.00118885
8.0289e-10 8.52979e-07 0.00118585
8.02992e-10 1.27016e-06 0.00117943
8.03093e-10 1.83391e-06 0.00117553
8.03194e-10 2.32207e-06 0.00117897
8.03295e-10 2.55175e-06 0.00119169
8.03397e-10 2.45037e-06 0.00121201
8.03498e-10 2.07958e-06 0.00123546
8.03599e-10 1.60452e-06 0.0012565
8.03701e-10 1.2237e-06 0.00127071
8.03802e-10 1.08929e-06 0.00127642
8.03903e-10 1.24997e-06 0.00127524
8.04004e-10 1.63768e-06 0.00127138
8.04106e-10 2.10082e-06 0.00126998
8.04207e-10 2.46785e-06 0.00127515
8.04308e-10 2.61457e-06 0.00128848
8.04409e-10 2.50846e-06 0.00130851
8.04511e-10 2.21473e-06 0.00133137
8.04612e-10 1.86461e-06 0.00135231
8.04713e-10 1.60125e-06 0.00136741
8.04815e-10 1.52556e-06 0.00137504
8.04916e-10 1.66267e-06 0.00137637
8.05017e-10 1.95937e-06 0.00137488
8.05118e-10 2.31042e-06 0.00137504
8.0522e-10 2.60078e-06 0.00138068
8.05321e-10 2.74666e-06 0.00139362
8.05422e-10 2.721e-06 0.0014131
8.05523e-10 2.55648e-06 0.00143602
8.05625e-10 2.3283e-06 0.00145816
8.05726e-10 2.12565e-06 0.00147564
8.05827e-10 2.02278e-06 0.0014863
8.05929e-10 2.05853e-06 0.00149044
8.0603e-10 2.2287e-06 0.00149074
8.06131e-10 2.49076e-06 0.0014913
8.06232e-10 2.7776e-06 0.00149618
8.06334e-10 3.01586e-06 0.00150803
8.06435e-10 3.14507e-06 0.00152708
8.06536e-10 3.13411e-06 0.00155106
8.06637e-10 2.9919e-06 0.00157592
8.06739e-10 2.769e-06 0.00159724
8.0684e-10 2.54755e-06 0.00161179
8.06941e-10 2.41956e-06 0.00161871
8.07042e-10 2.45743e-06 0.00161993
8.07144e-10 2.68538e-06 0.00161959
8.07245e-10 3.06267e-06 0.00162259
8.07346e-10 3.48811e-06 0.0016329
8.07448e-10 3.82872e-06 0.00165203
8.07549e-10 3.96615e-06 0.00167836
8.0765e-10 3.84522e-06 0.00170756
8.07751e-10 3.50504e-06 0.00173409
8.07853e-10 3.07677e-06 0.00175315
8.07954e-10 2.74354e-06 0.00176253
8.08055e-10 2.67331e-06 0.00176361
8.08156e-10 2.94885e-06 0.00176104
8.08258e-10 3.52359e-06 0.00176118
8.08359e-10 4.22537e-06 0.00176977
8.0846e-10 4.81247e-06 0.00178974
8.08562e-10 5.06506e-06 0.0018199
8.08663e-10 4.87772e-06 0.00185514
8.08764e-10 4.31469e-06 0.00188816
8.08865e-10 3.60056e-06 0.00191217
8.08967e-10 3.04365e-06 0.00192349
8.09068e-10 2.91701e-06 0.00192324
8.09169e-10 3.34284e-06 0.00191712
8.0927e-10 4.2285e-06 0.00191353
8.09372e-10 5.28575e-06 0.00192042
8.09473e-10 6.1326e-06 0.00194222
8.09574e-10 6.44274e-06 0.00197783
8.09676e-10 6.08442e-06 0.00202082
8.09777e-10 5.19029e-06 0.00206155
8.09878e-10 4.12368e-06 0.00209081
8.09979e-10 3.34695e-06 0.00210346
8.10081e-10 3.23895e-06 0.00210062
8.10182e-10 3.9332e-06 0.00208966
8.10283e-10 5.24521e-06 0.00208157
8.10384e-10 6.72562e-06 0.00208693
8.10486e-10 7.82591e-06 0.00211164
8.10587e-10 8.11662e-06 0.00215443
8.10688e-10 7.47138e-06 0.00220691
8.10789e-10 6.13895e-06 0.00225655
8.10891e-10 4.66598e-06 0.00229136
8.10992e-10 3.69263e-06 0.00230467
8.11093e-10 3.69672e-06 0.00229801
8.11195e-10 4.78831e-06 0.00228091
8.11296e-10 6.64198e-06 0.00226761
8.11397e-10 8.60319e-06 0.00227163
8.11498e-10 9.93547e-06 0.00230041
8.116e-10 1.01159e-05 0.00235212
8.11701e-10 9.06088e-06 0.0024159
8.11802e-10 7.18533e-06 0.00247572
8.11903e-10 5.2627e-06 0.00251644
8.12005e-10 4.13049e-06 0.00252983
8.12106e-10 4.3534e-06 0.00251811
8.12207e-10 5.97893e-06 0.0024936
8.12309e-10 8.48978e-06 0.00247432
8.1241e-10 1.09833e-05 0.00247713
8.12511e-10 1.2517e-05 0.00251108
8.12612e-10 1.24883e-05 0.0025735
8.12714e-10 1.08966e-05 0.0026505
8.12815e-10 8.37457e-06 0.00272194
8.12916e-10 5.96512e-06 0.00276911
8.13017e-10 4.72035e-06 0.00278214
8.13119e-10 5.27716e-06 0.00276422
8.1322e-10 7.5793e-06 0.00273096
8.13321e-10 1.08658e-05 0.00270478
8.13422e-10 1.39433e-05 0.00270636
8.13524e-10 1.56461e-05 0.00274649
8.13625e-10 1.53068e-05 0.00282141
8.13726e-10 1.30493e-05 0.00291368
8.13828e-10 9.77605e-06 0.00299845
8.13929e-10 6.84241e-06 0.00305294
8.1403e-10 5.53286e-06 0.00306541
8.14131e-10 6.54219e-06 0.00304022
8.14233e-10 9.66948e-06 0.0029968
8.14334e-10 1.38578e-05 0.00296257
8.14435e-10 1.75793e-05 0.00296261
8.14536e-10 1.94257e-05 0.00300972
8.14638e-10 1.86779e-05 0.00309891
8.14739e-10 1.5624e-05 0.00320871
8.1484e-10 1.14888e-05 0.00330892
8.14942e-10 7.98539e-06 0.00337204
8.15043e-10 6.6521e-06 0.00338412
8.15144e-10 8.23129e-06 0.00335076
8.15245e-10 1.23389e-05 0.0032956
8.15347e-10 1.75697e-05 0.00325184
8.15448e-10 2.20137e-05 0.00324962
8.15549e-10 2.39956e-05 0.00330416
8.1565e-10 2.27512e-05 0.00340933
8.15752e-10 1.87694e-05 0.0035392
8.15853e-10 1.36498e-05 0.00365746
8.15954e-10 9.5132e-06 0.00373113
8.16056e-10 8.18093e-06 0.0037435
8.16157e-10 1.04405e-05 0.00370126
8.16258e-10 1.56913e-05 0.00363268
8.16359e-10 2.21271e-05 0.00357744
8.16461e-10 2.7403e-05 0.00357163
8.16562e-10 2.95417e-05 0.00363363
8.16663e-10 2.77311e-05 0.00375634
8.16764e-10 2.26902e-05 0.00390909
8.16866e-10 1.64461e-05 0.00404865
8.16967e-10 1.15841e-05 0.00413558
8.17068e-10 1.02498e-05 0.0041496
8.17169e-10 1.3286e-05 0.00409811
8.17271e-10 1.98509e-05 0.00401427
8.17372e-10 2.76849e-05 0.00394505
8.17473e-10 3.39467e-05 0.0039336
8.17575e-10 3.63088e-05 0.00400242
8.17676e-10 3.38917e-05 0.00414398
8.17777e-10 2.76643e-05 0.00432265
8.17878e-10 2.01322e-05 0.0044875
8.1798e-10 1.44117e-05 0.0045914
8.18081e-10 1.30305e-05 0.00460933
8.18182e-10 1.69154e-05 0.00454873
8.18283e-10 2.49711e-05 0.00444771
8.18385e-10 3.4435e-05 0.00436141
8.18486e-10 4.18979e-05 0.00434133
8.18587e-10 4.46136e-05 0.00441544
8.18689e-10 4.15955e-05 0.00457668
8.1879e-10 3.40655e-05 0.00478452
8.18891e-10 2.50554e-05 0.00497947
8.18992e-10 1.82896e-05 0.00510525
8.19094e-10 1.67574e-05 0.00513054
8.19195e-10 2.15236e-05 0.00506173
8.19296e-10 3.12466e-05 0.00494169
8.19397e-10 4.26165e-05 0.00483452
8.19499e-10 5.1574e-05 0.00480167
8.196e-10 5.48616e-05 0.0048784
8.19701e-10 5.13166e-05 0.00505941
8.19803e-10 4.23935e-05 0.00529967
8.19904e-10 3.16902e-05 0.00553034
8.20005e-10 2.3626e-05 0.00568433
8.20106e-10 2.17587e-05 0.00572197
8.20208e-10 2.73779e-05 0.00564698
8.20309e-10 3.89312e-05 0.00550639
8.2041e-10 5.25291e-05 0.00537397
8.20511e-10 6.33705e-05 0.00532292
8.20613e-10 6.75659e-05 0.00539803
8.20714e-10 6.36686e-05 0.00559775
8.20815e-10 5.33128e-05 0.00587338
8.20916e-10 4.06847e-05 0.00614617
8.21018e-10 3.09939e-05 0.0063363
8.21119e-10 2.85026e-05 0.00639322
8.2122e-10 3.48556e-05 0.00631569
8.21322e-10 4.83649e-05 0.00615374
8.21423e-10 6.4552e-05 0.00599122
8.21524e-10 7.77776e-05 0.00591506
8.21625e-10 8.33683e-05 0.0059824
8.21727e-10 7.94387e-05 0.0061981
8.21828e-10 6.77011e-05 0.00651132
8.21929e-10 5.29232e-05 0.00683314
8.2203e-10 4.11998e-05 0.00706906
8.22132e-10 3.76647e-05 0.00715456
8.22233e-10 4.45008e-05 0.00708035
8.22334e-10 6.00161e-05 0.00689751
8.22436e-10 7.91718e-05 0.00669995
8.22537e-10 9.54009e-05 0.0065903
8.22638e-10 0.000103064 0.00664138
8.22739e-10 9.96255e-05 0.00686798
8.22841e-10 8.67086e-05 0.00721956
8.22942e-10 6.96061e-05 0.00759744
8.23043e-10 5.5378e-05 0.00789049
8.23144e-10 5.02248e-05 0.00801666
8.23246e-10 5.71112e-05 0.0079546
8.23347e-10 7.45482e-05 0.00775345
8.23448e-10 9.7028e-05 0.00751641
8.2355e-10 0.000116992 0.00736352
8.23651e-10 0.000127632 0.00738712
8.23752e-10 0.000125482 0.00761643
8.23853e-10 0.000111827 0.00800482
8.23955e-10 9.23499e-05 0.00844512
8.24056e-10 7.51165e-05 0.00880809
8.24157e-10 6.7603e-05 0.00899014
8.24258e-10 7.38666e-05 0.00895285
8.2436e-10 9.29249e-05 0.00873916
8.24461e-10 0.000118987 0.00845958
8.24562e-10 0.000143496 0.00825282
8.24663e-10 0.000158266 0.00823478
8.24765e-10 0.000158561 0.00845466
8.24866e-10 0.000144967 0.00887475
8.24967e-10 0.000123308 0.0093821
8.25069e-10 0.00010262 0.00982854
8.2517e-10 9.18489e-05 0.0100849
8.25271e-10 9.6518e-05 0.0100897
8.25372e-10 0.000116573 0.00987369
8.25474e-10 0.000146261 0.00955128
8.25575e-10 0.000176124 0.00927999
8.25676e-10 0.000196427 0.00920328
8.25777e-10 0.000200766 0.00939681
8.25879e-10 0.000188539 0.00983853
8.2598e-10 0.000165312 0.0104142
8.26081e-10 0.000140911 0.0109574
8.26183e-10 0.000125893 0.0113094
8.26284e-10 0.000127658 0.0113789
8.26385e-10 0.000147634 0.0111769
8.26486e-10 0.000180609 0.0108159
8.26588e-10 0.000216492 0.0104708
8.26689e-10 0.000243917 0.0103161
8.2679e-10 0.000254403 0.010461
8.26891e-10 0.000245538 0.0109077
8.26993e-10 0.000222015 0.0115477
8.27094e-10 0.000194073 0.0121986
8.27195e-10 0.000173876 0.0126697
8.27296e-10 0.0001711 0.0128322
8.27398e-10 0.000189338 0.0126679
8.27499e-10 0.000224651 0.0122794
8.276e-10 0.000266836 0.011855
8.27702e-10 0.000303012 0.0116019
8.27803e-10 0.000322254 0.0116705
8.27904e-10 0.000319611 0.0120976
8.28005e-10 0.000298044 0.0127898
8.28107e-10 0.000267518 0.0135546
8.28208e-10 0.000241549 0.0141683
8.28309e-10 0.000232384 0.0144575
8.2841e-10 0.000246547 0.0143638
8.28512e-10 0.000282365 0.0139683
8.28613e-10 0.000330401 0.0134655
8.28714e-10 0.000376694 0.013095
8.28816e-10 0.000407693 0.013055
8.28917e-10 0.000415133 0.0134285
8.29018e-10 0.000399117 0.0141503
8.29119e-10 0.00036825 0.0150269
8.29221e-10 0.000336737 0.0158038
8.29322e-10 0.000319421 0.0162572
8.29423e-10 0.000326509 0.0162762
8.29524e-10 0.000359838 0.0159063
8.29626e-10 0.000412063 0.0153366
8.29727e-10 0.000469081 0.0148348
8.29828e-10 0.000514904 0.0146512
8.2993e-10 0.000537285 0.0149278
8.30031e-10 0.000532127 0.0156432
8.30132e-10 0.000505095 0.0166167
8.30233e-10 0.000469823 0.0175701
8.30335e-10 0.000443276 0.018226
8.30436e-10 0.000439869 0.0184089
8.30537e-10 0.000466359 0.0181115
8.30638e-10 0.000519328 0.0175012
8.3074e-10 0.000586172 0.0168639
8.30841e-10 0.000649311 0.0165034
8.30942e-10 0.000692212 0.0166315
8.31043e-10 0.000705169 0.0172892
8.31145e-10 0.000688821 0.0183276
8.31246e-10 0.000654166 0.0194573
8.31347e-10 0.000618997 0.0203494
8.31449e-10 0.000601909 0.0207537
8.3155e-10 0.000615917 0.0205909
8.31651e-10 0.000663845 0.0199853
8.31752e-10 0.000737112 0.0192249
8.31854e-10 0.000818402 0.0186615
8.31955e-10 0.000887376 0.0185853
8.32056e-10 0.000927563 0.0191186
8.32157e-10 0.000932096 0.0201682
8.32259e-10 0.000906331 0.0214536
8.3236e-10 0.000866378 0.0226035
8.32461e-10 0.000833944 0.0232873
8.32563e-10 0.000829132 0.0233349
8.32664e-10 0.000863571 0.0228017
8.32765e-10 0.000936205 0.0219538
8.32866e-10 0.00103323 0.0211775
8.32968e-10 0.00113235 0.0208434
8.33069e-10 0.00120999 0.021173
8.3317e-10 0.00124928 0.0221561
8.33271e-10 0.00124597 0.0235489
8.33373e-10 0.00121041 0.0249561
8.33474e-10 0.00116465 0.025969
8.33575e-10 0.0011355 0.0263113
8.33677e-10 0.00114566 0.0259411
8.33778e-10 0.00120593 0.025071
8.33879e-10 0.00131099 0.0240978
8.3398e-10 0.00144046 0.0234652
8.34082e-10 0.00156507 0.0235061
8.34183e-10 0.0016561 0.0243215
8.34284e-10 0.00169519 0.0257395
8.34385e-10 0.00168105 0.0273704
8.34487e-10 0.00163089 0.0287408
8.34588e-10 0.00157557 0.0294604
8.34689e-10 0.0015499 0.0293627
8.3479e-10 0.00158109 0.028569
8.34892e-10 0.00167901 0.0274516
8.34993e-10 0.00183186 0.0265064
8.35094e-10 0.00200886 0.0261801
8.35196e-10 0.00216965 0.0267097
8.35297e-10 0.00227747 0.0280347
8.35398e-10 0.002312 0.0298118
8.35499e-10 0.00227739 0.031531
8.35601e-10 0.00220241 0.0326929
8.35702e-10 0.00213223 0.0329856
8.35803e-10 0.00211396 0.0323989
8.35904e-10 0.00218059 0.0312344
8.36006e-10 0.00233866 0.0300048
8.36107e-10 0.00256428 0.0292568
8.36208e-10 0.00280931 0.0293789
8.3631e-10 0.00301639 0.0304609
8.36411e-10 0.00313816 0.0322563
8.36512e-10 0.00315444 0.0342624
8.36613e-10 0.00308108 0.0358933
8.36715e-10 0.00296701 0.0366838
8.36816e-10 0.00287956 0.0364566
8.36917e-10 0.0028823 0.0353894
8.37018e-10 0.00301271 0.0339594
8.3712e-10 0.00326728 0.0327808
8.37221e-10 0.00359992 0.0323917
8.37322e-10 0.00393507 0.0330633
8.37424e-10 0.00419208 0.0346995
8.37525e-10 0.00431305 0.0368645
8.37626e-10 0.00428472 0.0389293
8.37727e-10 0.00414624 0.0402888
8.37829e-10 0.00397913 0.0405745
8.3793e-10 0.00388169 0.0397876
8.38031e-10 0.00393577 0.0383051
8.38132e-10 0.00417695 0.0367539
8.38234e-10 0.00457888 0.0357961
8.38335e-10 0.00505833 0.0358974
8.38436e-10 0.00550054 0.0371617
8.38537e-10 0.00579735 0.0392881
8.38639e-10 0.0058857 0.0416699
8.3874e-10 0.00577285 0.0436015
8.38841e-10 0.00553859 0.0445223
8.38943e-10 0.00531217 0.0442151
8.39044e-10 0.00523014 0.0428869
8.39145e-10 0.00538896 0.0411028
8.39246e-10 0.00580845 0.0395949
8.39348e-10 0.00641979 0.0390101
8.39449e-10 0.00708395 0.0396832
8.3955e-10 0.00763601 0.0415165
8.39651e-10 0.00794146 0.0440073
8.39753e-10 0.00794548 0.0464168
8.39854e-10 0.00769737 0.0480237
8.39955e-10 0.00733989 0.0483739
8.40057e-10 0.00706508 0.0474423
8.40158e-10 0.00704995 0.0456464
8.40259e-10 0.00739337 0.0437076
8.4036e-10 0.00807657 0.0424048
8.40462e-10 0.00896244 0.0423057
8.40563e-10 0.00983643 0.0435674
8.40664e-10 0.0104772 0.0458778
8.40765e-10 0.0107338 0.0485573
8.40867e-10 0.0105831 0.0507899
8.40968e-10 0.0101453 0.0519033
8.41069e-10 0.00965074 0.0516023
8.41171e-10 0.00936521 0.0500744
8.41272e-10 0.00949934 0.0479301
8.41373e-10 0.0101315 0.0459966
8.41474e-10 0.0111726 0.0450347
8.41576e-10 0.0123881 0.0454763
8.41677e-10 0.0134715 0.0472727
8.41778e-10 0.0141477 0.0499072
8.41879e-10 0.0142708 0.0525688
8.41981e-10 0.0138827 0.0544282
8.42082e-10 0.0132083 0.0549228
8.42183e-10 0.0125873 0.053951
8.42284e-10 0.0123617 0.0519111
8.42386e-10 0.0127566 0.0495671
8.42487e-10 0.0137956 0.0477896
8.42588e-10 0.015282 0.047258
8.4269e-10 0.0168557 0.0482268
8.42791e-10 0.0181104 0.0504358
8.42892e-10 0.0187328 0.053197
8.42993e-10 0.0186161 0.0556274
8.43095e-10 0.0179074 0.0569502
8.43196e-10 0.0169698 0.0567598
8.43297e-10 0.0162659 0.0551622
8.43398e-10 0.0162028 0.0527398
8.435e-10 0.0169877 0.0503542
8.43601e-10 0.0185467 0.0488529
8.43702e-10 0.020537 0.0487807
8.43804e-10 0.0224536 0.0501934
8.43905e-10 0.0237964 0.0526385
8.44006e-10 0.0242436 0.0553084
8.44107e-10 0.023771 0.0573154
8.44209e-10 0.0226737 0.0579924
8.4431e-10 0.0214776 0.0571204
8.44411e-10 0.0207681 0.0550012
8.44512e-10 0.0209903 0.052355
8.44614e-10 0.0222898 0.0500746
8.44715e-10 0.0244496 0.0489228
8.44816e-10 0.0269507 0.0492737
8.44917e-10 0.0291381 0.0509881
8.45019e-10 0.0304408 0.0534616
8.4512e-10 0.0305715 0.0558317
8.45221e-10 0.0296362 0.0572703
8.45323e-10 0.0281125 0.0572637
8.45424e-10 0.0266991 0.0557836
8.45525e-10 0.0260849 0.0532942
8.45626e-10 0.0267115 0.050592
8.45728e-10 0.0286138 0.0485343
8.45829e-10 0.0313936 0.0477503
8.4593e-10 0.0343408 0.0484307
8.46031e-10 0.0366659 0.0502672
8.46133e-10 0.0377669 0.0525613
8.46234e-10 0.0374409 0.054463
8.46335e-10 0.0359654 0.0552582
8.46437e-10 0.0340187 0.0546074
8.46538e-10 0.0324605 0.0526549
8.46639e-10 0.0320445 0.0499752
8.4674e-10 0.0331586 0.047374
8.46842e-10 0.0356824 0.0456154
8.46943e-10 0.0390144 0.0451659
8.47044e-10 0.0422631 0.046043
8.47145e-10 0.0445414 0.0478156
8.47247e-10 0.0452679 0.0497556
8.47348e-10 0.044371 0.0510868
8.47449e-10 0.0423252 0.0512445
8.47551e-10 0.040003 0.0500617
8.47652e-10 0.0383887 0.0478166
8.47753e-10 0.0382478 0.0451323
8.47854e-10 0.0398638 0.0427619
8.47956e-10 0.0429326 0.0413343
8.48057e-10 0.0466529 0.0411479
8.48158e-10 0.0499871 0.0420777
8.48259e-10 0.0520058 0.0436266
8.48361e-10 0.0522028 0.0450994
8.48462e-10 0.0506715 0.045839
8.48563e-10 0.0480834 0.045444
8.48664e-10 0.0454707 0.0438963
8.48766e-10 0.043885 0.0415571
8.48867e-10 0.0440448 0.0390375
8.48968e-10 0.0460895 0.036989
8.4907e-10 0.049526 0.0358859
8.49171e-10 0.0533863 0.0358736
8.49272e-10 0.0565458 0.0367297
8.49373e-10 0.0580978 0.0379486
8.49475e-10 0.0576578 0.0389181
8.49576e-10 0.0554965 0.0391253
8.49677e-10 0.0524536 0.0383234
8.49778e-10 0.0496617 0.0366052
8.4988e-10 0.0481698 0.0343608
8.49981e-10 0.048594 0.0321393
8.50082e-10 0.0509094 0.0304615
8.50184e-10 0.0544568 0.0296492
8.50285e-10 0.0581596 0.0297265
8.50386e-10 0.0608806 0.0304225
8.50487e-10 0.0617998 0.0312723
8.50589e-10 0.0606862 0.031778
8.5069e-10 0.0579741 0.031574
8.50791e-10 0.0546176 0.0305427
8.50892e-10 0.0517734 0.028843
8.50994e-10 0.0504164 0.0268471
8.51095e-10 0.0510177 0.0250086
8.51196e-10 0.0533905 0.0237104
8.51298e-10 0.056756 0.0231415
8.51399e-10 0.0600044 0.0232439
8.515e-10 0.0620646 0.0237432
8.51601e-10 0.0622571 0.0242486
8.51703e-10 0.0605156 0.0243871
8.51804e-10 0.0574023 0.0239253
8.51905e-10 0.0539157 0.0228394
8.52006e-10 0.0511554 0.0213129
8.52108e-10 0.0499584 0.0196656
8.52209e-10 0.0506263 0.0182427
8.5231e-10 0.0528333 0.0172994
8.52411e-10 0.0557433 0.0169231
8.52513e-10 0.0582941 0.0170129
8.52614e-10 0.059551 0.017324
8.52715e-10 0.0590132 0.0175553
8.52817e-10 0.0567705 0.0174514
8.52918e-10 0.0534625 0.016884
8.53019e-10 0.0500559 0.0158865
8.5312e-10 0.0475196 0.0146333
8.53222e-10 0.0465048 0.0133751
8.53323e-10 0.0471383 0.0123515
8.53424e-10 0.0489931 0.0117143
8.53525e-10 0.0512438 0.0114826
8.53627e-10 0.0529491 0.0115456
8.53728e-10 0.0533658 0.0117071
8.53829e-10 0.0521889 0.011755
8.53931e-10 0.0496396 0.011532
8.54032e-10 0.0463767 0.0109829
8.54133e-10 0.0432661 0.010166
8.54234e-10 0.0410878 0.00922641
8.54336e-10 0.0402813 0.00834216
8.54437e-10 0.0408118 0.00766427
8.54538e-10 0.0421985 0.00726928
8.54639e-10 0.0436897 0.00713982
8.54741e-10 0.0445227 0.00717723
8.54842e-10 0.0441768 0.00723977
8.54943e-10 0.0425381 0.00719206
8.55045e-10 0.039921 0.00694859
8.55146e-10 0.0369473 0.00649763
8.55247e-10 0.0343266 0.00589914
8.55348e-10 0.0326167 0.00525948
8.5545e-10 0.0320442 0.00469304
8.55551e-10 0.0324435 0.00428444
8.55652e-10 0.0333306 0.00406354
8.55753e-10 0.0340793 0.00400042
8.55855e-10 0.0341384 0.00402018
8.55956e-10 0.0332141 0.00403109
8.56057e-10 0.031356 0.00395572
8.56158e-10 0.0289249 0.00375458
8.5626e-10 0.0264556 0.0034353
8.56361e-10 0.0244682 0.00304574
8.56462e-10 0.0232927 0.00265466
8.56564e-10 0.0229678 0.00232756
8.56665e-10 0.023243 0.00210587
8.56766e-10 0.0236796 0.00199602
8.56867e-10 0.023811 0.00197081
8.56969e-10 0.0233041 0.00198152
8.5707e-10 0.0220666 0.00197562
8.57171e-10 0.0202659 0.00191385
8.57272e-10 0.0182573 0.00178115
8.57374e-10 0.0164515 0.00158871
8.57475e-10 0.0151697 0.00136742
8.57576e-10 0.0145371 0.00115578
8.57678e-10 0.0144517 0.000986839
8.57779e-10 0.0146323 0.000878411
8.5788e-10 0.0147282 0.000829279
8.57981e-10 0.0144464 0.000821853
8.58083e-10 0.0136516 0.000829616
8.58184e-10 0.0124059 0.000826381
8.58285e-10 0.0109354 0.000794213
8.58386e-10 0.00954111 0.000727723
8.58488e-10 0.00848725 0.000633906
8.58589e-10 0.00790919 0.000528223
8.5869e-10 0.00777204 0.00042869
8.58791e-10 0.00789289 0.000350097
8.58893e-10 0.0080155 0.000300099
8.58994e-10 0.0079078 0.000278047
8.59095e-10 0.00744592 0.000276457
8.59197e-10 0.00665452 0.000284208
8.59298e-10 0.00569069 0.00029022
8.59399e-10 0.00477955 0.000286442
8.595e-10 0.0041274 0.000269438
8.59602e-10 0.00384518 0.000240401
8.59703e-10 0.00391065 0.000203942
8.59804e-10 0.00418176 0.000166263
8.59905e-10 0.00445496 0.00013334
8.60007e-10 0.00454507 0.000109592
8.60108e-10 0.00435619 9.72263e-05
8.60209e-10 0.00391705 9.62044e-05
8.60311e-10 0.00336792 0.000104649
8.60412e-10 0.00290489 0.000119454
8.60513e-10 0.0027031 0.000136927
8.60614e-10 0.00284829 0.000153389
8.60716e-10 0.00330282 0.000165717
8.60817e-10 0.00391918 0.000171829
8.60918e-10 0.00449597 0.000171108
8.61019e-10 0.00485538 0.000164673
8.61121e-10 0.00491306 0.000155389
8.61222e-10 0.0047135 0.000147511
8.61323e-10 0.00441699 0.000145912
8.61425e-10 0.00424199 0.000154992
8.61526e-10 0.00438358 0.000177462
8.61627e-10 0.0049379 0.000213337
8.61728e-10 0.00586112 0.000259481
8.6183e-10 0.00697921 0.000309963
8.61931e-10 0.00804666 0.00035731
8.62032e-10 0.00883408 0.000394453
8.62133e-10 0.00921361 0.000416922
8.62235e-10 0.00921079 0.000424646
8.62336e-10 0.00900277 0.000422721
8.62437e-10 0.00886161 0.000420699
8.62538e-10 0.00906075 0.000430355
8.6264e-10 0.00977697 0.000462373
8.62741e-10 0.0110224 0.000522829
8.62842e-10 0.0126318 0.000610608
8.62944e-10 0.0143121 0.000716732
8.63045e-10 0.0157384 0.000826155
8.63146e-10 0.016665 0.000921808
8.63247e-10 0.0170142 0.000989912
8.63349e-10 0.0169093 0.00102496
8.6345e-10 0.0166414 0.00103266
8.63551e-10 0.0165759 0.00102958
8.63652e-10 0.0170319 0.00103912
8.63754e-10 0.0181717 0.0010847
8.63855e-10 0.0199408 0.00118211
8.63956e-10 0.0220771 0.00133341
8.64058e-10 0.0241918 0.00152474
8.64159e-10 0.0258936 0.00172912
8.6426e-10 0.0269178 0.00191397
8.64361e-10 0.0272172 0.00205129
8.64463e-10 0.0269834 0.00212745
8.64564e-10 0.0265903 0.00214914
8.64665e-10 0.0264761 0.00214323
8.64766e-10 0.0270025 0.00214993
8.64868e-10 0.0283348 0.00221074
8.64969e-10 0.0303844 0.00235506
8.6507e-10 0.0328315 0.00258942
8.65172e-10 0.0352237 0.00289342
8.65273e-10 0.0371181 0.00322419
8.65374e-10 0.0382232 0.00352858
8.65475e-10 0.0384929 0.00375978
8.65577e-10 0.038145 0.00389306
8.65678e-10 0.037594 0.00393549
8.65779e-10 0.0373223 0.00392595
8.6588e-10 0.0377277 0.00392474
8.65982e-10 0.0389981 0.00399554
8.66083e-10 0.0410502 0.00418497
8.66184e-10 0.0435548 0.00450653
8.66285e-10 0.0460383 0.00493415
8.66387e-10 0.0480304 0.00540829
8.66488e-10 0.0492097 0.00585305
8.66589e-10 0.0495036 0.00619966
8.66691e-10 0.0491093 0.0064088
8.66792e-10 0.048432 0.00648469
8.66893e-10 0.0479581 0.00647591
8.66994e-10 0.0481053 0.00646203
8.67096e-10 0.0490942 0.00652983
8.67197e-10 0.0508832 0.00674606
8.67298e-10 0.0531836 0.0071355
8.67399e-10 0.0555512 0.00767143
8.67501e-10 0.0575235 0.00828199
8.67602e-10 0.0587604 0.00887104
8.67703e-10 0.0591445 0.0093474
8.67805e-10 0.0588125 0.00965352
8.67906e-10 0.0581083 0.00978447
8.68007e-10 0.0574744 0.00979108
8.68108e-10 0.0573174 0.0097657
8.6821e-10 0.0578863 0.00981467
8.68311e-10 0.0592034 0.0100258
8.68412e-10 0.0610638 0.0104407
8.68513e-10 0.0631041 0.0110411
8.68615e-10 0.0649146 0.0117528
8.68716e-10 0.0661623 0.0124677
8.68817e-10 0.0666855 0.0130759
8.68919e-10 0.0665345 0.0134992
8.6902e-10 0.065948 0.0137153
8.69121e-10 0.0652751 0.0137655
8.69222e-10 0.064869 0.0137425
8.69324e-10 0.064985 0.0137634
8.69425e-10 0.0657119 0.0139342
8.69526e-10 0.0669557 0.0143182
8.69627e-10 0.0684768 0.0149163
8.69729e-10 0.069966 0.0156671
8.6983e-10 0.0711366 0.0164641
8.69931e-10 0.0718024 0.0171876
8.70032e-10 0.0719232 0.0177402
8.70134e-10 0.0716054 0.0180751
8.70235e-10 0.0710621 0.0182098
8.70336e-10 0.0705475 0.0182209
8.70438e-10 0.070285 0.0182216
8.70539e-10 0.070411 0.0183278
8.7064e-10 0.0709464 0.0186252
8.70741e-10 0.0718017 0.0191443
8.70843e-10 0.0728098 0.0198522
8.70944e-10 0.0737754 0.0206627
8.71045e-10 0.0745255 0.0214611
8.71146e-10 0.0749484 0.0221377
8.71248e-10 0.0750148 0.0226184
8.71349e-10 0.0747758 0.0228849
8.7145e-10 0.0743446 0.0229796
8.71552e-10 0.0738669 0.0229922
8.71653e-10 0.0734876 0.0230343
8.71754e-10 0.073322 0.0232079
8.71855e-10 0.0734335 0.0235778
8.71957e-10 0.0738236 0.0241539
8.72058e-10 0.0744313 0.0248897
8.72159e-10 0.0751447 0.0256958
8.7226e-10 0.075822 0.0264644
8.72362e-10 0.0763194 0.0270989
8.72463e-10 0.076523 0.0275394
8.72564e-10 0.0763769 0.0277778
8.72665e-10 0.0759028 0.0278597
8.72767e-10 0.075203 0.0278717
8.72868e-10 0.0744434 0.0279179
8.72969e-10 0.0738181 0.0280931
8.73071e-10 0.0735014 0.0284577
8.73172e-10 0.0735979 0.0290223
8.73273e-10 0.0741071 0.0297447
8.73374e-10 0.074912 0.0305408
8.73476e-10 0.0758002 0.031306
8.73577e-10 0.0765146 0.031942
8.73678e-10 0.0768229 0.0323817
8.73779e-10 0.0765868 0.032608
8.73881e-10 0.0758104 0.0326583
8.73982e-10 0.0746514 0.0326165
8.74083e-10 0.0733877 0.0325923
8.74185e-10 0.0723455 0.0326936
8.74286e-10 0.0718075 0.0329979
8.74387e-10 0.0719262 0.0335312
8.74488e-10 0.0726698 0.0342586
8.7459e-10 0.0738198 0.0350916
8.74691e-10 0.0750228 0.0359089
8.74792e-10 0.0758873 0.0365874
8.74893e-10 0.0760971 0.0370352
8.74995e-10 0.07551 0.0372179
8.75096e-10 0.0742096 0.0371709
8.75197e-10 0.0724924 0.0369935
8.75299e-10 0.0707916 0.0368246
8.754e-10 0.0695549 0.0368071
8.75501e-10 0.0691121 0.0370484
8.75602e-10 0.0695723 0.0375886
8.75704e-10 0.070781 0.0383858
8.75805e-10 0.0723546 0.0393235
8.75906e-10 0.0737851 0.0402389
8.76007e-10 0.0745853 0.0409661
8.76109e-10 0.0744349 0.0413829
8.7621e-10 0.0732815 0.0414478
8.76311e-10 0.0713663 0.0412155
8.76412e-10 0.0691632 0.0408269
8.76514e-10 0.067246 0.0404734
8.76615e-10 0.0661222 0.0403447
8.76716e-10 0.0660804 0.0405749
8.76818e-10 0.067098 0.041201
8.76919e-10 0.0688386 0.0421479
8.7702e-10 0.0707423 0.0432441
8.77121e-10 0.072185 0.0442665
8.77223e-10 0.0726609 0.045002
8.77324e-10 0.0719354 0.0453094
8.77425e-10 0.070121 0.0451633
8.77526e-10 0.0676531 0.0446663
8.77628e-10 0.0651694 0.0440258
8.77729e-10 0.0633265 0.043498
8.7783e-10 0.0626072 0.0433166
8.77932e-10 0.0631746 0.043624
8.78033e-10 0.064817 0.0444264
8.78134e-10 0.067003 0.0455868
8.78235e-10 0.069031 0.0468585
8.78337e-10 0.070232 0.0479522
8.78438e-10 0.070167 0.0486184
8.78539e-10 0.0687595 0.0487204
8.7864e-10 0.0663248 0.0482788
8.78742e-10 0.0634837 0.0474707
8.78843e-10 0.0609862 0.0465844
8.78944e-10 0.0594937 0.0459398
8.79046e-10 0.0593841 0.0457973
8.79147e-10 0.0606376 0.0462797
8.79248e-10 0.0628362 0.047333
8.79349e-10 0.0652809 0.0487357
8.79451e-10 0.0671914 0.0501573
8.79552e-10 0.0679334 0.0512509
8.79653e-10 0.0672046 0.0517526
8.79754e-10 0.0651275 0.0515602
8.79856e-10 0.0622182 0.050768
8.79957e-10 0.0592405 0.0496449
8.80058e-10 0.0569871 0.0485622
8.80159e-10 0.0560486 0.0478891
8.80261e-10 0.0566406 0.0478863
8.80362e-10 0.0585371 0.0486278
8.80463e-10 0.0611324 0.0499743
8.80565e-10 0.063613 0.0516081
8.80666e-10 0.0651918 0.0531198
8.80767e-10 0.0653363 0.0541238
8.80868e-10 0.0639251 0.0543699
8.8097e-10 0.0612856 0.053819
8.81071e-10 0.0581028 0.0526591
8.81172e-10 0.055224 0.0512568
8.81273e-10 0.0534149 0.0500563
8.81375e-10 0.0531383 0.0494531
8.81476e-10 0.0544184 0.0496799
8.81577e-10 0.0568319 0.0507357
8.81679e-10 0.0596267 0.0523812
8.8178e-10 0.0619378 0.0542021
8.81881e-10 0.0630348 0.0557248
8.81982e-10 0.0625332 0.05655
8.82084e-10 0.0605064 0.0564695
8.82185e-10 0.0574665 0.0555289
8.82286e-10 0.0542186 0.0540202
8.82387e-10 0.0516317 0.0524026
8.82489e-10 0.0503887 0.0511746
8.8259e-10 0.0507906 0.0507323
8.82691e-10 0.0526692 0.0512542
8.82793e-10 0.0554334 0.0526466
8.82894e-10 0.0582378 0.054565
8.82995e-10 0.0602236 0.0565086
8.83096e-10 0.0607643 0.0579599
8.83198e-10 0.0596447 0.0585322
8.83299e-10 0.0571237 0.0580819
8.834e-10 0.0538606 0.0567531
8.83501e-10 0.0507282 0.0549416
8.83603e-10 0.0485637 0.053186
8.83704e-10 0.0479306 0.0520172
8.83805e-10 0.048958 0.051807
8.83906e-10 0.0513033 0.0526603
8.84008e-10 0.0542496 0.0543815
8.84109e-10 0.0569092 0.0565255
8.8421e-10 0.058476 0.0585204
8.84312e-10 0.0584538 0.0598279
8.84413e-10 0.0567976 0.0600961
8.84514e-10 0.0539261 0.0592618
8.84615e-10 0.0506025 0.0575723
8.84717e-10 0.0477188 0.0555194
8.84818e-10 0.0460426 0.0537036
8.84919e-10 0.0460003 0.0526657
8.8502e-10 0.0475567 0.0527335
8.85122e-10 0.0502258 0.0539264
8.85223e-10 0.0532082 0.0559465
8.85324e-10 0.0556174 0.0582584
8.85426e-10 0.0567301 0.0602381
8.85527e-10 0.0561898 0.061347
8.85628e-10 0.0541064 0.0612851
8.85729e-10 0.0510249 0.0600778
8.85831e-10 0.0477707 0.0580723
8.85932e-10 0.0452169 0.0558437
8.86033e-10 0.0440389 0.0540355
8.86134e-10 0.0445248 0.0531796
8.86236e-10 0.0464956 0.0535459
8.86337e-10 0.0493564 0.055064
8.86438e-10 0.0522647 0.0573396
8.8654e-10 0.0543671 0.0597617
8.86641e-10 0.0550385 0.0616721
8.86742e-10 0.0540563 0.062549
8.86843e-10 0.0516619 0.0621545
8.86945e-10 0.0484914 0.0606034
8.87046e-10 0.0453966 0.0583348
8.87147e-10 0.0432062 0.0559915
8.87248e-10 0.0424947 0.0542428
8.8735e-10 0.0434226 0.0535974
8.87451e-10 0.0456933 0.0542605
8.87552e-10 0.0486375 0.0560736
8.87653e-10 0.0514007 0.0585565
8.87755e-10 0.0531825 0.061038
8.87856e-10 0.0534584 0.0628418
8.87957e-10 0.0521253 0.0634742
8.88059e-10 0.0495279 0.0627636
8.8816e-10 0.0463615 0.0609097
8.88261e-10 0.0434772 0.0584312
8.88362e-10 0.0416452 0.0560239
8.88464e-10 0.0413415 0.0543683
8.88565e-10 0.0426172 0.0539411
8.88666e-10 0.0450861 0.0548815
8.88767e-10 0.0480339 0.0569502
8.88869e-10 0.0506171 0.0595937
8.8897e-10 0.0520969 0.0620952
8.89071e-10 0.0520432 0.0637726
8.89173e-10 0.0504515 0.0641669
8.89274e-10 0.0477426 0.0631707
8.89375e-10 0.0446441 0.0610602
8.89476e-10 0.0419881 0.0584205
8.89578e-10 0.0404819 0.0559861
8.89679e-10 0.0405131 0.0544389
8.8978e-10 0.0420451 0.0542198
8.89881e-10 0.0446289 0.0554058
8.89983e-10 0.0475289 0.057687
8.90084e-10 0.0499265 0.06045
8.90185e-10 0.0511454 0.0629454
8.90286e-10 0.0508366 0.0644933
8.90388e-10 0.0490722 0.0646707
8.90489e-10 0.0463236 0.0634289
8.9059e-10 0.0433299 0.0611088
8.90692e-10 0.0408942 0.0583486
8.90793e-10 0.0396633 0.0559101
8.90894e-10 0.0399519 0.0544702
8.90995e-10 0.0416579 0.0544348
8.91097e-10 0.044293 0.0558266
8.91198e-10 0.0471182 0.0582771
8.91299e-10 0.0493467 0.0611264
8.914e-10 0.0503592 0.0636025
8.91502e-10 0.0498712 0.0650321
8.91603e-10 0.0480092 0.0650255
8.91704e-10 0.0452734 0.0635833
8.91806e-10 0.0423996 0.0610985
8.91907e-10 0.0401578 0.0582495
8.92008e-10 0.0391425 0.0558166
8.92109e-10 0.0396122 0.0544692
8.92211e-10 0.0414214 0.0545828
8.92312e-10 0.0440624 0.0561359
8.92413e-10 0.046805 0.0587149
8.92514e-10 0.0488959 0.0616253
8.92616e-10 0.0497627 0.0640804
8.92717e-10 0.0491682 0.0654145
8.92818e-10 0.0472719 0.0652648
8.9292e-10 0.0445851 0.0636701
8.93021e-10 0.0418302 0.0610619
8.93122e-10 0.0397445 0.0581474
8.93223e-10 0.0388811 0.0557188
8.93325e-10 0.0394606 0.0544384
8.93426e-10 0.0413138 0.0546586
8.93527e-10 0.0439299 0.0563262
8.93628e-10 0.0465957 0.0589957
8.9373e-10 0.0485889 0.0619493
8.93831e-10 0.0493727 0.0643909
8.93932e-10 0.0487388 0.0656606
8.94033e-10 0.0468611 0.0654142
8.94135e-10 0.0442471 0.063716
8.94236e-10 0.0415994 0.0610222
8.94337e-10 0.0396262 0.0580585
8.94439e-10 0.0388513 0.0556243
8.9454e-10 0.0394751 0.0543776
8.94641e-10 0.0413228 0.0546572
8.94742e-10 0.0438936 0.0563911
8.94844e-10 0.0464964 0.0591157
8.94945e-10 0.0484358 0.0620999
8.95046e-10 0.0491978 0.0645418
8.95147e-10 0.048586 0.0657841
8.95249e-10 0.0467716 0.0654909
8.9535e-10 0.0442463 0.0637384
8.95451e-10 0.0416886 0.0609943
8.95553e-10 0.0397826 0.0579927
8.95654e-10 0.0390354 0.0555375
8.95755e-10 0.0396438 0.0542863
8.95856e-10 0.0414433 0.0545747
8.95958e-10 0.0439545 0.056326
8.96059e-10 0.0465117 0.0590717
8.9616e-10 0.0484412 0.0620768
8.96261e-10 0.0492395 0.0645364
8.96363e-10 0.048706 0.0657911
8.96464e-10 0.0469944 0.0655029
8.96565e-10 0.0445698 0.0637457
8.96667e-10 0.0420839 0.0609853
8.96768e-10 0.0402016 0.0579553
8.96869e-10 0.0394254 0.0554609
8.9697e-10 0.0399633 0.0541647
8.97072e-10 0.041676 0.0544098
8.97173e-10 0.0441151 0.0561285
8.97274e-10 0.0466434 0.058861
8.97375e-10 0.0486038 0.0618774
8.97477e-10 0.0494923 0.0643728
8.97578e-10 0.0490897 0.0656804
8.97679e-10 0.0475181 0.0654494
8.9778e-10 0.0452065 0.0637376
8.97882e-10 0.0427767 0.0609956
8.97983e-10 0.0408792 0.057947
8.98084e-10 0.0400218 0.0553961
8.98186e-10 0.0404378 0.0540145
8.98287e-10 0.042026 0.0541635
8.98388e-10 0.0443787 0.0557985
8.98489e-10 0.0468905 0.0584814
8.98591e-10 0.0489172 0.0614974
8.98692e-10 0.0499447 0.0640437
8.98793e-10 0.0497227 0.0654429
8.98894e-10 0.0483286 0.0653207
8.98996e-10 0.046146 0.0637054
8.99097e-10 0.043763 0.0610189
8.99198e-10 0.0418181 0.0579651
8.993e-10 0.040833 0.0553437
8.99401e-10 0.0410782 0.053839
8.99502e-10 0.0425028 0.0538402
8.99603e-10 0.0447498 0.0553389
8.99705e-10 0.0472498 0.0579324
8.99806e-10 0.0493702 0.0609306
8.99907e-10 0.0505797 0.0635379
9.00008e-10 0.0505857 0.0650627
9.0011e-10 0.0494092 0.0650989
9.00211e-10 0.0473783 0.0636319
9.00312e-10 0.0450419 0.0610418
9.00414e-10 0.0430265 0.0580021
9.00515e-10 0.041874 0.0553029
9.00616e-10 0.0419015 0.0536429
9.00717e-10 0.0431204 0.0534472
9.00819e-10 0.0452344 0.054756
9.0092e-10 0.0477169 0.0572153
9.01021e-10 0.0499481 0.0601712
9.01122e-10 0.0513751 0.0628407
9.01224e-10 0.0516543 0.064518
9.01325e-10 0.0507391 0.0647579
9.01426e-10 0.0488916 0.0634917
9.01527e-10 0.0466133 0.0610436
9.01629e-10 0.0445164 0.0580456
9.0173e-10 0.043165 0.0552706
9.01831e-10 0.0429308 0.0534315
9.01933e-10 0.0438978 0.0529946
9.02034e-10 0.0458416 0.0540597
9.02135e-10 0.0482877 0.0563349
9.02236e-10 0.0506336 0.0592143
9.02338e-10 0.052304 0.0619364
9.02439e-10 0.0528982 0.063783
9.0254e-10 0.0522921 0.0642655
9.02641e-10 0.0506698 0.0632511
9.02743e-10 0.0484758 0.0609957
9.02844e-10 0.0463006 0.0580764
9.02945e-10 0.0447299 0.05524
9.03047e-10 0.0441942 0.0532091
9.03148e-10 0.0448596 0.0524945
9.03249e-10 0.0465855 0.053264
9.0335e-10 0.0489607 0.0553003
9.03452e-10 0.051409 0.0580589
9.03553e-10 0.0533361 0.0608103
9.03654e-10 0.0542812 0.0628297
9.03755e-10 0.0540345 0.0635841
9.03857e-10 0.0526901 0.0628692
9.03958e-10 0.0506224 0.0608609
9.04059e-10 0.04839 0.0580676
9.0416e-10 0.0465938 0.0551981
9.04262e-10 0.0457244 0.0529773
9.04363e-10 0.0460369 0.0519595
9.04464e-10 0.0474864 0.0523862
9.04566e-10 0.0497394 0.0541258
9.04667e-10 0.0522585 0.056709
9.04768e-10 0.0544387 0.0594516
9.04869e-10 0.0557609 0.0616312
9.04971e-10 0.0559236 0.0626736
9.05072e-10 0.0549194 0.0622992
9.05173e-10 0.0530371 0.0605936
9.05274e-10 0.0507887 0.0579832
9.05376e-10 0.0487797 0.0551241
9.05477e-10 0.0475562 0.0527325
9.05578e-10 0.0474664 0.0514008
9.0568e-10 0.0485726 0.0514463
9.05781e-10 0.0506347 0.0528316
9.05882e-10 0.0531712 0.0551763
9.05983e-10 0.0555799 0.0578562
9.06085e-10 0.0572902 0.060165
9.06186e-10 0.0579072 0.0614945
9.06287e-10 0.0573117 0.0614906
9.06388e-10 0.0556905 0.060141
9.0649e-10 0.0534898 0.0577771
9.06591e-10 0.0513035 0.0549868
9.06692e-10 0.0497233 0.0524627
9.06794e-10 0.0491898 0.0508253
9.06895e-10 0.0498813 0.0504645
9.06996e-10 0.0516681 0.0514427
9.07097e-10 0.0541448 0.0534803
9.07199e-10 0.0567316 0.05603
9.073e-10 0.0588195 0.058417
9.07401e-10 0.0599239 0.0600125
9.07502e-10 0.0598063 0.0603926
9.07604e-10 0.0585351 0.0594448
9.07705e-10 0.0564691 0.057394
9.07806e-10 0.0541681 0.0547437
9.07907e-10 0.052253 0.0521451
9.08009e-10 0.0512497 0.0502318
9.0811e-10 0.0514576 0.0494584
9.08211e-10 0.0528729 0.0499873
9.08313e-10 0.0551896 0.0516495
9.08414e-10 0.0578745 0.0539901
9.08515e-10 0.060301 0.0563855
9.08616e-10 0.061905 0.0582027
9.08718e-10 0.062327 0.0589595
9.08819e-10 0.0615026 0.0584451
9.0892e-10 0.0596794 0.056771
9.09021e-10 0.0573562 0.0543403
9.09123e-10 0.0551589 0.0517436
9.09224e-10 0.0536845 0.049608
9.09325e-10 0.0533516 0.048439
9.09427e-10 0.0542949 0.0484938
9.09528e-10 0.0563312 0.0497191
9.09629e-10 0.0590035 0.0517665
9.0973e-10 0.0616944 0.0540836
9.09832e-10 0.0637798 0.0560547
9.09933e-10 0.0647847 0.0571557
9.10034e-10 0.064502 0.0570861
9.10135e-10 0.0630453 0.0558413
9.10237e-10 0.060822 0.053712
9.10338e-10 0.0584319 0.0512076
9.10439e-10 0.0565194 0.0489267
9.10541e-10 0.0556121 0.047406
9.10642e-10 0.0559897 0.0469859
9.10743e-10 0.057613 0.0477277
9.10844e-10 0.0601324 0.0494004
9.10946e-10 0.0629743 0.0515419
9.11047e-10 0.0654828 0.0535771
9.11148e-10 0.0670822 0.0549625
9.11249e-10 0.0674214 0.0553224
9.11351e-10 0.0664608 0.0545408
9.11452e-10 0.0644845 0.0527878
9.11553e-10 0.0620298 0.0504737
9.11654e-10 0.0597552 0.0481446
9.11756e-10 0.058277 0.0463439
9.11857e-10 0.0580163 0.0454772
9.11958e-10 0.0590936 0.0457125
9.1206e-10 0.0612978 0.046941
9.12161e-10 0.0641379 0.0488071
9.12262e-10 0.0669631 0.0508002
9.12363e-10 0.0691241 0.0523833
9.12465e-10 0.0701342 0.0531272
9.12566e-10 0.0697898 0.0528157
9.12667e-10 0.0682225 0.0514972
9.12768e-10 0.0658671 0.0494693
9.1287e-10 0.0633551 0.047202
9.12971e-10 0.0613588 0.0452187
9.13072e-10 0.0604254 0.0439658
9.13174e-10 0.060841 0.0437026
9.13275e-10 0.062559 0.0444395
9.13376e-10 0.0652107 0.0459386
9.13477e-10 0.0681955 0.0477757
9.13579e-10 0.0708287 0.0494478
9.1368e-10 0.0725103 0.0504987
9.13781e-10 0.0728732 0.0506313
9.13882e-10 0.0718749 0.0497793
9.13984e-10 0.0698086 0.04812
9.14085e-10 0.0672316 0.0460277
9.14186e-10 0.0648286 0.0439782
9.14288e-10 0.0632434 0.0424301
9.14389e-10 0.0629195 0.0417117
9.1449e-10 0.0639911 0.0419416
9.14591e-10 0.0662485 0.0430025
9.14693e-10 0.0691897 0.0445736
9.14794e-10 0.072143 0.0462126
9.14895e-10 0.074432 0.0474659
9.14996e-10 0.0755423 0.0479815
9.15098e-10 0.075248 0.0475933
9.15199e-10 0.0736679 0.0463597
9.153e-10 0.0712368 0.0445458
9.15401e-10 0.0685994 0.0425551
9.15503e-10 0.0664517 0.040828
9.15604e-10 0.0653706 0.0397334
9.15705e-10 0.0656718 0.0394788
9.15807e-10 0.0673321 0.0400618
9.15908e-10 0.0699945 0.0412746
9.16009e-10 0.0730557 0.0427574
9.1611e-10 0.0758137 0.0440898
9.16212e-10 0.0776396 0.0448944
9.16313e-10 0.0781322 0.0449289
9.16414e-10 0.077216 0.044143
9.16515e-10 0.0751602 0.0426879
9.16617e-10 0.0725126 0.0408755
9.16718e-10 0.069966 0.0390997
9.16819e-10 0.068188 0.0377384
9.16921e-10 0.0676586 0.0370616
9.17022e-10 0.0685517 0.0371671
9.17123e-10 0.0706938 0.0379597
9.17224e-10 0.0736056 0.0391775
9.17326e-10 0.0766195 0.0404595
9.17427e-10 0.0790429 0.0414349
9.17528e-10 0.0803271 0.0418138
9.17629e-10 0.0802012 0.0414568
9.17731e-10 0.078738 0.040406
9.17832e-10 0.0763355 0.0388712
9.17933e-10 0.0736201 0.0371762
9.18034e-10 0.071293 0.0356773
9.18136e-10 0.0699595 0.0346762
9.18237e-10 0.0699815 0.0343474
9.18338e-10 0.0713899 0.0346985
9.1844e-10 0.0738778 0.0355713
9.18541e-10 0.0768754 0.0366837
9.18642e-10 0.0796897 0.0377007
9.18743e-10 0.0816731 0.0383166
9.18845e-10 0.0823805 0.038329
9.18946e-10 0.0816775 0.0376858
9.19047e-10 0.0797718 0.0364944
9.19148e-10 0.0771616 0.034993
9.1925e-10 0.0745143 0.0334897
9.19351e-10 0.0725034 0.0322863
9.19452e-10 0.0716451 0.0316057
9.19554e-10 0.0721738 0.031539
9.19655e-10 0.0739862 0.0320269
9.19756e-10 0.0766674 0.0328767
9.19857e-10 0.0795931 0.0338121
9.19959e-10 0.0820812 0.0345422
9.2006e-10 0.083558 0.0348315
9.20161e-10 0.0836956 0.0345563
9.20262e-10 0.0824913 0.0337317
9.20364e-10 0.0802656 0.032505
9.20465e-10 0.0775837 0.0311172
9.20566e-10 0.0751172 0.0298423
9.20668e-10 0.0734813 0.0289207
9.20769e-10 0.0730862 0.0285019
9.2087e-10 0.0740395 0.0286105
9.20971e-10 0.0761215 0.0291433
9.21073e-10 0.0788406 0.0298971
9.21174e-10 0.0815537 0.0306204
9.21275e-10 0.0836219 0.0310746
9.21376e-10 0.0845652 0.031092
9.21478e-10 0.0841767 0.0306138
9.21579e-10 0.082571 0.0297017
9.2168e-10 0.0801536 0.0285204
9.21781e-10 0.0775217 0.0272951
9.21883e-10 0.0753184 0.0262555
9.21984e-10 0.0740776 0.0255813
9.22085e-10 0.0740961 0.0253593
9.22187e-10 0.0753647 0.0255656
9.22288e-10 0.0775721 0.0260741
9.22389e-10 0.080183 0.0266891
9.2249e-10 0.0825688 0.0271948
9.22592e-10 0.0841592 0.0274071
9.22693e-10 0.0845789 0.0272174
9.22794e-10 0.0837361 0.0266163
9.22895e-10 0.0818416 0.0256934
9.22997e-10 0.0793552 0.0246128
9.23098e-10 0.0768727 0.0235721
9.23199e-10 0.0749818 0.022754
9.23301e-10 0.0741206 0.0222825
9.23402e-10 0.0744745 0.0221954
9.23503e-10 0.0759342 0.0224373
9.23604e-10 0.0781256 0.0228759
9.23706e-10 0.0805018 0.0233355
9.23807e-10 0.082477 0.0236405
9.23908e-10 0.0835668 0.0236577
9.24009e-10 0.083503 0.0233266
9.24111e-10 0.0822956 0.0226719
9.24212e-10 0.0802265 0.0217949
9.24313e-10 0.0777787 0.0208474
9.24415e-10 0.0755181 0.0199934
9.24516e-10 0.0739568 0.0193698
9.24617e-10 0.0734314 0.0190546
9.24718e-10 0.0740247 0.0190496
9.2482e-10 0.0755496 0.019283
9.24921e-10 0.0775976 0.0196282
9.25022e-10 0.0796395 0.0199362
9.25123e-10 0.0811539 0.0200718
9.25225e-10 0.0817515 0.0199453
9.25326e-10 0.0812662 0.0195328
9.25427e-10 0.0797914 0.0188792
9.25528e-10 0.0776538 0.0180862
9.2563e-10 0.0753314 0.0172852
9.25731e-10 0.073337 0.0166058
9.25832e-10 0.0720951 0.0161445
9.25934e-10 0.0718423 0.0159428
9.26035e-10 0.0725735 0.0159794
9.26136e-10 0.0740473 0.0161772
9.26237e-10 0.0758479 0.0164235
9.26339e-10 0.0774872 0.0165982
9.2644e-10 0.0785226 0.0166028
9.26541e-10 0.0786617 0.0163826
9.26642e-10 0.0778297 0.0159389
9.26744e-10 0.0761829 0.0153265
9.26845e-10 0.0740674 0.0146386
9.26946e-10 0.0719327 0.0139835
9.27048e-10 0.0702227 0.0134584
9.27149e-10 0.0692698 0.0131263
9.2725e-10 0.0692177 0.0130025
9.27351e-10 0.069991 0.0130528
9.27453e-10 0.0713171 0.0132029
9.27554e-10 0.0727957 0.0133581
9.27655e-10 0.0739968 0.0134261
9.27756e-10 0.0745635 0.0133393
9.27858e-10 0.0742963 0.0130697
9.27959e-10 0.0731969 0.012634
9.2806e-10 0.0714638 0.0120884
9.28162e-10 0.0694409 0.0115135
9.28263e-10 0.0675319 0.0109941
9.28364e-10 0.066103 0.0105992
9.28465e-10 0.0653961 0.0103663
9.28567e-10 0.0654739 0.0102931
9.28668e-10 0.0662086 0.0103403
9.28769e-10 0.0673172 0.0104419
9.2887e-10 0.0684322 0.0105219
9.28972e-10 0.0691912 0.010513
9.29073e-10 0.0693239 0.0103719
9.29174e-10 0.0687142 0.010089
9.29275e-10 0.0674244 0.00968905
9.29377e-10 0.0656764 0.00922406
9.29478e-10 0.0637948 0.00875994
9.29579e-10 0.0621271 0.00836029
9.29681e-10 0.0609596 0.0080714
9.29782e-10 0.0604508 0.00791201
9.29883e-10 0.0605964 0.00786999
9.29984e-10 0.0612341 0.00790645
9.30086e-10 0.0620863 0.00796602
9.30187e-10 0.0628292 0.0079907
9.30288e-10 0.0631717 0.0079336
9.30389e-10 0.0629244 0.00776966
9.30491e-10 0.0620422 0.00750064
9.30592e-10 0.0606322 0.00715359
9.30693e-10 0.0589238 0.00677338
9.30795e-10 0.0572112 0.0064114
9.30896e-10 0.0557814 0.0061131
9.30997e-10 0.054845 0.00590754
9.31098e-10 0.054488 0.00580121
9.312e-10 0.0546541 0.0057775
9.31301e-10 0.0551614 0.00580158
9.31402e-10 0.0557494 0.00582945
9.31503e-10 0.0561431 0.00581868
9.31605e-10 0.0561198 0.00573835
9.31706e-10 0.0555612 0.00557583
9.31807e-10 0.0544791 0.00533894
9.31908e-10 0.0530102 0.00505319
9.3201e-10 0.0513799 0.00475498
9.32111e-10 0.049846 0.00448256
9.32212e-10 0.0486366 0.00426694
9.32314e-10 0.0478953 0.00412494
9.32415e-10 0.0476492 0.0040559
9.32516e-10 0.0478048 0.00404263
9.32617e-10 0.0481731 0.00405625
9.32719e-10 0.0485176 0.00406345
9.3282e-10 0.0486118 0.00403457
9.32921e-10 0.0482936 0.00395036
9.33022e-10 0.0475029 0.00380593
9.33124e-10 0.0462939 0.00361127
9.33225e-10 0.0448194 0.00338815
9.33326e-10 0.0432924 0.00316444
9.33428e-10 0.0419335 0.0029673
9.33529e-10 0.0409178 0.00281689
9.3363e-10 0.0403341 0.00272198
9.33731e-10 0.0401654 0.00267851
9.33833e-10 0.0402949 0.00267116
9.33934e-10 0.0405365 0.00267755
9.34035e-10 0.0406806 0.00267374
9.34136e-10 0.0405446 0.00263995
9.34238e-10 0.0400165 0.00256489
9.34339e-10 0.0390799 0.00244794
9.3444e-10 0.0378163 0.00229872
9.34542e-10 0.0363836 0.00213429
9.34643e-10 0.0349769 0.00197475
9.34744e-10 0.0337817 0.00183846
9.34845e-10 0.0329294 0.00173782
9.34947e-10 0.0324675 0.00167679
9.35048e-10 0.0323498 0.0016504
9.35149e-10 0.0324495 0.00164645
9.3525e-10 0.0325906 0.00164874
9.35352e-10 0.032591 0.00164102
9.35453e-10 0.0323054 0.00161076
9.35554e-10 0.0316595 0.00155181
9.35655e-10 0.0306658 0.00146539
9.35757e-10 0.0294191 0.00135939
9.35858e-10 0.0280727 0.00124609
9.35959e-10 0.0268008 0.00113907
9.36061e-10 0.0257571 0.00105
9.36162e-10 0.0250395 0.000986073
9.36263e-10 0.024668 0.000948655
9.36364e-10 0.0245815 0.000933335
9.36466e-10 0.0246545 0.000931331
9.36567e-10 0.0247271 0.00093179
9.36668e-10 0.024644 0.000924409
9.36769e-10 0.0242902 0.000901744
9.36871e-10 0.0236172 0.000860701
9.36972e-10 0.0226527 0.000802923
9.37073e-10 0.0214926 0.000734062
9.37175e-10 0.0202769 0.000662187
9.37276e-10 0.0191565 0.000595754
9.37377e-10 0.0182577 0.000541649
9.37478e-10 0.0176535 0.000503732
9.3758e-10 0.0173485 0.00048219
9.37681e-10 0.0172792 0.00047378
9.37782e-10 0.0173307 0.000472832
9.37883e-10 0.0173647 0.000472732
9.37985e-10 0.017252 0.00046749
9.38086e-10 0.0169016 0.00045304
9.38187e-10 0.0162815 0.000427986
9.38289e-10 0.0154235 0.000393682
9.3839e-10 0.0144143 0.000353678
9.38491e-10 0.0133743 0.000312707
9.38592e-10 0.0124285 0.000275506
9.38694e-10 0.0116782 0.000245741
9.38795e-10 0.0111785 0.000225267
9.38896e-10 0.0109272 0.000213884
9.38997e-10 0.0108676 0.000209572
9.39099e-10 0.010903 0.000209117
9.392e-10 0.0109204 0.000208955
9.39301e-10 0.0108169 0.000205996
9.39402e-10 0.0105226 0.000198268
9.39504e-10 0.0100153 0.000185233
9.39605e-10 0.00932394 0.000167746
9.39706e-10 0.0085195 0.000147705
9.39808e-10 0.00769758 0.000127504
9.39909e-10 0.00695556 0.000109429
9.4001e-10 0.00637042 9.51586e-05
9.40111e-10 0.00598228 8.54517e-05
9.40213e-10 0.00578696 8.00843e-05
9.40314e-10 0.00573907 7.8016e-05
9.40415e-10 0.00576429 7.77197e-05
9.40516e-10 0.0057777 7.75805e-05
9.40618e-10 0.00570359 7.62616e-05
9.40719e-10 0.00549226 7.29603e-05
9.4082e-10 0.0051299 6.75085e-05
9.40922e-10 0.00463985 6.03159e-05
9.41023e-10 0.00407524 5.21917e-05
9.41124e-10 0.00350514 4.41018e-05
9.41225e-10 0.00299792 3.69269e-05
9.41327e-10 0.0026056 3.1277e-05
9.41428e-10 0.00235296 2.73955e-05
9.41529e-10 0.00223352 2.51616e-05
9.4163e-10 0.00221306 2.41744e-05
9.41732e-10 0.00223936 2.38856e-05
9.41833e-10 0.00225559 2.37428e-05
9.41934e-10 0.00221387 2.33084e-05
9.42036e-10 0.00208593 2.23302e-05
9.42137e-10 0.00186845 2.07583e-05
9.42238e-10 0.00158209 1.87126e-05
9.42339e-10 0.00126483 1.64198e-05
9.42441e-10 0.000961615 1.41388e-05
9.42542e-10 0.000712893 1.20961e-05
9.42643e-10 0.000545048 1.04422e-05
9.42744e-10 0.000464839 9.23532e-06
9.42846e-10 0.000459072 8.44977e-06
9.42947e-10 0.000499291 8.00124e-06
9.43048e-10 0.000550057 7.77908e-06
9.43149e-10 0.000578576 7.67667e-06
9.43251e-10 0.000563163 7.61339e-06
9.43352e-10 0.000498441 7.54547e-06
9.43453e-10 0.000396061 7.46602e-06
9.43555e-10 0.000280895 7.39659e-06
9.43656e-10 0.000183833 7.37393e-06
9.43757e-10 0.000133112 7.43515e-06
9.43858e-10 0.000146498 7.60445e-06
9.4396e-10 0.000226326 7.88379e-06
9.44061e-10 0.00035872 8.24932e-06
9.44162e-10 0.000517154 8.65487e-06
9.44263e-10 0.000669481 9.04275e-06
9.44365e-10 0.000786596 9.3608e-06
9.44466e-10 0.000850529 9.58284e-06
9.44567e-10 0.000859828 9.72754e-06
9.44669e-10 0.000830797 9.87014e-06
9.4477e-10 0.000794151 1.0141e-05
9.44871e-10 0.000787785 1.0708e-05
9.44972e-10 0.000847374 1.17418e-05
9.45074e-10 0.000997068 1.33716e-05
9.45175e-10 0.00124262 1.56389e-05
9.45276e-10 0.00156874 1.84645e-05
9.45377e-10 0.0019415 2.16395e-05
9.45479e-10 0.00231543 2.4851e-05
9.4558e-10 0.00264378 2.77424e-05
9.45681e-10 0.00288965 2.99989e-05
9.45783e-10 0.00303538 3.14423e-05
9.45884e-10 0.00308785 3.21087e-05
9.45985e-10 0.00307835 3.22872e-05
9.46086e-10 0.00305675 3.24991e-05
9.46188e-10 0.00308107 3.34133e-05
9.46289e-10 0.00320464 3.57088e-05
9.4639e-10 0.00346375 3.99085e-05
9.46491e-10 0.00386841 4.62262e-05
9.46593e-10 0.00439877 5.44643e-05
9.46694e-10 0.00500784 6.40002e-05
9.46795e-10 0.00563055 7.38755e-05
9.46896e-10 0.00619718 8.2984e-05
9.46998e-10 0.00664838 9.03228e-05
9.47099e-10 0.00694867 9.52553e-05
9.472e-10 0.00709528 9.77209e-05
9.47302e-10 0.00712032 9.83331e-05
9.47403e-10 0.00708538 9.83272e-05
9.47504e-10 0.00706966 9.93505e-05
9.47605e-10 0.0071537 0.000103128
9.47707e-10 0.00740219 0.000111065
9.47808e-10 0.00784947 0.000123887
9.47909e-10 0.00849083 0.000141386
9.4801e-10 0.00928179 0.000162368
9.48112e-10 0.0101458 0.000184825
9.48213e-10 0.010989 0.000206318
9.48314e-10 0.0117191 0.000224498
9.48416e-10 0.012265 0.000237663
9.48517e-10 0.0125924 0.000245226
9.48618e-10 0.0127125 0.000247965
9.48719e-10 0.0126816 0.000247987
9.48821e-10 0.0125909 0.000248381
9.48922e-10 0.0125494 0.000252614
9.49023e-10 0.0126613 0.000263786
9.49124e-10 0.0130046 0.000283896
9.49226e-10 0.0136139 0.000313295
9.49327e-10 0.014471 0.000350471
9.49428e-10 0.0155069 0.000392219
9.49529e-10 0.016614 0.000434229
9.49631e-10 0.0176665 0.000471951
9.49732e-10 0.0185457 0.000501596
9.49833e-10 0.0191649 0.000521046
9.49935e-10 0.019488 0.000530459
9.50036e-10 0.0195396 0.000532422
9.50137e-10 0.0194017 0.000531571
9.50238e-10 0.0191995 0.000533732
9.5034e-10 0.0190772 0.000544739
9.50441e-10 0.019169 0.000569158
9.50542e-10 0.0195712 0.0006092
9.50643e-10 0.0203211 0.000664074
9.50745e-10 0.0213865 0.000729948
9.50846e-10 0.0226701 0.000800571
9.50947e-10 0.0240263 0.000868464
9.51049e-10 0.0252897 0.000926459
9.5115e-10 0.0263077 0.00096927
9.51251e-10 0.0269726 0.000994763
9.51352e-10 0.0272453 0.00100462
9.51454e-10 0.0271661 0.00100425
9.51555e-10 0.0268494 0.00100185
9.51656e-10 0.026463 0.00100685
9.51757e-10 0.026196 0.00102795
9.51859e-10 0.0262205 0.00107128
9.5196e-10 0.0266558 0.00113888
9.52061e-10 0.0275419 0.00122803
9.52163e-10 0.028828 0.00133159
9.52264e-10 0.0303796 0.00143917
9.52365e-10 0.0320026 0.0015392
9.52466e-10 0.0334812 0.00162131
9.52568e-10 0.0346214 0.00167852
9.52669e-10 0.035291 0.00170901
9.5277e-10 0.0354499 0.00171673
9.52871e-10 0.0351611 0.00171095
9.52973e-10 0.0345819 0.00170456
9.53074e-10 0.033935 0.00171166
9.53175e-10 0.033465 0.00174457
9.53276e-10 0.0333891 0.00181125
9.53378e-10 0.0338513 0.00191333
9.53479e-10 0.0348901 0.00204544
9.5358e-10 0.0364268 0.00219597
9.53682e-10 0.0382776 0.00234912
9.53783e-10 0.0401874 0.00248798
9.53884e-10 0.0418797 0.00259801
9.53985e-10 0.0431131 0.00267015
9.54087e-10 0.0437315 0.00270306
9.54188e-10 0.0436999 0.00270373
9.54289e-10 0.043115 0.00268655
9.5439e-10 0.0421904 0.00267066
9.54492e-10 0.0412161 0.00267627
9.54593e-10 0.0405019 0.00272048
9.54694e-10 0.0403136 0.00281363
9.54796e-10 0.0408177 0.00295679
9.54897e-10 0.0420429 0.00314105
9.54998e-10 0.0438706 0.00334885
9.55099e-10 0.0460537 0.0035572
9.55201e-10 0.0482641 0.00374212
9.55302e-10 0.0501569 0.00388355
9.55403e-10 0.0514412 0.00396967
9.55504e-10 0.0519418 0.0039998
9.55606e-10 0.0516384 0.00398506
9.55707e-10 0.0506747 0.00394666
9.55808e-10 0.0493339 0.00391205
9.5591e-10 0.0479846 0.00390956
9.56011e-10 0.0470072 0.00396262
9.56112e-10 0.0467164 0.00408468
9.56213e-10 0.0472945 0.00427594
9.56315e-10 0.0487497 0.0045227
9.56416e-10 0.0509096 0.00479949
9.56517e-10 0.0534516 0.00507371
9.56618e-10 0.0559648 0.00531205
9.5672e-10 0.0580321 0.00548728
9.56821e-10 0.0593158 0.0055841
9.56922e-10 0.0596289 0.00560292
9.57023e-10 0.058978 0.00556044
9.57125e-10 0.0575669 0.00548703
9.57226e-10 0.0557599 0.00542109
9.57327e-10 0.0540112 0.00540157
9.57429e-10 0.0527743 0.00545993
9.5753e-10 0.0524081 0.00561341
9.57631e-10 0.0531017 0.00586078
9.57732e-10 0.0548304 0.00618178
9.57834e-10 0.0573562 0.00654042
9.57935e-10 0.0602709 0.00689165
9.58036e-10 0.0630758 0.00719023
9.58137e-10 0.0652819 0.00739993
9.58239e-10 0.0665103 0.00750145
9.5834e-10 0.0665725 0.00749703
9.58441e-10 0.0655136 0.00741099
9.58543e-10 0.0636083 0.00728566
9.58644e-10 0.0613099 0.00717345
9.58745e-10 0.0591613 0.0071266
9.58846e-10 0.0576861 0.00718639
9.58948e-10 0.0572809 0.00737429
9.59049e-10 0.0581309 0.00768666
9.5915e-10 0.0601681 0.00809449
9.59251e-10 0.0630793 0.00854829
9.59353e-10 0.0663654 0.00898739
9.59454e-10 0.0694392 0.00935187
9.59555e-10 0.071744 0.00959488
9.59657e-10 0.0728678 0.00969275
9.59758e-10 0.0726305 0.00965074
9.59859e-10 0.0711253 0.00950309
9.5996e-10 0.0687049 0.00930717
9.60062e-10 0.0659146 0.00913266
9.60163e-10 0.0633846 0.00904773
9.60264e-10 0.0617029 0.00910509
9.60365e-10 0.061295 0.00933059
9.60467e-10 0.0623334 0.00971696
9.60568e-10 0.0646984 0.010224
9.60669e-10 0.0679972 0.0107857
9.6077e-10 0.0716388 0.0113226
9.60872e-10 0.0749513 0.0117574
9.60973e-10 0.0773172 0.0120313
9.61074e-10 0.0782998 0.0121161
9.61176e-10 0.0777357 0.0120213
9.61277e-10 0.075772 0.0117936
9.61378e-10 0.0728418 0.0115083
9.61479e-10 0.0695805 0.0112554
9.61581e-10 0.0667001 0.0111216
9.61682e-10 0.0648457 0.0111723
9.61783e-10 0.0644631 0.0114378
9.61884e-10 0.0657057 0.011906
9.61986e-10 0.0683985 0.0125233
9.62087e-10 0.072069 0.0132041
9.62188e-10 0.0760388 0.0138473
9.6229e-10 0.079558 0.0143563
9.62391e-10 0.0819562 0.0146586
9.62492e-10 0.0827798 0.0147215
9.62593e-10 0.0818866 0.01456
9.62695e-10 0.079479 0.0142352
9.62796e-10 0.0760676 0.013843
9.62897e-10 0.0723719 0.0134965
9.62998e-10 0.0691777 0.0133026
9.631e-10 0.0671785 0.0133411
9.63201e-10 0.0668347 0.0136469
9.63302e-10 0.0682772 0.014202
9.63403e-10 0.0712771 0.0149377
9.63505e-10 0.0752877 0.0157467
9.63606e-10 0.079551 0.0165038
9.63707e-10 0.083248 0.0170909
9.63809e-10 0.0856637 0.0174208
9.6391e-10 0.0863321 0.017456
9.64011e-10 0.0851334 0.0172172
9.64112e-10 0.0823212 0.0167814
9.64214e-10 0.0784764 0.0162672
9.64315e-10 0.0743927 0.0158125
9.64416e-10 0.0709199 0.0155467
9.64517e-10 0.0687928 0.0155649
9.64619e-10 0.0684826 0.0159075
9.6472e-10 0.0700994 0.0165505
9.64821e-10 0.0733667 0.017409
9.64923e-10 0.0776729 0.0183526
9.65024e-10 0.0821914 0.0192304
9.65125e-10 0.0860446 0.019901
9.65226e-10 0.0884792 0.0202611
9.65328e-10 0.089019 0.0202672
9.65429e-10 0.0875625 0.0199458
9.6553e-10 0.0844065 0.0193898
9.65631e-10 0.08019 0.0187415
9.65733e-10 0.0757692 0.018165
9.65834e-10 0.0720475 0.0178139
9.65935e-10 0.0697951 0.0178001
9.66037e-10 0.069494 0.0181708
9.66138e-10 0.0712393 0.018897
9.66239e-10 0.0747171 0.019878
9.6634e-10 0.0792647 0.0209597
9.66442e-10 0.0840001 0.0219647
9.66543e-10 0.0879968 0.0227267
9.66644e-10 0.0904685 0.0231244
9.66745e-10 0.0909269 0.0231065
9.66847e-10 0.0892814 0.0227038
9.66948e-10 0.085859 0.0220243
9.67049e-10 0.0813425 0.0212335
9.6715e-10 0.0766363 0.0205226
9.67252e-10 0.0726876 0.0200705
9.67353e-10 0.070298 0.0200083
9.67454e-10 0.0699635 0.0203922
9.67556e-10 0.0717735 0.0211903
9.67657e-10 0.0753914 0.0222878
9.67758e-10 0.0801192 0.0235081
9.67859e-10 0.0850339 0.0246465
9.67961e-10 0.0891701 0.0255107
9.68062e-10 0.0917115 0.0259591
9.68163e-10 0.0921534 0.0259301
9.68264e-10 0.0904042 0.0254553
9.68366e-10 0.0868059 0.0246557
9.68467e-10 0.0820677 0.0237185
9.68568e-10 0.0771273 0.0228616
9.6867e-10 0.072966 0.0222907
9.68771e-10 0.0704148 0.0221587
9.68872e-10 0.0699891 0.0225337
9.68973e-10 0.0717858 0.023385
9.69075e-10 0.0754624 0.0245869
9.69176e-10 0.0803035 0.025942
9.69277e-10 0.0853606 0.0272195
9.69378e-10 0.0896388 0.0281997
9.6948e-10 0.0922932 0.0287182
9.69581e-10 0.0927959 0.0286987
9.69682e-10 0.0910409 0.02817
9.69784e-10 0.0873666 0.0272613
9.69885e-10 0.08249 0.0261791
9.69986e-10 0.0773665 0.0251667
9.70087e-10 0.0730022 0.0244577
9.70189e-10 0.0702561 0.0242292
9.7029e-10 0.069671 0.0245663
9.70391e-10 0.0713655 0.025444
9.70492e-10 0.0750105 0.0267307
9.70594e-10 0.0798925 0.028212
9.70695e-10 0.0850536 0.0296326
9.70796e-10 0.0894788 0.0307448
9.70897e-10 0.0922952 0.0313581
9.70999e-10 0.0929436 0.0313772
9.711e-10 0.0912885 0.0308217
9.71201e-10 0.0876452 0.0298239
9.71303e-10 0.0827184 0.0286046
9.71404e-10 0.0774648 0.0274308
9.71505e-10 0.0729059 0.0265637
9.71606e-10 0.0699281 0.0262082
9.71708e-10 0.0691095 0.0264712
9.71809e-10 0.0706063 0.0273402
9.7191e-10 0.0741224 0.0286839
9.72011e-10 0.0789669 0.0302765
9.72113e-10 0.084189 0.0318407
9.72214e-10 0.0887633 0.0331012
9.72315e-10 0.0917903 0.0338386
9.72417e-10 0.0926713 0.0339325
9.72518e-10 0.0912256 0.0333867
9.72619e-10 0.0877251 0.0323292
9.7272e-10 0.0828419 0.0309892
9.72822e-10 0.0775166 0.0296531
9.72923e-10 0.0727757 0.0286099
9.73024e-10 0.0695315 0.0280943
9.73125e-10 0.0684052 0.0282413
9.73227e-10 0.0696058 0.0290582
9.73328e-10 0.0728904 0.0304221
9.73429e-10 0.0776115 0.0321027
9.73531e-10 0.0828431 0.0338054
9.73632e-10 0.0875607 0.0352285
9.73733e-10 0.0908402 0.0361209
9.73834e-10 0.0920366 0.036332
9.73936e-10 0.090909 0.0358413
9.74037e-10 0.0876666 0.0347639
9.74138e-10 0.0829273 0.0333293
9.74239e-10 0.0775977 0.0318383
9.74341e-10 0.0726972 0.0306051
9.74442e-10 0.0691607 0.029897
9.74543e-10 0.0676581 0.029882
9.74644e-10 0.0684654 0.0305957
9.74746e-10 0.0714123 0.0319333
9.74847e-10 0.0759155 0.0336685
9.74948e-10 0.081093 0.0354961
9.7505e-10 0.0859339 0.0370904
9.75151e-10 0.0894944 0.0381679
9.75252e-10 0.0910787 0.0385417
9.75353e-10 0.0903731 0.038159
9.75455e-10 0.0875051 0.0371119
9.75556e-10 0.0830175 0.0356207
9.75657e-10 0.0777633 0.0339928
9.75758e-10 0.0727409 0.0325641
9.7586e-10 0.0689013 0.0316346
9.75961e-10 0.0669661 0.0314106
9.76062e-10 0.0672893 0.0319643
9.76164e-10 0.069791 0.0332194
9.76265e-10 0.0739732 0.034964
9.76366e-10 0.0790175 0.0368911
9.76467e-10 0.0839426 0.0386561
9.76569e-10 0.0877927 0.039943
9.7667e-10 0.0898208 0.0405252
9.76771e-10 0.0896305 0.0403089
9.76872e-10 0.087251 0.0393523
9.76974e-10 0.0831301 0.0378554
9.77075e-10 0.0780464 0.0361224
9.77176e-10 0.07296 0.0345046
9.77277e-10 0.0688282 0.033333
9.77379e-10 0.0664227 0.0328557
9.7748e-10 0.0661832 0.0331894
9.77581e-10 0.0681349 0.0342969
9.77683e-10 0.0718852 0.0359932
9.77784e-10 0.0767003 0.0379799
9.77885e-10 0.0816467 0.0399014
9.77986e-10 0.0857692 0.0414124
9.78088e-10 0.0882731 0.0422437
9.78189e-10 0.0886748 0.0422538
9.7829e-10 0.0868919 0.041456
9.78391e-10 0.0832576 0.0400174
9.78493e-10 0.0784553 0.0382273
9.78594e-10 0.0733869 0.0364428
9.78695e-10 0.0690014 0.0350218
9.78797e-10 0.0661137 0.0342547
9.78898e-10 0.0652517 0.0343093
9.78999e-10 0.0665569 0.0351982
9.791e-10 0.0697598 0.036776
9.79202e-10 0.0742329 0.0387659
9.79303e-10 0.0791113 0.0408122
9.79404e-10 0.0834576 0.0425463
9.79505e-10 0.0864392 0.0436573
9.79607e-10 0.0874856 0.0439504
9.79708e-10 0.0863944 0.0433845
9.79809e-10 0.0833679 0.0420803
9.79911e-10 0.0789724 0.040298
9.80012e-10 0.07403 0.0383889
9.80113e-10 0.0694614 0.0367295
9.80214e-10 0.0661125 0.0356502
9.80316e-10 0.0645949 0.0353732
9.80417e-10 0.0651726 0.0359704
9.80518e-10 0.0677136 0.0373491
9.80619e-10 0.0717177 0.0392692
9.80721e-10 0.0764121 0.0413877
9.80822e-10 0.0808986 0.0433233
9.80923e-10 0.0843229 0.0447276
9.81024e-10 0.0860349 0.0453508
9.81126e-10 0.0857096 0.045089
9.81227e-10 0.0834059 0.0440038
9.81328e-10 0.0795534 0.0423112
9.8143e-10 0.0748697 0.0403416
9.81531e-10 0.0702238 0.038478
9.81632e-10 0.0664731 0.0370843
9.81733e-10 0.064302 0.0364371
9.81835e-10 0.0640959 0.036674
9.81936e-10 0.0658702 0.0377673
9.82037e-10 0.0692706 0.0395287
9.82138e-10 0.0736407 0.0416449
9.8224e-10 0.0781475 0.0437352
9.82341e-10 0.0819374 0.045423
9.82442e-10 0.0842958 0.0464059
9.82544e-10 0.0847798 0.0465123
9.82645e-10 0.0832983 0.0457337
9.82746e-10 0.0801274 0.0442263
9.82847e-10 0.0758558 0.0422824
9.82949e-10 0.0712735 0.0402757
9.8305e-10 0.0672234 0.0385921
9.83151e-10 0.064444 0.0375577
9.83252e-10 0.0634331 0.0373784
9.83354e-10 0.0643566 0.0381008
9.83455e-10 0.0670203 0.0396042
9.83556e-10 0.0709083 0.0416223
9.83658e-10 0.0752813 0.0437929
9.83759e-10 0.0793147 0.0457249
9.8386e-10 0.0822529 0.0470712
9.83961e-10 0.0835481 0.0475927
9.84063e-10 0.0829606 0.0472027
9.84164e-10 0.0806009 0.0459836
9.84265e-10 0.0769067 0.044171
9.84366e-10 0.0725595 0.0421104
9.84468e-10 0.068357 0.0401932
9.84569e-10 0.0650643 0.0387845
9.8467e-10 0.0632738 0.0381552
9.84771e-10 0.0632961 0.0384323
9.84873e-10 0.0651055 0.0395749
9.84974e-10 0.068347 0.0413825
9.85075e-10 0.0724043 0.0435316
9.85177e-10 0.0765154 0.0456354
9.85278e-10 0.079914 0.0473155
9.85379e-10 0.0819705 0.0482714
9.8548e-10 0.0823069 0.048336
9.85582e-10 0.0808645 0.0475061
9.85683e-10 0.0779119 0.0459432
9.85784e-10 0.0739932 0.0439436
9.85885e-10 0.0698261 0.0418834
9.85987e-10 0.0661684 0.0401497
9.86088e-10 0.0636791 0.0390693
9.86189e-10 0.0627981 0.0388486
9.86291e-10 0.0636671 0.0395359
9.86392e-10 0.0661066 0.0410126
9.86493e-10 0.0696509 0.0430155
9.86594e-10 0.0736358 0.0451845
9.86696e-10 0.0773217 0.0471298
9.86797e-10 0.0800296 0.0485024
9.86898e-10 0.0812645 0.0490586
9.86999e-10 0.0808044 0.0487043
9.87101e-10 0.0787385 0.0475119
9.87202e-10 0.0754487 0.045707
9.87303e-10 0.0715369 0.0436267
9.87405e-10 0.0677139 0.0416579
9.87506e-10 0.0646688 0.0401665
9.87607e-10 0.0629437 0.0394305
9.87708e-10 0.062836 0.0395897
9.8781e-10 0.0643468 0.0406198
9.87911e-10 0.0671828 0.0423381
9.88012e-10 0.0708123 0.0444362
9.88113e-10 0.074564 0.0465372
9.88215e-10 0.0777498 0.0482639
9.88316e-10 0.0797902 0.0493083
9.88417e-10 0.0803182 0.0494864
9.88518e-10 0.0792443 0.0487726
9.8862e-10 0.0767702 0.0473031
9.88721e-10 0.0733495 0.045351
9.88822e-10 0.0696038 0.0432766
9.88924e-10 0.0662083 0.0414613
9.89025e-10 0.0637695 0.0402386
9.89126e-10 0.0627158 0.0398336
9.89227e-10 0.063222 0.0403224
9.89329e-10 0.0651795 0.0416187
9.8943e-10 0.068219 0.0434901
9.89531e-10 0.0717792 0.0456005
9.89632e-10 0.0752094 0.047571
9.89734e-10 0.0778884 0.0490492
9.89835e-10 0.0793355 0.0497726
9.89936e-10 0.0792964 0.0496155
9.90038e-10 0.0777862 0.0486119
9.90139e-10 0.075085 0.0469483
9.9024e-10 0.0716847 0.04493
9.90341e-10 0.0681987 0.042925
9.90443e-10 0.0652507 0.0412978
9.90544e-10 0.0633624 0.0403436
9.90645e-10 0.0628609 0.0402352
9.90746e-10 0.0638217 0.0409921
9.90848e-10 0.0660578 0.0424779
9.90949e-10 0.0691552 0.0444253
9.9105e-10 0.0725493 0.0464847
9.91152e-10 0.0756277 0.0482874
9.91253e-10 0.0778398 0.049512
9.91354e-10 0.0787951 0.049942
9.91455e-10 0.0783312 0.0495045
9.91557e-10 0.0765411 0.0482824
9.91658e-10 0.0737537 0.0464992
9.91759e-10 0.0704732 0.0444781
9.9186e-10 0.0672876 0.0425834
9.91962e-10 0.0647625 0.0411557
9.92063e-10 0.0633411 0.0404499
9.92164e-10 0.0632659 0.0405908
9.92265e-10 0.0645377 0.0415509
9.92367e-10 0.0669177 0.0431559
9.92468e-10 0.0699722 0.0451169
9.92569e-10 0.0731515 0.0470823
9.92671e-10 0.0758889 0.0487011
9.92772e-10 0.0777015 0.0496857
9.92873e-10 0.0782751 0.0498629
9.92974e-10 0.0775183 0.0492043
9.93076e-10 0.0755766 0.0478308
9.93177e-10 0.0728044 0.0459901
9.93278e-10 0.0697001 0.0440119
9.93379e-10 0.0668167 0.0422489
9.93481e-10 0.0646627 0.0410137
9.93582e-10 0.0636134 0.0405232
9.93683e-10 0.0638451 0.0408606
9.93785e-10 0.0653064 0.0419612
9.93886e-10 0.0677292 0.0436249
9.93987e-10 0.070678 0.0455522
9.94088e-10 0.0736289 0.0473981
9.9419e-10 0.0760625 0.0488339
9.94291e-10 0.0775554 0.0496051
9.94392e-10 0.0778541 0.0495765
9.94493e-10 0.0769181 0.0487555
9.94595e-10 0.0749246 0.0472896
9.94696e-10 0.0722353 0.0454402
9.94797e-10 0.0693312 0.0435347
9.94898e-10 0.0667265 0.0419089
9.95e-10 0.0648782 0.0408468
9.95101e-10 0.0641064 0.0405311
9.95202e-10 0.0645391 0.0410114
9.95304e-10 0.0660922 0.0421958
9.95405e-10 0.0684857 0.0438686
9.95506e-10 0.0712953 0.045729
9.95607e-10 0.0740278 0.0474444
9.95709e-10 0.0762082 0.0487099
9.9581e-10 0.0774628 0.0493017
9.95911e-10 0.0775834 0.049116
9.96012e-10 0.0765621 0.0481867
9.96114e-10 0.0745909 0.0466785
9.96215e-10 0.0720259 0.0448568
9.96316e-10 0.0693236 0.0430407
9.96418e-10 0.0669603 0.041546
9.96519e-10 0.0653488 0.04063
9.9662e-10 0.064767 0.0404461
9.96721e-10 0.0653109 0.0410183
9.96823e-10 0.0668797 0.0422372
9.96924e-10 0.0691951 0.0438803
9.97025e-10 0.0718519 0.0456522
9.97126e-10 0.0743893 0.0472365
9.97228e-10 0.0763717 0.048352
9.97329e-10 0.0774642 0.0488014
9.9743e-10 0.0774898 0.0485055
9.97532e-10 0.0764583 0.0475161
9.97633e-10 0.0745629 0.046006
9.97734e-10 0.072145 0.0442381
9.97835e-10 0.0696332 0.0425182
9.97937e-10 0.0674687 0.0411414
9.98038e-10 0.0660281 0.0403407
9.98139e-10 0.0655595 0.0402466
9.9824e-10 0.0661406 0.0408647
9.98342e-10 0.0676671 0.0420765
9.98443e-10 0.0698721 0.0436602
9.98544e-10 0.0723745 0.0453308
9.98645e-10 0.0747453 0.0467904
9.98747e-10 0.0765827 0.0477796
9.98848e-10 0.0775804 0.0481234
9.98949e-10 0.0775803 0.0477601
9.99051e-10 0.0765973 0.0467519
9.99152e-10 0.0748161 0.0452724
9.99253e-10 0.0725566 0.043576
9.99354e-10 0.0702184 0.0419525
9.99456e-10 0.0682108 0.0406767
9.99557e-10 0.0668825 0.0399605
9.99658e-10 0.0664622 0.0399169
9.99759e-10 0.0670208 0.0405408
9.99861e-10 0.0684605 0.0417112
