6.9e-10 0.00209658 0.0270442
6.90101e-10 0.00195238 0.0270681
6.90203e-10 0.00178678 0.0271265
6.90304e-10 0.00162253 0.0271283
6.90405e-10 0.00148172 0.0269966
6.90506e-10 0.00138135 0.026687
6.90608e-10 0.00133 0.0261982
6.90709e-10 0.00132641 0.0255726
6.9081e-10 0.00135998 0.0248857
6.90911e-10 0.00141316 0.0242285
6.91013e-10 0.00146522 0.0236861
6.91114e-10 0.00149647 0.0233172
6.91215e-10 0.00149223 0.0231403
6.91317e-10 0.00144567 0.0231297
6.91418e-10 0.00135901 0.023221
6.91519e-10 0.00124286 0.0233265
6.9162e-10 0.0011139 0.0233555
6.91722e-10 0.000991329 0.0232354
6.91823e-10 0.000892933 0.0229288
6.91924e-10 0.00083145 0.0224417
6.92025e-10 0.00081205 0.0218228
6.92127e-10 0.000831393 0.0211515
6.92228e-10 0.00087844 0.0205203
6.92329e-10 0.000936829 0.0200132
6.9243e-10 0.000988309 0.0196864
6.92532e-10 0.00101653 0.0195558
6.92633e-10 0.00101036 0.0195933
6.92734e-10 0.000966149 0.0197329
6.92836e-10 0.000888356 0.0198865
6.92937e-10 0.000788523 0.019963
6.93038e-10 0.000682786 0.0198898
6.93139e-10 0.000588464 0.0196285
6.93241e-10 0.000520427 0.0191837
6.93342e-10 0.000488023 0.0186019
6.93443e-10 0.000493188 0.0179608
6.93544e-10 0.00053012 0.0173518
6.93646e-10 0.000586579 0.0168595
6.93747e-10 0.000646524 0.0165427
6.93848e-10 0.000693515 0.0164218
6.9395e-10 0.000714163 0.0164739
6.94051e-10 0.000700907 0.0166385
6.94152e-10 0.000653524 0.0168309
6.94253e-10 0.000579088 0.0169612
6.94355e-10 0.000490387 0.0169544
6.94456e-10 0.000403152 0.0167663
6.94557e-10 0.000332699 0.0163938
6.94658e-10 0.000290699 0.0158748
6.9476e-10 0.000282757 0.0152797
6.94861e-10 0.000307305 0.0146958
6.94962e-10 0.000356023 0.0142077
6.95064e-10 0.000415689 0.0138794
6.95165e-10 0.000471039 0.0137396
6.95266e-10 0.000508025 0.0137766
6.95367e-10 0.000516767 0.0139404
6.95469e-10 0.000493586 0.0141546
6.9557e-10 0.000441688 0.0143327
6.95671e-10 0.000370379 0.0143974
6.95772e-10 0.000293003 0.0142971
6.95874e-10 0.000224045 0.0140169
6.95975e-10 0.00017604 0.0135815
6.96076e-10 0.000156947 0.0130493
6.96177e-10 0.000168531 0.0124998
6.96279e-10 0.000206085 0.0120156
6.9638e-10 0.000259539 0.0116651
6.96481e-10 0.000315675 0.0114877
6.96583e-10 0.000360991 0.0114855
6.96684e-10 0.00038456 0.0116235
6.96785e-10 0.000380305 0.0118374
6.96886e-10 0.0003482 0.0120477
6.96988e-10 0.000294161 0.012177
6.97089e-10 0.000228691 0.0121667
6.9719e-10 0.000164561 0.0119888
6.97291e-10 0.00011406 0.0116521
6.97393e-10 8.64052e-05 0.0111995
6.97494e-10 8.58367e-05 0.0106986
6.97595e-10 0.00011082 0.0102267
6.97697e-10 0.000154479 0.00985446
6.97798e-10 0.000206157 0.00963096
6.97899e-10 0.000253744 0.00957336
6.98e-10 0.000286271 0.00966382
6.98102e-10 0.000296206 0.00985369
6.98203e-10 0.000280974 0.0100743
6.98304e-10 0.000243404 0.0102517
6.98405e-10 0.000191011 0.0103226
6.98507e-10 0.000134313 0.0102471
6.98608e-10 8.45431e-05 0.0100174
6.98709e-10 5.12597e-05 0.00965848
6.9881e-10 4.03628e-05 0.00922274
6.98912e-10 5.29268e-05 0.0087782
6.99013e-10 8.50784e-05 0.00839418
6.99114e-10 0.000128922 0.00812659
6.99216e-10 0.000174291 0.00800644
6.99317e-10 0.000210946 0.00803362
6.99418e-10 0.000230728 0.00817749
6.99519e-10 0.000229234 0.00838369
6.99621e-10 0.000206658 0.00858593
6.99722e-10 0.000167641 0.00872006
6.99823e-10 0.000120196 0.00873741
6.99924e-10 7.39399e-05 0.00861478
7.00026e-10 3.80347e-05 0.0083588
7.00127e-10 1.92716e-05 0.00800412
7.00228e-10 2.06989e-05 0.00760571
7.0033e-10 4.107e-05 0.00722706
7.00431e-10 7.52067e-05 0.00692683
7.00532e-10 0.00011518 0.00674673
7.00633e-10 0.000152039 0.0067031
7.00735e-10 0.000177712 0.00678394
7.00836e-10 0.000186676 0.00695189
7.00937e-10 0.000177055 0.00715238
7.01038e-10 0.000150919 0.00732522
7.0114e-10 0.000113752 0.0074172
7.01241e-10 7.32272e-05 0.00739295
7.01342e-10 3.75383e-05 0.00724196
7.01444e-10 1.36788e-05 0.0069803
7.01545e-10 6.00794e-06 0.00664689
7.01646e-10 1.54064e-05 0.00629502
7.01747e-10 3.91797e-05 0.00598111
7.01849e-10 7.17104e-05 0.00575305
7.0195e-10 0.000105705 0.00564047
7.02051e-10 0.000133755 0.00564893
7.02152e-10 0.000149886 0.00575924
7.02254e-10 0.000150765 0.00593182
7.02355e-10 0.000136324 0.00611519
7.02456e-10 0.000109694 0.00625676
7.02557e-10 7.64653e-05 0.0063136
7.02659e-10 4.34654e-05 0.00626111
7.0276e-10 1.73049e-05 0.0060977
7.02861e-10 3.01041e-06 0.0058447
7.02963e-10 3.02186e-06 0.00554158
7.03064e-10 1.67535e-05 0.00523756
7.03165e-10 4.07951e-05 0.00498133
7.03266e-10 6.9693e-05 0.00481118
7.03368e-10 9.71348e-05 0.00474732
7.03469e-10 0.000117279 0.00478813
7.0357e-10 0.000125954 0.00491085
7.03671e-10 0.000121474 0.00507663
7.03773e-10 0.000104922 0.00523873
7.03874e-10 7.98551e-05 0.00535217
7.03975e-10 5.14985e-05 0.00538282
7.04077e-10 2.56234e-05 0.00531416
7.04178e-10 7.34032e-06 0.00515025
7.04279e-10 6.15209e-08 0.00491459
7.0438e-10 4.84317e-06 0.00464492
7.04482e-10 2.02309e-05 0.00438535
7.04583e-10 4.26273e-05 0.00417728
7.04684e-10 6.70912e-05 0.0040511
7.04785e-10 8.83909e-05 0.00402019
7.04887e-10 0.000102089 0.00407863
7.04988e-10 0.000105434 0.00420267
7.05089e-10 9.78774e-05 0.00435592
7.05191e-10 8.11302e-05 0.00449691
7.05292e-10 5.87461e-05 0.00458753
7.05393e-10 3.53433e-05 0.00460067
7.05494e-10 1.56268e-05 0.00452544
7.05596e-10 3.42139e-06 0.00436907
7.05697e-10 9.11659e-07 0.0041551
7.05798e-10 8.23916e-06 0.00391831
7.05899e-10 2.35298e-05 0.00369755
7.06001e-10 4.33327e-05 0.00352785
7.06102e-10 6.337e-05 0.00343346
7.06203e-10 7.94341e-05 0.00342318
7.06304e-10 8.82456e-05 0.00348893
7.06406e-10 8.80978e-05 0.00360766
7.06507e-10 7.91614e-05 0.0037463
7.06608e-10 6.33978e-05 0.00386849
7.0671e-10 4.4109e-05 0.00394198
7.06811e-10 2.52272e-05 0.00394496
7.06912e-10 1.04962e-05 0.00387022
7.07013e-10 2.71366e-06 0.00372628
7.07115e-10 3.18788e-06 0.00353542
7.07216e-10 1.15131e-05 0.00332892
7.07317e-10 2.56994e-05 0.0031407
7.07418e-10 4.26217e-05 0.00300049
7.0752e-10 5.86858e-05 0.00292799
7.07621e-10 7.0572e-05 0.00292918
7.07722e-10 7.59006e-05 0.00299537
7.07824e-10 7.36888e-05 0.0031052
7.07925e-10 6.45109e-05 0.0032292
7.08026e-10 5.03385e-05 0.0033357
7.08127e-10 3.41017e-05 0.00339721
7.08229e-10 1.90693e-05 0.00339577
7.0833e-10 8.17761e-06 0.00332631
7.08431e-10 3.4458e-06 0.00319741
7.08532e-10 5.59323e-06 0.0030293
7.08634e-10 1.39304e-05 0.00284967
7.08735e-10 2.65378e-05 0.00268803
7.08836e-10 4.06875e-05 0.00256986
7.08938e-10 5.34165e-05 0.00251162
7.09039e-10 6.21306e-05 0.00251775
7.0914e-10 6.51174e-05 0.00257998
7.09241e-10 6.18659e-05 0.00267922
7.09343e-10 5.31366e-05 0.00278954
7.09444e-10 4.07722e-05 0.00288342
7.09545e-10 2.72965e-05 0.00293715
7.09646e-10 1.53884e-05 0.00293547
7.09748e-10 7.33836e-06 0.00287434
7.09849e-10 4.5998e-06 0.00276154
7.0995e-10 7.52035e-06 0.00261493
7.10051e-10 1.53032e-05 0.00245868
7.10153e-10 2.61987e-05 0.00231848
7.10254e-10 3.78824e-05 0.00221642
7.10355e-10 4.79361e-05 0.00216677
7.10457e-10 5.43356e-05 0.00217334
7.10558e-10 5.58442e-05 0.00222892
7.10659e-10 5.22384e-05 0.00231695
7.1076e-10 4.43242e-05 0.00241488
7.10862e-10 3.37473e-05 0.00249876
7.10963e-10 2.26403e-05 0.00254789
7.11064e-10 1.31839e-05 0.00254879
7.11165e-10 7.16964e-06 0.00249773
7.11267e-10 5.65393e-06 0.00240119
7.11368e-10 8.76763e-06 0.00227446
7.11469e-10 1.5716e-05 0.00213845
7.11571e-10 2.49626e-05 0.00201552
7.11672e-10 3.45564e-05 0.0019251
7.11773e-10 4.25311e-05 0.00187999
7.11874e-10 4.72968e-05 0.00188399
7.11976e-10 4.79457e-05 0.00193136
7.12077e-10 4.44131e-05 0.00200811
7.12178e-10 3.74671e-05 0.00209486
7.12279e-10 2.85326e-05 0.00217075
7.12381e-10 1.93903e-05 0.00221746
7.12482e-10 1.18139e-05 0.00222272
7.12583e-10 7.21852e-06 0.00218255
7.12684e-10 6.39041e-06 0.00210189
7.12786e-10 9.34875e-06 0.00199344
7.12887e-10 1.53632e-05 0.00187507
7.12988e-10 2.31193e-05 0.00176623
7.1309e-10 3.09944e-05 0.00168424
7.13191e-10 3.73872e-05 0.00164091
7.13292e-10 4.10329e-05 0.00164044
7.13393e-10 4.12442e-05 0.00167873
7.13495e-10 3.80303e-05 0.00174436
7.13596e-10 3.20761e-05 0.00182088
7.13697e-10 2.45883e-05 0.00189015
7.13798e-10 1.70432e-05 0.00193578
7.139e-10 1.08884e-05 0.00194629
7.14001e-10 7.25913e-06 0.00191722
7.14102e-10 6.76281e-06 0.00185178
7.14204e-10 9.37484e-06 0.00176017
7.14305e-10 1.44606e-05 0.00165742
7.14406e-10 2.09172e-05 0.00156042
7.14507e-10 2.74026e-05 0.0014847
7.14609e-10 3.2606e-05 0.00144142
7.1471e-10 3.55037e-05 0.00143539
7.14811e-10 3.55522e-05 0.0014642
7.14912e-10 3.27812e-05 0.00151892
7.15014e-10 2.7772e-05 0.00158583
7.15115e-10 2.15288e-05 0.00164923
7.15216e-10 1.52701e-05 0.0016944
7.15318e-10 1.01849e-05 0.00171042
7.15419e-10 7.20107e-06 0.00169217
7.1552e-10 6.81096e-06 0.00164117
7.15621e-10 8.98753e-06 0.00156518
7.15723e-10 1.32037e-05 0.00147658
7.15824e-10 1.85491e-05 0.00138996
7.15925e-10 2.39178e-05 0.00131924
7.16026e-10 2.82293e-05 0.00127511
7.16128e-10 3.06385e-05 0.00126302
7.16229e-10 3.06935e-05 0.00128227
7.1633e-10 2.84128e-05 0.00132628
7.16431e-10 2.42692e-05 0.0013839
7.16533e-10 1.90849e-05 0.00144167
7.16634e-10 1.38627e-05 0.00148641
7.16735e-10 9.5859e-06 0.00150764
7.16837e-10 7.02843e-06 0.00149958
7.16938e-10 6.60998e-06 0.00146213
7.17039e-10 8.32449e-06 0.00140075
7.1714e-10 1.17528e-05 0.00132533
7.17242e-10 1.61553e-05 0.00124825
7.17343e-10 2.06236e-05 0.00118199
7.17444e-10 2.42609e-05 0.00113675
7.17545e-10 2.63556e-05 0.00111863
7.17647e-10 2.65132e-05 0.00112849
7.17748e-10 2.47245e-05 0.00116198
7.17849e-10 2.13565e-05 0.00121038
7.17951e-10 1.70718e-05 0.00126237
7.18052e-10 1.26921e-05 0.0013062
7.18153e-10 9.03606e-06 0.0013319
7.18254e-10 6.7613e-06 0.00133312
7.18356e-10 6.24196e-06 0.00130824
7.18457e-10 7.50443e-06 0.00126058
7.18558e-10 1.02316e-05 0.00119769
7.18659e-10 1.38332e-05 0.00112985
7.18761e-10 1.75666e-05 0.00106806
7.18862e-10 2.06838e-05 0.00102202
7.18963e-10 2.25748e-05 0.000998307
7.19065e-10 2.28818e-05 0.000999221
7.19166e-10 2.15602e-05 0.00102244
7.19267e-10 1.88795e-05 0.00106153
7.19368e-10 1.53628e-05 0.00110726
7.1947e-10 1.16795e-05 0.00114935
7.19571e-10 8.51383e-06 0.00117842
7.19672e-10 6.43293e-06 0.0011877
7.19773e-10 5.78164e-06 0.00117426
7.19875e-10 6.62253e-06 0.00113949
7.19976e-10 8.73143e-06 0.00108871
7.20077e-10 1.1648e-05 0.00103013
7.20178e-10 1.47699e-05 0.000973278
7.2028e-10 1.74716e-05 0.000927186
7.20381e-10 1.92242e-05 0.00089873
7.20482e-10 1.9694e-05 0.000891398
7.20584e-10 1.88005e-05 0.000904713
7.20685e-10 1.67254e-05 0.000934395
7.20786e-10 1.38705e-05 0.000973235
7.20887e-10 1.0776e-05 0.00101249
7.20989e-10 8.01352e-06 0.0010435
7.2109e-10 6.07686e-06 0.00105936
7.21191e-10 5.29019e-06 0.00105606
7.21292e-10 5.75095e-06 0.00103326
7.21394e-10 7.31742e-06 0.000994209
7.21495e-10 9.64191e-06 0.000945131
7.21596e-10 1.22422e-05 0.000893975
7.21698e-10 1.45964e-05 0.000848936
7.21799e-10 1.62432e-05 0.000816937
7.219e-10 1.68672e-05 0.000802378
7.22001e-10 1.63551e-05 0.000806379
7.22103e-10 1.48114e-05 0.000826638
7.22204e-10 1.25334e-05 0.000857924
7.22305e-10 9.9494e-06 0.000893092
7.22406e-10 7.53472e-06 0.000924438
7.22508e-10 5.72044e-06 0.000945122
7.22609e-10 4.81339e-06 0.000950404
7.2271e-10 4.94143e-06 0.000938471
7.22812e-10 6.03416e-06 0.000910712
7.22913e-10 7.84134e-06 0.000871399
7.23014e-10 9.98481e-06 0.000826845
7.23115e-10 1.2033e-05 0.000784211
7.23217e-10 1.35835e-05 0.00075018
7.23318e-10 1.43383e-05 0.000729741
7.23419e-10 1.41564e-05 0.000725316
7.2352e-10 1.30768e-05 0.000736367
7.23622e-10 1.13064e-05 0.000759553
7.23723e-10 9.17613e-06 0.000789397
7.23824e-10 7.07643e-06 0.000819325
7.23925e-10 5.38195e-06 0.000842888
7.24027e-10 4.3819e-06 0.000854931
7.24128e-10 4.22811e-06 0.000852506
7.24229e-10 4.91022e-06 0.000835364
7.24331e-10 6.2618e-06 0.000805947
7.24432e-10 7.99564e-06 0.000768889
7.24533e-10 9.76058e-06 0.000730129
7.24634e-10 1.12088e-05 0.00069581
7.24736e-10 1.20607e-05 0.000671157
7.24837e-10 1.21553e-05 0.000659549
7.24938e-10 1.14772e-05 0.000661946
7.25039e-10 1.01558e-05 0.000676758
7.25141e-10 8.43683e-06 0.00070019
7.25242e-10 6.63436e-06 0.000726971
7.25343e-10 5.06986e-06 0.000751335
7.25445e-10 4.01246e-06 0.000768076
7.25546e-10 3.63019e-06 0.000773476
7.25647e-10 3.96134e-06 0.000765945
7.25748e-10 4.91077e-06 0.000746268
7.2585e-10 6.27106e-06 0.000717414
7.25951e-10 7.76392e-06 0.000683953
7.26052e-10 9.0937e-06 0.000651207
7.26153e-10 1.00027e-05 0.000624269
7.26255e-10 1.0318e-05 0.000607094
7.26356e-10 9.98111e-06 0.000601813
7.26457e-10 9.05612e-06 0.00060838
7.26559e-10 7.71439e-06 0.00062463
7.2666e-10 6.20016e-06 0.000646709
7.26761e-10 4.78343e-06 0.000669799
7.26862e-10 3.70944e-06 0.000689004
7.26964e-10 3.15391e-06 0.00070023
7.27065e-10 3.19246e-06 0.0007009
7.27166e-10 3.78925e-06 0.000690389
7.27267e-10 4.80647e-06 0.000670091
7.27369e-10 6.03241e-06 0.000643132
7.2747e-10 7.22243e-06 0.000613776
7.27571e-10 8.14488e-06 0.000586635
7.27672e-10 8.62339e-06 0.000565839
7.27774e-10 8.56795e-06 0.000554312
7.27875e-10 7.98915e-06 0.000553268
7.27976e-10 6.99369e-06 0.000562035
7.28078e-10 5.76219e-06 0.000578208
7.28179e-10 4.51414e-06 0.000598119
7.2828e-10 3.46656e-06 0.000617514
7.28381e-10 2.79426e-06 0.00063232
7.28483e-10 2.59884e-06 0.00063937
7.28584e-10 2.89199e-06 0.000636948
7.28685e-10 3.59569e-06 0.00062506
7.28786e-10 4.55883e-06 0.000605401
7.28888e-10 5.5868e-06 0.000581018
7.28989e-10 6.47818e-06 0.000555742
7.2909e-10 7.06184e-06 0.000533487
7.29192e-10 7.22736e-06 0.000517561
7.29293e-10 6.94363e-06 0.000510087
7.29394e-10 6.26252e-06 0.000511653
7.29495e-10 5.30717e-06 0.00052124
7.29597e-10 4.24771e-06 0.000536435
7.29698e-10 3.26899e-06 0.000553888
7.29799e-10 2.53648e-06 0.000569923
7.299e-10 2.16667e-06 0.000581196
7.30002e-10 2.20711e-06 0.000585276
7.30103e-10 2.62958e-06 0.000581057
7.30204e-10 3.33718e-06 0.000568927
7.30305e-10 4.18376e-06 0.000550663
7.30407e-10 5.00179e-06 0.000529093
7.30508e-10 5.63333e-06 0.000507576
7.30609e-10 5.95845e-06 0.000489392
7.30711e-10 5.91604e-06 0.000477177
7.30812e-10 5.5133e-06 0.000472462
7.30913e-10 4.82265e-06 0.000475436
7.31014e-10 3.96691e-06 0.000484936
7.31116e-10 3.09573e-06 0.000498681
7.31217e-10 2.35774e-06 0.000513697
7.31318e-10 1.87373e-06 0.000526855
7.31419e-10 1.71553e-06 0.000535421
7.31521e-10 1.89429e-06 0.000537526
7.31622e-10 2.3601e-06 0.000532479
7.31723e-10 3.01258e-06 0.000520858
7.31825e-10 3.72038e-06 0.000504385
7.31926e-10 4.34568e-06 0.000485597
7.32027e-10 4.76918e-06 0.000467388
7.32128e-10 4.9112e-06 0.000452492
7.3223e-10 4.74489e-06 0.000443011
7.32331e-10 4.29973e-06 0.000440059
7.32432e-10 3.65468e-06 0.000443595
7.32533e-10 2.92268e-06 0.000452447
7.32635e-10 2.22942e-06 0.000464548
7.32736e-10 1.6904e-06 0.000477312
7.32837e-10 1.39049e-06 0.000488097
7.32939e-10 1.36945e-06 0.000494668
7.3304e-10 1.61605e-06 0.000495573
7.33141e-10 2.07142e-06 0.00049038
7.33242e-10 2.64092e-06 0.000479733
7.33344e-10 3.21202e-06 0.000465208
7.33445e-10 3.67498e-06 0.000449027
7.33546e-10 3.94241e-06 0.000433654
7.33647e-10 3.96432e-06 0.000421359
7.33749e-10 3.736e-06 0.000413836
7.3385e-10 3.29772e-06 0.000411915
7.33951e-10 2.72622e-06 0.000415443
7.34052e-10 2.1201e-06 0.00042333
7.34154e-10 1.58152e-06 0.000433758
7.34255e-10 1.19797e-06 0.000444516
7.34356e-10 1.02697e-06 0.000453387
7.34458e-10 1.08672e-06 0.000458534
7.34559e-10 1.35387e-06 0.000458806
7.3466e-10 1.76883e-06 0.000453923
7.34761e-10 2.2474e-06 0.000444506
7.34863e-10 2.69644e-06 0.000431942
7.34964e-10 3.03065e-06 0.000418135
7.35065e-10 3.18752e-06 0.000405162
7.35166e-10 3.13786e-06 0.00039491
7.35268e-10 2.89e-06 0.000388759
7.35369e-10 2.48728e-06 0.000387355
7.3547e-10 1.99942e-06 0.000390515
7.35572e-10 1.50936e-06 0.000397279
7.35673e-10 1.0982e-06 0.000406093
7.35774e-10 8.30888e-07 0.000415093
7.35875e-10 7.45173e-07 0.000422427
7.35977e-10 8.45666e-07 0.000426577
7.36078e-10 1.10398e-06 0.000426607
7.36179e-10 1.46467e-06 0.000422313
7.3628e-10 1.85584e-06 0.000414241
7.36382e-10 2.20227e-06 0.000403569
7.36483e-10 2.43886e-06 0.000391897
7.36584e-10 2.52178e-06 0.000380957
7.36686e-10 2.43563e-06 0.00037232
7.36787e-10 2.19532e-06 0.000367125
7.36888e-10 1.84256e-06 0.000365899
7.36989e-10 1.43774e-06 0.000368482
7.37091e-10 1.04876e-06 0.000374069
7.37192e-10 7.38799e-07 0.000381367
7.37293e-10 5.55392e-07 0.000388827
7.37394e-10 5.22486e-07 0.00039491
7.37496e-10 6.36935e-07 0.000398357
7.37597e-10 8.69856e-07 0.000398389
7.37698e-10 1.17247e-06 0.00039483
7.37799e-10 1.48525e-06 0.000388122
7.37901e-10 1.74872e-06 0.000379232
7.38002e-10 1.91386e-06 0.000369475
7.38103e-10 1.95041e-06 0.000360283
7.38205e-10 1.85163e-06 0.000352953
7.38306e-10 1.63469e-06 0.000348439
7.38407e-10 1.33704e-06 0.000347192
7.38508e-10 1.00913e-06 0.0003491
7.3861e-10 7.05253e-07 0.000353523
7.38711e-10 4.7387e-07 0.000359413
7.38812e-10 3.49349e-07 0.000365506
7.38913e-10 3.46377e-07 0.000370539
7.39015e-10 4.58014e-07 0.000373465
7.39116e-10 6.57582e-07 0.000373623
7.39217e-10 9.03949e-07 0.000370842
7.39319e-10 1.14917e-06 0.000365451
7.3942e-10 1.34705e-06 0.000358213
7.39521e-10 1.4612e-06 0.000350185
7.39622e-10 1.471e-06 0.000342527
7.39724e-10 1.37472e-06 0.000336304
7.39825e-10 1.18921e-06 0.000332315
7.39926e-10 9.46335e-07 0.000330958
7.40027e-10 6.86957e-07 0.000332179
7.40129e-10 4.53503e-07 0.000335495
7.4023e-10 2.82544e-07 0.000340086
7.40331e-10 1.98622e-07 0.000344944
7.40433e-10 2.1039e-07 0.000349049
7.40534e-10 3.09645e-07 0.000351539
7.40635e-10 4.73325e-07 0.000351853
7.40736e-10 6.68024e-07 0.000349812
7.40838e-10 8.56152e-07 0.000345641
7.40939e-10 1.00261e-06 0.000339916
7.4104e-10 1.08077e-06 0.000333457
7.41141e-10 1.07685e-06 0.000327183
7.41243e-10 9.91784e-07 0.000321954
7.41344e-10 8.40587e-07 0.000318429
7.41445e-10 6.49221e-07 0.000316961
7.41546e-10 4.49703e-07 0.00031755
7.41648e-10 2.74339e-07 0.000319853
7.41749e-10 1.50113e-07 0.000323254
7.4185e-10 9.42113e-08 0.000326976
7.41952e-10 1.11407e-07 0.000330217
7.42053e-10 1.93703e-07 0.000332283
7.42154e-10 3.22199e-07 0.000332704
7.42255e-10 4.70777e-07 0.000331302
7.42357e-10 6.10904e-07 0.000328211
7.42458e-10 7.1666e-07 0.000323844
7.42559e-10 7.69119e-07 0.000318814
7.4266e-10 7.59355e-07 0.000313821
7.42762e-10 6.89579e-07 0.000309536
7.42863e-10 5.72312e-07 0.000306488
7.42964e-10 4.27799e-07 0.000304982
7.43066e-10 2.80189e-07 0.000305052
7.43167e-10 1.53194e-07 0.000306473
7.43268e-10 6.60029e-08 0.000308805
7.43369e-10 3.01538e-08 0.000311473
7.43471e-10 4.78601e-08 0.000313874
7.43572e-10 1.12031e-07 0.000315472
7.43673e-10 2.07905e-07 0.000315893
7.43774e-10 3.15941e-07 0.000314973
7.43876e-10 4.15424e-07 0.000312781
7.43977e-10 4.88098e-07 0.000309597
7.44078e-10 5.21229e-07 0.000305854
7.44179e-10 5.09552e-07 0.000302062
7.44281e-10 4.5584e-07 0.000298715
7.44382e-10 3.70042e-07 0.000296212
7.44483e-10 2.67209e-07 0.000294795
7.44585e-10 1.64634e-07 0.000294513
7.44686e-10 7.87278e-08 0.000295224
7.44787e-10 2.2208e-08 0.00029663
7.44888e-10 2.06423e-09 0.00029833
7.4499e-10 1.86306e-08 0.0002999
7.45091e-10 6.58694e-08 0.000300957
7.45192e-10 1.3276e-07 0.000301228
7.45293e-10 2.05495e-07 0.000300588
7.45395e-10 2.70048e-07 0.000299071
7.45496e-10 3.14654e-07 0.000296861
7.45597e-10 3.31757e-07 0.000294248
7.45699e-10 3.19105e-07 0.000291574
7.458e-10 2.79851e-07 0.000289173
7.45901e-10 2.2168e-07 0.000287313
7.46002e-10 1.55186e-07 0.000286156
7.46104e-10 9.18063e-08 0.000285733
7.46205e-10 4.17324e-08 0.00028595
7.46306e-10 1.21524e-08 0.000286611
7.46407e-10 6.14278e-09 0.000287457
7.46509e-10 2.23651e-08 0.000288218
7.4661e-10 5.55838e-08 0.000288655
7.46711e-10 9.78657e-08 0.000288608
7.46813e-10 1.40205e-07 0.000288013
7.46914e-10 1.74249e-07 0.000286908
7.47015e-10 1.93806e-07 0.000285422
7.47116e-10 1.95858e-07 0.00028374
7.47218e-10 1.80924e-07 0.000282074
7.47319e-10 1.52732e-07 0.000280612
7.4742e-10 1.17304e-07 0.000279494
7.47521e-10 8.16548e-08 0.000278785
7.47623e-10 5.23668e-08 0.000278468
7.47724e-10 3.43333e-08 0.000278454
7.47825e-10 2.98925e-08 0.000278605
7.47926e-10 3.85091e-08 0.00027876
7.48028e-10 5.70414e-08 0.000278773
7.48129e-10 8.05162e-08 0.00027854
7.4823e-10 1.03239e-07 0.000278014
7.48332e-10 1.20005e-07 0.000277218
7.48433e-10 1.27171e-07 0.000276229
7.48534e-10 1.23366e-07 0.000275168
7.48635e-10 1.09715e-07 0.000274167
7.48737e-10 8.95431e-08 0.00027334
7.48838e-10 6.76195e-08 0.000272764
7.48939e-10 4.9112e-08 0.000272456
7.4904e-10 3.84659e-08 0.000272375
7.49142e-10 3.84369e-08 0.000272425
7.49243e-10 4.94775e-08 0.000272482
7.49344e-10 6.96022e-08 0.000272412
7.49446e-10 9.47629e-08 0.000272108
7.49547e-10 1.19662e-07 0.000271508
7.49648e-10 1.38844e-07 0.000270614
7.49749e-10 1.47844e-07 0.000269491
7.49851e-10 1.44168e-07 0.000268263
7.49952e-10 1.27898e-07 0.000267083
7.50053e-10 1.01789e-07 0.00026611
7.50154e-10 7.08338e-08 0.000265472
7.50256e-10 4.13542e-08 0.000265241
7.50357e-10 1.97944e-08 0.000265417
7.50458e-10 1.14384e-08 0.000265918
7.5056e-10 1.93018e-08 0.000266597
7.50661e-10 4.34213e-08 0.000267261
7.50762e-10 8.06917e-08 0.000267707
7.50863e-10 1.25304e-07 0.00026776
7.50965e-10 1.6972e-07 0.000267306
7.51066e-10 2.06023e-07 0.00026632
7.51167e-10 2.27399e-07 0.000264869
7.51268e-10 2.29472e-07 0.000263115
7.5137e-10 2.11246e-07 0.000261282
7.51471e-10 1.75453e-07 0.000259624
7.51572e-10 1.28227e-07 0.00025838
7.51673e-10 7.81339e-08 0.000257731
7.51775e-10 3.47199e-08 0.000257764
7.51876e-10 6.81118e-09 0.000258452
7.51977e-10 8.8358e-10 0.000259655
7.52079e-10 1.97887e-08 0.000261135
7.5218e-10 6.20852e-08 0.000262597
7.52281e-10 1.22116e-07 0.000263733
7.52382e-10 1.90843e-07 0.000264278
7.52484e-10 2.57319e-07 0.000264057
7.52585e-10 3.10552e-07 0.000263016
7.52686e-10 3.41445e-07 0.00026124
7.52787e-10 3.44474e-07 0.000258943
7.52889e-10 3.18787e-07 0.000256437
7.5299e-10 2.68531e-07 0.000254083
7.53091e-10 2.02303e-07 0.000252232
7.53193e-10 1.31811e-07 0.000251167
7.53294e-10 6.9947e-08 0.00025105
7.53395e-10 2.85896e-08 0.000251893
7.53496e-10 1.65162e-08 0.000253551
7.53598e-10 3.77855e-08 0.000255736
7.53699e-10 9.08861e-08 0.000258065
7.538e-10 1.68821e-07 0.000260119
7.53901e-10 2.60136e-07 0.000261508
7.54003e-10 3.50748e-07 0.00026194
7.54104e-10 4.26272e-07 0.000261273
7.54205e-10 4.74469e-07 0.000259539
7.54307e-10 4.87388e-07 0.000256948
7.54408e-10 4.62846e-07 0.000253858
7.54509e-10 4.04957e-07 0.00025072
7.5461e-10 3.23605e-07 0.000248007
7.54712e-10 2.32932e-07 0.00024614
7.54813e-10 1.49054e-07 0.000245414
7.54914e-10 8.74001e-08 0.000245948
7.55015e-10 6.00867e-08 0.00024766
7.55117e-10 7.37989e-08 0.000250277
7.55218e-10 1.28529e-07 0.000253372
7.55319e-10 2.17416e-07 0.000256429
7.5542e-10 3.27726e-07 0.000258925
7.55522e-10 4.42849e-07 0.000260416
7.55623e-10 5.44981e-07 0.000260607
7.55724e-10 6.18077e-07 0.000259406
7.55826e-10 6.50563e-07 0.000256943
7.55927e-10 6.37367e-07 0.000253557
7.56028e-10 5.80909e-07 0.000249741
7.56129e-10 4.90859e-07 0.000246071
7.56231e-10 3.8269e-07 0.000243115
7.56332e-10 2.75232e-07 0.000241341
7.56433e-10 1.87617e-07 0.000241037
7.56534e-10 1.36122e-07 0.000242268
7.56636e-10 1.31416e-07 0.000244852
7.56737e-10 1.76678e-07 0.00024839
7.56838e-10 2.66932e-07 0.000252323
7.5694e-10 3.89697e-07 0.000256018
7.57041e-10 5.26908e-07 0.000258865
7.57142e-10 6.57778e-07 0.000260378
7.57243e-10 7.6217e-07 0.000260272
7.57345e-10 8.23916e-07 0.000258515
7.57446e-10 8.33547e-07 0.000255335
7.57547e-10 7.89973e-07 0.000251191
7.57648e-10 7.00808e-07 0.000246707
7.5775e-10 5.81281e-07 0.000242569
7.57851e-10 4.51877e-07 0.000239428
7.57952e-10 3.35077e-07 0.000237785
7.58053e-10 2.51721e-07 0.000237922
7.58155e-10 2.17575e-07 0.00023984
7.58256e-10 2.40674e-07 0.000243264
7.58357e-10 3.1988e-07 0.000247677
7.58459e-10 4.44916e-07 0.000252398
7.5856e-10 5.97891e-07 0.000256684
7.58661e-10 7.56085e-07 0.00025985
7.58762e-10 8.95563e-07 0.000261373
7.58864e-10 9.95044e-07 0.000260981
7.58965e-10 1.0394e-06 0.000258695
7.59066e-10 1.0222e-06 0.000254838
7.59167e-10 9.46886e-07 0.00024998
7.59269e-10 8.2638e-07 0.000244861
7.5937e-10 6.81119e-07 0.000240275
7.59471e-10 5.35875e-07 0.000236946
7.59573e-10 4.15811e-07 0.000235413
7.59674e-10 3.42426e-07 0.000235947
7.59775e-10 3.30029e-07 0.000238501
7.59876e-10 3.83327e-07 0.000242713
7.59978e-10 4.96531e-07 0.000247959
7.60079e-10 6.54132e-07 0.000253443
7.6018e-10 8.33266e-07 0.000258323
7.60281e-10 1.00728e-06 0.000261836
7.60383e-10 1.14998e-06 0.00026342
7.60484e-10 1.23981e-06 0.000262807
7.60585e-10 1.26342e-06 0.000260063
7.60687e-10 1.21789e-06 0.000255587
7.60788e-10 1.11135e-06 0.000250053
7.60889e-10 9.61817e-07 0.000244308
7.6099e-10 7.94457e-07 0.000239247
7.61092e-10 6.37639e-07 0.000235672
7.61193e-10 5.18451e-07 0.000234166
7.61294e-10 4.58345e-07 0.000235005
7.61395e-10 4.69644e-07 0.000238106
7.61497e-10 5.53454e-07 0.000243037
7.61598e-10 6.99346e-07 0.000249079
7.61699e-10 8.8687e-07 0.000255332
7.618e-10 1.08868e-06 0.000260852
7.61902e-10 1.27483e-06 0.000264797
7.62003e-10 1.41746e-06 0.000266553
7.62104e-10 1.49528e-06 0.000265837
7.62206e-10 1.49705e-06 0.000262741
7.62307e-10 1.42347e-06 0.000257725
7.62408e-10 1.28719e-06 0.000251549
7.62509e-10 1.11099e-06 0.000245162
7.62611e-10 9.24293e-07 0.000239559
7.62712e-10 7.58525e-07 0.000235628
7.62813e-10 6.42225e-07 0.000234013
7.62914e-10 5.96458e-07 0.000235015
7.63016e-10 6.31406e-07 0.000238537
7.63117e-10 7.44629e-07 0.000244098
7.63218e-10 9.21301e-07 0.000250902
7.6332e-10 1.13641e-06 0.00025795
7.63421e-10 1.35859e-06 0.000264199
7.63522e-10 1.55498e-06 0.00026871
7.63623e-10 1.69641e-06 0.000270803
7.63725e-10 1.76203e-06 0.000270154
7.63826e-10 1.74268e-06 0.000266854
7.63927e-10 1.64247e-06 0.0002614
7.64028e-10 1.47828e-06 0.000254622
7.6413e-10 1.27727e-06 0.000247561
7.64231e-10 1.07268e-06 0.000241316
7.64332e-10 8.98731e-07 0.000236874
7.64434e-10 7.85227e-07 0.000234961
7.64535e-10 7.52851e-07 0.000235932
7.64636e-10 8.09816e-07 0.000239708
7.64737e-10 9.50441e-07 0.000245785
7.64839e-10 1.15589e-06 0.000253306
7.6494e-10 1.39699e-06 0.000261188
7.65041e-10 1.63865e-06 0.00026828
7.65142e-10 1.84531e-06 0.000273538
7.65244e-10 1.98651e-06 0.000276183
7.65345e-10 2.04164e-06 0.000275824
7.65446e-10 2.00334e-06 0.000272518
7.65547e-10 1.87871e-06 0.000266765
7.65649e-10 1.68842e-06 0.000259444
7.6575e-10 1.4636e-06 0.000251678
7.65851e-10 1.2411e-06 0.00024467
7.65953e-10 1.05785e-06 0.000239524
7.66054e-10 9.45047e-07 0.000237077
7.66155e-10 9.23317e-07 0.000237771
7.66256e-10 9.99351e-07 0.00024158
7.66358e-10 1.16474e-06 0.000248014
7.66459e-10 1.39712e-06 0.000256182
7.6656e-10 1.66351e-06 0.000264927
7.66661e-10 1.92529e-06 0.000272991
7.66763e-10 2.14416e-06 0.000279207
7.66864e-10 2.28805e-06 0.000282672
7.66965e-10 2.33617e-06 0.000282885
7.67067e-10 2.28234e-06 0.000279827
7.67168e-10 2.13609e-06 0.000273969
7.67269e-10 1.92133e-06 0.000266204
7.6737e-10 1.67283e-06 0.000257722
7.67472e-10 1.43094e-06 0.000249831
7.67573e-10 1.23543e-06 0.000243766
7.67674e-10 1.11935e-06 0.000240504
7.67775e-10 1.10383e-06 0.000240615
7.67877e-10 1.19476e-06 0.000244174
7.67978e-10 1.3817e-06 0.000250745
7.68079e-10 1.63933e-06 0.000259439
7.68181e-10 1.93117e-06 0.000269044
7.68282e-10 2.21514e-06 0.0002782
7.68383e-10 2.44992e-06 0.000285602
7.68484e-10 2.60131e-06 0.000290192
7.68586e-10 2.6476e-06 0.000291319
7.68687e-10 2.58296e-06 0.000288839
7.68788e-10 2.41853e-06 0.000283143
7.68889e-10 2.18089e-06 0.000275101
7.68991e-10 1.9081e-06 0.000265942
7.69092e-10 1.64401e-06 0.000257072
7.69193e-10 1.4316e-06 0.000249869
7.69294e-10 1.30639e-06 0.000245479
7.69396e-10 1.29095e-06 0.000244647
7.69497e-10 1.3913e-06 0.000247597
7.69598e-10 1.59583e-06 0.000254001
7.697e-10 1.87693e-06 0.000263018
7.69801e-10 2.19501e-06 0.000273415
7.69902e-10 2.50446e-06 0.000283744
7.70003e-10 2.7605e-06 0.000292553
7.70105e-10 2.92605e-06 0.0002986
7.70206e-10 2.97745e-06 0.00030104
7.70307e-10 2.90815e-06 0.000299548
7.70408e-10 2.72995e-06 0.000294378
7.7051e-10 2.4713e-06 0.000286323
7.70611e-10 2.17319e-06 0.000276613
7.70712e-10 1.88305e-06 0.00026673
7.70814e-10 1.64756e-06 0.000258197
7.70915e-10 1.5056e-06 0.000252356
7.71016e-10 1.48227e-06 0.000250168
7.71117e-10 1.58493e-06 0.000252067
7.71219e-10 1.80195e-06 0.000257898
7.7132e-10 2.10424e-06 0.000266926
7.71421e-10 2.44952e-06 0.000277944
7.71522e-10 2.78859e-06 0.000289444
7.71624e-10 3.07267e-06 0.000299834
7.71725e-10 3.26084e-06 0.000307668
7.71826e-10 3.32623e-06 0.000311863
7.71928e-10 3.26026e-06 0.000311854
7.72029e-10 3.0741e-06 0.000307688
7.7213e-10 2.79716e-06 0.000300015
7.72231e-10 2.47288e-06 0.000290007
7.72333e-10 2.15224e-06 0.000279184
7.72434e-10 1.88623e-06 0.000269202
7.72535e-10 1.71811e-06 0.000261611
7.72636e-10 1.67689e-06 0.000257628
7.72738e-10 1.77276e-06 0.000257959
7.72839e-10 1.99541e-06 0.000262691
7.7294e-10 2.31539e-06 0.000271274
7.73041e-10 2.68833e-06 0.000282595
7.73143e-10 3.06147e-06 0.000295134
7.73244e-10 3.38147e-06 0.000307183
7.73345e-10 3.60244e-06 0.000317087
7.73447e-10 3.69287e-06 0.000323491
7.73548e-10 3.6405e-06 0.000325531
7.73649e-10 3.45433e-06 0.000322969
7.7375e-10 3.16349e-06 0.00031623
7.73852e-10 2.81309e-06 0.000306349
7.73953e-10 2.45758e-06 0.000294824
7.74054e-10 2.15278e-06 0.000283405
7.74155e-10 1.94748e-06 0.000273844
7.74257e-10 1.87612e-06 0.000267644
7.74358e-10 1.95351e-06 0.000265835
7.74459e-10 2.17244e-06 0.000268828
7.74561e-10 2.50449e-06 0.000276346
7.74662e-10 2.90413e-06 0.000287459
7.74763e-10 3.31529e-06 0.000300714
7.74864e-10 3.6796e-06 0.000314336
7.74966e-10 3.94508e-06 0.000326482
7.75067e-10 4.07392e-06 0.000335505
7.75168e-10 4.04826e-06 0.000340193
7.75269e-10 3.87299e-06 0.000339946
7.75371e-10 3.57532e-06 0.000334867
7.75472e-10 3.20087e-06 0.000325752
7.75573e-10 2.80718e-06 0.000313986
7.75674e-10 2.45521e-06 0.000301347
7.75776e-10 2.20038e-06 0.000289754
7.75877e-10 2.08431e-06 0.000280997
7.75978e-10 2.12848e-06 0.000276475
7.7608e-10 2.3309e-06 0.000276999
7.76181e-10 2.66613e-06 0.000282665
7.76282e-10 3.08884e-06 0.000292838
7.76383e-10 3.54029e-06 0.000306235
7.76485e-10 3.95691e-06 0.000321101
7.76586e-10 4.27961e-06 0.00033546
7.76687e-10 4.46253e-06 0.000347386
7.76788e-10 4.47999e-06 0.000355289
7.7689e-10 4.33044e-06 0.000358133
7.76991e-10 4.03692e-06 0.000355598
7.77092e-10 3.64396e-06 0.000348124
7.77194e-10 3.21117e-06 0.000336861
7.77295e-10 2.80468e-06 0.000323506
7.77396e-10 2.48744e-06 0.000310073
7.77497e-10 2.30995e-06 0.000298605
7.77599e-10 2.3027e-06 0.000290887
7.777e-10 2.47151e-06 0.000288187
7.77801e-10 2.79639e-06 0.000291078
7.77902e-10 3.23427e-06 0.000299345
7.78004e-10 3.72503e-06 0.000312012
7.78105e-10 4.20019e-06 0.000327472
7.78206e-10 4.5928e-06 0.000343709
7.78308e-10 4.84732e-06 0.00035858
7.78409e-10 4.92785e-06 0.000370117
7.7851e-10 4.82355e-06 0.000376808
7.78611e-10 4.55054e-06 0.000377809
7.78713e-10 4.14975e-06 0.000373075
7.78814e-10 3.68124e-06 0.000363371
7.78915e-10 3.21563e-06 0.000350171
7.79016e-10 2.82385e-06 0.000335455
7.79118e-10 2.56683e-06 0.000321438
7.79219e-10 2.48651e-06 0.000310258
7.7932e-10 2.59954e-06 0.000303673
7.79421e-10 2.89455e-06 0.000302813
7.79523e-10 3.33357e-06 0.000308015
7.79624e-10 3.85725e-06 0.000318769
7.79725e-10 4.39328e-06 0.00033378
7.79827e-10 4.8668e-06 0.000351147
7.79928e-10 5.2112e-06 0.000368621
7.80029e-10 5.37793e-06 0.000383919
7.8013e-10 5.34372e-06 0.000395043
7.80232e-10 5.11421e-06 0.000400564
7.80333e-10 4.72345e-06 0.000399824
7.80434e-10 4.22927e-06 0.000393041
7.80535e-10 3.7051e-06 0.000381276
7.80637e-10 3.22956e-06 0.000366304
7.80738e-10 2.87507e-06 0.000350362
7.80839e-10 2.69734e-06 0.000335847
7.80941e-10 2.72713e-06 0.000324979
7.81042e-10 2.96552e-06 0.00031949
7.81143e-10 3.38348e-06 0.000320382
7.81244e-10 3.92568e-06 0.000327776
7.81346e-10 4.51829e-06 0.000340888
7.81447e-10 5.07934e-06 0.000358135
7.81548e-10 5.53054e-06 0.000377341
7.81649e-10 5.80857e-06 0.000396042
7.81751e-10 5.87435e-06 0.000411822
7.81852e-10 5.71897e-06 0.000422649
7.81953e-10 5.36526e-06 0.000427165
7.82055e-10 4.86486e-06 0.000424874
7.82156e-10 4.29111e-06 0.000416225
7.82257e-10 3.72871e-06 0.000402555
7.82358e-10 3.26171e-06 0.000385911
7.8246e-10 2.96139e-06 0.000368773
7.82561e-10 2.87592e-06 0.000353715
7.82662e-10 3.02317e-06 0.000343048
7.82763e-10 3.38785e-06 0.000338498
7.82865e-10 3.92331e-06 0.000340963
7.82966e-10 4.55791e-06 0.000350379
7.83067e-10 5.20498e-06 0.000365725
7.83168e-10 5.77509e-06 0.000385151
7.8327e-10 6.18881e-06 0.000406226
7.83371e-10 6.38817e-06 0.000426273
7.83472e-10 6.3452e-06 0.000442733
7.83574e-10 6.06623e-06 0.000453518
7.83675e-10 5.5914e-06 0.000457306
7.83776e-10 4.98928e-06 0.000453729
7.83877e-10 4.34741e-06 0.00044343
7.83979e-10 3.75999e-06 0.000427987
7.8408e-10 3.31461e-06 0.000409702
7.84181e-10 3.07959e-06 0.000391292
7.84282e-10 3.0941e-06 0.000375518
7.84384e-10 3.36226e-06 0.000364808
7.84485e-10 3.85212e-06 0.000360919
7.84586e-10 4.49985e-06 0.000364688
7.84688e-10 5.2184e-06 0.000375915
7.84789e-10 5.90967e-06 0.000393374
7.8489e-10 6.47827e-06 0.000414976
7.84991e-10 6.8451e-06 0.000438046
7.85093e-10 6.95878e-06 0.000459685
7.85194e-10 6.80324e-06 0.000477165
7.85295e-10 6.40038e-06 0.000488302
7.85396e-10 5.80744e-06 0.000491759
7.85498e-10 5.10925e-06 0.000487242
7.85599e-10 4.40656e-06 0.000475544
7.857e-10 3.80199e-06 0.000458447
7.85802e-10 3.38547e-06 0.000438491
7.85903e-10 3.22147e-06 0.000418634
7.86004e-10 3.33952e-06 0.000401847
7.86105e-10 3.72969e-06 0.000390718
7.86207e-10 4.34352e-06 0.000387088
7.86308e-10 5.10037e-06 0.000391798
7.86409e-10 5.89851e-06 0.000404563
7.8651e-10 6.62912e-06 0.000424004
7.86612e-10 7.19161e-06 0.000447821
7.86713e-10 7.50783e-06 0.000473098
7.86814e-10 7.53338e-06 0.000496698
7.86915e-10 7.26421e-06 0.00051568
7.87017e-10 6.73769e-06 0.000527707
7.87118e-10 6.02784e-06 0.000531362
7.87219e-10 5.23536e-06 0.000526354
7.87321e-10 4.47379e-06 0.000513566
7.87422e-10 3.85374e-06 0.000494944
7.87523e-10 3.46732e-06 0.000473249
7.87624e-10 3.37504e-06 0.000451684
7.87726e-10 3.5969e-06 0.00043347
7.87827e-10 4.10914e-06 0.00042141
7.87928e-10 4.84705e-06 0.000417503
7.88029e-10 5.71349e-06 0.000422671
7.88131e-10 6.59218e-06 0.000436621
7.88232e-10 7.36362e-06 0.000457874
7.88333e-10 7.92187e-06 0.000483954
7.88435e-10 8.18941e-06 0.000511714
7.88536e-10 8.1284e-06 0.000537748
7.88637e-10 7.74637e-06 0.000558856
7.88738e-10 7.09577e-06 0.000572469
7.8884e-10 6.26717e-06 0.000577006
7.88941e-10 5.37712e-06 0.000572092
7.89042e-10 4.55219e-06 0.000558623
7.89143e-10 3.91154e-06 0.000538658
7.89245e-10 3.55017e-06 0.00051515
7.89346e-10 3.52543e-06 0.000491562
7.89447e-10 3.84859e-06 0.000471404
7.89548e-10 4.48272e-06 0.000457764
7.8965e-10 5.34718e-06 0.000452892
7.89751e-10 6.32832e-06 0.000457886
7.89852e-10 7.29484e-06 0.000472537
7.89954e-10 8.11577e-06 0.000495345
7.90055e-10 8.67866e-06 0.000523705
7.90156e-10 8.90536e-06 0.000554246
7.90257e-10 8.76333e-06 0.000583274
7.90359e-10 8.27068e-06 0.000607264
7.9046e-10 7.49431e-06 0.00062333
7.90561e-10 6.54124e-06 0.000629619
7.90662e-10 5.54437e-06 0.000625566
7.90764e-10 4.64439e-06 0.000611984
7.90865e-10 3.97045e-06 0.000590969
7.90966e-10 3.62218e-06 0.000565631
7.91068e-10 3.65558e-06 0.000539692
7.91169e-10 4.07471e-06 0.000516995
7.9127e-10 4.8305e-06 0.000500995
7.91371e-10 5.8268e-06 0.000494295
7.91473e-10 6.93306e-06 0.000498293
7.91574e-10 8.00187e-06 0.000512979
7.91675e-10 8.88898e-06 0.000536932
7.91776e-10 9.47327e-06 0.000567484
7.91878e-10 9.67362e-06 0.000601071
7.91979e-10 9.46066e-06 0.000633692
7.9208e-10 8.86141e-06 0.000661435
7.92182e-10 7.95632e-06 0.000680997
7.92283e-10 6.86893e-06 0.000690131
7.92384e-10 5.74948e-06 0.000687949
7.92485e-10 4.75464e-06 0.000675054
7.92587e-10 4.02613e-06 0.000653478
7.92688e-10 3.67109e-06 0.000626428
7.92789e-10 3.74698e-06 0.000597867
7.9289e-10 4.25305e-06 0.000572009
7.92992e-10 5.12967e-06 0.000552755
7.93093e-10 6.26572e-06 0.000543183
7.93194e-10 7.51309e-06 0.000545127
7.93295e-10 8.70643e-06 0.000558929
7.93397e-10 9.68552e-06 0.000583374
7.93498e-10 1.03172e-05 0.000615837
7.93599e-10 1.05138e-05 0.000652614
7.93701e-10 1.0246e-05 0.000689396
7.93802e-10 9.54715e-06 0.000721833
7.93903e-10 8.51002e-06 0.000746105
7.94004e-10 7.27466e-06 0.000759427
7.94106e-10 6.0101e-06 0.000760427
7.94207e-10 4.8917e-06 0.000749343
7.94308e-10 4.0774e-06 0.000728002
7.94409e-10 3.68604e-06 0.000699605
7.94511e-10 3.78063e-06 0.000668315
7.94612e-10 4.35906e-06 0.000638725
7.94713e-10 5.35354e-06 0.000615258
7.94815e-10 6.63882e-06 0.00060159
7.94916e-10 8.04847e-06 0.000600157
7.95017e-10 9.39686e-06 0.000611828
7.95118e-10 1.0504e-05 0.000635772
7.9522e-10 1.12201e-05 0.000669547
7.95321e-10 1.14461e-05 0.00070941
7.95422e-10 1.11479e-05 0.000750783
7.95523e-10 1.03619e-05 0.000788847
7.95625e-10 9.19099e-06 0.000819167
7.95726e-10 7.79145e-06 0.000838275
7.95827e-10 6.3528e-06 0.000844129
7.95929e-10 5.07257e-06 0.000836398
7.9603e-10 4.12976e-06 0.000816523
7.96131e-10 3.66044e-06 0.000787544
7.96232e-10 3.73884e-06 0.000753725
7.96334e-10 4.36644e-06 0.000720016
7.96435e-10 5.47077e-06 0.000691407
7.96536e-10 6.91413e-06 0.000672292
7.96637e-10 8.51119e-06 0.000665885
7.96739e-10 1.00533e-05 0.00067379
7.9684e-10 1.1336e-05 0.000695782
7.96941e-10 1.21869e-05 0.000729809
7.97042e-10 1.2489e-05 0.000772244
7.97144e-10 1.21973e-05 0.000818334
7.97245e-10 1.13459e-05 0.000862807
7.97346e-10 1.00444e-05 0.000900546
7.97448e-10 8.46447e-06 0.000927253
7.97549e-10 6.81768e-06 0.000940013
7.9765e-10 5.32764e-06 0.000937691
7.97751e-10 4.20035e-06 0.000921089
7.97853e-10 3.59633e-06 0.000892871
7.97954e-10 3.60852e-06 0.000857237
7.98055e-10 4.24885e-06 0.000819398
7.98156e-10 5.44549e-06 0.000784915
7.98258e-10 7.05123e-06 0.000758988
7.98359e-10 8.86203e-06 0.00074578
7.9846e-10 1.06434e-05 0.00074787
7.98562e-10 1.21614e-05 0.000765906
7.98663e-10 1.32134e-05 0.000798498
7.98764e-10 1.36561e-05 0.000842374
7.98865e-10 1.34252e-05 0.000892783
7.98967e-10 1.2545e-05 0.000944085
7.99068e-10 1.11267e-05 0.000990466
7.99169e-10 9.35485e-06 0.00102669
7.9927e-10 7.46376e-06 0.00104875
7.99372e-10 5.70725e-06 0.00105445
7.99473e-10 4.32515e-06 0.00104364
7.99574e-10 3.51128e-06 0.00101831
7.99676e-10 3.38701e-06 0.000982338
7.99777e-10 3.98414e-06 0.00094101
7.99878e-10 5.23928e-06 0.000900374
7.99979e-10 7.00088e-06 0.000866467
8.00081e-10 9.04796e-06 0.000844544
8.00182e-10 1.11183e-05 0.000838401
8.00283e-10 1.29427e-05 0.00084987
8.00384e-10 1.42801e-05 0.000878566
8.00486e-10 1.49503e-05 0.000921908
8.00587e-10 1.48585e-05 0.000975426
8.00688e-10 1.4009e-05 0.00103331
8.00789e-10 1.25063e-05 0.00108913
8.00891e-10 1.05429e-05 0.00113664
8.00992e-10 8.37503e-06 0.00117061
8.01093e-10 6.28998e-06 0.00118747
8.01195e-10 4.56866e-06 0.00118577
8.01296e-10 3.44852e-06 0.00116644
8.01397e-10 3.09163e-06 0.00113265
8.01498e-10 3.56217e-06 0.00108947
8.016e-10 4.81649e-06 0.00104322
8.01701e-10 6.70723e-06 0.00100071
8.01802e-10 9.00102e-06 0.000968353
8.01903e-10 1.14079e-05 0.000951367
8.02005e-10 1.36183e-05 0.000953099
8.02106e-10 1.53439e-05 0.000974575
8.02207e-10 1.63549e-05 0.00101434
8.02309e-10 1.6512e-05 0.00106863
8.0241e-10 1.57853e-05 0.00113179
8.02511e-10 1.42607e-05 0.00119699
8.02612e-10 1.21295e-05 0.00125707
8.02714e-10 9.66595e-06 0.00130545
8.02815e-10 7.19201e-06 0.00133693
8.02916e-10 5.03635e-06 0.00134841
8.03017e-10 3.49139e-06 0.00133929
8.03119e-10 2.77454e-06 0.00131155
8.0322e-10 2.9986e-06 0.00126955
8.03321e-10 4.15546e-06 0.00121954
8.03422e-10 6.11518e-06 0.00116885
8.03524e-10 8.64103e-06 0.00112499
8.03625e-10 1.14187e-05 0.00109473
8.03726e-10 1.40958e-05 0.00108323
8.03828e-10 1.63275e-05 0.00109335
8.03929e-10 1.78213e-05 0.00112531
8.0403e-10 1.83759e-05 0.00117658
8.04131e-10 1.79089e-05 0.00124219
8.04233e-10 1.64694e-05 0.00131534
8.04334e-10 1.42337e-05 0.00138818
8.04435e-10 1.14846e-05 0.00145283
8.04536e-10 8.57626e-06 0.00150235
8.04638e-10 5.88933e-06 0.00153161
8.04739e-10 3.78222e-06 0.00153797
8.0484e-10 2.54418e-06 0.00152163
8.04942e-10 2.35673e-06 0.00148565
8.05043e-10 3.26837e-06 0.00143557
8.05144e-10 5.18622e-06 0.00137883
8.05245e-10 7.8857e-06 0.00132375
8.05347e-10 1.10374e-05 0.00127861
8.05448e-10 1.42481e-05 0.00125055
8.05549e-10 1.71102e-05 0.0012447
8.0565e-10 1.92545e-05 0.00126349
8.05752e-10 2.03984e-05 0.00130633
8.05853e-10 2.03835e-05 0.00136964
8.05954e-10 1.91984e-05 0.00144728
8.06056e-10 1.69824e-05 0.00153123
8.06157e-10 1.40101e-05 0.00161263
8.06258e-10 1.06582e-05 0.0016828
8.06359e-10 7.35889e-06 0.00173438
8.06461e-10 4.54488e-06 0.00176224
8.06562e-10 2.59399e-06 0.00176412
8.06663e-10 1.77956e-06 0.001741
8.06764e-10 2.23368e-06 0.00169695
8.06866e-10 3.92783e-06 0.00163874
8.06967e-10 6.67388e-06 0.00157498
8.07068e-10 1.01456e-05 0.00151511
8.07169e-10 1.39183e-05 0.00146823
8.07271e-10 1.75212e-05 0.00144197
8.07372e-10 2.04977e-05 0.00144153
8.07473e-10 2.24633e-05 0.001469
8.07575e-10 2.31567e-05 0.00152308
8.07676e-10 2.24749e-05 0.00159917
8.07777e-10 2.04891e-05 0.00168993
8.07878e-10 1.74387e-05 0.0017861
8.0798e-10 1.37031e-05 0.00187767
8.08081e-10 9.75635e-06 0.00195508
8.08182e-10 6.10748e-06 0.00201038
8.08283e-10 3.23661e-06 0.00203828
8.08385e-10 1.53307e-06 0.0020368
8.08486e-10 1.24429e-06 0.00200756
8.08587e-10 2.44183e-06 0.00195565
8.08689e-10 5.00932e-06 0.00188902
8.0879e-10 8.65411e-06 0.00181758
8.08891e-10 1.29415e-05 0.00175197
8.08992e-10 1.73475e-05 0.00170229
8.09094e-10 2.13242e-05 0.00167685
8.09195e-10 2.43686e-05 0.00168111
8.09296e-10 2.60876e-05 0.001717
8.09397e-10 2.62497e-05 0.00178261
8.09499e-10 2.48169e-05 0.00187241
8.096e-10 2.19532e-05 0.00197782
8.09701e-10 1.80068e-05 0.00208828
8.09803e-10 1.34698e-05 0.00219248
8.09904e-10 8.91775e-06 0.00227973
8.10005e-10 4.93844e-06 0.00234129
8.10106e-10 2.05784e-06 0.00237147
8.10208e-10 6.72416e-07 0.00236834
8.10309e-10 9.96824e-07 0.00233404
8.1041e-10 3.03365e-06 0.00227456
8.10511e-10 6.56944e-06 0.00219907
8.10613e-10 1.11979e-05 0.00211885
8.10714e-10 1.6368e-05 0.00204596
8.10815e-10 2.14506e-05 0.00199173
8.10916e-10 2.58169e-05 0.00196542
8.11018e-10 2.89173e-05 0.00197308
8.11119e-10 3.03522e-05 0.00201671
8.1122e-10 2.99247e-05 0.002094
8.11322e-10 2.76691e-05 0.00219856
8.11423e-10 2.38507e-05 0.00232061
8.11524e-10 1.89361e-05 0.00244815
8.11625e-10 1.35383e-05 0.00256836
8.11727e-10 8.34217e-06 0.00266913
8.11828e-10 4.01995e-06 0.0027406
8.11929e-10 1.14642e-06 0.00277632
8.1203e-10 1.25261e-07 0.00277411
8.12132e-10 1.13545e-06 0.00273638
8.12233e-10 4.10494e-06 0.00266989
8.12334e-10 8.71532e-06 0.00258503
8.12436e-10 1.44374e-05 0.00249458
8.12537e-10 2.05937e-05 0.00241222
8.12638e-10 2.64408e-05 0.00235089
8.12739e-10 3.12607e-05 0.00232119
8.12841e-10 3.44517e-05 0.00233014
8.12942e-10 3.56048e-05 0.0023802
8.13043e-10 3.45586e-05 0.00246895
8.13144e-10 3.14238e-05 0.00258933
8.13246e-10 2.65739e-05 0.00273037
8.13347e-10 2.06033e-05 0.0028785
8.13448e-10 1.42573e-05 0.00301913
8.1355e-10 8.34181e-06 0.00313839
8.13651e-10 3.62391e-06 0.00322479
8.13752e-10 7.36006e-07 0.00327067
8.13853e-10 9.46976e-08 0.00327316
8.13955e-10 1.84527e-06 0.00323457
8.14056e-10 5.8389e-06 0.00316224
8.14157e-10 1.1646e-05 0.00306768
8.14258e-10 1.86048e-05 0.0029653
8.1436e-10 2.58991e-05 0.0028707
8.14461e-10 3.26573e-05 0.00279881
8.14562e-10 3.80591e-05 0.00276213
8.14663e-10 4.1438e-05 0.00276918
8.14765e-10 4.23672e-05 0.0028234
8.14866e-10 4.07157e-05 0.00292271
8.14967e-10 3.66705e-05 0.00305964
8.15069e-10 3.07185e-05 0.00322215
8.1517e-10 2.35916e-05 0.00339502
8.15271e-10 1.6181e-05 0.00356159
8.15372e-10 9.42932e-06 0.00370573
8.15474e-10 4.21537e-06 0.0038138
8.15575e-10 1.24474e-06 0.00387628
8.15676e-10 9.59665e-07 0.00388898
8.15777e-10 3.47996e-06 0.00385361
8.15879e-10 8.58272e-06 0.00377768
8.1598e-10 1.57239e-05 0.0036737
8.16081e-10 2.40996e-05 0.00355776
8.16183e-10 3.27409e-05 0.00344765
8.16284e-10 4.06297e-05 0.00336082
8.16385e-10 4.68236e-05 0.00331228
8.16486e-10 5.05725e-05 0.00331279
8.16588e-10 5.14145e-05 0.00336748
8.16689e-10 4.92375e-05 0.00347524
8.1679e-10 4.42987e-05 0.00362866
8.16891e-10 3.71998e-05 0.00381488
8.16993e-10 2.88188e-05 0.004017
8.17094e-10 2.02073e-05 0.00421603
8.17195e-10 1.24648e-05 0.00439308
8.17296e-10 6.6046e-06 0.00453162
8.17398e-10 3.42878e-06 0.00461947
8.17499e-10 3.42618e-06 0.0046503
8.176e-10 6.70754e-06 0.00462445
8.17702e-10 1.29856e-05 0.00454904
8.17803e-10 2.16035e-05 0.00443721
8.17904e-10 3.16089e-05 0.00430666
8.18005e-10 4.1865e-05 0.00417764
8.18107e-10 5.11867e-05 0.00407063
8.18208e-10 5.84838e-05 0.00400391
8.18309e-10 6.28957e-05 0.00399137
8.1841e-10 6.39003e-05 0.00404084
8.18512e-10 6.13827e-05 0.00415301
8.18613e-10 5.56567e-05 0.00432132
8.18714e-10 4.74328e-05 0.00453255
8.18816e-10 3.77393e-05 0.00476828
8.18917e-10 2.78019e-05 0.00500699
8.19018e-10 1.88982e-05 0.00522653
8.19119e-10 1.22036e-05 0.00540669
8.19221e-10 8.64703e-06 0.00553161
8.19322e-10 8.79413e-06 0.00559171
8.19423e-10 1.2773e-05 0.00558495
8.19524e-10 2.02519e-05 0.00551711
8.19626e-10 3.04716e-05 0.00540132
8.19727e-10 4.23315e-05 0.00525662
8.19828e-10 5.45168e-05 0.00510581
8.1993e-10 6.56545e-05 0.00497288
8.20031e-10 7.44787e-05 0.00488022
8.20132e-10 7.99855e-05 0.00484595
8.20233e-10 8.15581e-05 0.00488178
8.20335e-10 7.90475e-05 0.00499153
8.20436e-10 7.27978e-05 0.00517053
8.20537e-10 6.36122e-05 0.00540605
8.20638e-10 5.26629e-05 0.00567863
8.2074e-10 4.1356e-05 0.00596426
8.20841e-10 3.11649e-05 0.00623707
8.20942e-10 2.34544e-05 0.00647236
8.21043e-10 1.93147e-05 0.00664942
8.21145e-10 1.94259e-05 0.00675407
8.21246e-10 2.3971e-05 0.00678037
8.21347e-10 3.26063e-05 0.00673151
8.21449e-10 4.44954e-05 0.00661951
8.2155e-10 5.84029e-05 0.00646406
8.21651e-10 7.28371e-05 0.00629031
8.21752e-10 8.6226e-05 0.00612608
8.21854e-10 9.71045e-05 0.00599865
8.21955e-10 0.000104292 0.00593163
8.22056e-10 0.000107038 0.00594215
8.22157e-10 0.000105118 0.00603875
8.22259e-10 9.88659e-05 0.00622026
8.2236e-10 8.91449e-05 0.00647581
8.22461e-10 7.72479e-05 0.00678583
8.22563e-10 6.47495e-05 0.00712425
8.22664e-10 5.33218e-05 0.00746137
8.22765e-10 4.45354e-05 0.00776721
8.22866e-10 3.96703e-05 0.00801499
8.22968e-10 3.95604e-05 0.00818425
8.23069e-10 4.4488e-05 0.00826335
8.2317e-10 5.41442e-05 0.00825095
8.23271e-10 6.7659e-05 0.00815634
8.23373e-10 8.36992e-05 0.00799857
8.23474e-10 0.000100622 0.00780441
8.23575e-10 0.000116668 0.00760543
8.23677e-10 0.000130169 0.00743444
8.23778e-10 0.000139751 0.00732176
8.23879e-10 0.000144495 0.00729166
8.2398e-10 0.000144057 0.00735949
8.24082e-10 0.000138711 0.00752978
8.24183e-10 0.000129327 0.0077955
8.24284e-10 0.000117266 0.00813866
8.24385e-10 0.000104229 0.00853223
8.24487e-10 9.20543e-05 0.008943
8.24588e-10 8.2504e-05 0.00933535
8.24689e-10 7.70505e-05 0.00967525
8.2479e-10 7.67019e-05 0.00993419
8.24892e-10 8.18788e-05 0.0100926
8.24993e-10 9.23603e-05 0.010142
8.25094e-10 0.000107307 0.0100866
8.25196e-10 0.000125355 0.00994276
8.25297e-10 0.000144778 0.00973729
8.25398e-10 0.000163688 0.00950475
8.25499e-10 0.00018026 0.0092836
8.25601e-10 0.000192948 0.00911182
8.25702e-10 0.00020067 0.00902266
8.25803e-10 0.000202938 0.0090407
8.25904e-10 0.000199921 0.00917891
8.26006e-10 0.000192423 0.00943699
8.26107e-10 0.000181792 0.00980112
8.26208e-10 0.00016976 0.0102453
8.2631e-10 0.000158242 0.0107342
8.26411e-10 0.000149107 0.0112268
8.26512e-10 0.000143955 0.011681
8.26613e-10 0.000143933 0.0120587
8.26715e-10 0.000149596 0.0123297
8.26816e-10 0.000160843 0.0124755
8.26917e-10 0.000176934 0.0124919
8.27018e-10 0.000196577 0.0123894
8.2712e-10 0.000218085 0.012192
8.27221e-10 0.000239579 0.0119357
8.27322e-10 0.000259215 0.0116636
8.27424e-10 0.000275397 0.0114218
8.27525e-10 0.000286972 0.0112539
8.27626e-10 0.000293364 0.0111962
8.27727e-10 0.000294632 0.0112736
8.27829e-10 0.000291466 0.011496
8.2793e-10 0.000285091 0.0118576
8.28031e-10 0.000277121 0.0123368
8.28132e-10 0.000269356 0.0128986
8.28234e-10 0.00026357 0.0134981
8.28335e-10 0.000261293 0.0140856
8.28436e-10 0.00026364 0.0146119
8.28537e-10 0.000271177 0.0150339
8.28639e-10 0.000283868 0.0153199
8.2874e-10 0.000301092 0.0154529
8.28841e-10 0.000321733 0.0154331
8.28943e-10 0.000344325 0.0152782
8.29044e-10 0.000367247 0.0150216
8.29145e-10 0.00038892 0.0147091
8.29246e-10 0.000408006 0.0143938
8.29348e-10 0.000423567 0.0141303
8.29449e-10 0.000435167 0.0139689
8.2955e-10 0.000442916 0.0139494
8.29651e-10 0.000447434 0.0140967
8.29753e-10 0.000449752 0.0144178
8.29854e-10 0.000451172 0.0149004
8.29955e-10 0.000453082 0.015514
8.30057e-10 0.000456776 0.0162133
8.30158e-10 0.000463285 0.0169425
8.30259e-10 0.000473256 0.0176418
8.3036e-10 0.000486882 0.0182536
8.30462e-10 0.000503899 0.0187293
8.30563e-10 0.000523649 0.019035
8.30664e-10 0.000545197 0.0191554
8.30765e-10 0.000567484 0.0190956
8.30867e-10 0.000589493 0.0188816
8.30968e-10 0.000610412 0.0185572
8.31069e-10 0.000629752 0.0181796
8.31171e-10 0.000647423 0.0178136
8.31272e-10 0.000663739 0.017524
8.31373e-10 0.000679362 0.0173685
8.31474e-10 0.000695182 0.0173914
8.31576e-10 0.000712169 0.0176182
8.31677e-10 0.000731192 0.0180521
8.31778e-10 0.000752859 0.018674
8.31879e-10 0.000777386 0.0194432
8.31981e-10 0.000804535 0.0203024
8.32082e-10 0.00083361 0.0211832
8.32183e-10 0.000863548 0.0220139
8.32284e-10 0.000893064 0.0227271
8.32386e-10 0.000920855 0.0232674
8.32487e-10 0.000945833 0.0235982
8.32588e-10 0.000967336 0.0237053
8.3269e-10 0.000985302 0.0235998
8.32791e-10 0.00100037 0.0233167
8.32892e-10 0.00101388 0.0229117
8.32993e-10 0.00102776 0.0224556
8.33095e-10 0.00104433 0.0220264
8.33196e-10 0.001066 0.0217009
8.33297e-10 0.00109495 0.0215461
8.33398e-10 0.00113275 0.0216116
8.335e-10 0.00118011 0.0219238
8.33601e-10 0.00123662 0.0224825
8.33702e-10 0.00130072 0.0232604
8.33804e-10 0.00136974 0.0242055
8.33905e-10 0.00144015 0.0252466
8.34006e-10 0.00150794 0.0263007
8.34107e-10 0.00156908 0.0272822
8.34209e-10 0.00162012 0.028112
8.3431e-10 0.00165862 0.0287267
8.34411e-10 0.00168368 0.0290855
8.34512e-10 0.00169617 0.0291759
8.34614e-10 0.00169884 0.0290147
8.34715e-10 0.00169616 0.0286475
8.34816e-10 0.00169393 0.0281435
8.34917e-10 0.0016987 0.0275889
8.35019e-10 0.00171699 0.0270772
8.3512e-10 0.00175451 0.0266992
8.35221e-10 0.00181534 0.0265327
8.35323e-10 0.00190127 0.026634
8.35424e-10 0.0020114 0.027031
8.35525e-10 0.00214195 0.0277197
8.35626e-10 0.0022865 0.0286638
8.35728e-10 0.00243654 0.0297987
8.35829e-10 0.00258234 0.0310373
8.3593e-10 0.00271405 0.0322801
8.36031e-10 0.00282285 0.0334252
8.36133e-10 0.00290221 0.03438
8.36234e-10 0.0029488 0.0350714
8.36335e-10 0.00296324 0.0354542
8.36437e-10 0.00295034 0.0355168
8.36538e-10 0.00291887 0.0352827
8.36639e-10 0.00288086 0.0348088
8.3674e-10 0.00285039 0.0341797
8.36842e-10 0.00284209 0.0334987
8.36943e-10 0.00286944 0.0328769
8.37044e-10 0.00294306 0.0324207
8.37145e-10 0.00306922 0.0322206
8.37247e-10 0.00324878 0.0323403
8.37348e-10 0.00347664 0.0328096
8.37449e-10 0.00374194 0.0336202
8.37551e-10 0.00402891 0.0347264
8.37652e-10 0.00431836 0.036049
8.37753e-10 0.00458976 0.037484
8.37854e-10 0.00482354 0.0389131
8.37956e-10 0.00500351 0.0402168
8.38057e-10 0.00511903 0.0412875
8.38158e-10 0.00516667 0.0420416
8.38259e-10 0.00515114 0.0424289
8.38361e-10 0.00508532 0.0424389
8.38462e-10 0.00498934 0.0421024
8.38563e-10 0.00488872 0.0414888
8.38664e-10 0.00481177 0.0406991
8.38766e-10 0.00478643 0.0398552
8.38867e-10 0.00483704 0.0390868
8.38968e-10 0.00498118 0.0385173
8.3907e-10 0.00522725 0.0382498
8.39171e-10 0.00557283 0.0383559
8.39272e-10 0.00600428 0.0388668
8.39373e-10 0.00649762 0.0397696
8.39475e-10 0.00702064 0.0410079
8.39576e-10 0.00753616 0.0424875
8.39677e-10 0.00800605 0.0440861
8.39778e-10 0.0083956 0.0456661
8.3988e-10 0.00867782 0.0470902
