2e-10 0.000355462 9.8198e-08
2.0162e-10 0.000376299 9.56276e-08
2.03241e-10 0.000871993 2.58728e-07
2.04861e-10 0.000913346 1.83559e-07
2.06481e-10 0.000292388 1.49594e-06
2.08102e-10 0.000262464 4.73208e-06
2.09722e-10 0.000106251 3.82321e-06
2.11342e-10 1.53104e-05 2.7229e-06
2.12963e-10 0.000125069 4.71347e-06
2.14583e-10 8.19897e-05 1.83081e-06
2.16203e-10 7.97832e-05 1.43682e-07
2.17824e-10 0.000409361 1.49488e-07
2.19444e-10 0.000938009 2.51348e-07
2.21064e-10 0.000952566 2.49157e-07
2.22684e-10 0.000511367 1.87862e-07
2.24305e-10 0.000241365 3.4487e-08
2.25925e-10 0.000189717 1.88639e-08
2.27545e-10 0.000208387 1.96321e-08
2.29166e-10 0.000182776 1.90955e-08
2.30786e-10 9.79425e-05 2.95565e-09
2.32406e-10 4.82022e-05 1.4533e-09
2.34027e-10 1.309e-05 2.7336e-09
2.35647e-10 1.51058e-06 5.15354e-09
2.37267e-10 1.27914e-05 1.57458e-09
2.38888e-10 9.49637e-06 1.7739e-09
2.40508e-10 2.56298e-06 1.22797e-09
2.42128e-10 1.13817e-05 3.11368e-09
2.43749e-10 1.51565e-05 4.60232e-09
2.45369e-10 3.4745e-05 1.88257e-09
2.46989e-10 3.33387e-05 2.53375e-09
2.4861e-10 4.09153e-06 4.76665e-09
2.5023e-10 2.13116e-05 6.17935e-10
2.5185e-10 0.00013104 2.79287e-08
2.53471e-10 0.000132064 7.32662e-09
2.55091e-10 0.000169232 1.99253e-08
2.56711e-10 2.81165e-05 5.70508e-09
2.58332e-10 0.000107918 4.35014e-09
2.59952e-10 0.000110445 1.24301e-07
2.61572e-10 0.000779562 7.85238e-07
2.63193e-10 0.00112012 3.86207e-07
2.64813e-10 0.000542028 3.53351e-07
2.66433e-10 0.000345268 6.30204e-07
2.68053e-10 0.000416638 3.57492e-06
2.69674e-10 0.00362363 2.09673e-05
2.71294e-10 0.00388527 1.68898e-05
2.72914e-10 0.00844202 0.000230373
2.74535e-10 0.0265373 0.000887891
2.76155e-10 0.0388869 0.0011089
2.77775e-10 0.0393175 0.000568352
2.79396e-10 0.0395902 0.00077231
2.81016e-10 0.0369142 0.00133386
2.82636e-10 0.022972 0.000902603
2.84257e-10 0.00830905 0.00022069
2.85877e-10 0.0043061 6.10363e-05
2.87497e-10 0.00486049 6.58622e-05
2.89118e-10 0.00400279 1.76998e-05
2.90738e-10 0.00303693 2.55767e-07
2.92358e-10 0.00408939 6.20464e-06
2.93979e-10 0.00586757 7.74535e-06
2.95599e-10 0.00610447 7.76403e-06
2.97219e-10 0.00454753 5.95613e-06
2.9884e-10 0.00245733 2.66498e-06
3.0046e-10 0.000923927 6.00911e-07
3.0208e-10 0.000232964 3.76725e-08
3.03701e-10 0.000196399 1.4068e-08
3.05321e-10 0.000553493 1.10367e-07
3.06941e-10 0.00110588 3.16173e-07
3.08562e-10 0.00166531 6.1437e-07
3.10182e-10 0.00198424 8.33191e-07
3.11802e-10 0.00181986 7.69915e-07
3.13422e-10 0.00115993 4.3575e-07
3.15043e-10 0.000421952 8.90607e-08
3.16663e-10 0.000289474 5.44979e-08
3.18283e-10 0.00109652 6.9286e-07
3.19904e-10 0.00230088 2.20539e-06
3.21524e-10 0.00281774 3.83459e-06
3.23144e-10 0.00212413 4.041e-06
3.24765e-10 0.000877426 2.53255e-06
3.26385e-10 0.000117799 8.48511e-07
3.28005e-10 3.9691e-05 1.17266e-07
3.29626e-10 9.33119e-05 4.55042e-09
3.31246e-10 0.000103178 1.56464e-08
3.32866e-10 0.000343741 1.87059e-07
3.34487e-10 0.000576181 5.4342e-07
3.36107e-10 0.000333704 5.70564e-07
3.37727e-10 0.000166159 1.05781e-07
3.39348e-10 0.000924408 2.96614e-07
3.40968e-10 0.00194517 1.41227e-06
3.42588e-10 0.00192217 1.83489e-06
3.44209e-10 0.0010569 1.11159e-06
3.45829e-10 0.000395911 3.52046e-07
3.47449e-10 0.000182901 5.98942e-08
3.4907e-10 0.000203668 9.81019e-08
3.5069e-10 0.000266848 2.3598e-07
3.5231e-10 0.000332294 1.76693e-07
3.53931e-10 0.00087488 5.40532e-07
3.55551e-10 0.0017561 2.33413e-06
3.57171e-10 0.00196064 3.80303e-06
3.58791e-10 0.00148469 2.98414e-06
3.60412e-10 0.000968757 1.23534e-06
3.62032e-10 0.000693139 3.62929e-07
3.63652e-10 0.00074981 4.19397e-07
3.65273e-10 0.000631529 2.76144e-07
3.66893e-10 0.000375186 6.02011e-08
3.68513e-10 0.000211327 2.44238e-07
3.70134e-10 0.000512258 2.12599e-07
3.71754e-10 0.0019077 2.6367e-06
3.73374e-10 0.0020492 6.87947e-06
3.74995e-10 0.00223939 6.19475e-06
3.76615e-10 0.00401803 8.76663e-06
3.78235e-10 0.00282985 9.7624e-06
3.79856e-10 0.00276692 8.51426e-06
3.81476e-10 0.00348165 9.24713e-06
3.83096e-10 0.00112742 2.52875e-06
3.84717e-10 0.000975228 6.9782e-07
3.86337e-10 0.000757059 2.56784e-07
3.87957e-10 0.000314492 3.26192e-07
3.89578e-10 0.00103618 1.05614e-06
3.91198e-10 0.00528415 2.9525e-05
3.92818e-10 0.00366223 5.25746e-05
3.94439e-10 0.0129138 8.41032e-05
3.96059e-10 0.0190531 0.000405366
3.97679e-10 0.0114229 0.000274958
3.993e-10 0.0404912 0.000877799
4.0092e-10 0.0223891 0.00121395
4.0254e-10 0.0346907 0.000867764
4.0416e-10 0.0540124 0.00258096
4.05781e-10 0.0200156 0.00113542
4.07401e-10 0.0638634 0.00252614
4.09021e-10 0.0310644 0.00230973
4.10642e-10 0.0421671 0.00130017
4.12262e-10 0.049779 0.00271232
4.13882e-10 0.0211864 0.000712259
4.15503e-10 0.049425 0.00169215
4.17123e-10 0.0156948 0.000703677
4.18743e-10 0.0320783 0.000583206
4.20364e-10 0.0167454 0.000502298
4.21984e-10 0.0139777 0.0001191
4.23604e-10 0.01364 0.000192368
4.25225e-10 0.00444234 2.18938e-05
4.26845e-10 0.00692194 3.63323e-05
4.28465e-10 0.00123374 4.65823e-06
4.30086e-10 0.00198693 2.68828e-06
4.31706e-10 0.000244497 4.41855e-07
4.33326e-10 0.00036905 2.60633e-08
4.34947e-10 4.35452e-05 5.85357e-09
4.36567e-10 0.000534421 1.16381e-07
4.38187e-10 0.000311702 1.88835e-07
4.39808e-10 0.000953952 4.38778e-07
4.41428e-10 0.000690278 7.09373e-07
4.43048e-10 0.00106983 5.37055e-07
4.44669e-10 0.000871364 9.85273e-07
4.46289e-10 0.000928687 3.77435e-07
4.47909e-10 0.000811398 7.9231e-07
4.49529e-10 0.000721378 2.02417e-07
4.5115e-10 0.000644113 4.86281e-07
4.5277e-10 0.000570871 1.16642e-07
4.5439e-10 0.00049755 2.95212e-07
4.56011e-10 0.000487776 9.28252e-08
4.57631e-10 0.000404679 2.00096e-07
4.59251e-10 0.000415047 7.83893e-08
4.60872e-10 0.000325076 1.29901e-07
4.62492e-10 0.000307745 4.59871e-08
4.64112e-10 0.000214024 6.07712e-08
4.65733e-10 0.000185192 1.34781e-08
4.67353e-10 8.58044e-05 1.41979e-08
4.68973e-10 0.000110279 2.0552e-09
4.70594e-10 3.60676e-05 4.50401e-10
4.72214e-10 0.000128097 1.69647e-08
4.73834e-10 0.000179572 1.31949e-08
4.75455e-10 0.000254163 1.13434e-07
4.77075e-10 0.000509891 1.58239e-07
4.78695e-10 0.000518564 3.49503e-07
4.80316e-10 0.000834946 5.92393e-07
4.81936e-10 0.000922197 7.06516e-07
4.83556e-10 0.00095654 1.07529e-06
4.85177e-10 0.0012734 1.07804e-06
4.86797e-10 0.000913581 1.11022e-06
4.88417e-10 0.00123308 1.10832e-06
4.90038e-10 0.000854164 7.55585e-07
4.91658e-10 0.000752163 5.99188e-07
4.93278e-10 0.00068273 3.72817e-07
4.94898e-10 0.000256449 1.14012e-07
4.96519e-10 0.000272475 8.99568e-08
4.98139e-10 4.73719e-05 3.99296e-09
4.99759e-10 6.25325e-06 6.87712e-09
5.0138e-10 1.05864e-05 6.44671e-09
5.03e-10 0.000258823 1.08183e-07
5.0462e-10 0.000406205 1.03709e-07
5.06241e-10 0.000611195 9.24101e-07
5.07861e-10 0.00162094 1.28174e-06
5.09481e-10 0.00106873 2.30454e-06
5.11102e-10 0.00256402 5.62634e-06
5.12722e-10 0.00268546 4.3206e-06
5.14342e-10 0.00216056 9.54964e-06
5.15963e-10 0.00455813 1.02977e-05
5.17583e-10 0.00221468 8.0212e-06
5.19203e-10 0.00394462 1.44841e-05
5.20824e-10 0.00378059 7.71156e-06
5.22444e-10 0.00191172 8.57054e-06
5.24064e-10 0.00378241 8.29253e-06
5.25685e-10 0.00158477 2.62401e-06
5.27305e-10 0.00154153 3.5216e-06
5.28925e-10 0.00147548 1.23244e-06
5.30546e-10 0.000319445 3.13553e-07
5.32166e-10 0.000309734 2.1907e-07
5.33786e-10 5.41789e-05 4.70213e-09
5.35407e-10 4.40828e-05 5.36317e-08
5.37027e-10 0.00042526 1.74888e-07
5.38647e-10 0.00041669 5.54005e-07
5.40267e-10 0.00170023 4.0205e-06
5.41888e-10 0.00308003 3.71725e-06
5.43508e-10 0.00180308 1.23809e-05
5.45128e-10 0.00644036 2.99311e-05
5.46749e-10 0.00604625 1.80572e-05
5.48369e-10 0.00434921 5.97117e-05
5.49989e-10 0.0122227 7.70047e-05
5.5161e-10 0.00713617 4.29955e-05
5.5323e-10 0.00768419 0.000126833
5.5485e-10 0.0152021 9.88848e-05
5.56471e-10 0.00633899 6.24291e-05
5.58091e-10 0.00970063 0.000140851
5.59711e-10 0.0134545 7.05107e-05
5.61332e-10 0.00453914 5.14927e-05
5.62952e-10 0.00835308 8.00038e-05
5.64572e-10 0.00815123 2.54759e-05
5.66193e-10 0.0023625 1.88195e-05
5.67813e-10 0.00408356 1.74892e-05
5.69433e-10 0.00247314 2.66641e-06
5.71054e-10 0.00050109 1.52971e-06
5.72674e-10 0.000361562 5.66849e-07
5.74294e-10 3.05978e-05 2.05109e-08
5.75915e-10 0.000166466 3.96149e-07
5.77535e-10 0.00141311 4.13841e-06
5.79155e-10 0.00342891 4.56967e-06
5.80776e-10 0.00231263 2.31087e-05
5.82396e-10 0.00862135 8.202e-05
5.84016e-10 0.0128936 5.94147e-05
5.85636e-10 0.00661857 0.000164601
5.87257e-10 0.0188258 0.000410932
5.88877e-10 0.0257714 0.000244098
5.90497e-10 0.0118383 0.000459304
5.92118e-10 0.0265119 0.00100396
5.93738e-10 0.0376248 0.000550412
5.95358e-10 0.0168142 0.000709843
5.96979e-10 0.0278853 0.00148303
5.98599e-10 0.0437042 0.000805176
6.00219e-10 0.0204814 0.000680138
6.0184e-10 0.0229329 0.00138633
6.0346e-10 0.0402025 0.000767931
6.0508e-10 0.0208186 0.000403781
6.06701e-10 0.0145876 0.000758998
6.08321e-10 0.026794 0.000412195
6.09941e-10 0.0150868 0.000126393
6.11562e-10 0.00642285 0.000185351
6.13182e-10 0.00994882 7.99262e-05
6.14802e-10 0.0045963 9.35756e-06
6.16423e-10 0.000878727 8.96353e-06
6.18043e-10 0.00049891 3.0986e-06
6.19663e-10 0.000390073 1.93527e-06
6.21284e-10 0.00244126 2.391e-06
6.22904e-10 0.00279937 6.40713e-05
6.24524e-10 0.0132561 0.000190815
6.26145e-10 0.0209867 0.000160859
6.27765e-10 0.0137086 0.000775416
6.29385e-10 0.0326568 0.00193457
6.31005e-10 0.0557809 0.00142979
6.32626e-10 0.0358911 0.00249893
6.34246e-10 0.0403224 0.00670795
6.35866e-10 0.0813522 0.00588881
6.37487e-10 0.0701128 0.00437606
6.39107e-10 0.0433733 0.0115564
6.40727e-10 0.077071 0.013616
6.42348e-10 0.0984271 0.00718189
6.43968e-10 0.0605713 0.0116377
6.45588e-10 0.0560271 0.0186787
6.47209e-10 0.0989104 0.0115175
6.48829e-10 0.0873427 0.00811524
6.50449e-10 0.0460823 0.0150677
6.5207e-10 0.0704954 0.0124181
6.5369e-10 0.0928533 0.0050015
6.5531e-10 0.0503121 0.00629745
6.56931e-10 0.0350899 0.00627212
6.58551e-10 0.0543487 0.00194838
6.60171e-10 0.0323337 0.000813503
6.61792e-10 0.00807734 0.000749379
6.63412e-10 0.00824945 0.000163434
6.65032e-10 0.000553362 2.20521e-05
6.66653e-10 0.00916787 1.31973e-05
6.68273e-10 0.0183336 0.00100943
6.69893e-10 0.0183382 0.00534201
6.71514e-10 0.0667849 0.00602875
6.73134e-10 0.0834065 0.0100247
6.74754e-10 0.039489 0.0377795
6.76374e-10 0.0523543 0.0465015
6.77995e-10 0.0694682 0.0284612
6.79615e-10 0.0342018 0.0520611
6.81235e-10 0.0176588 0.077079
6.82856e-10 0.0186134 0.0496064
6.84476e-10 0.0107747 0.0340144
6.86096e-10 0.00585207 0.049645
6.87717e-10 0.00397854 0.0448811
6.89337e-10 0.00166951 0.0246728
6.90957e-10 0.0013405 0.0211995
6.92578e-10 0.00127029 0.0243478
6.94198e-10 0.000371501 0.0179437
6.95818e-10 0.000153402 0.0108714
6.97439e-10 0.00037509 0.0104276
6.99059e-10 0.000194507 0.0102678
7.00679e-10 8.80608e-06 0.0071789
7.023e-10 8.15144e-05 0.0050641
7.0392e-10 9.42705e-05 0.0050191
7.0554e-10 1.29423e-05 0.00451595
7.07161e-10 1.22495e-05 0.00320147
7.08781e-10 4.19764e-05 0.00257883
7.10401e-10 1.85914e-05 0.00257715
7.12022e-10 1.32258e-06 0.00220111
7.13642e-10 1.87553e-05 0.00161289
7.15262e-10 2.11017e-05 0.00143984
7.16883e-10 5.67357e-06 0.00145448
7.18503e-10 7.87257e-06 0.00120719
7.20123e-10 1.85192e-05 0.000908023
7.21743e-10 1.37534e-05 0.000876087
7.23364e-10 6.60854e-06 0.00090816
7.24984e-10 1.23049e-05 0.000746369
7.26604e-10 1.72547e-05 0.000564513
7.28225e-10 1.20046e-05 0.000574898
7.29845e-10 9.18738e-06 0.000624245
7.31465e-10 1.44479e-05 0.000519523
7.33086e-10 1.65106e-05 0.000385847
7.34706e-10 1.21458e-05 0.000401848
7.36326e-10 1.12718e-05 0.000466425
7.37947e-10 1.56145e-05 0.000405452
7.39567e-10 1.64396e-05 0.000292012
7.41187e-10 1.29365e-05 0.00029607
7.42808e-10 1.28902e-05 0.000371714
7.44428e-10 1.6596e-05 0.0003508
7.46048e-10 1.70066e-05 0.000248955
7.47669e-10 1.4092e-05 0.000229803
7.49289e-10 1.43731e-05 0.000308709
7.50909e-10 1.78082e-05 0.000329089
7.5253e-10 1.82423e-05 0.00024244
7.5415e-10 1.56616e-05 0.000192518
7.5577e-10 1.60154e-05 0.000261145
7.57391e-10 1.95061e-05 0.000324058
7.59011e-10 2.0279e-05 0.000266672
7.60631e-10 1.78391e-05 0.000184875
7.62252e-10 1.80666e-05 0.000222706
7.63872e-10 2.18983e-05 0.000322525
7.65492e-10 2.3364e-05 0.000317311
7.67112e-10 2.09459e-05 0.000216104
7.68733e-10 2.07812e-05 0.000198219
7.70353e-10 2.51924e-05 0.00031299
7.71973e-10 2.78833e-05 0.000385089
7.73594e-10 2.5501e-05 0.000300417
7.75214e-10 2.44906e-05 0.000209025
7.76834e-10 2.9591e-05 0.000291386
7.78455e-10 3.43786e-05 0.000450324
7.80075e-10 3.23702e-05 0.00044784
7.81695e-10 2.97361e-05 0.000298739
7.83316e-10 3.523e-05 0.000278305
7.84936e-10 4.34877e-05 0.000485024
7.86556e-10 4.30084e-05 0.000645981
7.88177e-10 3.75821e-05 0.000529205
7.89797e-10 4.20552e-05 0.0003501
7.91417e-10 5.56025e-05 0.000480277
7.93038e-10 5.97304e-05 0.000839244
7.94658e-10 5.03973e-05 0.00094734
7.96278e-10 4.97829e-05 0.000670898
7.97899e-10 6.97421e-05 0.000527593
7.99519e-10 8.55044e-05 0.000944636
8.01139e-10 7.36649e-05 0.00150734
8.0276e-10 5.88727e-05 0.00147231
8.0438e-10 8.08407e-05 0.000967978
8.06e-10 0.000121112 0.00100935
8.07621e-10 0.000119145 0.00200115
8.09241e-10 7.6363e-05 0.00287652
8.10861e-10 7.6533e-05 0.00251381
8.12481e-10 0.00015326 0.00166988
8.14102e-10 0.000204938 0.00228569
8.15722e-10 0.000138293 0.00453991
8.17342e-10 5.19472e-05 0.00597162
8.18963e-10 0.000127409 0.00485995
8.20583e-10 0.000323098 0.00351453
8.22203e-10 0.000364161 0.00579168
8.23824e-10 0.000149958 0.0110353
8.25444e-10 3.88597e-06 0.0135811
8.27064e-10 0.000306377 0.010771
8.28685e-10 0.000936853 0.0088266
8.30305e-10 0.00127128 0.0155601
8.31925e-10 0.000844302 0.0275784
8.33546e-10 0.000246462 0.0322109
8.35166e-10 0.00141883 0.026143
8.36786e-10 0.00571868 0.0238842
8.38407e-10 0.0101903 0.037946
8.40027e-10 0.00906077 0.0575433
8.41647e-10 0.00503063 0.0626434
8.43268e-10 0.0130139 0.0539068
8.44888e-10 0.0369787 0.0474918
8.46508e-10 0.0546789 0.0469078
8.48129e-10 0.0539171 0.0458765
8.49749e-10 0.0537122 0.0440501
8.51369e-10 0.0560414 0.0367524
8.5299e-10 0.0455364 0.01926
8.5461e-10 0.0397492 0.00448107
8.5623e-10 0.0459347 0.0011905
8.5785e-10 0.0336312 0.00113782
8.59471e-10 0.00690002 0.000317791
8.61091e-10 0.00377167 0.000130812
8.62711e-10 0.0282113 0.000937427
8.64332e-10 0.050094 0.00372043
8.65952e-10 0.0512655 0.00621694
8.67572e-10 0.041881 0.0066037
8.69193e-10 0.0432597 0.00900909
8.70813e-10 0.0695332 0.0184117
8.72433e-10 0.10924 0.0344065
8.74054e-10 0.122544 0.0482896
8.75674e-10 0.0866158 0.0481737
8.77294e-10 0.0382286 0.0354945
8.78915e-10 0.035 0.0307558
8.80535e-10 0.0779343 0.0496264
8.82155e-10 0.10789 0.0772362
8.83776e-10 0.0837172 0.082027
8.85396e-10 0.0343231 0.0572419
8.87016e-10 0.0182168 0.0340185
8.88637e-10 0.0494936 0.0440541
8.90257e-10 0.0847789 0.0781838
8.91877e-10 0.080023 0.0957318
8.93498e-10 0.0421301 0.0748304
8.95118e-10 0.0164979 0.0405156
8.96738e-10 0.0320788 0.0346392
8.98359e-10 0.0697814 0.0645885
8.99979e-10 0.0864676 0.094198
9.01599e-10 0.0639321 0.0877454
9.03219e-10 0.0288479 0.052793
9.0484e-10 0.0234123 0.0301393
9.0646e-10 0.0583836 0.0444738
9.0808e-10 0.0990007 0.0760849
9.09701e-10 0.101412 0.0861811
9.11321e-10 0.0628783 0.0628602
9.12941e-10 0.0290896 0.0324245
9.14562e-10 0.0447781 0.0258175
9.16182e-10 0.100049 0.0434906
9.17802e-10 0.137162 0.0591814
9.19423e-10 0.115634 0.0529127
9.21043e-10 0.0607513 0.0313247
9.22663e-10 0.0353102 0.0150081
9.24284e-10 0.0666115 0.0137986
9.25904e-10 0.116432 0.0198475
9.27524e-10 0.128028 0.0211174
9.29145e-10 0.0899465 0.0148186
9.30765e-10 0.0416813 0.00672523
9.32385e-10 0.0231064 0.00220513
9.34006e-10 0.0339158 0.0013834
9.35626e-10 0.0454472 0.00156647
9.37246e-10 0.0388232 0.00117436
9.38867e-10 0.0203982 0.000482965
9.40487e-10 0.00545179 9.07082e-05
9.42107e-10 0.000145013 5.55963e-06
9.43728e-10 0.00170383 4.09787e-06
9.45348e-10 0.00589275 3.08551e-05
9.46968e-10 0.00855111 6.43714e-05
9.48588e-10 0.00710304 5.6834e-05
9.50209e-10 0.00748486 0.000283795
9.51829e-10 0.0233654 0.00143305
9.53449e-10 0.058097 0.00374397
9.5507e-10 0.0896867 0.00595266
9.5669e-10 0.087563 0.00604974
9.5831e-10 0.0515244 0.00426618
9.59931e-10 0.0241169 0.00477537
9.61551e-10 0.049161 0.0120164
9.63171e-10 0.11678 0.0239718
9.64792e-10 0.163699 0.0312617
9.66412e-10 0.139342 0.0265007
9.68032e-10 0.0664309 0.0149562
9.69653e-10 0.0225607 0.0121842
9.71273e-10 0.0573826 0.0275711
9.72893e-10 0.136734 0.0511833
9.74514e-10 0.177663 0.0612219
9.76134e-10 0.136949 0.0471119
9.77754e-10 0.0566345 0.0233782
9.79375e-10 0.0186027 0.0168112
9.80995e-10 0.0589873 0.0383354
9.82615e-10 0.133113 0.0695747
9.84236e-10 0.164276 0.0801758
9.85856e-10 0.122032 0.0591846
9.87476e-10 0.0498754 0.0275977
9.89097e-10 0.0185778 0.0179529
9.90717e-10 0.0560369 0.041256
9.92337e-10 0.122863 0.0752717
9.93957e-10 0.153513 0.0865399
9.95578e-10 0.119551 0.0638856
9.97198e-10 0.0546721 0.0294944
