6.9e-10 0.00572147 0.0651364
6.90101e-10 0.0055915 0.0636864
6.90203e-10 0.0054706 0.0622301
6.90304e-10 0.00535862 0.0607692
6.90405e-10 0.00525542 0.0593052
6.90506e-10 0.00516087 0.0578396
6.90608e-10 0.00507481 0.0563741
6.90709e-10 0.00499711 0.0549099
6.9081e-10 0.00492762 0.0534486
6.90911e-10 0.00486618 0.0519916
6.91013e-10 0.00481264 0.0505401
6.91114e-10 0.00476685 0.0490957
6.91215e-10 0.00472864 0.0476594
6.91317e-10 0.00469785 0.0462327
6.91418e-10 0.0046743 0.0448167
6.91519e-10 0.00465784 0.0434125
6.9162e-10 0.00464827 0.0420213
6.91722e-10 0.00464543 0.0406442
6.91823e-10 0.00464913 0.0392823
6.91924e-10 0.00465918 0.0379365
6.92025e-10 0.0046754 0.0366078
6.92127e-10 0.00469758 0.035297
6.92228e-10 0.00472553 0.0340052
6.92329e-10 0.00475905 0.032733
6.9243e-10 0.00479794 0.0314814
6.92532e-10 0.004842 0.0302509
6.92633e-10 0.004891 0.0290423
6.92734e-10 0.00494475 0.0278564
6.92836e-10 0.00500302 0.0266935
6.92937e-10 0.00506561 0.0255545
6.93038e-10 0.0051323 0.0244396
6.93139e-10 0.00520287 0.0233495
6.93241e-10 0.00527709 0.0222846
6.93342e-10 0.00535476 0.0212452
6.93443e-10 0.00543565 0.0202318
6.93544e-10 0.00551955 0.0192445
6.93646e-10 0.00560622 0.0182838
6.93747e-10 0.00569546 0.0173499
6.93848e-10 0.00578705 0.0164429
6.9395e-10 0.00588076 0.015563
6.94051e-10 0.00597639 0.0147103
6.94152e-10 0.00607371 0.013885
6.94253e-10 0.00617252 0.013087
6.94355e-10 0.00627261 0.0123165
6.94456e-10 0.00637376 0.0115733
6.94557e-10 0.00647578 0.0108575
6.94658e-10 0.00657846 0.0101689
6.9476e-10 0.00668161 0.00950757
6.94861e-10 0.00678503 0.00887324
6.94962e-10 0.00688853 0.0082658
6.95064e-10 0.00699192 0.00768504
6.95165e-10 0.00709502 0.00713076
6.95266e-10 0.00719766 0.00660273
6.95367e-10 0.00729965 0.00610067
6.95469e-10 0.00740084 0.0056243
6.9557e-10 0.00750106 0.00517333
6.95671e-10 0.00760014 0.00474741
6.95772e-10 0.00769794 0.0043462
6.95874e-10 0.00779431 0.00396934
6.95975e-10 0.0078891 0.00361643
6.96076e-10 0.00798218 0.00328709
6.96177e-10 0.00807343 0.00298089
6.96279e-10 0.0081627 0.0026974
6.9638e-10 0.00824989 0.00243617
6.96481e-10 0.00833488 0.00219675
6.96583e-10 0.00841756 0.00197867
6.96684e-10 0.00849783 0.00178143
6.96785e-10 0.00857559 0.00160456
6.96886e-10 0.00865077 0.00144755
6.96988e-10 0.00872326 0.00130988
6.97089e-10 0.008793 0.00119105
6.9719e-10 0.00885991 0.00109053
6.97291e-10 0.00892393 0.00100778
6.97393e-10 0.008985 0.000942279
6.97494e-10 0.00904306 0.000893481
6.97595e-10 0.00909806 0.000860844
6.97697e-10 0.00914997 0.000843823
6.97798e-10 0.00919874 0.00084187
6.97899e-10 0.00924434 0.000854437
6.98e-10 0.00928675 0.000880974
6.98102e-10 0.00932595 0.000920932
6.98203e-10 0.00936192 0.000973763
6.98304e-10 0.00939466 0.00103892
6.98405e-10 0.00942414 0.00111585
6.98507e-10 0.00945038 0.00120402
6.98608e-10 0.00947338 0.00130289
6.98709e-10 0.00949315 0.00141192
6.9881e-10 0.0095097 0.00153058
6.98912e-10 0.00952305 0.00165834
6.99013e-10 0.00953322 0.00179468
6.99114e-10 0.00954024 0.00193909
6.99216e-10 0.00954414 0.00209104
6.99317e-10 0.00954494 0.00225005
6.99418e-10 0.00954269 0.0024156
6.99519e-10 0.00953743 0.00258722
6.99621e-10 0.0095292 0.00276441
6.99722e-10 0.00951805 0.00294671
6.99823e-10 0.00950403 0.00313365
6.99924e-10 0.00948718 0.00332476
7.00026e-10 0.00946758 0.0035196
7.00127e-10 0.00944527 0.00371774
7.00228e-10 0.00942031 0.00391873
7.0033e-10 0.00939277 0.00412215
7.00431e-10 0.00936271 0.00432761
7.00532e-10 0.00933019 0.00453469
7.00633e-10 0.00929529 0.00474299
7.00735e-10 0.00925808 0.00495215
7.00836e-10 0.00921862 0.00516179
7.00937e-10 0.00917699 0.00537154
7.01038e-10 0.00913325 0.00558106
7.0114e-10 0.0090875 0.00579
7.01241e-10 0.00903979 0.00599804
7.01342e-10 0.00899021 0.00620486
7.01444e-10 0.00893882 0.00641016
7.01545e-10 0.00888572 0.00661362
7.01646e-10 0.00883097 0.00681498
7.01747e-10 0.00877466 0.00701395
7.01849e-10 0.00871685 0.00721026
7.0195e-10 0.00865764 0.00740368
7.02051e-10 0.00859708 0.00759394
7.02152e-10 0.00853527 0.00778083
7.02254e-10 0.00847228 0.00796412
7.02355e-10 0.00840818 0.00814359
7.02456e-10 0.00834305 0.00831906
7.02557e-10 0.00827697 0.00849032
7.02659e-10 0.00821 0.0086572
7.0276e-10 0.00814223 0.00881954
7.02861e-10 0.00807372 0.00897717
7.02963e-10 0.00800454 0.00912994
7.03064e-10 0.00793477 0.00927772
7.03165e-10 0.00786448 0.00942038
7.03266e-10 0.00779373 0.00955779
7.03368e-10 0.00772259 0.00968985
7.03469e-10 0.00765112 0.00981646
7.0357e-10 0.0075794 0.00993753
7.03671e-10 0.00750747 0.010053
7.03773e-10 0.00743541 0.0101627
7.03874e-10 0.00736328 0.0102667
7.03975e-10 0.00729112 0.0103649
7.04077e-10 0.007219 0.0104572
7.04178e-10 0.00714697 0.0105435
7.04279e-10 0.00707509 0.010624
7.0438e-10 0.00700341 0.0106985
7.04482e-10 0.00693197 0.010767
7.04583e-10 0.00686083 0.0108296
7.04684e-10 0.00679003 0.0108861
7.04785e-10 0.00671962 0.0109367
7.04887e-10 0.00664964 0.0109813
7.04988e-10 0.00658012 0.01102
7.05089e-10 0.00651112 0.0110528
7.05191e-10 0.00644267 0.0110796
7.05292e-10 0.0063748 0.0111007
7.05393e-10 0.00630755 0.0111159
7.05494e-10 0.00624094 0.0111253
7.05596e-10 0.00617502 0.0111291
7.05697e-10 0.00610981 0.0111272
7.05798e-10 0.00604534 0.0111198
7.05899e-10 0.00598163 0.0111069
7.06001e-10 0.00591871 0.0110885
7.06102e-10 0.0058566 0.0110648
7.06203e-10 0.00579531 0.0110358
7.06304e-10 0.00573488 0.0110017
7.06406e-10 0.00567531 0.0109624
7.06507e-10 0.00561662 0.0109182
7.06608e-10 0.00555882 0.0108691
7.0671e-10 0.00550194 0.0108152
7.06811e-10 0.00544597 0.0107566
7.06912e-10 0.00539094 0.0106935
7.07013e-10 0.00533684 0.0106259
7.07115e-10 0.00528368 0.0105539
7.07216e-10 0.00523148 0.0104777
7.07317e-10 0.00518023 0.0103974
7.07418e-10 0.00512994 0.0103131
7.0752e-10 0.0050806 0.0102249
7.07621e-10 0.00503223 0.010133
7.07722e-10 0.00498481 0.0100374
7.07824e-10 0.00493835 0.00993837
7.07925e-10 0.00489284 0.00983593
7.08026e-10 0.00484829 0.00973024
7.08127e-10 0.00480467 0.00962143
7.08229e-10 0.004762 0.00950964
7.0833e-10 0.00472026 0.00939499
7.08431e-10 0.00467944 0.00927761
7.08532e-10 0.00463953 0.00915763
7.08634e-10 0.00460053 0.00903518
7.08735e-10 0.00456242 0.0089104
7.08836e-10 0.0045252 0.00878341
7.08938e-10 0.00448885 0.00865435
7.09039e-10 0.00445336 0.00852334
7.0914e-10 0.00441871 0.00839052
7.09241e-10 0.0043849 0.00825601
7.09343e-10 0.0043519 0.00811994
7.09444e-10 0.00431971 0.00798244
7.09545e-10 0.0042883 0.00784363
7.09646e-10 0.00425767 0.00770364
7.09748e-10 0.00422779 0.00756259
7.09849e-10 0.00419865 0.00742061
7.0995e-10 0.00417023 0.00727782
7.10051e-10 0.00414252 0.00713433
7.10153e-10 0.00411549 0.00699027
7.10254e-10 0.00408913 0.00684575
7.10355e-10 0.00406342 0.00670089
7.10457e-10 0.00403835 0.00655579
7.10558e-10 0.00401389 0.00641058
7.10659e-10 0.00399003 0.00626537
7.1076e-10 0.00396674 0.00612025
7.10862e-10 0.00394402 0.00597533
7.10963e-10 0.00392183 0.00583073
7.11064e-10 0.00390016 0.00568653
7.11165e-10 0.003879 0.00554285
7.11267e-10 0.00385833 0.00539977
7.11368e-10 0.00383811 0.00525739
7.11469e-10 0.00381835 0.0051158
7.11571e-10 0.00379902 0.0049751
7.11672e-10 0.00378009 0.00483537
7.11773e-10 0.00376156 0.0046967
7.11874e-10 0.00374341 0.00455917
7.11976e-10 0.00372561 0.00442286
7.12077e-10 0.00370815 0.00428784
7.12178e-10 0.00369101 0.0041542
7.12279e-10 0.00367418 0.00402201
7.12381e-10 0.00365764 0.00389134
7.12482e-10 0.00364137 0.00376225
7.12583e-10 0.00362536 0.00363481
7.12684e-10 0.00360959 0.00350908
7.12786e-10 0.00359404 0.00338513
7.12887e-10 0.0035787 0.00326301
7.12988e-10 0.00356356 0.00314278
7.1309e-10 0.0035486 0.00302449
7.13191e-10 0.0035338 0.00290818
7.13292e-10 0.00351915 0.00279391
7.13393e-10 0.00350465 0.00268172
7.13495e-10 0.00349027 0.00257166
7.13596e-10 0.003476 0.00246376
7.13697e-10 0.00346183 0.00235806
7.13798e-10 0.00344775 0.0022546
7.139e-10 0.00343375 0.0021534
7.14001e-10 0.00341982 0.0020545
7.14102e-10 0.00340594 0.00195793
7.14204e-10 0.00339211 0.0018637
7.14305e-10 0.00337831 0.00177185
7.14406e-10 0.00336454 0.0016824
7.14507e-10 0.00335078 0.00159535
7.14609e-10 0.00333704 0.00151073
7.1471e-10 0.00332329 0.00142855
7.14811e-10 0.00330954 0.00134882
7.14912e-10 0.00329577 0.00127156
7.15014e-10 0.00328198 0.00119675
7.15115e-10 0.00326816 0.00112443
7.15216e-10 0.00325431 0.00105457
7.15318e-10 0.00324042 0.000987194
7.15419e-10 0.00322648 0.000922289
7.1552e-10 0.00321249 0.000859854
7.15621e-10 0.00319844 0.000799884
7.15723e-10 0.00318434 0.000742371
7.15824e-10 0.00317017 0.000687306
7.15925e-10 0.00315594 0.000634679
7.16026e-10 0.00314163 0.000584477
7.16128e-10 0.00312726 0.000536684
7.16229e-10 0.00311281 0.000491286
7.1633e-10 0.00309828 0.000448264
7.16431e-10 0.00308367 0.000407599
7.16533e-10 0.00306898 0.00036927
7.16634e-10 0.00305421 0.000333254
7.16735e-10 0.00303936 0.000299529
7.16837e-10 0.00302443 0.000268068
7.16938e-10 0.00300941 0.000238845
7.17039e-10 0.00299431 0.000211831
7.1714e-10 0.00297913 0.000186999
7.17242e-10 0.00296387 0.000164317
7.17343e-10 0.00294853 0.000143754
7.17444e-10 0.0029331 0.000125277
7.17545e-10 0.0029176 0.000108852
7.17647e-10 0.00290203 9.44448e-05
7.17748e-10 0.00288638 8.20194e-05
7.17849e-10 0.00287065 7.15389e-05
7.17951e-10 0.00285486 6.29659e-05
7.18052e-10 0.00283899 5.62618e-05
7.18153e-10 0.00282307 5.13874e-05
7.18254e-10 0.00280708 4.83026e-05
7.18356e-10 0.00279103 4.69669e-05
7.18457e-10 0.00277492 4.73389e-05
7.18558e-10 0.00275877 4.93765e-05
7.18659e-10 0.00274256 5.30372e-05
7.18761e-10 0.00272631 5.8278e-05
7.18862e-10 0.00271001 6.50554e-05
7.18963e-10 0.00269368 7.33253e-05
7.19065e-10 0.00267731 8.30434e-05
7.19166e-10 0.00266092 9.41649e-05
7.19267e-10 0.00264449 0.000106645
7.19368e-10 0.00262805 0.000120438
7.1947e-10 0.00261159 0.000135499
7.19571e-10 0.00259511 0.000151781
7.19672e-10 0.00257862 0.00016924
7.19773e-10 0.00256213 0.000187829
7.19875e-10 0.00254564 0.000207502
7.19976e-10 0.00252916 0.000228213
7.20077e-10 0.00251268 0.000249916
7.20178e-10 0.00249622 0.000272564
7.2028e-10 0.00247977 0.000296113
7.20381e-10 0.00246335 0.000320516
7.20482e-10 0.00244696 0.000345728
7.20584e-10 0.00243059 0.000371702
7.20685e-10 0.00241426 0.000398395
7.20786e-10 0.00239798 0.00042576
7.20887e-10 0.00238173 0.000453753
7.20989e-10 0.00236554 0.000482329
7.2109e-10 0.0023494 0.000511445
7.21191e-10 0.00233332 0.000541056
7.21292e-10 0.0023173 0.00057112
7.21394e-10 0.00230135 0.000601593
7.21495e-10 0.00228547 0.000632433
7.21596e-10 0.00226966 0.000663598
7.21698e-10 0.00225393 0.000695047
7.21799e-10 0.00223828 0.000726737
7.219e-10 0.00222273 0.00075863
7.22001e-10 0.00220726 0.000790684
7.22103e-10 0.00219188 0.000822862
7.22204e-10 0.0021766 0.000855123
7.22305e-10 0.00216143 0.00088743
7.22406e-10 0.00214635 0.000919746
7.22508e-10 0.00213139 0.000952034
7.22609e-10 0.00211654 0.000984258
7.2271e-10 0.0021018 0.00101638
7.22812e-10 0.00208717 0.00104837
7.22913e-10 0.00207267 0.00108019
7.23014e-10 0.00205829 0.00111182
7.23115e-10 0.00204403 0.0011432
7.23217e-10 0.00202991 0.00117432
7.23318e-10 0.00201591 0.00120515
7.23419e-10 0.00200204 0.00123565
7.2352e-10 0.00198831 0.0012658
7.23622e-10 0.00197472 0.00129556
7.23723e-10 0.00196126 0.00132491
7.23824e-10 0.00194795 0.00135382
7.23925e-10 0.00193477 0.00138226
7.24027e-10 0.00192174 0.00141022
7.24128e-10 0.00190886 0.00143767
7.24229e-10 0.00189612 0.00146457
7.24331e-10 0.00188353 0.00149092
7.24432e-10 0.00187108 0.00151669
7.24533e-10 0.00185879 0.00154186
7.24634e-10 0.00184664 0.0015664
7.24736e-10 0.00183465 0.0015903
7.24837e-10 0.00182281 0.00161355
7.24938e-10 0.00181112 0.00163611
7.25039e-10 0.00179958 0.00165799
7.25141e-10 0.0017882 0.00167916
7.25242e-10 0.00177697 0.0016996
7.25343e-10 0.00176589 0.00171931
7.25445e-10 0.00175496 0.00173826
7.25546e-10 0.00174419 0.00175646
7.25647e-10 0.00173357 0.00177388
7.25748e-10 0.0017231 0.00179052
7.2585e-10 0.00171278 0.00180636
7.25951e-10 0.00170261 0.0018214
7.26052e-10 0.00169259 0.00183563
7.26153e-10 0.00168272 0.00184905
7.26255e-10 0.001673 0.00186164
7.26356e-10 0.00166343 0.0018734
7.26457e-10 0.001654 0.00188433
7.26559e-10 0.00164472 0.00189442
7.2666e-10 0.00163558 0.00190367
7.26761e-10 0.00162659 0.00191208
7.26862e-10 0.00161773 0.00191964
7.26964e-10 0.00160901 0.00192636
7.27065e-10 0.00160044 0.00193223
7.27166e-10 0.001592 0.00193726
7.27267e-10 0.00158369 0.00194144
7.27369e-10 0.00157552 0.00194478
7.2747e-10 0.00156747 0.00194729
7.27571e-10 0.00155956 0.00194895
7.27672e-10 0.00155178 0.00194979
7.27774e-10 0.00154412 0.0019498
7.27875e-10 0.00153658 0.00194899
7.27976e-10 0.00152916 0.00194737
7.28078e-10 0.00152187 0.00194494
7.28179e-10 0.00151469 0.00194171
7.2828e-10 0.00150762 0.00193768
7.28381e-10 0.00150067 0.00193287
7.28483e-10 0.00149383 0.00192728
7.28584e-10 0.00148709 0.00192093
7.28685e-10 0.00148047 0.00191383
7.28786e-10 0.00147394 0.00190597
7.28888e-10 0.00146752 0.00189739
7.28989e-10 0.00146119 0.00188808
7.2909e-10 0.00145496 0.00187806
7.29192e-10 0.00144883 0.00186734
7.29293e-10 0.00144278 0.00185594
7.29394e-10 0.00143683 0.00184386
7.29495e-10 0.00143096 0.00183113
7.29597e-10 0.00142517 0.00181775
7.29698e-10 0.00141947 0.00180374
7.29799e-10 0.00141385 0.00178912
7.299e-10 0.0014083 0.0017739
7.30002e-10 0.00140283 0.00175809
7.30103e-10 0.00139743 0.00174172
7.30204e-10 0.00139209 0.00172479
7.30305e-10 0.00138683 0.00170733
7.30407e-10 0.00138163 0.00168935
7.30508e-10 0.00137649 0.00167086
7.30609e-10 0.00137142 0.0016519
7.30711e-10 0.0013664 0.00163246
7.30812e-10 0.00136143 0.00161257
7.30913e-10 0.00135652 0.00159225
7.31014e-10 0.00135166 0.00157151
7.31116e-10 0.00134685 0.00155038
7.31217e-10 0.00134209 0.00152886
7.31318e-10 0.00133737 0.00150699
7.31419e-10 0.00133269 0.00148477
7.31521e-10 0.00132805 0.00146223
7.31622e-10 0.00132345 0.00143939
7.31723e-10 0.00131889 0.00141625
7.31825e-10 0.00131436 0.00139285
7.31926e-10 0.00130987 0.0013692
7.32027e-10 0.0013054 0.00134531
7.32128e-10 0.00130097 0.00132122
7.3223e-10 0.00129656 0.00129693
7.32331e-10 0.00129217 0.00127246
7.32432e-10 0.00128781 0.00124783
7.32533e-10 0.00128347 0.00122307
7.32635e-10 0.00127916 0.00119818
7.32736e-10 0.00127486 0.0011732
7.32837e-10 0.00127057 0.00114812
7.32939e-10 0.00126631 0.00112299
7.3304e-10 0.00126206 0.0010978
7.33141e-10 0.00125782 0.00107258
7.33242e-10 0.00125359 0.00104735
7.33344e-10 0.00124938 0.00102213
7.33445e-10 0.00124517 0.000996927
7.33546e-10 0.00124097 0.000971763
7.33647e-10 0.00123678 0.000946656
7.33749e-10 0.0012326 0.000921621
7.3385e-10 0.00122842 0.000896676
7.33951e-10 0.00122424 0.000871837
7.34052e-10 0.00122007 0.00084712
7.34154e-10 0.0012159 0.00082254
7.34255e-10 0.00121173 0.000798114
7.34356e-10 0.00120757 0.000773856
7.34458e-10 0.0012034 0.000749782
7.34559e-10 0.00119924 0.000725907
7.3466e-10 0.00119507 0.000702245
7.34761e-10 0.0011909 0.00067881
7.34863e-10 0.00118674 0.000655616
7.34964e-10 0.00118257 0.000632678
7.35065e-10 0.00117839 0.000610008
7.35166e-10 0.00117422 0.000587619
7.35268e-10 0.00117004 0.000565523
7.35369e-10 0.00116586 0.000543735
7.3547e-10 0.00116167 0.000522264
7.35572e-10 0.00115748 0.000501124
7.35673e-10 0.00115329 0.000480325
7.35774e-10 0.0011491 0.000459878
7.35875e-10 0.0011449 0.000439795
7.35977e-10 0.00114069 0.000420084
7.36078e-10 0.00113649 0.000400757
7.36179e-10 0.00113228 0.000381823
7.3628e-10 0.00112807 0.00036329
7.36382e-10 0.00112385 0.000345168
7.36483e-10 0.00111963 0.000327465
7.36584e-10 0.00111541 0.00031019
7.36686e-10 0.00111119 0.000293349
7.36787e-10 0.00110697 0.00027695
7.36888e-10 0.00110274 0.000261
7.36989e-10 0.00109851 0.000245506
7.37091e-10 0.00109429 0.000230474
7.37192e-10 0.00109006 0.000215909
7.37293e-10 0.00108583 0.000201817
7.37394e-10 0.00108161 0.000188203
7.37496e-10 0.00107738 0.000175071
7.37597e-10 0.00107316 0.000162426
7.37698e-10 0.00106894 0.000150271
7.37799e-10 0.00106473 0.000138611
7.37901e-10 0.00106051 0.000127447
7.38002e-10 0.00105631 0.000116783
7.38103e-10 0.0010521 0.000106621
7.38205e-10 0.00104791 9.69623e-05
7.38306e-10 0.00104372 8.78095e-05
7.38407e-10 0.00103954 7.91634e-05
7.38508e-10 0.00103536 7.10246e-05
7.3861e-10 0.0010312 6.33937e-05
7.38711e-10 0.00102704 5.62708e-05
7.38812e-10 0.0010229 4.96555e-05
7.38913e-10 0.00101876 4.35472e-05
7.39015e-10 0.00101464 3.79449e-05
7.39116e-10 0.00101053 3.28473e-05
7.39217e-10 0.00100644 2.82526e-05
7.39319e-10 0.00100236 2.41588e-05
7.3942e-10 0.000998291 2.05635e-05
7.39521e-10 0.000994241 1.7464e-05
7.39622e-10 0.000990208 1.48574e-05
7.39724e-10 0.000986192 1.27401e-05
7.39825e-10 0.000982195 1.11085e-05
7.39926e-10 0.000978216 9.95872e-06
7.40027e-10 0.000974258 9.28634e-06
7.40129e-10 0.000970321 9.08677e-06
7.4023e-10 0.000966404 9.35513e-06
7.40331e-10 0.000962511 1.00862e-05
7.40433e-10 0.00095864 1.12745e-05
7.40534e-10 0.000954793 1.29144e-05
7.40635e-10 0.000950971 1.49997e-05
7.40736e-10 0.000947173 1.75241e-05
7.40838e-10 0.000943402 2.04813e-05
7.40939e-10 0.000939658 2.38642e-05
7.4104e-10 0.000935941 2.76659e-05
7.41141e-10 0.000932252 3.18791e-05
7.41243e-10 0.000928592 3.64962e-05
7.41344e-10 0.000924961 4.15096e-05
7.41445e-10 0.00092136 4.69113e-05
7.41546e-10 0.00091779 5.2693e-05
7.41648e-10 0.000914251 5.88465e-05
7.41749e-10 0.000910744 6.53631e-05
7.4185e-10 0.00090727 7.22341e-05
7.41952e-10 0.000903828 7.94506e-05
7.42053e-10 0.00090042 8.70035e-05
7.42154e-10 0.000897046 9.48834e-05
7.42255e-10 0.000893707 0.000103081
7.42357e-10 0.000890402 0.000111586
7.42458e-10 0.000887133 0.00012039
7.42559e-10 0.000883899 0.000129483
7.4266e-10 0.000880702 0.000138854
7.42762e-10 0.000877541 0.000148493
7.42863e-10 0.000874418 0.00015839
7.42964e-10 0.000871331 0.000168535
7.43066e-10 0.000868282 0.000178918
7.43167e-10 0.000865271 0.000189528
7.43268e-10 0.000862298 0.000200353
7.43369e-10 0.000859363 0.000211385
7.43471e-10 0.000856467 0.000222611
7.43572e-10 0.00085361 0.000234022
7.43673e-10 0.000850791 0.000245606
7.43774e-10 0.000848012 0.000257352
7.43876e-10 0.000845271 0.00026925
7.43977e-10 0.00084257 0.000281289
7.44078e-10 0.000839908 0.000293457
7.44179e-10 0.000837286 0.000305744
7.44281e-10 0.000834702 0.000318138
7.44382e-10 0.000832158 0.00033063
7.44483e-10 0.000829653 0.000343207
7.44585e-10 0.000827188 0.00035586
7.44686e-10 0.000824761 0.000368576
7.44787e-10 0.000822374 0.000381345
7.44888e-10 0.000820025 0.000394157
7.4499e-10 0.000817715 0.000407
7.45091e-10 0.000815444 0.000419864
7.45192e-10 0.000813211 0.000432738
7.45293e-10 0.000811016 0.000445612
7.45395e-10 0.000808858 0.000458474
7.45496e-10 0.000806739 0.000471316
7.45597e-10 0.000804657 0.000484125
7.45699e-10 0.000802611 0.000496892
7.458e-10 0.000800603 0.000509608
7.45901e-10 0.00079863 0.00052226
7.46002e-10 0.000796694 0.000534841
7.46104e-10 0.000794793 0.000547339
7.46205e-10 0.000792927 0.000559746
7.46306e-10 0.000791096 0.000572052
7.46407e-10 0.0007893 0.000584246
7.46509e-10 0.000787537 0.000596321
7.4661e-10 0.000785807 0.000608266
7.46711e-10 0.000784111 0.000620073
7.46813e-10 0.000782446 0.000631733
7.46914e-10 0.000780814 0.000643237
7.47015e-10 0.000779212 0.000654577
7.47116e-10 0.000777642 0.000665744
7.47218e-10 0.000776102 0.000676731
7.47319e-10 0.000774591 0.000687528
7.4742e-10 0.000773109 0.000698129
7.47521e-10 0.000771656 0.000708526
7.47623e-10 0.00077023 0.000718711
7.47724e-10 0.000768832 0.000728678
7.47825e-10 0.00076746 0.000738418
7.47926e-10 0.000766114 0.000747926
7.48028e-10 0.000764794 0.000757194
7.48129e-10 0.000763498 0.000766216
7.4823e-10 0.000762226 0.000774986
7.48332e-10 0.000760977 0.000783499
7.48433e-10 0.000759751 0.000791747
7.48534e-10 0.000758547 0.000799727
7.48635e-10 0.000757365 0.000807431
7.48737e-10 0.000756202 0.000814856
7.48838e-10 0.00075506 0.000821997
7.48939e-10 0.000753938 0.000828848
7.4904e-10 0.000752833 0.000835405
7.49142e-10 0.000751747 0.000841664
7.49243e-10 0.000750678 0.000847622
7.49344e-10 0.000749625 0.000853274
7.49446e-10 0.000748588 0.000858617
7.49547e-10 0.000747567 0.000863648
7.49648e-10 0.000746559 0.000868364
7.49749e-10 0.000745566 0.000872761
7.49851e-10 0.000744586 0.000876839
7.49952e-10 0.000743618 0.000880593
7.50053e-10 0.000742662 0.000884022
7.50154e-10 0.000741717 0.000887125
7.50256e-10 0.000740783 0.0008899
7.50357e-10 0.000739859 0.000892345
7.50458e-10 0.000738943 0.00089446
7.5056e-10 0.000738037 0.000896244
7.50661e-10 0.000737138 0.000897695
7.50762e-10 0.000736247 0.000898814
7.50863e-10 0.000735363 0.000899601
7.50965e-10 0.000734484 0.000900055
7.51066e-10 0.000733612 0.000900177
7.51167e-10 0.000732744 0.000899968
7.51268e-10 0.000731881 0.000899428
7.5137e-10 0.000731022 0.000898559
7.51471e-10 0.000730166 0.000897362
7.51572e-10 0.000729313 0.000895838
7.51673e-10 0.000728463 0.000893989
7.51775e-10 0.000727614 0.000891817
7.51876e-10 0.000726767 0.000889324
7.51977e-10 0.00072592 0.000886512
7.52079e-10 0.000725075 0.000883385
7.5218e-10 0.000724229 0.000879945
7.52281e-10 0.000723383 0.000876195
7.52382e-10 0.000722536 0.000872138
7.52484e-10 0.000721688 0.000867777
7.52585e-10 0.000720838 0.000863118
7.52686e-10 0.000719987 0.000858162
7.52787e-10 0.000719133 0.000852915
7.52889e-10 0.000718277 0.00084738
7.5299e-10 0.000717417 0.000841563
7.53091e-10 0.000716555 0.000835466
7.53193e-10 0.000715689 0.000829097
7.53294e-10 0.00071482 0.000822458
7.53395e-10 0.000713946 0.000815556
7.53496e-10 0.000713069 0.000808396
7.53598e-10 0.000712187 0.000800983
7.53699e-10 0.000711301 0.000793323
7.538e-10 0.000710409 0.000785422
7.53901e-10 0.000709513 0.000777286
7.54003e-10 0.000708612 0.00076892
7.54104e-10 0.000707706 0.000760331
7.54205e-10 0.000706795 0.000751526
7.54307e-10 0.000705878 0.000742511
7.54408e-10 0.000704957 0.000733292
7.54509e-10 0.000704029 0.000723877
7.5461e-10 0.000703096 0.000714271
7.54712e-10 0.000702158 0.000704483
7.54813e-10 0.000701215 0.00069452
7.54914e-10 0.000700266 0.000684388
7.55015e-10 0.000699311 0.000674095
7.55117e-10 0.000698351 0.000663648
7.55218e-10 0.000697387 0.000653055
7.55319e-10 0.000696417 0.000642324
7.5542e-10 0.000695441 0.000631461
7.55522e-10 0.000694461 0.000620476
7.55623e-10 0.000693477 0.000609375
7.55724e-10 0.000692487 0.000598167
7.55826e-10 0.000691494 0.00058686
7.55927e-10 0.000690495 0.000575461
7.56028e-10 0.000689493 0.000563978
7.56129e-10 0.000688487 0.000552421
7.56231e-10 0.000687478 0.000540796
7.56332e-10 0.000686465 0.000529112
7.56433e-10 0.000685449 0.000517378
7.56534e-10 0.00068443 0.0005056
7.56636e-10 0.000683408 0.000493789
7.56737e-10 0.000682384 0.000481952
7.56838e-10 0.000681359 0.000470096
7.5694e-10 0.000680331 0.000458231
7.57041e-10 0.000679303 0.000446365
7.57142e-10 0.000678273 0.000434506
7.57243e-10 0.000677242 0.000422662
7.57345e-10 0.000676212 0.000410841
7.57446e-10 0.000675181 0.000399052
7.57547e-10 0.000674151 0.000387303
7.57648e-10 0.000673121 0.000375601
7.5775e-10 0.000672093 0.000363955
7.57851e-10 0.000671067 0.000352374
7.57952e-10 0.000670042 0.000340864
7.58053e-10 0.00066902 0.000329434
7.58155e-10 0.000668001 0.000318093
7.58256e-10 0.000666985 0.000306846
7.58357e-10 0.000665973 0.000295703
7.58459e-10 0.000664965 0.000284671
7.5856e-10 0.000663962 0.000273758
7.58661e-10 0.000662964 0.00026297
7.58762e-10 0.000661971 0.000252317
7.58864e-10 0.000660984 0.000241804
7.58965e-10 0.000660004 0.000231439
7.59066e-10 0.00065903 0.000221229
7.59167e-10 0.000658064 0.000211182
7.59269e-10 0.000657106 0.000201303
7.5937e-10 0.000656155 0.000191601
7.59471e-10 0.000655214 0.000182081
7.59573e-10 0.000654281 0.00017275
7.59674e-10 0.000653359 0.000163615
7.59775e-10 0.000652446 0.000154682
7.59876e-10 0.000651544 0.000145957
7.59978e-10 0.000650652 0.000137446
7.60079e-10 0.000649773 0.000129155
7.6018e-10 0.000648905 0.00012109
7.60281e-10 0.000648049 0.000113256
7.60383e-10 0.000647206 0.000105659
7.60484e-10 0.000646376 9.83034e-05
7.60585e-10 0.00064556 9.11954e-05
7.60687e-10 0.000644758 8.43395e-05
7.60788e-10 0.00064397 7.77407e-05
7.60889e-10 0.000643197 7.14034e-05
7.6099e-10 0.000642439 6.53322e-05
7.61092e-10 0.000641697 5.95315e-05
7.61193e-10 0.000640971 5.40052e-05
7.61294e-10 0.000640261 4.87574e-05
7.61395e-10 0.000639568 4.37918e-05
7.61497e-10 0.000638892 3.91121e-05
7.61598e-10 0.000638233 3.47216e-05
7.61699e-10 0.000637593 3.06236e-05
7.618e-10 0.00063697 2.6821e-05
7.61902e-10 0.000636366 2.33168e-05
7.62003e-10 0.000635781 2.01136e-05
7.62104e-10 0.000635214 1.72139e-05
7.62206e-10 0.000634667 1.46199e-05
7.62307e-10 0.00063414 1.23337e-05
7.62408e-10 0.000633633 1.03572e-05
7.62509e-10 0.000633145 8.69211e-06
7.62611e-10 0.000632679 7.33986e-06
7.62712e-10 0.000632232 6.30175e-06
7.62813e-10 0.000631807 5.57889e-06
7.62914e-10 0.000631402 5.17215e-06
7.63016e-10 0.000631019 5.08222e-06
7.63117e-10 0.000630657 5.30959e-06
7.63218e-10 0.000630317 5.85454e-06
7.6332e-10 0.000629999 6.71717e-06
7.63421e-10 0.000629702 7.89734e-06
7.63522e-10 0.000629427 9.39474e-06
7.63623e-10 0.000629174 1.12089e-05
7.63725e-10 0.000628944 1.3339e-05
7.63826e-10 0.000628736 1.57841e-05
7.63927e-10 0.00062855 1.85433e-05
7.64028e-10 0.000628386 2.1615e-05
7.6413e-10 0.000628245 2.49979e-05
7.64231e-10 0.000628126 2.86902e-05
7.64332e-10 0.000628029 3.26899e-05
7.64434e-10 0.000627955 3.6995e-05
7.64535e-10 0.000627904 4.16033e-05
7.64636e-10 0.000627874 4.65121e-05
7.64737e-10 0.000627867 5.17188e-05
7.64839e-10 0.000627882 5.72205e-05
7.6494e-10 0.00062792 6.30143e-05
7.65041e-10 0.000627979 6.90967e-05
7.65142e-10 0.00062806 7.54645e-05
7.65244e-10 0.000628163 8.21139e-05
7.65345e-10 0.000628288 8.90412e-05
7.65446e-10 0.000628434 9.62424e-05
7.65547e-10 0.000628602 0.000103713
7.65649e-10 0.000628791 0.00011145
7.6575e-10 0.000629 0.000119447
7.65851e-10 0.000629231 0.000127701
7.65953e-10 0.000629482 0.000136206
7.66054e-10 0.000629753 0.000144958
7.66155e-10 0.000630044 0.000153951
7.66256e-10 0.000630355 0.00016318
7.66358e-10 0.000630686 0.00017264
7.66459e-10 0.000631036 0.000182325
7.6656e-10 0.000631405 0.000192229
7.66661e-10 0.000631792 0.000202346
7.66763e-10 0.000632198 0.000212671
7.66864e-10 0.000632622 0.000223196
7.66965e-10 0.000633063 0.000233917
7.67067e-10 0.000633522 0.000244826
7.67168e-10 0.000633997 0.000255917
7.67269e-10 0.00063449 0.000267183
7.6737e-10 0.000634998 0.000278618
7.67472e-10 0.000635522 0.000290214
7.67573e-10 0.000636062 0.000301964
7.67674e-10 0.000636617 0.000313862
7.67775e-10 0.000637186 0.000325899
7.67877e-10 0.000637769 0.00033807
7.67978e-10 0.000638366 0.000350366
7.68079e-10 0.000638977 0.000362779
7.68181e-10 0.0006396 0.000375303
7.68282e-10 0.000640235 0.00038793
7.68383e-10 0.000640883 0.000400651
7.68484e-10 0.000641542 0.000413459
7.68586e-10 0.000642212 0.000426347
7.68687e-10 0.000642893 0.000439305
7.68788e-10 0.000643584 0.000452327
7.68889e-10 0.000644284 0.000465404
7.68991e-10 0.000644994 0.000478528
7.69092e-10 0.000645712 0.000491691
7.69193e-10 0.000646439 0.000504884
7.69294e-10 0.000647173 0.0005181
7.69396e-10 0.000647915 0.00053133
7.69497e-10 0.000648663 0.000544567
7.69598e-10 0.000649417 0.0005578
7.697e-10 0.000650177 0.000571024
7.69801e-10 0.000650943 0.000584228
7.69902e-10 0.000651713 0.000597405
7.70003e-10 0.000652488 0.000610547
7.70105e-10 0.000653267 0.000623644
7.70206e-10 0.000654049 0.00063669
7.70307e-10 0.000654834 0.000649675
7.70408e-10 0.000655621 0.000662592
7.7051e-10 0.00065641 0.000675431
7.70611e-10 0.000657201 0.000688186
7.70712e-10 0.000657993 0.000700848
7.70814e-10 0.000658786 0.000713408
7.70915e-10 0.000659579 0.000725858
7.71016e-10 0.000660371 0.000738192
7.71117e-10 0.000661163 0.0007504
7.71219e-10 0.000661954 0.000762475
7.7132e-10 0.000662743 0.000774408
7.71421e-10 0.000663531 0.000786193
7.71522e-10 0.000664316 0.000797821
7.71624e-10 0.000665098 0.000809286
7.71725e-10 0.000665878 0.000820578
7.71826e-10 0.000666654 0.000831692
7.71928e-10 0.000667426 0.000842619
7.72029e-10 0.000668194 0.000853352
7.7213e-10 0.000668957 0.000863885
7.72231e-10 0.000669716 0.00087421
7.72333e-10 0.000670469 0.00088432
7.72434e-10 0.000671217 0.000894209
7.72535e-10 0.00067196 0.00090387
7.72636e-10 0.000672696 0.000913296
7.72738e-10 0.000673426 0.00092248
7.72839e-10 0.00067415 0.000931418
7.7294e-10 0.000674867 0.000940102
7.73041e-10 0.000675577 0.000948527
7.73143e-10 0.000676279 0.000956686
7.73244e-10 0.000676975 0.000964575
7.73345e-10 0.000677663 0.000972186
7.73447e-10 0.000678343 0.000979516
7.73548e-10 0.000679015 0.000986559
7.73649e-10 0.000679679 0.00099331
7.7375e-10 0.000680336 0.000999763
7.73852e-10 0.000680984 0.00100592
7.73953e-10 0.000681623 0.00101176
7.74054e-10 0.000682254 0.0010173
7.74155e-10 0.000682877 0.00102252
7.74257e-10 0.000683492 0.00102742
7.74358e-10 0.000684098 0.001032
7.74459e-10 0.000684695 0.00103625
7.74561e-10 0.000685284 0.00104017
7.74662e-10 0.000685864 0.00104376
7.74763e-10 0.000686437 0.00104702
7.74864e-10 0.000687 0.00104993
7.74966e-10 0.000687556 0.00105251
7.75067e-10 0.000688103 0.00105474
7.75168e-10 0.000688642 0.00105663
7.75269e-10 0.000689174 0.00105817
7.75371e-10 0.000689698 0.00105935
7.75472e-10 0.000690214 0.00106019
7.75573e-10 0.000690722 0.00106068
7.75674e-10 0.000691224 0.00106081
7.75776e-10 0.000691718 0.00106059
7.75877e-10 0.000692206 0.00106002
7.75978e-10 0.000692687 0.00105908
7.7608e-10 0.000693162 0.0010578
7.76181e-10 0.000693631 0.00105616
7.76282e-10 0.000694094 0.00105416
7.76383e-10 0.000694552 0.00105181
7.76485e-10 0.000695005 0.00104911
7.76586e-10 0.000695453 0.00104605
7.76687e-10 0.000695897 0.00104264
7.76788e-10 0.000696337 0.00103888
7.7689e-10 0.000696773 0.00103477
7.76991e-10 0.000697206 0.00103032
7.77092e-10 0.000697637 0.00102552
7.77194e-10 0.000698065 0.00102038
7.77295e-10 0.000698492 0.0010149
7.77396e-10 0.000698917 0.00100908
7.77497e-10 0.000699341 0.00100293
7.77599e-10 0.000699765 0.000996452
7.777e-10 0.000700189 0.000989644
7.77801e-10 0.000700614 0.000982514
7.77902e-10 0.000701039 0.000975064
7.78004e-10 0.000701467 0.000967299
7.78105e-10 0.000701896 0.000959224
7.78206e-10 0.000702329 0.000950843
7.78308e-10 0.000702764 0.000942162
7.78409e-10 0.000703204 0.000933184
7.7851e-10 0.000703648 0.000923916
7.78611e-10 0.000704098 0.000914363
7.78713e-10 0.000704553 0.00090453
7.78814e-10 0.000705014 0.000894425
7.78915e-10 0.000705482 0.000884052
7.79016e-10 0.000705958 0.000873419
7.79118e-10 0.000706442 0.000862531
7.79219e-10 0.000706935 0.000851397
7.7932e-10 0.000707438 0.000840022
7.79421e-10 0.000707951 0.000828414
7.79523e-10 0.000708474 0.00081658
7.79624e-10 0.000709009 0.000804528
7.79725e-10 0.000709556 0.000792266
7.79827e-10 0.000710116 0.000779801
7.79928e-10 0.000710689 0.000767142
7.80029e-10 0.000711276 0.000754297
7.8013e-10 0.000711878 0.000741275
7.80232e-10 0.000712496 0.000728085
7.80333e-10 0.00071313 0.000714734
7.80434e-10 0.00071378 0.000701233
7.80535e-10 0.000714448 0.000687589
7.80637e-10 0.000715134 0.000673814
7.80738e-10 0.000715839 0.000659915
7.80839e-10 0.000716563 0.000645904
7.80941e-10 0.000717308 0.000631789
7.81042e-10 0.000718073 0.00061758
7.81143e-10 0.000718859 0.000603287
7.81244e-10 0.000719667 0.000588922
7.81346e-10 0.000720499 0.000574493
7.81447e-10 0.000721353 0.000560011
7.81548e-10 0.000722231 0.000545487
7.81649e-10 0.000723134 0.000530932
7.81751e-10 0.000724062 0.000516356
7.81852e-10 0.000725015 0.000501769
7.81953e-10 0.000725995 0.000487184
7.82055e-10 0.000727001 0.000472611
7.82156e-10 0.000728035 0.00045806
7.82257e-10 0.000729097 0.000443544
7.82358e-10 0.000730187 0.000429073
7.8246e-10 0.000731307 0.000414658
7.82561e-10 0.000732456 0.000400312
7.82662e-10 0.000733635 0.000386045
7.82763e-10 0.000734844 0.000371869
7.82865e-10 0.000736084 0.000357795
7.82966e-10 0.000737356 0.000343836
7.83067e-10 0.000738659 0.000330001
7.83168e-10 0.000739995 0.000316304
7.8327e-10 0.000741364 0.000302755
7.83371e-10 0.000742765 0.000289366
7.83472e-10 0.0007442 0.000276149
7.83574e-10 0.000745669 0.000263115
7.83675e-10 0.000747171 0.000250276
7.83776e-10 0.000748709 0.000237644
7.83877e-10 0.00075028 0.000225229
7.83979e-10 0.000751887 0.000213044
7.8408e-10 0.000753529 0.0002011
7.84181e-10 0.000755207 0.000189408
7.84282e-10 0.00075692 0.00017798
7.84384e-10 0.000758668 0.000166827
7.84485e-10 0.000760453 0.000155961
7.84586e-10 0.000762274 0.000145391
7.84688e-10 0.000764131 0.000135131
7.84789e-10 0.000766025 0.00012519
7.8489e-10 0.000767955 0.000115579
7.84991e-10 0.000769921 0.00010631
7.85093e-10 0.000771924 9.73922e-05
7.85194e-10 0.000773964 8.88375e-05
7.85295e-10 0.00077604 8.06559e-05
7.85396e-10 0.000778152 7.28578e-05
7.85498e-10 0.000780301 6.54534e-05
7.85599e-10 0.000782486 5.84528e-05
7.857e-10 0.000784707 5.1866e-05
7.85802e-10 0.000786964 4.57027e-05
7.85903e-10 0.000789257 3.99726e-05
7.86004e-10 0.000791585 3.46852e-05
7.86105e-10 0.000793949 2.98497e-05
7.86207e-10 0.000796348 2.54754e-05
7.86308e-10 0.000798782 2.1571e-05
7.86409e-10 0.000801251 1.81455e-05
7.8651e-10 0.000803754 1.52074e-05
7.86612e-10 0.000806291 1.27649e-05
7.86713e-10 0.000808861 1.08263e-05
7.86814e-10 0.000811465 9.39949e-06
7.86915e-10 0.000814101 8.49215e-06
7.87017e-10 0.00081677 8.11178e-06
7.87118e-10 0.00081947 8.26563e-06
7.87219e-10 0.000822202 8.9607e-06
7.87321e-10 0.000824965 1.02038e-05
7.87422e-10 0.000827758 1.20013e-05
7.87523e-10 0.000830581 1.43597e-05
7.87624e-10 0.000833433 1.72847e-05
7.87726e-10 0.000836313 2.07823e-05
7.87827e-10 0.000839222 2.48578e-05
7.87928e-10 0.000842158 2.95164e-05
7.88029e-10 0.00084512 3.47631e-05
7.88131e-10 0.000848108 4.06023e-05
7.88232e-10 0.000851122 4.70385e-05
7.88333e-10 0.00085416 5.40757e-05
7.88435e-10 0.000857221 6.17175e-05
7.88536e-10 0.000860306 6.99674e-05
7.88637e-10 0.000863413 7.88285e-05
7.88738e-10 0.000866541 8.83036e-05
7.8884e-10 0.000869689 9.83951e-05
7.88941e-10 0.000872858 0.000109105
7.89042e-10 0.000876045 0.000120436
7.89143e-10 0.00087925 0.000132388
7.89245e-10 0.000882472 0.000144963
7.89346e-10 0.00088571 0.000158162
7.89447e-10 0.000888964 0.000171986
7.89548e-10 0.000892231 0.000186433
7.8965e-10 0.000895512 0.000201505
7.89751e-10 0.000898806 0.000217201
7.89852e-10 0.000902111 0.000233519
7.89954e-10 0.000905426 0.000250459
7.90055e-10 0.000908751 0.000268018
7.90156e-10 0.000912084 0.000286195
7.90257e-10 0.000915424 0.000304987
7.90359e-10 0.000918771 0.000324392
7.9046e-10 0.000922124 0.000344406
7.90561e-10 0.000925481 0.000365027
7.90662e-10 0.000928841 0.000386249
7.90764e-10 0.000932203 0.00040807
7.90865e-10 0.000935567 0.000430483
7.90966e-10 0.000938931 0.000453486
7.91068e-10 0.000942295 0.000477071
7.91169e-10 0.000945656 0.000501234
7.9127e-10 0.000949015 0.000525967
7.91371e-10 0.00095237 0.000551266
7.91473e-10 0.00095572 0.000577123
7.91574e-10 0.000959064 0.000603531
7.91675e-10 0.000962401 0.000630481
7.91776e-10 0.00096573 0.000657967
7.91878e-10 0.000969051 0.00068598
7.91979e-10 0.000972361 0.000714512
7.9208e-10 0.000975661 0.000743552
7.92182e-10 0.000978948 0.000773092
7.92283e-10 0.000982223 0.000803122
7.92384e-10 0.000985484 0.000833632
7.92485e-10 0.00098873 0.000864611
7.92587e-10 0.000991961 0.000896049
7.92688e-10 0.000995175 0.000927934
7.92789e-10 0.000998371 0.000960254
7.9289e-10 0.00100155 0.000992998
7.92992e-10 0.00100471 0.00102615
7.93093e-10 0.00100785 0.00105971
7.93194e-10 0.00101097 0.00109365
7.93295e-10 0.00101406 0.00112796
7.93397e-10 0.00101714 0.00116263
7.93498e-10 0.00102019 0.00119764
7.93599e-10 0.00102322 0.00123299
7.93701e-10 0.00102622 0.00126865
7.93802e-10 0.0010292 0.00130462
7.93903e-10 0.00103215 0.00134086
7.94004e-10 0.00103507 0.00137738
7.94106e-10 0.00103797 0.00141415
7.94207e-10 0.00104084 0.00145117
7.94308e-10 0.00104369 0.0014884
7.94409e-10 0.0010465 0.00152584
7.94511e-10 0.00104929 0.00156346
7.94612e-10 0.00105204 0.00160126
7.94713e-10 0.00105477 0.00163921
7.94815e-10 0.00105747 0.00167729
7.94916e-10 0.00106013 0.00171549
7.95017e-10 0.00106277 0.00175379
7.95118e-10 0.00106538 0.00179218
7.9522e-10 0.00106795 0.00183062
7.95321e-10 0.00107049 0.00186911
7.95422e-10 0.001073 0.00190762
7.95523e-10 0.00107549 0.00194614
7.95625e-10 0.00107793 0.00198464
7.95726e-10 0.00108035 0.0020231
7.95827e-10 0.00108274 0.00206151
7.95929e-10 0.0010851 0.00209985
7.9603e-10 0.00108742 0.0021381
7.96131e-10 0.00108972 0.00217622
7.96232e-10 0.00109198 0.00221422
7.96334e-10 0.00109421 0.00225205
7.96435e-10 0.00109642 0.00228971
7.96536e-10 0.00109859 0.00232718
7.96637e-10 0.00110074 0.00236442
7.96739e-10 0.00110286 0.00240143
7.9684e-10 0.00110495 0.00243817
7.96941e-10 0.00110701 0.00247463
7.97042e-10 0.00110905 0.00251079
7.97144e-10 0.00111106 0.00254663
7.97245e-10 0.00111304 0.00258212
7.97346e-10 0.001115 0.00261725
7.97448e-10 0.00111694 0.00265199
7.97549e-10 0.00111886 0.00268632
7.9765e-10 0.00112075 0.00272022
7.97751e-10 0.00112262 0.00275367
7.97853e-10 0.00112448 0.00278665
7.97954e-10 0.00112631 0.00281914
7.98055e-10 0.00112813 0.00285111
7.98156e-10 0.00112993 0.00288255
7.98258e-10 0.00113172 0.00291343
7.98359e-10 0.00113349 0.00294374
7.9846e-10 0.00113526 0.00297345
7.98562e-10 0.00113701 0.00300254
7.98663e-10 0.00113875 0.003031
7.98764e-10 0.00114048 0.0030588
7.98865e-10 0.00114221 0.00308592
7.98967e-10 0.00114393 0.00311235
7.99068e-10 0.00114565 0.00313806
7.99169e-10 0.00114737 0.00316303
7.9927e-10 0.00114909 0.00318726
7.99372e-10 0.00115081 0.0032107
7.99473e-10 0.00115254 0.00323336
7.99574e-10 0.00115427 0.00325521
7.99676e-10 0.00115601 0.00327623
7.99777e-10 0.00115776 0.00329641
7.99878e-10 0.00115952 0.00331572
7.99979e-10 0.00116129 0.00333415
8.00081e-10 0.00116308 0.00335169
8.00182e-10 0.00116489 0.00336832
8.00283e-10 0.00116672 0.00338402
8.00384e-10 0.00116856 0.00339878
8.00486e-10 0.00117044 0.00341258
8.00587e-10 0.00117234 0.0034254
8.00688e-10 0.00117427 0.00343724
8.00789e-10 0.00117623 0.00344808
8.00891e-10 0.00117822 0.00345791
8.00992e-10 0.00118025 0.00346671
8.01093e-10 0.00118231 0.00347447
8.01195e-10 0.00118442 0.00348118
8.01296e-10 0.00118657 0.00348683
8.01397e-10 0.00118876 0.00349141
8.01498e-10 0.001191 0.00349491
8.016e-10 0.00119329 0.00349732
8.01701e-10 0.00119564 0.00349862
8.01802e-10 0.00119803 0.00349882
8.01903e-10 0.00120049 0.0034979
8.02005e-10 0.001203 0.00349585
8.02106e-10 0.00120558 0.00349268
8.02207e-10 0.00120822 0.00348837
8.02309e-10 0.00121093 0.00348292
8.0241e-10 0.00121371 0.00347632
8.02511e-10 0.00121656 0.00346858
8.02612e-10 0.00121948 0.00345968
8.02714e-10 0.00122248 0.00344963
8.02815e-10 0.00122556 0.00343843
8.02916e-10 0.00122872 0.00342606
8.03017e-10 0.00123196 0.00341254
8.03119e-10 0.00123529 0.00339786
8.0322e-10 0.00123871 0.00338203
8.03321e-10 0.00124222 0.00336504
8.03422e-10 0.00124583 0.00334691
8.03524e-10 0.00124953 0.00332763
8.03625e-10 0.00125332 0.0033072
8.03726e-10 0.00125722 0.00328565
8.03828e-10 0.00126122 0.00326296
8.03929e-10 0.00126532 0.00323915
8.0403e-10 0.00126953 0.00321422
8.04131e-10 0.00127385 0.00318819
8.04233e-10 0.00127828 0.00316107
8.04334e-10 0.00128282 0.00313286
8.04435e-10 0.00128747 0.00310357
8.04536e-10 0.00129224 0.00307323
8.04638e-10 0.00129713 0.00304184
8.04739e-10 0.00130213 0.00300941
8.0484e-10 0.00130726 0.00297597
8.04942e-10 0.00131251 0.00294153
8.05043e-10 0.00131788 0.0029061
8.05144e-10 0.00132338 0.00286971
8.05245e-10 0.001329 0.00283237
8.05347e-10 0.00133476 0.0027941
8.05448e-10 0.00134064 0.00275492
8.05549e-10 0.00134665 0.00271487
8.0565e-10 0.00135279 0.00267395
8.05752e-10 0.00135907 0.00263219
8.05853e-10 0.00136547 0.00258962
8.05954e-10 0.00137202 0.00254627
8.06056e-10 0.00137869 0.00250215
8.06157e-10 0.0013855 0.00245731
8.06258e-10 0.00139245 0.00241176
8.06359e-10 0.00139953 0.00236554
8.06461e-10 0.00140674 0.00231868
8.06562e-10 0.0014141 0.00227121
8.06663e-10 0.00142158 0.00222316
8.06764e-10 0.00142921 0.00217457
8.06866e-10 0.00143697 0.00212547
8.06967e-10 0.00144486 0.00207589
8.07068e-10 0.00145289 0.00202589
8.07169e-10 0.00146105 0.00197548
8.07271e-10 0.00146935 0.00192472
8.07372e-10 0.00147777 0.00187364
8.07473e-10 0.00148633 0.00182227
8.07575e-10 0.00149502 0.00177068
8.07676e-10 0.00150384 0.00171889
8.07777e-10 0.00151279 0.00166695
8.07878e-10 0.00152186 0.0016149
8.0798e-10 0.00153106 0.0015628
8.08081e-10 0.00154038 0.00151068
8.08182e-10 0.00154982 0.0014586
8.08283e-10 0.00155938 0.00140659
8.08385e-10 0.00156905 0.00135473
8.08486e-10 0.00157884 0.00130304
8.08587e-10 0.00158874 0.00125159
8.08689e-10 0.00159875 0.00120042
8.0879e-10 0.00160887 0.00114959
8.08891e-10 0.00161909 0.00109916
8.08992e-10 0.00162941 0.00104917
8.09094e-10 0.00163982 0.000999678
8.09195e-10 0.00165033 0.000950748
8.09296e-10 0.00166093 0.000902433
8.09397e-10 0.00167162 0.000854792
8.09499e-10 0.00168239 0.000807881
8.096e-10 0.00169323 0.000761761
8.09701e-10 0.00170416 0.000716492
8.09803e-10 0.00171515 0.000672134
8.09904e-10 0.0017262 0.000628749
8.10005e-10 0.00173732 0.000586399
8.10106e-10 0.0017485 0.000545146
8.10208e-10 0.00175972 0.000505054
8.10309e-10 0.001771 0.000466187
8.1041e-10 0.00178231 0.000428609
8.10511e-10 0.00179366 0.000392385
8.10613e-10 0.00180504 0.000357581
8.10714e-10 0.00181645 0.000324263
8.10815e-10 0.00182788 0.000292498
8.10916e-10 0.00183932 0.000262353
8.11018e-10 0.00185076 0.000233894
8.11119e-10 0.00186221 0.000207191
8.1122e-10 0.00187366 0.00018231
8.11322e-10 0.00188509 0.000159322
8.11423e-10 0.00189651 0.000138294
8.11524e-10 0.0019079 0.000119296
8.11625e-10 0.00191927 0.000102397
8.11727e-10 0.00193059 8.76676e-05
8.11828e-10 0.00194187 7.51765e-05
8.11929e-10 0.0019531 6.49939e-05
8.1203e-10 0.00196427 5.719e-05
8.12132e-10 0.00197538 5.1835e-05
8.12233e-10 0.00198641 4.8999e-05
8.12334e-10 0.00199737 4.87523e-05
8.12436e-10 0.00200823 5.1165e-05
8.12537e-10 0.002019 5.63071e-05
8.12638e-10 0.00202967 6.42488e-05
8.12739e-10 0.00204023 7.50598e-05
8.12841e-10 0.00205066 8.88099e-05
8.12942e-10 0.00206098 0.000105568
8.13043e-10 0.00207116 0.000125404
8.13144e-10 0.00208119 0.000148387
8.13246e-10 0.00209108 0.000174584
8.13347e-10 0.00210081 0.000204065
8.13448e-10 0.00211038 0.000236896
8.1355e-10 0.00211977 0.000273145
8.13651e-10 0.00212897 0.000312879
8.13752e-10 0.00213799 0.000356164
8.13853e-10 0.00214681 0.000403064
8.13955e-10 0.00215543 0.000453646
8.14056e-10 0.00216383 0.000507972
8.14157e-10 0.002172 0.000566107
8.14258e-10 0.00217995 0.000628113
8.1436e-10 0.00218766 0.000694051
8.14461e-10 0.00219512 0.000763983
8.14562e-10 0.00220233 0.000837967
8.14663e-10 0.00220928 0.000916063
8.14765e-10 0.00221596 0.000998329
8.14866e-10 0.00222236 0.00108482
8.14967e-10 0.00222847 0.0011756
8.15069e-10 0.00223429 0.0012707
8.1517e-10 0.00223981 0.0013702
8.15271e-10 0.00224503 0.00147414
8.15372e-10 0.00224993 0.00158257
8.15474e-10 0.0022545 0.00169554
8.15575e-10 0.00225875 0.0018131
8.15676e-10 0.00226266 0.00193529
8.15777e-10 0.00226623 0.00206215
8.15879e-10 0.00226945 0.00219374
8.1598e-10 0.00227231 0.00233009
8.16081e-10 0.00227481 0.00247123
8.16183e-10 0.00227694 0.00261722
8.16284e-10 0.0022787 0.00276807
8.16385e-10 0.00228008 0.00292384
8.16486e-10 0.00228107 0.00308454
8.16588e-10 0.00228167 0.00325021
8.16689e-10 0.00228188 0.00342087
8.1679e-10 0.00228168 0.00359656
8.16891e-10 0.00228108 0.00377729
8.16993e-10 0.00228007 0.00396308
8.17094e-10 0.00227865 0.00415396
8.17195e-10 0.0022768 0.00434993
8.17296e-10 0.00227454 0.00455102
8.17398e-10 0.00227185 0.00475724
8.17499e-10 0.00226873 0.00496859
8.176e-10 0.00226519 0.00518507
8.17702e-10 0.00226121 0.00540671
8.17803e-10 0.00225679 0.00563349
8.17904e-10 0.00225194 0.00586541
8.18005e-10 0.00224665 0.00610247
8.18107e-10 0.00224091 0.00634466
8.18208e-10 0.00223474 0.00659197
8.18309e-10 0.00222813 0.00684439
8.1841e-10 0.00222108 0.0071019
8.18512e-10 0.00221358 0.00736449
8.18613e-10 0.00220565 0.00763212
8.18714e-10 0.00219727 0.00790478
8.18816e-10 0.00218846 0.00818244
8.18917e-10 0.00217921 0.00846506
8.19018e-10 0.00216953 0.00875261
8.19119e-10 0.00215941 0.00904505
8.19221e-10 0.00214887 0.00934233
8.19322e-10 0.00213789 0.00964443
8.19423e-10 0.0021265 0.00995127
8.19524e-10 0.00211469 0.0102628
8.19626e-10 0.00210247 0.010579
8.19727e-10 0.00208984 0.0108998
8.19828e-10 0.0020768 0.0112251
8.1993e-10 0.00206337 0.0115549
8.20031e-10 0.00204955 0.011889
8.20132e-10 0.00203534 0.0122275
8.20233e-10 0.00202075 0.0125702
8.20335e-10 0.00200579 0.0129171
8.20436e-10 0.00199047 0.013268
8.20537e-10 0.0019748 0.0136229
8.20638e-10 0.00195878 0.0139817
8.2074e-10 0.00194243 0.0143443
8.20841e-10 0.00192574 0.0147106
8.20942e-10 0.00190874 0.0150804
8.21043e-10 0.00189144 0.0154538
8.21145e-10 0.00187383 0.0158305
8.21246e-10 0.00185594 0.0162105
8.21347e-10 0.00183778 0.0165935
8.21449e-10 0.00181936 0.0169796
8.2155e-10 0.00180069 0.0173686
8.21651e-10 0.00178178 0.0177603
8.21752e-10 0.00176264 0.0181546
8.21854e-10 0.0017433 0.0185514
8.21955e-10 0.00172376 0.0189505
8.22056e-10 0.00170403 0.0193518
8.22157e-10 0.00168414 0.0197551
8.22259e-10 0.00166409 0.0201602
8.2236e-10 0.00164391 0.0205671
8.22461e-10 0.0016236 0.0209755
8.22563e-10 0.00160318 0.0213853
8.22664e-10 0.00158267 0.0217963
8.22765e-10 0.00156209 0.0222083
8.22866e-10 0.00154145 0.0226211
8.22968e-10 0.00152076 0.0230347
8.23069e-10 0.00150005 0.0234487
8.2317e-10 0.00147933 0.023863
8.23271e-10 0.00145861 0.0242773
8.23373e-10 0.00143793 0.0246916
8.23474e-10 0.00141728 0.0251056
8.23575e-10 0.0013967 0.0255191
8.23677e-10 0.00137619 0.0259318
8.23778e-10 0.00135579 0.0263436
8.23879e-10 0.00133549 0.0267543
8.2398e-10 0.00131533 0.0271636
8.24082e-10 0.00129532 0.0275714
8.24183e-10 0.00127548 0.0279773
8.24284e-10 0.00125583 0.0283812
8.24385e-10 0.00123638 0.0287828
8.24487e-10 0.00121716 0.0291819
8.24588e-10 0.00119818 0.0295783
8.24689e-10 0.00117945 0.0299718
8.2479e-10 0.00116101 0.030362
8.24892e-10 0.00114286 0.0307488
8.24993e-10 0.00112502 0.0311318
8.25094e-10 0.00110751 0.031511
8.25196e-10 0.00109035 0.0318859
8.25297e-10 0.00107356 0.0322564
8.25398e-10 0.00105714 0.0326222
8.25499e-10 0.00104113 0.0329831
8.25601e-10 0.00102553 0.0333387
8.25702e-10 0.00101036 0.0336889
8.25803e-10 0.000995636 0.0340334
8.25904e-10 0.000981375 0.0343719
8.26006e-10 0.000967592 0.0347042
8.26107e-10 0.000954301 0.03503
8.26208e-10 0.000941517 0.035349
8.2631e-10 0.000929253 0.035661
8.26411e-10 0.000917524 0.0359657
8.26512e-10 0.000906343 0.0362629
8.26613e-10 0.000895722 0.0365523
8.26715e-10 0.000885674 0.0368336
8.26816e-10 0.000876212 0.0371067
8.26917e-10 0.000867346 0.0373711
8.27018e-10 0.000859088 0.0376268
8.2712e-10 0.000851449 0.0378733
8.27221e-10 0.000844438 0.0381106
8.27322e-10 0.000838066 0.0383382
8.27424e-10 0.000832342 0.038556
8.27525e-10 0.000827274 0.0387637
8.27626e-10 0.000822871 0.0389611
8.27727e-10 0.000819141 0.039148
8.27829e-10 0.000816092 0.039324
8.2793e-10 0.00081373 0.039489
8.28031e-10 0.000812062 0.0396428
8.28132e-10 0.000811095 0.039785
8.28234e-10 0.000810835 0.0399156
8.28335e-10 0.000811287 0.0400342
8.28436e-10 0.000812457 0.0401407
8.28537e-10 0.000814349 0.0402348
8.28639e-10 0.000816969 0.0403164
8.2874e-10 0.000820321 0.0403852
8.28841e-10 0.00082441 0.0404411
8.28943e-10 0.00082924 0.0404839
8.29044e-10 0.000834816 0.0405134
8.29145e-10 0.000841142 0.0405295
8.29246e-10 0.000848222 0.0405319
8.29348e-10 0.000856062 0.0405206
8.29449e-10 0.000864666 0.0404953
8.2955e-10 0.000874039 0.040456
8.29651e-10 0.000884186 0.0404025
8.29753e-10 0.000895115 0.0403346
8.29854e-10 0.000906831 0.0402524
8.29955e-10 0.000919342 0.0401557
8.30057e-10 0.000932655 0.0400443
8.30158e-10 0.00094678 0.0399183
8.30259e-10 0.000961727 0.0397775
8.3036e-10 0.000977506 0.0396219
8.30462e-10 0.00099413 0.0394515
8.30563e-10 0.00101161 0.0392661
8.30664e-10 0.00102997 0.0390659
8.30765e-10 0.00104922 0.0388507
8.30867e-10 0.00106937 0.0386206
8.30968e-10 0.00109046 0.0383757
8.31069e-10 0.0011125 0.0381158
8.31171e-10 0.00113552 0.0378411
8.31272e-10 0.00115955 0.0375517
8.31373e-10 0.00118461 0.0372475
8.31474e-10 0.00121074 0.0369288
8.31576e-10 0.00123798 0.0365955
8.31677e-10 0.00126637 0.0362479
8.31778e-10 0.00129595 0.035886
8.31879e-10 0.00132677 0.03551
8.31981e-10 0.00135888 0.0351201
8.32082e-10 0.00139233 0.0347164
8.32183e-10 0.00142719 0.0342992
8.32284e-10 0.00146353 0.0338686
8.32386e-10 0.0015014 0.033425
8.32487e-10 0.00154089 0.0329684
8.32588e-10 0.00158208 0.0324993
8.3269e-10 0.00162505 0.0320179
8.32791e-10 0.0016699 0.0315245
8.32892e-10 0.00171673 0.0310195
8.32993e-10 0.00176564 0.0305031
8.33095e-10 0.00181675 0.0299758
8.33196e-10 0.00187018 0.0294378
8.33297e-10 0.00192605 0.0288897
8.33398e-10 0.0019845 0.0283319
8.335e-10 0.00204569 0.0277646
8.33601e-10 0.00210975 0.0271886
8.33702e-10 0.00217685 0.0266041
8.33804e-10 0.00224716 0.0260117
8.33905e-10 0.00232087 0.0254119
8.34006e-10 0.00239816 0.0248053
8.34107e-10 0.00247924 0.0241923
8.34209e-10 0.00256431 0.0235736
8.3431e-10 0.00265359 0.0229498
8.34411e-10 0.00274733 0.0223214
8.34512e-10 0.00284576 0.0216891
8.34614e-10 0.00294914 0.0210535
8.34715e-10 0.00305774 0.0204153
8.34816e-10 0.00317183 0.0197751
8.34917e-10 0.00329172 0.0191338
8.35019e-10 0.0034177 0.0184919
8.3512e-10 0.00355009 0.0178502
8.35221e-10 0.00368923 0.0172095
8.35323e-10 0.00383546 0.0165705
8.35424e-10 0.00398914 0.015934
8.35525e-10 0.00415063 0.0153009
8.35626e-10 0.00432034 0.0146718
8.35728e-10 0.00449864 0.0140476
8.35829e-10 0.00468597 0.0134292
8.3593e-10 0.00488275 0.0128174
8.36031e-10 0.00508942 0.0122131
8.36133e-10 0.00530644 0.0116171
8.36234e-10 0.00553428 0.0110304
8.36335e-10 0.00577343 0.0104537
8.36437e-10 0.00602439 0.00988811
8.36538e-10 0.00628767 0.00933439
8.36639e-10 0.00656381 0.00879351
8.3674e-10 0.00685333 0.00826637
8.36842e-10 0.00715681 0.00775391
8.36943e-10 0.00747481 0.00725704
8.37044e-10 0.00780792 0.00677671
8.37145e-10 0.00815672 0.00631384
8.37247e-10 0.00852184 0.00586935
8.37348e-10 0.00890389 0.00544419
8.37449e-10 0.00930349 0.00503927
8.37551e-10 0.00972131 0.00465553
8.37652e-10 0.010158 0.00429387
8.37753e-10 0.0106142 0.00395521
8.37854e-10 0.0110906 0.00364045
8.37956e-10 0.0115878 0.00335048
8.38057e-10 0.0121066 0.0030862
8.38158e-10 0.0126477 0.00284846
8.38259e-10 0.0132118 0.00263812
8.38361e-10 0.0137995 0.00245602
8.38462e-10 0.0144115 0.00230298
8.38563e-10 0.0150487 0.00217981
8.38664e-10 0.0157116 0.00208729
8.38766e-10 0.0164011 0.00202617
8.38867e-10 0.0171177 0.00199719
8.38968e-10 0.0178623 0.00200106
8.3907e-10 0.0186355 0.00203846
8.39171e-10 0.019438 0.00211004
8.39272e-10 0.0202705 0.00221641
8.39373e-10 0.0211337 0.00235817
8.39475e-10 0.0220283 0.00253586
8.39576e-10 0.0229548 0.00275
8.39677e-10 0.023914 0.00300107
8.39778e-10 0.0249064 0.00328949
8.3988e-10 0.0259327 0.00361567
