7e-10 0.0111299 0.00662932
7.0162e-10 0.0108148 0.00273303
7.03241e-10 0.0103185 0.000726149
7.04861e-10 0.00965374 4.12955e-05
7.06481e-10 0.00886503 0.000200754
7.08102e-10 0.00800918 0.000828037
7.09722e-10 0.00714169 0.0016442
7.11342e-10 0.0063085 0.00245625
7.12963e-10 0.00554239 0.00314226
7.14583e-10 0.00486262 0.0036361
7.16203e-10 0.00427666 0.00391333
7.17824e-10 0.00378283 0.00397898
7.19444e-10 0.00337315 0.00385735
7.21064e-10 0.00303607 0.00358402
7.22684e-10 0.00275861 0.00319967
7.24305e-10 0.00252804 0.00274549
7.25925e-10 0.00233295 0.00226002
7.27545e-10 0.00216391 0.00177704
7.29166e-10 0.00201366 0.00132435
7.30786e-10 0.00187704 0.000923203
7.32406e-10 0.00175082 0.000588313
7.34027e-10 0.00163326 0.00032815
7.35647e-10 0.00152374 0.000145546
7.37267e-10 0.00142238 3.84626e-05
7.38888e-10 0.00132966 8.50681e-07
7.40508e-10 0.00124616 2.35551e-05
7.42128e-10 0.0011723 9.52175e-05
7.43749e-10 0.00110826 0.000203143
7.45369e-10 0.00105383 0.000334106
7.46989e-10 0.00100846 0.000475075
7.4861e-10 0.000971292 0.000613851
7.5023e-10 0.00094121 0.000739593
7.5185e-10 0.000916962 0.000843248
7.53471e-10 0.000897256 0.000917865
7.55091e-10 0.000880872 0.000958807
7.56711e-10 0.000866754 0.000963847
7.58332e-10 0.000854086 0.000933175
7.59952e-10 0.000842342 0.000869297
7.61572e-10 0.000831306 0.00077685
7.63193e-10 0.000821071 0.000662339
7.64813e-10 0.000812003 0.000533795
7.66433e-10 0.000804686 0.000400382
7.68053e-10 0.000799848 0.000271945
7.69674e-10 0.000798274 0.00015853
7.71294e-10 0.000800714 6.98802e-05
7.72914e-10 0.000807794 1.4918e-05
7.74535e-10 0.000819937 1.24562e-06
7.76155e-10 0.000837306 3.46635e-05
7.77775e-10 0.000859763 0.000118735
7.79396e-10 0.000886865 0.00025441
7.81016e-10 0.000917894 0.000439734
7.82636e-10 0.000951915 0.000669654
7.84257e-10 0.000987875 0.000935948
7.85877e-10 0.00102473 0.0012273
7.87497e-10 0.00106158 0.00152953
7.89118e-10 0.00109787 0.00182605
7.90738e-10 0.0011335 0.00209842
7.92358e-10 0.00116899 0.00232731
7.93979e-10 0.0012056 0.00249349
7.95599e-10 0.00124535 0.00257926
7.97219e-10 0.00129102 0.00257001
7.9884e-10 0.00134595 0.00245612
8.0046e-10 0.00141385 0.00223504
8.0208e-10 0.00149838 0.00191368
8.03701e-10 0.00160258 0.00151084
8.05321e-10 0.00172827 0.00105983
8.06941e-10 0.00187528 0.000610999
8.08562e-10 0.00204063 0.000234095
8.10182e-10 0.00221785 2.01081e-05
8.11802e-10 0.0023964 8.23838e-05
8.13422e-10 0.00256148 0.000556475
8.15043e-10 0.00269442 0.00159817
8.16663e-10 0.00277384 0.00337897
8.18283e-10 0.00277781 0.006078
8.19904e-10 0.00268717 0.00986938
8.21524e-10 0.00248981 0.0149037
8.23144e-10 0.00218571 0.0212824
8.24765e-10 0.00179148 0.0290242
8.26385e-10 0.00134292 0.038024
8.28005e-10 0.000892986 0.0480046
8.29626e-10 0.000502491 0.0584686
8.31246e-10 0.000222338 0.068659
8.32866e-10 7.08135e-05 0.0775477
8.34487e-10 2.09725e-05 0.0838788
8.36107e-10 3.23948e-05 0.0863031
8.37727e-10 0.00018522 0.0836364
8.39348e-10 0.000982012 0.0752502
8.40968e-10 0.00382587 0.0615351
8.42588e-10 0.011489 0.0442577
8.44209e-10 0.0280345 0.0265061
8.45829e-10 0.0573703 0.0119201
8.47449e-10 0.100022 0.00322581
8.4907e-10 0.149422 0.000769521
8.5069e-10 0.191135 0.00224399
8.5231e-10 0.208033 0.00422787
8.53931e-10 0.189742 0.00449814
8.55551e-10 0.140104 0.00309795
8.57171e-10 0.077349 0.00138197
8.58791e-10 0.0266188 0.00035933
8.60412e-10 0.00867879 0.000129013
8.62032e-10 0.0310733 0.000810079
8.63652e-10 0.0865092 0.00369438
8.65273e-10 0.157747 0.0110355
8.66893e-10 0.224766 0.024384
8.68513e-10 0.271048 0.042999
8.70134e-10 0.287617 0.0637129
8.71754e-10 0.274098 0.0821925
8.73374e-10 0.236972 0.094579
8.74995e-10 0.186292 0.0986119
8.76615e-10 0.132413 0.0939604
8.78235e-10 0.0837507 0.0819458
8.79856e-10 0.0457827 0.0649752
8.81476e-10 0.0210217 0.0459418
8.83096e-10 0.009555 0.0277281
8.84717e-10 0.00979494 0.0128572
8.86337e-10 0.0192171 0.0032804
8.87957e-10 0.0349761 0.000275706
8.89578e-10 0.0543602 0.00442383
8.91198e-10 0.0750877 0.015638
8.92818e-10 0.0954653 0.0332292
8.94439e-10 0.114431 0.0559967
8.96059e-10 0.131507 0.0823351
8.97679e-10 0.14668 0.110357
8.993e-10 0.160238 0.138028
9.0092e-10 0.172572 0.163304
9.0254e-10 0.183974 0.184288
9.0416e-10 0.194463 0.199364
9.05781e-10 0.203655 0.207342
9.07401e-10 0.210714 0.207567
9.09021e-10 0.214412 0.2
9.10642e-10 0.213298 0.185249
9.12262e-10 0.205987 0.164534
9.13882e-10 0.191517 0.139589
9.15503e-10 0.169728 0.112492
9.17123e-10 0.141553 0.0854314
9.18743e-10 0.109134 0.0604463
9.20364e-10 0.0756686 0.0391676
9.21984e-10 0.0449489 0.0226124
9.23604e-10 0.0206372 0.011076
9.25225e-10 0.00542963 0.00415416
9.26845e-10 0.000329256 0.000897757
9.28465e-10 0.00427618 7.19765e-05
9.30086e-10 0.0143103 0.000453372
9.31706e-10 0.0262864 0.00108562
9.33326e-10 0.0359678 0.0014228
9.34947e-10 0.040174 0.00132735
9.36567e-10 0.0376249 0.000942704
9.38187e-10 0.029229 0.000507589
9.39808e-10 0.0177651 0.000196333
9.41428e-10 0.00710659 4.95041e-05
9.43048e-10 0.00125109 9.36769e-06
9.44669e-10 0.00341517 2.1197e-05
9.46289e-10 0.0153655 0.000130983
9.47909e-10 0.0370584 0.000517058
9.49529e-10 0.0665952 0.00143172
9.5115e-10 0.100479 0.00307733
9.5277e-10 0.134146 0.00547473
9.5439e-10 0.162715 0.008386
9.56011e-10 0.181841 0.0113294
9.57631e-10 0.188518 0.0136871
9.59251e-10 0.181643 0.014871
9.60872e-10 0.16224 0.0144974
9.62492e-10 0.133267 0.0125177
9.64112e-10 0.0990963 0.0092756
9.65733e-10 0.0647656 0.00547916
9.67353e-10 0.0351842 0.00209923
9.68973e-10 0.0144331 0.000220726
9.70594e-10 0.00527096 0.000876744
9.72214e-10 0.0088943 0.00489497
9.73834e-10 0.0249474 0.0127781
9.75455e-10 0.0517379 0.0246317
9.77075e-10 0.0865901 0.0401428
9.78695e-10 0.126262 0.0586076
9.80316e-10 0.16736 0.0789988
9.81936e-10 0.206702 0.100062
9.83556e-10 0.241592 0.120431
9.85177e-10 0.269992 0.138743
9.86797e-10 0.290598 0.153755
9.88417e-10 0.302817 0.164444
9.90038e-10 0.306689 0.170082
9.91658e-10 0.302748 0.170292
9.93278e-10 0.291872 0.165073
9.94898e-10 0.275137 0.154795
9.96519e-10 0.253686 0.140168
9.98139e-10 0.228635 0.122187
