6.9e-10 0.00260221 0.0182812
6.90101e-10 0.00271053 0.018593
6.90203e-10 0.00281359 0.0189869
6.90304e-10 0.00290994 0.0194537
6.90405e-10 0.00299825 0.0199837
6.90506e-10 0.00307729 0.0205666
6.90608e-10 0.00314596 0.0211923
6.90709e-10 0.00320326 0.0218501
6.9081e-10 0.00324837 0.0225298
6.90911e-10 0.00328059 0.0232207
6.91013e-10 0.0032994 0.0239129
6.91114e-10 0.00330443 0.0245964
6.91215e-10 0.00329545 0.0252616
6.91317e-10 0.00327241 0.0258996
6.91418e-10 0.00323543 0.0265018
6.91519e-10 0.00318477 0.0270604
6.9162e-10 0.00312082 0.0275681
6.91722e-10 0.00304416 0.0280186
6.91823e-10 0.00295547 0.0284062
6.91924e-10 0.00285556 0.028726
6.92025e-10 0.00274535 0.0289739
6.92127e-10 0.00262588 0.0291468
6.92228e-10 0.00249825 0.0292424
6.92329e-10 0.00236365 0.0292592
6.9243e-10 0.00222331 0.0291967
6.92532e-10 0.00207853 0.0290551
6.92633e-10 0.00193061 0.0288353
6.92734e-10 0.00178089 0.0285393
6.92836e-10 0.00163067 0.0281695
6.92937e-10 0.00148127 0.0277292
6.93038e-10 0.00133395 0.0272222
6.93139e-10 0.00118994 0.0266529
6.93241e-10 0.00105041 0.0260262
6.93342e-10 0.000916456 0.0253476
6.93443e-10 0.000789099 0.0246228
6.93544e-10 0.000669265 0.0238579
6.93646e-10 0.000557786 0.0230591
6.93747e-10 0.000455387 0.022233
6.93848e-10 0.000362686 0.0213862
6.9395e-10 0.000280183 0.0205253
6.94051e-10 0.000208265 0.0196569
6.94152e-10 0.000147198 0.0187875
6.94253e-10 9.71316e-05 0.0179235
6.94355e-10 5.80984e-05 0.017071
6.94456e-10 3.00173e-05 0.0162359
6.94557e-10 1.2697e-05 0.0154237
6.94658e-10 5.84139e-06 0.0146398
6.9476e-10 9.05554e-06 0.0138887
6.94861e-10 2.18525e-05 0.013175
6.94962e-10 4.36615e-05 0.0125024
6.95064e-10 7.38358e-05 0.0118745
6.95165e-10 0.000111663 0.011294
6.95266e-10 0.000156372 0.0107634
6.95367e-10 0.000207149 0.0102846
6.95469e-10 0.000263137 0.00985871
6.9557e-10 0.00032346 0.00948668
6.95671e-10 0.000387219 0.00916873
6.95772e-10 0.000453514 0.00890462
6.95874e-10 0.000521446 0.00869361
6.95975e-10 0.000590129 0.0085345
6.96076e-10 0.000658703 0.00842566
6.96177e-10 0.000726334 0.00836502
6.96279e-10 0.00079223 0.00835015
6.9638e-10 0.000855644 0.00837826
6.96481e-10 0.000915883 0.00844627
6.96583e-10 0.000972311 0.0085508
6.96684e-10 0.00102435 0.00868827
6.96785e-10 0.00107151 0.00885488
6.96886e-10 0.00111334 0.00904671
6.96988e-10 0.00114949 0.00925972
6.97089e-10 0.00117967 0.0094898
6.9719e-10 0.00120366 0.00973283
6.97291e-10 0.00122134 0.00998471
6.97393e-10 0.00123263 0.0102414
6.97494e-10 0.00123754 0.0104989
6.97595e-10 0.00123615 0.0107534
6.97697e-10 0.00122861 0.0110012
6.97798e-10 0.00121511 0.0112389
6.97899e-10 0.00119593 0.0114631
6.98e-10 0.00117138 0.0116709
6.98102e-10 0.00114183 0.0118595
6.98203e-10 0.00110768 0.0120263
6.98304e-10 0.00106937 0.0121693
6.98405e-10 0.00102738 0.0122865
6.98507e-10 0.000982207 0.0123764
6.98608e-10 0.000934368 0.0124377
6.98709e-10 0.000884392 0.0124695
6.9881e-10 0.00083281 0.0124712
6.98912e-10 0.000780158 0.0124425
6.99013e-10 0.000726962 0.0123834
6.99114e-10 0.000673739 0.0122944
6.99216e-10 0.000620989 0.0121759
6.99317e-10 0.00056919 0.0120289
6.99418e-10 0.000518794 0.0118546
6.99519e-10 0.000470226 0.0116543
6.99621e-10 0.000423874 0.0114296
6.99722e-10 0.000380092 0.0111824
6.99823e-10 0.000339195 0.0109146
6.99924e-10 0.000301456 0.0106283
7.00026e-10 0.000267108 0.0103259
7.00127e-10 0.000236338 0.0100096
7.00228e-10 0.000209291 0.00968183
7.0033e-10 0.000186067 0.00934516
7.00431e-10 0.000166724 0.00900205
7.00532e-10 0.000151276 0.00865502
7.00633e-10 0.000139695 0.00830653
7.00735e-10 0.000131918 0.00795903
7.00836e-10 0.000127839 0.00761489
7.00937e-10 0.00012732 0.00727639
7.01038e-10 0.00013019 0.00694571
7.0114e-10 0.00013625 0.00662489
7.01241e-10 0.000145273 0.00631586
7.01342e-10 0.000157009 0.00602036
7.01444e-10 0.000171189 0.00574001
7.01545e-10 0.00018753 0.00547621
7.01646e-10 0.000205733 0.00523021
7.01747e-10 0.000225493 0.00500305
7.01849e-10 0.000246499 0.00479557
7.0195e-10 0.000268438 0.00460844
7.02051e-10 0.000290999 0.00444211
7.02152e-10 0.000313875 0.00429685
7.02254e-10 0.000336767 0.00417271
7.02355e-10 0.000359388 0.00406959
7.02456e-10 0.000381464 0.00398717
7.02557e-10 0.000402736 0.00392499
7.02659e-10 0.000422964 0.00388239
7.0276e-10 0.000441927 0.00385859
7.02861e-10 0.000459426 0.00385265
7.02963e-10 0.000475285 0.00386349
7.03064e-10 0.000489353 0.00388993
7.03165e-10 0.0005015 0.00393069
7.03266e-10 0.000511627 0.00398438
7.03368e-10 0.000519654 0.00404955
7.03469e-10 0.000525532 0.00412471
7.0357e-10 0.000529233 0.00420829
7.03671e-10 0.000530754 0.00429873
7.03773e-10 0.000530118 0.00439443
7.03874e-10 0.000527367 0.0044938
7.03975e-10 0.000522567 0.00459529
7.04077e-10 0.000515802 0.00469734
7.04178e-10 0.000507175 0.00479847
7.04279e-10 0.000496805 0.00489724
7.0438e-10 0.000484826 0.00499228
7.04482e-10 0.000471385 0.0050823
7.04583e-10 0.000456639 0.00516609
7.04684e-10 0.000440754 0.00524255
7.04785e-10 0.000423903 0.00531068
7.04887e-10 0.000406264 0.00536959
7.04988e-10 0.000388015 0.00541849
7.05089e-10 0.000369339 0.00545674
7.05191e-10 0.000350413 0.00548379
7.05292e-10 0.000331413 0.00549923
7.05393e-10 0.000312512 0.00550276
7.05494e-10 0.000293874 0.00549424
7.05596e-10 0.000275654 0.00547359
7.05697e-10 0.000258001 0.00544091
7.05798e-10 0.000241051 0.00539637
7.05899e-10 0.000224928 0.00534027
7.06001e-10 0.000209745 0.005273
7.06102e-10 0.000195601 0.00519506
7.06203e-10 0.000182581 0.00510704
7.06304e-10 0.000170756 0.00500959
7.06406e-10 0.000160181 0.00490347
7.06507e-10 0.000150899 0.00478947
7.06608e-10 0.000142935 0.00466846
7.0671e-10 0.000136302 0.00454134
7.06811e-10 0.000130999 0.00440906
7.06912e-10 0.00012701 0.00427258
7.07013e-10 0.000124307 0.00413291
7.07115e-10 0.000122849 0.00399103
7.07216e-10 0.000122586 0.00384794
7.07317e-10 0.000123454 0.00370463
7.07418e-10 0.000125382 0.00356206
7.0752e-10 0.00012829 0.00342118
7.07621e-10 0.00013209 0.00328289
7.07722e-10 0.000136689 0.00314806
7.07824e-10 0.000141988 0.00301749
7.07925e-10 0.000147885 0.00289196
7.08026e-10 0.000154275 0.00277215
7.08127e-10 0.000161052 0.00265869
7.08229e-10 0.000168108 0.00255217
7.0833e-10 0.000175339 0.00245305
7.08431e-10 0.00018264 0.00236177
7.08532e-10 0.000189911 0.00227865
7.08634e-10 0.000197054 0.00220397
7.08735e-10 0.000203978 0.00213789
7.08836e-10 0.000210594 0.00208052
7.08938e-10 0.000216824 0.00203189
7.09039e-10 0.000222592 0.00199194
7.0914e-10 0.000227834 0.00196056
7.09241e-10 0.00023249 0.00193754
7.09343e-10 0.00023651 0.00192263
7.09444e-10 0.000239852 0.00191551
7.09545e-10 0.000242485 0.00191577
7.09646e-10 0.000244382 0.00192301
7.09748e-10 0.000245528 0.00193671
7.09849e-10 0.000245916 0.00195637
7.0995e-10 0.000245547 0.0019814
7.10051e-10 0.00024443 0.00201122
7.10153e-10 0.000242582 0.0020452
7.10254e-10 0.000240025 0.0020827
7.10355e-10 0.000236792 0.00212307
7.10457e-10 0.00023292 0.00216563
7.10558e-10 0.00022845 0.00220974
7.10659e-10 0.00022343 0.00225473
7.1076e-10 0.000217913 0.00229996
7.10862e-10 0.000211954 0.0023448
7.10963e-10 0.000205611 0.00238863
7.11064e-10 0.000198947 0.00243088
7.11165e-10 0.000192023 0.00247099
7.11267e-10 0.000184903 0.00250844
7.11368e-10 0.000177651 0.00254276
7.11469e-10 0.00017033 0.0025735
7.11571e-10 0.000163002 0.00260029
7.11672e-10 0.000155728 0.00262276
7.11773e-10 0.000148566 0.00264063
7.11874e-10 0.000141571 0.00265365
7.11976e-10 0.000134797 0.00266163
7.12077e-10 0.00012829 0.00266442
7.12178e-10 0.000122097 0.00266193
7.12279e-10 0.000116256 0.00265413
7.12381e-10 0.000110803 0.00264102
7.12482e-10 0.000105768 0.00262266
7.12583e-10 0.000101177 0.00259917
7.12684e-10 9.70497e-05 0.00257069
7.12786e-10 9.3401e-05 0.00253743
7.12887e-10 9.02405e-05 0.00249961
7.12988e-10 8.75728e-05 0.00245752
7.1309e-10 8.53973e-05 0.00241145
7.13191e-10 8.37086e-05 0.00236175
7.13292e-10 8.24964e-05 0.00230878
7.13393e-10 8.17463e-05 0.00225293
7.13495e-10 8.14395e-05 0.00219459
7.13596e-10 8.15533e-05 0.0021342
7.13697e-10 8.20616e-05 0.00207218
7.13798e-10 8.29352e-05 0.00200897
7.139e-10 8.41422e-05 0.00194501
7.14001e-10 8.56481e-05 0.00188073
7.14102e-10 8.74168e-05 0.00181658
7.14204e-10 8.94105e-05 0.00175297
7.14305e-10 9.15905e-05 0.00169031
7.14406e-10 9.39172e-05 0.00162901
7.14507e-10 9.63512e-05 0.00156943
7.14609e-10 9.88528e-05 0.00151194
7.1471e-10 0.000101383 0.00145686
7.14811e-10 0.000103905 0.0014045
7.14912e-10 0.00010638 0.00135513
7.15014e-10 0.000108775 0.00130899
7.15115e-10 0.000111057 0.00126629
7.15216e-10 0.000113194 0.00122722
7.15318e-10 0.000115158 0.00119191
7.15419e-10 0.000116925 0.00116048
7.1552e-10 0.00011847 0.001133
7.15621e-10 0.000119774 0.0011095
7.15723e-10 0.000120822 0.00108999
7.15824e-10 0.000121599 0.00107445
7.15925e-10 0.000122095 0.0010628
7.16026e-10 0.000122303 0.00105495
7.16128e-10 0.000122221 0.00105079
7.16229e-10 0.000121846 0.00105015
7.1633e-10 0.000121183 0.00105287
7.16431e-10 0.000120237 0.00105872
7.16533e-10 0.000119015 0.0010675
7.16634e-10 0.000117529 0.00107895
7.16735e-10 0.000115793 0.00109282
7.16837e-10 0.000113823 0.00110882
7.16938e-10 0.000111636 0.00112667
7.17039e-10 0.000109252 0.00114607
7.1714e-10 0.000106692 0.00116672
7.17242e-10 0.00010398 0.00118831
7.17343e-10 0.000101137 0.00121053
7.17444e-10 9.81888e-05 0.00123308
7.17545e-10 9.51601e-05 0.00125565
7.17647e-10 9.20758e-05 0.00127796
7.17748e-10 8.89608e-05 0.00129971
7.17849e-10 8.58399e-05 0.00132064
7.17951e-10 8.27372e-05 0.00134048
7.18052e-10 7.96761e-05 0.00135899
7.18153e-10 7.6679e-05 0.00137595
7.18254e-10 7.37673e-05 0.00139115
7.18356e-10 7.09608e-05 0.0014044
7.18457e-10 6.82779e-05 0.00141554
7.18558e-10 6.57354e-05 0.00142442
7.18659e-10 6.33481e-05 0.00143093
7.18761e-10 6.1129e-05 0.00143498
7.18862e-10 5.90894e-05 0.00143649
7.18963e-10 5.72381e-05 0.00143542
7.19065e-10 5.55822e-05 0.00143175
7.19166e-10 5.41265e-05 0.00142548
7.19267e-10 5.28738e-05 0.00141663
7.19368e-10 5.18249e-05 0.00140526
7.1947e-10 5.09786e-05 0.00139143
7.19571e-10 5.03315e-05 0.00137524
7.19672e-10 4.98787e-05 0.00135679
7.19773e-10 4.96134e-05 0.00133622
7.19875e-10 4.95271e-05 0.00131368
7.19976e-10 4.96098e-05 0.00128932
7.20077e-10 4.98501e-05 0.00126332
7.20178e-10 5.02355e-05 0.00123586
7.2028e-10 5.07524e-05 0.00120715
7.20381e-10 5.1386e-05 0.00117737
7.20482e-10 5.21213e-05 0.00114676
7.20584e-10 5.29422e-05 0.00111551
7.20685e-10 5.38325e-05 0.00108385
7.20786e-10 5.47758e-05 0.00105199
7.20887e-10 5.57554e-05 0.00102014
7.20989e-10 5.6755e-05 0.000988521
7.2109e-10 5.77584e-05 0.000957336
7.21191e-10 5.87499e-05 0.000926782
7.21292e-10 5.97143e-05 0.000897051
7.21394e-10 6.06372e-05 0.000868323
7.21495e-10 6.15049e-05 0.000840768
7.21596e-10 6.23049e-05 0.000814541
7.21698e-10 6.30255e-05 0.000789786
7.21799e-10 6.36562e-05 0.00076663
7.219e-10 6.41878e-05 0.000745186
7.22001e-10 6.46122e-05 0.000725551
7.22103e-10 6.4923e-05 0.000707804
7.22204e-10 6.51146e-05 0.000692007
7.22305e-10 6.51833e-05 0.000678206
7.22406e-10 6.51264e-05 0.000666428
7.22508e-10 6.49429e-05 0.000656684
7.22609e-10 6.46327e-05 0.000648966
7.2271e-10 6.41976e-05 0.000643252
7.22812e-10 6.364e-05 0.000639502
7.22913e-10 6.29642e-05 0.00063766
7.23014e-10 6.2175e-05 0.000637655
7.23115e-10 6.12786e-05 0.000639404
7.23217e-10 6.02822e-05 0.00064281
7.23318e-10 5.91938e-05 0.000647763
7.23419e-10 5.8022e-05 0.000654143
7.2352e-10 5.67764e-05 0.000661821
7.23622e-10 5.54669e-05 0.000670658
7.23723e-10 5.41039e-05 0.000680509
7.23824e-10 5.26982e-05 0.000691225
7.23925e-10 5.12608e-05 0.000702649
7.24027e-10 4.98028e-05 0.000714624
7.24128e-10 4.83351e-05 0.000726991
7.24229e-10 4.68688e-05 0.000739591
7.24331e-10 4.54146e-05 0.000752265
7.24432e-10 4.39829e-05 0.000764857
7.24533e-10 4.25835e-05 0.000777216
7.24634e-10 4.12261e-05 0.000789195
7.24736e-10 3.99193e-05 0.000800654
7.24837e-10 3.86715e-05 0.00081146
7.24938e-10 3.749e-05 0.000821487
7.25039e-10 3.63815e-05 0.00083062
7.25141e-10 3.53519e-05 0.000838754
7.25242e-10 3.4406e-05 0.000845792
7.25343e-10 3.35479e-05 0.000851653
7.25445e-10 3.27807e-05 0.000856264
7.25546e-10 3.21066e-05 0.000859566
7.25647e-10 3.15268e-05 0.000861512
7.25748e-10 3.10416e-05 0.000862068
7.2585e-10 3.06503e-05 0.000861212
7.25951e-10 3.03516e-05 0.000858938
7.26052e-10 3.01429e-05 0.000855247
7.26153e-10 3.00213e-05 0.000850158
7.26255e-10 2.99828e-05 0.000843698
7.26356e-10 3.00227e-05 0.000835907
7.26457e-10 3.01359e-05 0.000826838
7.26559e-10 3.03164e-05 0.000816551
7.2666e-10 3.0558e-05 0.000805118
7.26761e-10 3.08538e-05 0.000792618
7.26862e-10 3.11967e-05 0.000779141
7.26964e-10 3.15793e-05 0.000764781
7.27065e-10 3.1994e-05 0.000749641
7.27166e-10 3.2433e-05 0.000733828
7.27267e-10 3.28886e-05 0.000717454
7.27369e-10 3.3353e-05 0.000700632
7.2747e-10 3.38185e-05 0.000683481
7.27571e-10 3.42777e-05 0.000666119
7.27672e-10 3.47234e-05 0.000648664
7.27774e-10 3.51487e-05 0.000631235
7.27875e-10 3.55469e-05 0.000613947
7.27976e-10 3.59122e-05 0.000596913
7.28078e-10 3.62387e-05 0.000580245
7.28179e-10 3.65215e-05 0.000564046
7.2828e-10 3.6756e-05 0.000548417
7.28381e-10 3.69382e-05 0.000533451
7.28483e-10 3.7065e-05 0.000519237
7.28584e-10 3.71335e-05 0.000505852
7.28685e-10 3.71419e-05 0.00049337
7.28786e-10 3.70886e-05 0.000481854
7.28888e-10 3.69731e-05 0.000471357
7.28989e-10 3.67953e-05 0.000461926
7.2909e-10 3.65557e-05 0.000453595
7.29192e-10 3.62557e-05 0.000446392
7.29293e-10 3.58969e-05 0.000440332
7.29394e-10 3.54818e-05 0.000435424
7.29495e-10 3.50132e-05 0.000431664
7.29597e-10 3.44945e-05 0.00042904
7.29698e-10 3.39296e-05 0.000427532
7.29799e-10 3.33227e-05 0.000427108
7.299e-10 3.26783e-05 0.000427732
7.30002e-10 3.20014e-05 0.000429356
7.30103e-10 3.1297e-05 0.000431927
7.30204e-10 3.05704e-05 0.000435384
7.30305e-10 2.98272e-05 0.00043966
7.30407e-10 2.90728e-05 0.000444681
7.30508e-10 2.83127e-05 0.00045037
7.30609e-10 2.75525e-05 0.000456646
7.30711e-10 2.67976e-05 0.000463422
7.30812e-10 2.60532e-05 0.00047061
7.30913e-10 2.53245e-05 0.00047812
7.31014e-10 2.46163e-05 0.00048586
7.31116e-10 2.39332e-05 0.000493739
7.31217e-10 2.32796e-05 0.000501665
7.31318e-10 2.26592e-05 0.000509548
7.31419e-10 2.20757e-05 0.0005173
7.31521e-10 2.15321e-05 0.000524833
7.31622e-10 2.10313e-05 0.000532066
7.31723e-10 2.05754e-05 0.00053892
7.31825e-10 2.01662e-05 0.000545321
7.31926e-10 1.98051e-05 0.000551199
7.32027e-10 1.94929e-05 0.00055649
7.32128e-10 1.92299e-05 0.000561137
7.3223e-10 1.9016e-05 0.000565089
7.32331e-10 1.88508e-05 0.000568301
7.32432e-10 1.87331e-05 0.000570735
7.32533e-10 1.86615e-05 0.000572361
7.32635e-10 1.86342e-05 0.000573155
7.32736e-10 1.8649e-05 0.000573103
7.32837e-10 1.87033e-05 0.000572196
7.32939e-10 1.87941e-05 0.000570434
7.3304e-10 1.89183e-05 0.000567822
7.33141e-10 1.90725e-05 0.000564376
7.33242e-10 1.9253e-05 0.000560115
7.33344e-10 1.94559e-05 0.000555068
7.33445e-10 1.96774e-05 0.000549267
7.33546e-10 1.99133e-05 0.000542754
7.33647e-10 2.01595e-05 0.000535573
7.33749e-10 2.0412e-05 0.000527774
7.3385e-10 2.06665e-05 0.000519414
7.33951e-10 2.09192e-05 0.000510551
7.34052e-10 2.1166e-05 0.000501249
7.34154e-10 2.14032e-05 0.000491573
7.34255e-10 2.16272e-05 0.000481591
7.34356e-10 2.18345e-05 0.000471374
7.34458e-10 2.20221e-05 0.000460994
7.34559e-10 2.21868e-05 0.00045052
7.3466e-10 2.23262e-05 0.000440027
7.34761e-10 2.24379e-05 0.000429585
7.34863e-10 2.252e-05 0.000419264
7.34964e-10 2.25706e-05 0.000409133
7.35065e-10 2.25885e-05 0.000399258
7.35166e-10 2.25728e-05 0.000389701
7.35268e-10 2.25227e-05 0.000380524
7.35369e-10 2.24381e-05 0.000371781
7.3547e-10 2.2319e-05 0.000363526
7.35572e-10 2.21659e-05 0.000355805
7.35673e-10 2.19794e-05 0.000348662
7.35774e-10 2.17607e-05 0.000342133
7.35875e-10 2.15112e-05 0.000336251
7.35977e-10 2.12325e-05 0.000331042
7.36078e-10 2.09266e-05 0.000326526
7.36179e-10 2.05957e-05 0.000322719
7.3628e-10 2.0242e-05 0.000319629
7.36382e-10 1.98684e-05 0.00031726
7.36483e-10 1.94773e-05 0.000315607
7.36584e-10 1.90719e-05 0.000314663
7.36686e-10 1.8655e-05 0.000314413
7.36787e-10 1.82297e-05 0.000314838
7.36888e-10 1.7799e-05 0.000315912
7.36989e-10 1.73662e-05 0.000317606
7.37091e-10 1.69343e-05 0.000319884
7.37192e-10 1.65063e-05 0.000322709
7.37293e-10 1.60852e-05 0.000326037
7.37394e-10 1.56739e-05 0.000329821
7.37496e-10 1.52751e-05 0.000334013
7.37597e-10 1.48914e-05 0.000338561
7.37698e-10 1.45252e-05 0.00034341
7.37799e-10 1.41787e-05 0.000348503
7.37901e-10 1.38539e-05 0.000353785
7.38002e-10 1.35526e-05 0.000359196
7.38103e-10 1.32763e-05 0.000364678
7.38205e-10 1.30262e-05 0.000370173
7.38306e-10 1.28034e-05 0.000375624
7.38407e-10 1.26086e-05 0.000380974
7.38508e-10 1.24423e-05 0.000386169
7.3861e-10 1.23047e-05 0.000391155
7.38711e-10 1.21957e-05 0.000395882
7.38812e-10 1.21149e-05 0.000400303
7.38913e-10 1.20618e-05 0.000404372
7.39015e-10 1.20356e-05 0.00040805
7.39116e-10 1.20351e-05 0.000411299
7.39217e-10 1.20591e-05 0.000414086
7.39319e-10 1.2106e-05 0.000416381
7.3942e-10 1.21742e-05 0.000418161
7.39521e-10 1.22618e-05 0.000419405
7.39622e-10 1.23667e-05 0.000420099
7.39724e-10 1.24869e-05 0.000420232
7.39825e-10 1.26201e-05 0.000419798
7.39926e-10 1.27639e-05 0.000418796
7.40027e-10 1.2916e-05 0.000417231
7.40129e-10 1.30738e-05 0.000415112
7.4023e-10 1.32351e-05 0.00041245
7.40331e-10 1.33973e-05 0.000409265
7.40433e-10 1.3558e-05 0.000405577
7.40534e-10 1.37149e-05 0.000401412
7.40635e-10 1.38657e-05 0.0003968
7.40736e-10 1.40082e-05 0.000391774
7.40838e-10 1.41404e-05 0.000386369
7.40939e-10 1.42604e-05 0.000380625
7.4104e-10 1.43663e-05 0.000374582
7.41141e-10 1.44566e-05 0.000368285
7.41243e-10 1.45298e-05 0.000361777
7.41344e-10 1.45848e-05 0.000355106
7.41445e-10 1.46203e-05 0.000348319
7.41546e-10 1.46357e-05 0.000341463
7.41648e-10 1.46302e-05 0.000334587
7.41749e-10 1.46034e-05 0.000327739
7.4185e-10 1.45552e-05 0.000320965
7.41952e-10 1.44856e-05 0.000314312
7.42053e-10 1.43947e-05 0.000307825
7.42154e-10 1.4283e-05 0.000301547
7.42255e-10 1.41511e-05 0.000295519
7.42357e-10 1.39998e-05 0.000289779
7.42458e-10 1.38301e-05 0.000284364
7.42559e-10 1.36431e-05 0.000279306
7.4266e-10 1.34403e-05 0.000274637
7.42762e-10 1.32229e-05 0.000270382
7.42863e-10 1.29926e-05 0.000266564
7.42964e-10 1.27511e-05 0.000263202
7.43066e-10 1.25002e-05 0.000260314
7.43167e-10 1.22416e-05 0.000257908
7.43268e-10 1.19773e-05 0.000255995
7.43369e-10 1.17093e-05 0.000254577
7.43471e-10 1.14394e-05 0.000253653
7.43572e-10 1.11696e-05 0.00025322
7.43673e-10 1.09019e-05 0.00025327
7.43774e-10 1.06381e-05 0.00025379
7.43876e-10 1.03801e-05 0.000254765
7.43977e-10 1.01297e-05 0.000256176
7.44078e-10 9.88845e-06 0.000258001
7.44179e-10 9.65801e-06 0.000260215
7.44281e-10 9.43983e-06 0.000262788
7.44382e-10 9.23522e-06 0.000265691
7.44483e-10 9.04538e-06 0.00026889
7.44585e-10 8.87136e-06 0.00027235
7.44686e-10 8.71404e-06 0.000276034
7.44787e-10 8.57413e-06 0.000279905
7.44888e-10 8.4522e-06 0.000283921
7.4499e-10 8.34862e-06 0.000288044
7.45091e-10 8.26362e-06 0.000292232
7.45192e-10 8.19721e-06 0.000296446
7.45293e-10 8.14928e-06 0.000300644
7.45395e-10 8.11952e-06 0.000304786
7.45496e-10 8.10747e-06 0.000308833
7.45597e-10 8.1125e-06 0.000312748
7.45699e-10 8.13384e-06 0.000316493
7.458e-10 8.17059e-06 0.000320035
7.45901e-10 8.22171e-06 0.00032334
7.46002e-10 8.28603e-06 0.000326377
7.46104e-10 8.36228e-06 0.00032912
7.46205e-10 8.44912e-06 0.000331541
7.46306e-10 8.5451e-06 0.000333619
7.46407e-10 8.6487e-06 0.000335335
7.46509e-10 8.75839e-06 0.000336671
7.4661e-10 8.87255e-06 0.000337615
7.46711e-10 8.98959e-06 0.000338157
7.46813e-10 9.10787e-06 0.00033829
7.46914e-10 9.2258e-06 0.000338011
7.47015e-10 9.34178e-06 0.000337321
7.47116e-10 9.45428e-06 0.000336223
7.47218e-10 9.56179e-06 0.000334724
7.47319e-10 9.66289e-06 0.000332834
7.4742e-10 9.75624e-06 0.000330567
7.47521e-10 9.84057e-06 0.000327939
7.47623e-10 9.91472e-06 0.000324969
7.47724e-10 9.97767e-06 0.000321678
7.47825e-10 1.00285e-05 0.000318092
7.47926e-10 1.00663e-05 0.000314235
7.48028e-10 1.00906e-05 0.000310137
7.48129e-10 1.01007e-05 0.000305828
7.4823e-10 1.00962e-05 0.000301339
7.48332e-10 1.0077e-05 0.000296704
7.48433e-10 1.0043e-05 0.000291956
7.48534e-10 9.99403e-06 0.00028713
7.48635e-10 9.93045e-06 0.000282261
7.48737e-10 9.85254e-06 0.000277384
7.48838e-10 9.76075e-06 0.000272534
7.48939e-10 9.65566e-06 0.000267746
7.4904e-10 9.53797e-06 0.000263053
7.49142e-10 9.4085e-06 0.000258488
7.49243e-10 9.26818e-06 0.000254084
7.49344e-10 9.11802e-06 0.00024987
7.49446e-10 8.95913e-06 0.000245874
7.49547e-10 8.79268e-06 0.000242125
7.49648e-10 8.61991e-06 0.000238645
7.49749e-10 8.4421e-06 0.000235457
7.49851e-10 8.2606e-06 0.000232582
7.49952e-10 8.07674e-06 0.000230036
7.50053e-10 7.89189e-06 0.000227834
7.50154e-10 7.70742e-06 0.000225987
7.50256e-10 7.52468e-06 0.000224505
7.50357e-10 7.34499e-06 0.000223394
7.50458e-10 7.16964e-06 0.000222656
7.5056e-10 6.99987e-06 0.000222292
7.50661e-10 6.83685e-06 0.000222298
7.50762e-10 6.68171e-06 0.000222669
7.50863e-10 6.53545e-06 0.000223397
7.50965e-10 6.39904e-06 0.00022447
7.51066e-10 6.2733e-06 0.000225874
7.51167e-10 6.15898e-06 0.000227594
7.51268e-10 6.05671e-06 0.000229609
7.5137e-10 5.967e-06 0.000231899
7.51471e-10 5.89026e-06 0.000234442
7.51572e-10 5.82675e-06 0.000237212
7.51673e-10 5.77664e-06 0.000240183
7.51775e-10 5.73995e-06 0.000243328
7.51876e-10 5.7166e-06 0.000246617
7.51977e-10 5.70638e-06 0.000250021
7.52079e-10 5.70895e-06 0.000253509
7.5218e-10 5.72389e-06 0.000257051
7.52281e-10 5.75063e-06 0.000260615
7.52382e-10 5.78854e-06 0.000264169
7.52484e-10 5.83686e-06 0.000267684
7.52585e-10 5.89476e-06 0.00027113
7.52686e-10 5.96134e-06 0.000274476
7.52787e-10 6.03559e-06 0.000277694
7.52889e-10 6.11649e-06 0.000280757
7.5299e-10 6.20293e-06 0.000283639
7.53091e-10 6.29378e-06 0.000286316
7.53193e-10 6.38788e-06 0.000288766
7.53294e-10 6.48404e-06 0.000290969
7.53395e-10 6.58106e-06 0.000292905
7.53496e-10 6.67777e-06 0.000294558
7.53598e-10 6.77298e-06 0.000295916
7.53699e-10 6.86554e-06 0.000296967
7.538e-10 6.95435e-06 0.000297702
7.53901e-10 7.03832e-06 0.000298114
7.54003e-10 7.11645e-06 0.000298201
7.54104e-10 7.18778e-06 0.000297962
7.54205e-10 7.25143e-06 0.000297397
7.54307e-10 7.30659e-06 0.000296512
7.54408e-10 7.35256e-06 0.000295313
7.54509e-10 7.38869e-06 0.000293809
7.5461e-10 7.41448e-06 0.000292012
7.54712e-10 7.42948e-06 0.000289936
7.54813e-10 7.43338e-06 0.000287597
7.54914e-10 7.42594e-06 0.000285013
7.55015e-10 7.40708e-06 0.000282204
7.55117e-10 7.37677e-06 0.000279192
7.55218e-10 7.33512e-06 0.000276
7.55319e-10 7.28235e-06 0.000272652
7.5542e-10 7.21875e-06 0.000269174
7.55522e-10 7.14475e-06 0.000265593
7.55623e-10 7.06084e-06 0.000261935
7.55724e-10 6.96762e-06 0.000258229
7.55826e-10 6.86576e-06 0.000254503
7.55927e-10 6.75602e-06 0.000250785
7.56028e-10 6.63921e-06 0.000247102
7.56129e-10 6.51623e-06 0.000243483
7.56231e-10 6.38801e-06 0.000239954
7.56332e-10 6.25552e-06 0.000236542
7.56433e-10 6.11979e-06 0.000233272
7.56534e-10 5.98185e-06 0.000230167
7.56636e-10 5.84275e-06 0.00022725
7.56737e-10 5.70356e-06 0.000224544
7.56838e-10 5.56534e-06 0.000222065
7.5694e-10 5.42913e-06 0.000219834
7.57041e-10 5.29594e-06 0.000217864
7.57142e-10 5.16678e-06 0.00021617
7.57243e-10 5.04259e-06 0.000214763
7.57345e-10 4.92427e-06 0.000213652
7.57446e-10 4.81266e-06 0.000212843
7.57547e-10 4.70854e-06 0.000212342
7.57648e-10 4.61261e-06 0.00021215
7.5775e-10 4.52552e-06 0.000212267
7.57851e-10 4.44781e-06 0.00021269
7.57952e-10 4.37994e-06 0.000213414
7.58053e-10 4.32228e-06 0.000214432
7.58155e-10 4.27511e-06 0.000215734
7.58256e-10 4.23861e-06 0.000217309
7.58357e-10 4.21287e-06 0.000219143
7.58459e-10 4.19789e-06 0.00022122
7.5856e-10 4.19354e-06 0.000223522
7.58661e-10 4.19964e-06 0.000226031
7.58762e-10 4.21589e-06 0.000228727
7.58864e-10 4.24191e-06 0.000231586
7.58965e-10 4.27723e-06 0.000234586
7.59066e-10 4.32129e-06 0.000237704
7.59167e-10 4.37349e-06 0.000240913
7.59269e-10 4.43312e-06 0.000244189
7.5937e-10 4.49943e-06 0.000247506
7.59471e-10 4.5716e-06 0.000250838
7.59573e-10 4.64879e-06 0.000254159
7.59674e-10 4.73008e-06 0.000257442
7.59775e-10 4.81455e-06 0.000260664
7.59876e-10 4.90124e-06 0.000263798
7.59978e-10 4.98919e-06 0.000266821
7.60079e-10 5.07741e-06 0.000269709
7.6018e-10 5.16494e-06 0.000272442
7.60281e-10 5.25081e-06 0.000274998
7.60383e-10 5.33409e-06 0.000277358
7.60484e-10 5.41386e-06 0.000279505
7.60585e-10 5.48925e-06 0.000281422
7.60687e-10 5.55943e-06 0.000283097
7.60788e-10 5.62361e-06 0.000284517
7.60889e-10 5.68109e-06 0.000285673
7.6099e-10 5.73119e-06 0.000286555
7.61092e-10 5.77334e-06 0.000287159
7.61193e-10 5.80703e-06 0.000287482
7.61294e-10 5.83182e-06 0.000287521
7.61395e-10 5.84737e-06 0.000287279
7.61497e-10 5.8534e-06 0.000286757
7.61598e-10 5.84976e-06 0.000285962
7.61699e-10 5.83635e-06 0.000284902
7.618e-10 5.81317e-06 0.000283584
7.61902e-10 5.78032e-06 0.000282021
7.62003e-10 5.73798e-06 0.000280227
7.62104e-10 5.68641e-06 0.000278217
7.62206e-10 5.62596e-06 0.000276007
7.62307e-10 5.55707e-06 0.000273615
7.62408e-10 5.48023e-06 0.000271062
7.62509e-10 5.39603e-06 0.000268369
7.62611e-10 5.3051e-06 0.000265557
7.62712e-10 5.20814e-06 0.00026265
7.62813e-10 5.10591e-06 0.00025967
7.62914e-10 4.99921e-06 0.000256643
7.63016e-10 4.88887e-06 0.000253593
7.63117e-10 4.77577e-06 0.000250544
7.63218e-10 4.6608e-06 0.000247521
7.6332e-10 4.54487e-06 0.000244548
7.63421e-10 4.42889e-06 0.000241651
7.63522e-10 4.31378e-06 0.000238851
7.63623e-10 4.20045e-06 0.000236172
7.63725e-10 4.08978e-06 0.000233635
7.63826e-10 3.98263e-06 0.000231261
7.63927e-10 3.87985e-06 0.000229069
7.64028e-10 3.78221e-06 0.000227078
7.6413e-10 3.69046e-06 0.000225304
7.64231e-10 3.60529e-06 0.000223762
7.64332e-10 3.52734e-06 0.000222464
7.64434e-10 3.45716e-06 0.000221423
7.64535e-10 3.39526e-06 0.000220646
7.64636e-10 3.34206e-06 0.000220142
7.64737e-10 3.2979e-06 0.000219915
7.64839e-10 3.26305e-06 0.00021997
7.6494e-10 3.23768e-06 0.000220306
7.65041e-10 3.2219e-06 0.000220922
7.65142e-10 3.21572e-06 0.000221817
7.65244e-10 3.21907e-06 0.000222983
7.65345e-10 3.23179e-06 0.000224414
7.65446e-10 3.25363e-06 0.0002261
7.65547e-10 3.2843e-06 0.000228031
7.65649e-10 3.32338e-06 0.000230193
7.6575e-10 3.37041e-06 0.000232572
7.65851e-10 3.42486e-06 0.000235151
7.65953e-10 3.48611e-06 0.000237912
7.66054e-10 3.55352e-06 0.000240837
7.66155e-10 3.62636e-06 0.000243904
7.66256e-10 3.70388e-06 0.000247094
7.66358e-10 3.78527e-06 0.000250383
7.66459e-10 3.8697e-06 0.000253749
7.6656e-10 3.95631e-06 0.000257168
7.66661e-10 4.04424e-06 0.000260616
7.66763e-10 4.13259e-06 0.00026407
7.66864e-10 4.22047e-06 0.000267506
7.66965e-10 4.30701e-06 0.000270899
7.67067e-10 4.39134e-06 0.000274227
7.67168e-10 4.47261e-06 0.000277466
7.67269e-10 4.55e-06 0.000280595
7.6737e-10 4.62273e-06 0.000283593
7.67472e-10 4.69006e-06 0.000286438
7.67573e-10 4.7513e-06 0.000289113
7.67674e-10 4.80582e-06 0.000291599
7.67775e-10 4.85304e-06 0.000293881
7.67877e-10 4.89245e-06 0.000295943
7.67978e-10 4.92362e-06 0.000297774
7.68079e-10 4.94618e-06 0.000299361
7.68181e-10 4.95984e-06 0.000300696
7.68282e-10 4.96439e-06 0.000301771
7.68383e-10 4.95972e-06 0.000302582
7.68484e-10 4.94577e-06 0.000303124
7.68586e-10 4.92258e-06 0.000303397
7.68687e-10 4.89028e-06 0.000303402
7.68788e-10 4.84906e-06 0.000303141
7.68889e-10 4.79921e-06 0.00030262
7.68991e-10 4.74109e-06 0.000301846
7.69092e-10 4.67513e-06 0.000300827
7.69193e-10 4.60183e-06 0.000299574
7.69294e-10 4.52176e-06 0.000298101
7.69396e-10 4.43555e-06 0.000296421
7.69497e-10 4.34389e-06 0.00029455
7.69598e-10 4.24749e-06 0.000292506
7.697e-10 4.14715e-06 0.000290308
7.69801e-10 4.04367e-06 0.000287975
7.69902e-10 3.93789e-06 0.000285528
7.70003e-10 3.83067e-06 0.00028299
7.70105e-10 3.72289e-06 0.000280384
7.70206e-10 3.61543e-06 0.000277732
7.70307e-10 3.50916e-06 0.000275058
7.70408e-10 3.40496e-06 0.000272386
7.7051e-10 3.30368e-06 0.00026974
7.70611e-10 3.20616e-06 0.000267143
7.70712e-10 3.11318e-06 0.00026462
7.70814e-10 3.02551e-06 0.000262193
7.70915e-10 2.94386e-06 0.000259885
7.71016e-10 2.86889e-06 0.000257717
7.71117e-10 2.80122e-06 0.000255709
7.71219e-10 2.74137e-06 0.000253881
7.7132e-10 2.68984e-06 0.000252251
7.71421e-10 2.64701e-06 0.000250836
7.71522e-10 2.61322e-06 0.000249651
7.71624e-10 2.58872e-06 0.000248709
7.71725e-10 2.57368e-06 0.000248022
7.71826e-10 2.56819e-06 0.000247601
7.71928e-10 2.57225e-06 0.000247452
7.72029e-10 2.58578e-06 0.000247582
7.7213e-10 2.60862e-06 0.000247995
7.72231e-10 2.64054e-06 0.000248692
7.72333e-10 2.68121e-06 0.000249674
7.72434e-10 2.73024e-06 0.000250938
7.72535e-10 2.78714e-06 0.00025248
7.72636e-10 2.8514e-06 0.000254294
7.72738e-10 2.92239e-06 0.000256371
7.72839e-10 2.99947e-06 0.0002587
7.7294e-10 3.0819e-06 0.000261271
7.73041e-10 3.16894e-06 0.000264068
7.73143e-10 3.25976e-06 0.000267076
7.73244e-10 3.35354e-06 0.000270278
7.73345e-10 3.4494e-06 0.000273656
7.73447e-10 3.54646e-06 0.000277189
7.73548e-10 3.64382e-06 0.000280857
7.73649e-10 3.74058e-06 0.000284638
7.7375e-10 3.83584e-06 0.000288508
7.73852e-10 3.92871e-06 0.000292445
7.73953e-10 4.01833e-06 0.000296424
7.74054e-10 4.10386e-06 0.00030042
7.74155e-10 4.18449e-06 0.00030441
7.74257e-10 4.25944e-06 0.000308369
7.74358e-10 4.32802e-06 0.000312273
7.74459e-10 4.38954e-06 0.000316098
7.74561e-10 4.44342e-06 0.000319821
7.74662e-10 4.48911e-06 0.000323419
7.74763e-10 4.52614e-06 0.000326871
7.74864e-10 4.55412e-06 0.000330156
7.74966e-10 4.57273e-06 0.000333255
7.75067e-10 4.58175e-06 0.000336151
7.75168e-10 4.58102e-06 0.000338826
7.75269e-10 4.57047e-06 0.000341267
7.75371e-10 4.55013e-06 0.000343459
7.75472e-10 4.52009e-06 0.000345393
7.75573e-10 4.48056e-06 0.000347059
7.75674e-10 4.4318e-06 0.000348449
7.75776e-10 4.37416e-06 0.000349559
7.75877e-10 4.30809e-06 0.000350386
7.75978e-10 4.2341e-06 0.000350929
7.7608e-10 4.15275e-06 0.000351189
7.76181e-10 4.06471e-06 0.00035117
7.76282e-10 3.97067e-06 0.000350877
7.76383e-10 3.8714e-06 0.000350317
7.76485e-10 3.76772e-06 0.000349502
7.76586e-10 3.66047e-06 0.000348442
7.76687e-10 3.55054e-06 0.000347151
7.76788e-10 3.43885e-06 0.000345644
7.7689e-10 3.32634e-06 0.000343939
7.76991e-10 3.21394e-06 0.000342055
7.77092e-10 3.10262e-06 0.000340011
7.77194e-10 2.99331e-06 0.000337829
7.77295e-10 2.88695e-06 0.000335531
7.77396e-10 2.78445e-06 0.000333142
7.77497e-10 2.68669e-06 0.000330685
7.77599e-10 2.59451e-06 0.000328186
7.777e-10 2.50872e-06 0.000325671
7.77801e-10 2.43007e-06 0.000323165
7.77902e-10 2.35926e-06 0.000320694
7.78004e-10 2.29691e-06 0.000318284
7.78105e-10 2.24358e-06 0.000315961
7.78206e-10 2.19975e-06 0.000313749
7.78308e-10 2.16584e-06 0.000311674
7.78409e-10 2.14217e-06 0.000309758
7.7851e-10 2.12898e-06 0.000308025
7.78611e-10 2.1264e-06 0.000306497
7.78713e-10 2.13452e-06 0.000305192
7.78814e-10 2.15328e-06 0.000304129
7.78915e-10 2.18257e-06 0.000303327
7.79016e-10 2.22217e-06 0.000302799
7.79118e-10 2.27178e-06 0.00030256
7.79219e-10 2.33101e-06 0.00030262
7.7932e-10 2.39939e-06 0.000302989
7.79421e-10 2.47636e-06 0.000303674
7.79523e-10 2.56128e-06 0.00030468
7.79624e-10 2.65347e-06 0.000306009
7.79725e-10 2.75214e-06 0.000307663
7.79827e-10 2.85647e-06 0.000309639
7.79928e-10 2.96559e-06 0.000311932
7.80029e-10 3.07856e-06 0.000314537
7.8013e-10 3.19443e-06 0.000317445
7.80232e-10 3.3122e-06 0.000320644
7.80333e-10 3.43085e-06 0.000324122
7.80434e-10 3.54937e-06 0.000327864
7.80535e-10 3.66671e-06 0.000331853
7.80637e-10 3.78186e-06 0.000336069
7.80738e-10 3.89379e-06 0.000340493
7.80839e-10 4.00152e-06 0.000345102
7.80941e-10 4.10409e-06 0.000349873
7.81042e-10 4.20057e-06 0.000354781
7.81143e-10 4.29009e-06 0.000359801
7.81244e-10 4.37183e-06 0.000364906
7.81346e-10 4.44503e-06 0.000370068
7.81447e-10 4.509e-06 0.00037526
7.81548e-10 4.56313e-06 0.000380454
7.81649e-10 4.60688e-06 0.000385622
7.81751e-10 4.6398e-06 0.000390735
7.81852e-10 4.66154e-06 0.000395765
7.81953e-10 4.67184e-06 0.000400687
7.82055e-10 4.67052e-06 0.000405472
7.82156e-10 4.65751e-06 0.000410096
7.82257e-10 4.63286e-06 0.000414533
7.82358e-10 4.59669e-06 0.000418761
7.8246e-10 4.54923e-06 0.000422759
7.82561e-10 4.49081e-06 0.000426505
7.82662e-10 4.42185e-06 0.000429982
7.82763e-10 4.34289e-06 0.000433173
7.82865e-10 4.25452e-06 0.000436064
7.82966e-10 4.15744e-06 0.000438643
7.83067e-10 4.05243e-06 0.0004409
7.83168e-10 3.94033e-06 0.000442828
7.8327e-10 3.82207e-06 0.00044442
7.83371e-10 3.69861e-06 0.000445676
7.83472e-10 3.57098e-06 0.000446595
7.83574e-10 3.44025e-06 0.000447179
7.83675e-10 3.30754e-06 0.000447434
7.83776e-10 3.17397e-06 0.000447367
7.83877e-10 3.04069e-06 0.000446988
7.83979e-10 2.90885e-06 0.00044631
7.8408e-10 2.77962e-06 0.000445348
7.84181e-10 2.65413e-06 0.000444118
7.84282e-10 2.53351e-06 0.000442641
7.84384e-10 2.41883e-06 0.000440936
7.84485e-10 2.31114e-06 0.000439029
7.84586e-10 2.21144e-06 0.000436943
7.84688e-10 2.12067e-06 0.000434705
7.84789e-10 2.03969e-06 0.000432344
7.8489e-10 1.9693e-06 0.000429887
7.84991e-10 1.9102e-06 0.000427367
7.85093e-10 1.86303e-06 0.000424812
7.85194e-10 1.82829e-06 0.000422256
7.85295e-10 1.80643e-06 0.00041973
7.85396e-10 1.79776e-06 0.000417265
7.85498e-10 1.8025e-06 0.000414895
7.85599e-10 1.82073e-06 0.000412651
7.857e-10 1.85246e-06 0.000410563
7.85802e-10 1.89756e-06 0.000408662
7.85903e-10 1.95579e-06 0.000406978
7.86004e-10 2.02679e-06 0.000405538
7.86105e-10 2.1101e-06 0.000404369
7.86207e-10 2.20515e-06 0.000403497
7.86308e-10 2.31127e-06 0.000402944
7.86409e-10 2.42769e-06 0.000402731
7.8651e-10 2.55353e-06 0.000402879
7.86612e-10 2.68785e-06 0.000403403
7.86713e-10 2.82961e-06 0.000404317
7.86814e-10 2.9777e-06 0.000405634
7.86915e-10 3.13095e-06 0.000407363
7.87017e-10 3.28815e-06 0.000409509
7.87118e-10 3.44803e-06 0.000412076
7.87219e-10 3.60928e-06 0.000415065
7.87321e-10 3.77058e-06 0.000418473
7.87422e-10 3.93059e-06 0.000422296
7.87523e-10 4.08799e-06 0.000426523
7.87624e-10 4.24143e-06 0.000431146
7.87726e-10 4.38961e-06 0.000436149
7.87827e-10 4.53126e-06 0.000441516
7.87928e-10 4.66515e-06 0.000447228
7.88029e-10 4.79009e-06 0.000453263
7.88131e-10 4.90498e-06 0.000459597
7.88232e-10 5.00878e-06 0.000466203
7.88333e-10 5.10053e-06 0.000473053
7.88435e-10 5.17938e-06 0.000480117
7.88536e-10 5.24455e-06 0.000487362
7.88637e-10 5.29541e-06 0.000494756
7.88738e-10 5.3314e-06 0.000502262
7.8884e-10 5.35212e-06 0.000509847
7.88941e-10 5.35727e-06 0.000517472
7.89042e-10 5.34669e-06 0.000525101
7.89143e-10 5.32034e-06 0.000532698
7.89245e-10 5.27834e-06 0.000540224
7.89346e-10 5.2209e-06 0.000547642
7.89447e-10 5.14841e-06 0.000554918
7.89548e-10 5.06137e-06 0.000562014
7.8965e-10 4.9604e-06 0.000568897
7.89751e-10 4.84625e-06 0.000575534
7.89852e-10 4.71981e-06 0.000581893
7.89954e-10 4.58206e-06 0.000587944
7.90055e-10 4.4341e-06 0.000593661
7.90156e-10 4.27711e-06 0.000599018
7.90257e-10 4.11239e-06 0.000603992
7.90359e-10 3.94131e-06 0.000608564
7.9046e-10 3.76528e-06 0.000612716
7.90561e-10 3.58582e-06 0.000616433
7.90662e-10 3.40445e-06 0.000619706
7.90764e-10 3.22276e-06 0.000622527
7.90865e-10 3.04234e-06 0.00062489
7.90966e-10 2.8648e-06 0.000626796
7.91068e-10 2.69174e-06 0.000628246
7.91169e-10 2.52473e-06 0.000629247
7.9127e-10 2.36534e-06 0.000629808
7.91371e-10 2.21507e-06 0.000629943
7.91473e-10 2.07536e-06 0.000629666
7.91574e-10 1.9476e-06 0.000628999
7.91675e-10 1.83309e-06 0.000627964
7.91776e-10 1.73302e-06 0.000626587
7.91878e-10 1.64849e-06 0.000624897
7.91979e-10 1.58047e-06 0.000622925
7.9208e-10 1.52983e-06 0.000620706
7.92182e-10 1.49728e-06 0.000618277
7.92283e-10 1.4834e-06 0.000615675
7.92384e-10 1.48862e-06 0.000612943
7.92485e-10 1.51321e-06 0.000610121
7.92587e-10 1.55728e-06 0.000607254
7.92688e-10 1.62081e-06 0.000604386
7.92789e-10 1.70357e-06 0.000601562
7.9289e-10 1.8052e-06 0.000598829
7.92992e-10 1.92516e-06 0.000596231
7.93093e-10 2.06277e-06 0.000593815
7.93194e-10 2.21719e-06 0.000591626
7.93295e-10 2.3874e-06 0.000589708
7.93397e-10 2.57227e-06 0.000588104
7.93498e-10 2.77053e-06 0.000586855
7.93599e-10 2.98076e-06 0.000586001
7.93701e-10 3.20144e-06 0.00058558
7.93802e-10 3.43095e-06 0.000585626
7.93903e-10 3.66756e-06 0.000586172
7.94004e-10 3.90945e-06 0.000587248
7.94106e-10 4.15477e-06 0.00058888
7.94207e-10 4.40159e-06 0.00059109
7.94308e-10 4.64793e-06 0.000593898
7.94409e-10 4.89183e-06 0.00059732
7.94511e-10 5.13128e-06 0.000601366
7.94612e-10 5.36432e-06 0.000606044
7.94713e-10 5.58899e-06 0.000611357
7.94815e-10 5.80339e-06 0.000617304
7.94916e-10 6.00567e-06 0.00062388
7.95017e-10 6.19407e-06 0.000631075
7.95118e-10 6.36692e-06 0.000638875
7.9522e-10 6.52264e-06 0.000647261
7.95321e-10 6.6598e-06 0.000656212
7.95422e-10 6.77709e-06 0.000665701
7.95523e-10 6.87335e-06 0.000675696
7.95625e-10 6.94758e-06 0.000686165
7.95726e-10 6.99897e-06 0.000697069
7.95827e-10 7.02687e-06 0.000708368
7.95929e-10 7.03082e-06 0.000720016
7.9603e-10 7.01057e-06 0.000731968
7.96131e-10 6.96605e-06 0.000744173
7.96232e-10 6.89741e-06 0.00075658
7.96334e-10 6.805e-06 0.000769135
7.96435e-10 6.68937e-06 0.000781784
7.96536e-10 6.55129e-06 0.000794471
7.96637e-10 6.39171e-06 0.000807138
7.96739e-10 6.21178e-06 0.000819728
7.9684e-10 6.01286e-06 0.000832184
7.96941e-10 5.79647e-06 0.000844451
7.97042e-10 5.56429e-06 0.000856471
7.97144e-10 5.3182e-06 0.000868191
7.97245e-10 5.06018e-06 0.000879559
7.97346e-10 4.79237e-06 0.000890523
7.97448e-10 4.51701e-06 0.000901036
7.97549e-10 4.23646e-06 0.000911052
7.9765e-10 3.95313e-06 0.000920531
7.97751e-10 3.66953e-06 0.000929433
7.97853e-10 3.38818e-06 0.000937725
7.97954e-10 3.11163e-06 0.000945376
7.98055e-10 2.84245e-06 0.000952362
7.98156e-10 2.58316e-06 0.000958661
7.98258e-10 2.33627e-06 0.000964258
7.98359e-10 2.1042e-06 0.000969142
7.9846e-10 1.8893e-06 0.000973309
7.98562e-10 1.69381e-06 0.000976758
7.98663e-10 1.51986e-06 0.000979495
7.98764e-10 1.36941e-06 0.000981532
7.98865e-10 1.24427e-06 0.000982886
7.98967e-10 1.14609e-06 0.000983579
7.99068e-10 1.07628e-06 0.000983639
7.99169e-10 1.03607e-06 0.0009831
7.9927e-10 1.02645e-06 0.000982001
7.99372e-10 1.04818e-06 0.000980384
7.99473e-10 1.10178e-06 0.000978299
7.99574e-10 1.18749e-06 0.000975798
7.99676e-10 1.3053e-06 0.000972939
7.99777e-10 1.45495e-06 0.000969782
7.99878e-10 1.63589e-06 0.000966392
7.99979e-10 1.8473e-06 0.000962837
8.00081e-10 2.08811e-06 0.000959187
8.00182e-10 2.35699e-06 0.000955514
8.00283e-10 2.65234e-06 0.000951893
8.00384e-10 2.97231e-06 0.000948399
8.00486e-10 3.31484e-06 0.000945109
8.00587e-10 3.67764e-06 0.000942099
8.00688e-10 4.05821e-06 0.000939445
8.00789e-10 4.45385e-06 0.000937222
8.00891e-10 4.86171e-06 0.000935504
8.00992e-10 5.27879e-06 0.000934363
8.01093e-10 5.70196e-06 0.000933869
8.01195e-10 6.12799e-06 0.000934087
8.01296e-10 6.55357e-06 0.000935081
8.01397e-10 6.97533e-06 0.000936909
8.01498e-10 7.38991e-06 0.000939625
8.016e-10 7.79392e-06 0.000943279
8.01701e-10 8.18402e-06 0.000947914
8.01802e-10 8.55693e-06 0.000953568
8.01903e-10 8.90945e-06 0.000960274
8.02005e-10 9.23852e-06 0.000968056
8.02106e-10 9.54119e-06 0.000976933
8.02207e-10 9.81472e-06 0.000986917
8.02309e-10 1.00566e-05 0.000998012
8.0241e-10 1.02644e-05 0.00101021
8.02511e-10 1.0436e-05 0.00102352
8.02612e-10 1.05698e-05 0.0010379
8.02714e-10 1.0664e-05 0.00105333
8.02815e-10 1.07176e-05 0.00106979
8.02916e-10 1.07296e-05 0.00108723
8.03017e-10 1.06994e-05 0.0011056
8.03119e-10 1.06269e-05 0.00112485
8.0322e-10 1.05121e-05 0.00114492
8.03321e-10 1.03556e-05 0.00116575
8.03422e-10 1.01582e-05 0.00118725
8.03524e-10 9.92123e-06 0.00120936
8.03625e-10 9.64614e-06 0.00123198
8.03726e-10 9.33491e-06 0.00125503
8.03828e-10 8.98984e-06 0.00127843
8.03929e-10 8.61351e-06 0.00130206
8.0403e-10 8.20886e-06 0.00132584
8.04131e-10 7.7791e-06 0.00134966
8.04233e-10 7.32773e-06 0.00137342
8.04334e-10 6.85848e-06 0.00139702
8.04435e-10 6.37532e-06 0.00142037
8.04536e-10 5.88242e-06 0.00144335
8.04638e-10 5.38411e-06 0.00146587
8.04739e-10 4.88483e-06 0.00148782
8.0484e-10 4.38916e-06 0.00150913
8.04942e-10 3.9017e-06 0.00152969
8.05043e-10 3.42709e-06 0.00154941
8.05144e-10 2.96995e-06 0.00156823
8.05245e-10 2.53486e-06 0.00158606
8.05347e-10 2.1263e-06 0.00160283
8.05448e-10 1.7486e-06 0.00161849
8.05549e-10 1.40594e-06 0.00163297
8.0565e-10 1.10229e-06 0.00164624
8.05752e-10 8.41368e-07 0.00165826
8.05853e-10 6.26605e-07 0.001669
8.05954e-10 4.61124e-07 0.00167844
8.06056e-10 3.47698e-07 0.00168658
8.06157e-10 2.88719e-07 0.00169342
8.06258e-10 2.86178e-07 0.00169896
8.06359e-10 3.41632e-07 0.00170324
8.06461e-10 4.56189e-07 0.00170629
8.06562e-10 6.30487e-07 0.00170814
8.06663e-10 8.64679e-07 0.00170886
8.06764e-10 1.15843e-06 0.00170852
8.06866e-10 1.51089e-06 0.00170717
8.06967e-10 1.92072e-06 0.00170492
8.07068e-10 2.38606e-06 0.00170185
8.07169e-10 2.90459e-06 0.00169806
8.07271e-10 3.47346e-06 0.00169366
8.07372e-10 4.08937e-06 0.00168878
8.07473e-10 4.74856e-06 0.00168353
8.07575e-10 5.44684e-06 0.00167804
8.07676e-10 6.17963e-06 0.00167246
8.07777e-10 6.94195e-06 0.00166692
8.07878e-10 7.72849e-06 0.00166156
8.0798e-10 8.53366e-06 0.00165654
8.08081e-10 9.35157e-06 0.001652
8.08182e-10 1.01762e-05 0.00164808
8.08283e-10 1.10012e-05 0.00164494
8.08385e-10 1.18202e-05 0.00164271
8.08486e-10 1.26268e-05 0.00164156
8.08587e-10 1.34146e-05 0.00164161
8.08689e-10 1.41772e-05 0.00164299
8.0879e-10 1.49082e-05 0.00164585
8.08891e-10 1.56014e-05 0.0016503
8.08992e-10 1.6251e-05 0.00165645
8.09094e-10 1.68511e-05 0.00166442
8.09195e-10 1.73965e-05 0.0016743
8.09296e-10 1.78821e-05 0.00168617
8.09397e-10 1.83033e-05 0.0017001
8.09499e-10 1.8656e-05 0.00171617
8.096e-10 1.89365e-05 0.00173442
8.09701e-10 1.91419e-05 0.00175488
8.09803e-10 1.92696e-05 0.00177758
8.09904e-10 1.93178e-05 0.00180252
8.10005e-10 1.92852e-05 0.00182969
8.10106e-10 1.91714e-05 0.00185908
8.10208e-10 1.89765e-05 0.00189065
8.10309e-10 1.87014e-05 0.00192434
8.1041e-10 1.83477e-05 0.00196008
8.10511e-10 1.79177e-05 0.0019978
8.10613e-10 1.74145e-05 0.00203739
8.10714e-10 1.68418e-05 0.00207874
8.10815e-10 1.6204e-05 0.00212174
8.10916e-10 1.55062e-05 0.00216624
8.11018e-10 1.47541e-05 0.00221209
8.11119e-10 1.39541e-05 0.00225913
8.1122e-10 1.3113e-05 0.00230718
8.11322e-10 1.22382e-05 0.00235608
8.11423e-10 1.13376e-05 0.00240562
8.11524e-10 1.04195e-05 0.00245561
8.11625e-10 9.4925e-06 0.00250585
8.11727e-10 8.5654e-06 0.00255613
8.11828e-10 7.64734e-06 0.00260624
8.11929e-10 6.74753e-06 0.00265597
8.1203e-10 5.87525e-06 0.00270511
8.12132e-10 5.03977e-06 0.00275344
8.12233e-10 4.25024e-06 0.00280077
8.12334e-10 3.51565e-06 0.00284689
8.12436e-10 2.8447e-06 0.00289159
8.12537e-10 2.24578e-06 0.00293471
8.12638e-10 1.72684e-06 0.00297605
8.12739e-10 1.29535e-06 0.00301545
8.12841e-10 9.58187e-07 0.00305275
8.12942e-10 7.216e-07 0.00308782
8.13043e-10 5.91124e-07 0.00312052
8.13144e-10 5.71521e-07 0.00315075
8.13246e-10 6.66723e-07 0.00317841
8.13347e-10 8.79781e-07 0.00320344
8.13448e-10 1.21282e-06 0.00322577
8.1355e-10 1.667e-06 0.00324538
8.13651e-10 2.24249e-06 0.00326225
8.13752e-10 2.93843e-06 0.00327639
8.13853e-10 3.75296e-06 0.00328784
8.13955e-10 4.68315e-06 0.00329665
8.14056e-10 5.72506e-06 0.00330291
8.14157e-10 6.87373e-06 0.0033067
8.14258e-10 8.1232e-06 0.00330816
8.1436e-10 9.46653e-06 0.00330743
8.14461e-10 1.08959e-05 0.00330467
8.14562e-10 1.24026e-05 0.00330009
8.14663e-10 1.3977e-05 0.00329388
8.14765e-10 1.56089e-05 0.00328627
8.14866e-10 1.72873e-05 0.00327751
8.14967e-10 1.90007e-05 0.00326787
8.15069e-10 2.0737e-05 0.00325761
8.1517e-10 2.24839e-05 0.00324704
8.15271e-10 2.42284e-05 0.00323645
8.15372e-10 2.59577e-05 0.00322616
8.15474e-10 2.76588e-05 0.00321649
8.15575e-10 2.93187e-05 0.00320777
8.15676e-10 3.09245e-05 0.00320031
8.15777e-10 3.24637e-05 0.00319447
8.15879e-10 3.39241e-05 0.00319056
8.1598e-10 3.52941e-05 0.00318892
8.16081e-10 3.65626e-05 0.00318986
8.16183e-10 3.77194e-05 0.0031937
8.16284e-10 3.87549e-05 0.00320073
8.16385e-10 3.96608e-05 0.00321125
8.16486e-10 4.04296e-05 0.00322553
8.16588e-10 4.1055e-05 0.00324383
8.16689e-10 4.1532e-05 0.00326638
8.1679e-10 4.18569e-05 0.00329338
8.16891e-10 4.20273e-05 0.00332504
8.16993e-10 4.20423e-05 0.00336151
8.17094e-10 4.19025e-05 0.00340292
8.17195e-10 4.16097e-05 0.00344938
8.17296e-10 4.11677e-05 0.00350096
8.17398e-10 4.05815e-05 0.0035577
8.17499e-10 3.98577e-05 0.00361961
8.176e-10 3.90044e-05 0.00368665
8.17702e-10 3.8031e-05 0.00375878
8.17803e-10 3.69485e-05 0.00383589
8.17904e-10 3.57691e-05 0.00391784
8.18005e-10 3.45063e-05 0.00400448
8.18107e-10 3.31748e-05 0.00409559
8.18208e-10 3.17903e-05 0.00419094
8.18309e-10 3.03692e-05 0.00429026
8.1841e-10 2.89292e-05 0.00439325
8.18512e-10 2.74881e-05 0.00449958
8.18613e-10 2.60646e-05 0.00460888
8.18714e-10 2.46777e-05 0.00472076
8.18816e-10 2.33463e-05 0.00483483
8.18917e-10 2.20895e-05 0.00495063
8.19018e-10 2.09263e-05 0.00506772
8.19119e-10 1.98753e-05 0.00518563
8.19221e-10 1.89544e-05 0.00530387
8.19322e-10 1.8181e-05 0.00542194
8.19423e-10 1.75716e-05 0.00553936
8.19524e-10 1.71414e-05 0.00565562
8.19626e-10 1.69046e-05 0.00577021
8.19727e-10 1.6874e-05 0.00588263
8.19828e-10 1.70607e-05 0.0059924
8.1993e-10 1.74743e-05 0.00609903
8.20031e-10 1.81224e-05 0.00620207
8.20132e-10 1.9011e-05 0.00630108
8.20233e-10 2.01436e-05 0.00639563
8.20335e-10 2.15222e-05 0.00648533
8.20436e-10 2.3146e-05 0.00656983
8.20537e-10 2.50126e-05 0.00664879
8.20638e-10 2.7117e-05 0.00672194
8.2074e-10 2.94521e-05 0.00678903
8.20841e-10 3.20086e-05 0.00684985
8.20942e-10 3.47752e-05 0.00690425
8.21043e-10 3.77383e-05 0.00695213
8.21145e-10 4.08825e-05 0.00699343
8.21246e-10 4.41904e-05 0.00702815
8.21347e-10 4.7643e-05 0.00705634
8.21449e-10 5.12198e-05 0.00707812
8.2155e-10 5.48987e-05 0.00709366
8.21651e-10 5.86565e-05 0.00710316
8.21752e-10 6.24692e-05 0.00710693
8.21854e-10 6.6312e-05 0.00710529
8.21955e-10 7.01594e-05 0.00709864
8.22056e-10 7.39861e-05 0.00708741
8.22157e-10 7.77665e-05 0.00707212
8.22259e-10 8.14756e-05 0.00705331
8.2236e-10 8.50888e-05 0.00703158
8.22461e-10 8.85828e-05 0.00700757
8.22563e-10 9.19351e-05 0.00698196
8.22664e-10 9.5125e-05 0.00695546
8.22765e-10 9.81334e-05 0.00692883
8.22866e-10 0.000100943 0.00690286
8.22968e-10 0.00010354 0.00687833
8.23069e-10 0.000105912 0.00685608
8.2317e-10 0.00010805 0.00683693
8.23271e-10 0.000109947 0.00682172
8.23373e-10 0.0001116 0.0068113
8.23474e-10 0.00011301 0.00680649
8.23575e-10 0.00011418 0.00680813
8.23677e-10 0.000115117 0.006817
8.23778e-10 0.000115833 0.0068339
8.23879e-10 0.000116341 0.00685958
8.2398e-10 0.000116659 0.00689473
8.24082e-10 0.00011681 0.00694003
8.24183e-10 0.000116817 0.0069961
8.24284e-10 0.00011671 0.0070635
8.24385e-10 0.000116519 0.00714272
8.24487e-10 0.000116278 0.00723421
8.24588e-10 0.000116025 0.00733832
8.24689e-10 0.000115799 0.00745534
8.2479e-10 0.000115639 0.00758547
8.24892e-10 0.00011559 0.00772884
8.24993e-10 0.000115694 0.00788548
8.25094e-10 0.000115996 0.00805534
8.25196e-10 0.000116541 0.00823826
8.25297e-10 0.000117373 0.00843401
8.25398e-10 0.000118536 0.00864225
8.25499e-10 0.000120073 0.00886256
8.25601e-10 0.000122023 0.00909441
8.25702e-10 0.000124426 0.00933719
8.25803e-10 0.000127317 0.0095902
8.25904e-10 0.000130727 0.00985264
8.26006e-10 0.000134686 0.0101237
8.26107e-10 0.000139217 0.0104023
8.26208e-10 0.000144339 0.0106875
8.2631e-10 0.000150066 0.0109783
8.26411e-10 0.000156406 0.0112733
8.26512e-10 0.000163361 0.0115716
8.26613e-10 0.000170927 0.0118717
8.26715e-10 0.000179095 0.0121724
8.26816e-10 0.000187846 0.0124724
8.26917e-10 0.000197158 0.0127703
8.27018e-10 0.000206999 0.0130649
8.2712e-10 0.000217333 0.0133546
8.27221e-10 0.000228116 0.0136383
8.27322e-10 0.000239298 0.0139145
8.27424e-10 0.000250825 0.0141821
8.27525e-10 0.000262633 0.0144397
8.27626e-10 0.000274657 0.0146861
8.27727e-10 0.000286827 0.0149202
8.27829e-10 0.000299068 0.0151411
8.2793e-10 0.000311301 0.0153476
8.28031e-10 0.000323448 0.015539
8.28132e-10 0.000335428 0.0157144
8.28234e-10 0.000347158 0.0158733
8.28335e-10 0.000358558 0.016015
8.28436e-10 0.00036955 0.0161392
8.28537e-10 0.000380056 0.0162456
8.28639e-10 0.000390006 0.0163341
8.2874e-10 0.000399333 0.0164047
8.28841e-10 0.000407976 0.0164576
8.28943e-10 0.000415884 0.0164931
8.29044e-10 0.000423012 0.0165117
8.29145e-10 0.000429327 0.0165141
8.29246e-10 0.000434808 0.016501
8.29348e-10 0.000439443 0.0164735
8.29449e-10 0.000443236 0.0164326
8.2955e-10 0.000446206 0.0163797
8.29651e-10 0.000448383 0.016316
8.29753e-10 0.000449817 0.0162433
8.29854e-10 0.000450571 0.0161631
8.29955e-10 0.000450727 0.0160772
8.30057e-10 0.000450383 0.0159877
8.30158e-10 0.000449654 0.0158964
8.30259e-10 0.000448671 0.0158056
8.3036e-10 0.000447584 0.0157173
8.30462e-10 0.000446557 0.0156338
8.30563e-10 0.000445771 0.0155574
8.30664e-10 0.00044542 0.0154904
8.30765e-10 0.000445713 0.0154351
8.30867e-10 0.00044687 0.0153938
8.30968e-10 0.000449122 0.0153687
8.31069e-10 0.00045271 0.0153622
8.31171e-10 0.00045788 0.0153764
8.31272e-10 0.000464884 0.0154134
8.31373e-10 0.000473975 0.0154751
8.31474e-10 0.000485407 0.0155635
8.31576e-10 0.000499431 0.0156802
8.31677e-10 0.000516292 0.0158269
8.31778e-10 0.000536227 0.016005
8.31879e-10 0.00055946 0.0162157
8.31981e-10 0.000586202 0.01646
8.32082e-10 0.000616645 0.0167387
8.32183e-10 0.000650962 0.0170524
8.32284e-10 0.000689298 0.0174014
8.32386e-10 0.000731775 0.0177858
8.32487e-10 0.000778483 0.0182054
8.32588e-10 0.00082948 0.0186598
8.3269e-10 0.000884789 0.0191483
8.32791e-10 0.000944394 0.0196699
8.32892e-10 0.00100824 0.0202234
8.32993e-10 0.00107623 0.0208072
8.33095e-10 0.00114823 0.0214195
8.33196e-10 0.00122405 0.0220584
8.33297e-10 0.00130346 0.0227215
8.33398e-10 0.00138619 0.0234063
8.335e-10 0.00147193 0.0241101
8.33601e-10 0.0015603 0.0248298
8.33702e-10 0.00165091 0.0255624
8.33804e-10 0.00174331 0.0263045
8.33905e-10 0.00183702 0.0270526
8.34006e-10 0.00193151 0.0278031
8.34107e-10 0.00202623 0.0285524
8.34209e-10 0.00212061 0.0292965
8.3431e-10 0.00221404 0.0300317
8.34411e-10 0.00230591 0.0307542
8.34512e-10 0.00239557 0.0314601
8.34614e-10 0.0024824 0.0321455
8.34715e-10 0.00256575 0.0328068
8.34816e-10 0.002645 0.0334404
8.34917e-10 0.00271954 0.0340427
8.35019e-10 0.00278878 0.0346105
8.3512e-10 0.00285216 0.0351407
8.35221e-10 0.00290918 0.0356304
8.35323e-10 0.00295936 0.0360771
8.35424e-10 0.0030023 0.0364783
8.35525e-10 0.00303766 0.0368321
8.35626e-10 0.00306518 0.0371368
8.35728e-10 0.00308467 0.0373913
8.35829e-10 0.00309605 0.0375945
8.3593e-10 0.00309932 0.037746
8.36031e-10 0.0030946 0.0378458
8.36133e-10 0.0030821 0.0378941
8.36234e-10 0.00306218 0.0378919
8.36335e-10 0.00303529 0.0378404
8.36437e-10 0.00300203 0.0377412
8.36538e-10 0.0029631 0.0375966
8.36639e-10 0.00291934 0.0374092
8.3674e-10 0.00287174 0.0371819
8.36842e-10 0.00282139 0.0369183
8.36943e-10 0.0027695 0.0366221
8.37044e-10 0.00271742 0.0362977
8.37145e-10 0.00266661 0.0359496
8.37247e-10 0.00261862 0.0355826
8.37348e-10 0.00257512 0.0352021
8.37449e-10 0.00253786 0.0348134
8.37551e-10 0.00250864 0.0344222
8.37652e-10 0.00248936 0.0340345
8.37753e-10 0.00248194 0.033656
8.37854e-10 0.00248835 0.033293
8.37956e-10 0.00251055 0.0329515
8.38057e-10 0.0025505 0.0326376
8.38158e-10 0.00261014 0.0323572
8.38259e-10 0.00269136 0.0321162
8.38361e-10 0.00279597 0.0319203
8.38462e-10 0.0029257 0.031775
8.38563e-10 0.00308216 0.0316854
8.38664e-10 0.00326682 0.0316564
8.38766e-10 0.00348099 0.0316923
8.38867e-10 0.0037258 0.0317972
8.38968e-10 0.00400217 0.0319746
8.3907e-10 0.0043108 0.0322274
8.39171e-10 0.00465214 0.032558
8.39272e-10 0.00502638 0.0329683
8.39373e-10 0.00543342 0.0334594
8.39475e-10 0.00587289 0.0340317
8.39576e-10 0.00634409 0.0346851
8.39677e-10 0.00684601 0.0354186
8.39778e-10 0.00737732 0.0362306
8.3988e-10 0.00793635 0.0371188
