3e-10 0.00161701 3.03292e-06
3.00883e-10 0.00106514 1.46883e-06
3.01766e-10 0.000313605 3.90342e-07
3.02649e-10 1.23424e-06 1.5887e-07
3.03532e-10 0.000332691 4.05443e-07
3.04415e-10 0.00088979 7.82112e-07
3.05298e-10 0.00119937 9.12715e-07
3.06181e-10 0.00123175 8.95989e-07
3.07064e-10 0.00125331 1.3842e-06
3.07947e-10 0.00137895 2.34881e-06
3.0883e-10 0.001462 2.77797e-06
3.09713e-10 0.00137926 2.22764e-06
3.10596e-10 0.0012328 1.51587e-06
3.11479e-10 0.00118611 1.35084e-06
3.12362e-10 0.0012005 1.37372e-06
3.13245e-10 0.00106124 1.03428e-06
3.14128e-10 0.000668761 4.74834e-07
3.15011e-10 0.000213465 1.10307e-07
3.15894e-10 4.01669e-06 2.22239e-08
3.16777e-10 0.000151683 8.69408e-08
3.1766e-10 0.00047488 2.15236e-07
3.18543e-10 0.000708029 2.98282e-07
3.19426e-10 0.000753859 2.91214e-07
3.20309e-10 0.000715441 3.85966e-07
3.21192e-10 0.000731194 7.66223e-07
3.22075e-10 0.000836245 1.23552e-06
3.22958e-10 0.000981095 1.42855e-06
3.23841e-10 0.00112365 1.33053e-06
3.24724e-10 0.00125111 1.239e-06
3.25607e-10 0.00132295 1.2487e-06
3.2649e-10 0.00124934 1.13014e-06
3.27373e-10 0.000969656 7.52129e-07
3.28256e-10 0.000551516 3.12607e-07
3.29139e-10 0.000182074 5.75165e-08
3.30022e-10 3.3651e-05 1.7361e-09
3.30905e-10 0.000125737 2.46245e-08
3.31788e-10 0.000317106 5.67721e-08
3.32671e-10 0.000433996 7.40077e-08
3.33554e-10 0.000412206 6.04744e-08
3.34437e-10 0.000331329 8.49642e-08
3.3532e-10 0.000331434 2.93646e-07
3.36203e-10 0.000501369 7.16087e-07
3.37086e-10 0.000826449 1.16595e-06
3.37969e-10 0.00121016 1.4366e-06
3.38852e-10 0.0015272 1.52015e-06
3.39735e-10 0.00166906 1.5252e-06
3.40618e-10 0.00157728 1.44988e-06
3.41501e-10 0.00127094 1.18902e-06
3.42384e-10 0.000854935 7.59154e-07
3.43267e-10 0.00048433 3.65833e-07
3.4415e-10 0.000286607 1.87397e-07
3.45033e-10 0.000287077 1.86208e-07
3.45916e-10 0.00039436 2.00332e-07
3.46799e-10 0.000464322 1.48851e-07
3.47682e-10 0.000401731 6.90673e-08
3.48565e-10 0.000228955 1.17633e-08
3.49449e-10 7.46015e-05 9.85142e-09
3.50332e-10 9.17006e-05 1.34462e-07
3.51215e-10 0.000360179 4.59807e-07
3.52098e-10 0.000832491 9.24911e-07
3.52981e-10 0.00135021 1.3166e-06
3.53864e-10 0.00171984 1.4694e-06
3.54747e-10 0.00180885 1.44531e-06
3.5563e-10 0.00161451 1.44538e-06
3.56513e-10 0.00126945 1.56791e-06
3.57396e-10 0.000976461 1.7364e-06
3.58279e-10 0.000902046 1.8627e-06
3.59162e-10 0.00108466 1.97057e-06
3.60045e-10 0.00141085 2.08903e-06
3.60928e-10 0.00167649 2.09959e-06
3.61811e-10 0.0016996 1.8154e-06
3.62694e-10 0.00141936 1.22796e-06
3.63577e-10 0.000926364 5.82264e-07
3.6446e-10 0.000413196 1.53506e-07
3.65343e-10 7.92567e-05 5.70048e-09
3.66226e-10 4.03393e-05 2.50762e-08
3.67109e-10 0.000281071 1.22141e-07
3.67992e-10 0.000664758 2.80423e-07
3.68875e-10 0.000995748 4.23098e-07
3.69758e-10 0.00111498 4.18399e-07
3.70641e-10 0.000994663 3.6859e-07
3.71524e-10 0.000784916 8.17186e-07
3.72407e-10 0.000768907 2.4343e-06
3.7329e-10 0.00122044 5.34335e-06
3.74173e-10 0.00222298 8.79911e-06
3.75056e-10 0.00355976 1.16375e-05
3.75939e-10 0.00476813 1.30684e-05
3.76822e-10 0.00535741 1.30203e-05
3.77705e-10 0.00507503 1.18327e-05
3.78588e-10 0.00405717 9.85892e-06
3.79471e-10 0.00276241 7.49503e-06
3.80354e-10 0.00172293 5.39274e-06
3.81237e-10 0.00126565 4.2464e-06
3.8212e-10 0.00137116 4.15639e-06
3.83003e-10 0.00174081 4.36411e-06
3.83886e-10 0.00200211 3.91391e-06
3.84769e-10 0.00190812 2.6292e-06
3.85652e-10 0.00142806 1.22242e-06
3.86535e-10 0.000732487 3.91316e-07
3.87418e-10 0.000139775 2.32368e-07
3.88301e-10 5.82381e-05 1.05953e-06
3.89184e-10 0.000887108 4.55178e-06
3.90067e-10 0.00282898 1.28152e-05
3.9095e-10 0.00565553 2.50717e-05
3.91833e-10 0.00859117 3.58075e-05
3.92716e-10 0.0105175 3.92076e-05
3.93599e-10 0.0105647 3.94282e-05
3.94482e-10 0.00886503 5.8464e-05
3.95365e-10 0.00696723 0.000131268
3.96248e-10 0.00741849 0.000285762
3.97131e-10 0.0124571 0.000518378
3.98014e-10 0.0224282 0.000782951
3.98897e-10 0.0349474 0.00100513
3.9978e-10 0.0455722 0.00111899
4.00663e-10 0.0498752 0.00110744
4.01546e-10 0.0458858 0.00102306
4.02429e-10 0.0355236 0.000973695
4.03312e-10 0.0241004 0.00107469
4.04195e-10 0.0179707 0.00138766
4.05078e-10 0.0214045 0.00187671
4.05961e-10 0.0342426 0.00240864
4.06844e-10 0.0516185 0.00280374
4.07727e-10 0.066061 0.00291655
4.0861e-10 0.0710529 0.00270668
4.09493e-10 0.0642671 0.00226152
4.10376e-10 0.0487584 0.00175666
4.11259e-10 0.0314401 0.00137382
4.12142e-10 0.0196488 0.00121884
4.13025e-10 0.0176362 0.00128117
4.13908e-10 0.0247985 0.00145225
4.14791e-10 0.0364051 0.00158788
4.15674e-10 0.0462167 0.00157908
4.16557e-10 0.0494883 0.00139586
4.1744e-10 0.0448707 0.00108724
4.18323e-10 0.034496 0.000745198
4.19206e-10 0.0225028 0.000456604
4.20089e-10 0.0129312 0.000268306
4.20972e-10 0.00803456 0.00017879
4.21855e-10 0.00768659 0.000153618
4.22738e-10 0.00995603 0.000150865
4.23621e-10 0.0123693 0.000141473
4.24504e-10 0.0131374 0.000116383
4.25387e-10 0.011769 8.15552e-05
4.2627e-10 0.00891374 4.78587e-05
4.27153e-10 0.00570898 2.29847e-05
4.28036e-10 0.00309503 8.69513e-06
4.28919e-10 0.00145747 2.46665e-06
4.29802e-10 0.000671282 5.81299e-07
4.30685e-10 0.00037952 2.7136e-07
4.31568e-10 0.000268066 2.38529e-07
4.32451e-10 0.00018826 1.62791e-07
4.33334e-10 0.000125118 7.24549e-08
4.34217e-10 0.000103062 1.63195e-08
4.351e-10 0.000123147 9.28576e-09
4.35983e-10 0.000165106 5.98317e-08
4.36866e-10 0.000224147 1.71526e-07
4.37749e-10 0.000330976 3.26538e-07
4.38632e-10 0.000528984 4.87465e-07
4.39515e-10 0.000825962 6.1917e-07
4.40398e-10 0.00116231 7.06156e-07
4.41281e-10 0.0014263 7.50885e-07
4.42164e-10 0.00151136 7.61374e-07
4.43047e-10 0.00137883 7.43718e-07
4.4393e-10 0.00108535 7.04268e-07
4.44813e-10 0.000757464 6.53983e-07
4.45696e-10 0.000529169 6.06927e-07
4.46579e-10 0.000478898 5.73168e-07
4.47462e-10 0.000598897 5.52794e-07
4.48346e-10 0.000808616 5.36508e-07
4.49229e-10 0.000999213 5.12106e-07
4.50112e-10 0.00108328 4.7179e-07
4.50995e-10 0.00102681 4.15723e-07
4.51878e-10 0.000853839 3.50834e-07
4.52761e-10 0.000628307 2.86955e-07
4.53644e-10 0.000425396 2.32974e-07
4.54527e-10 0.000304327 1.94474e-07
4.5541e-10 0.000290415 1.72857e-07
4.56293e-10 0.000369673 1.65443e-07
4.57176e-10 0.000496186 1.66252e-07
4.58059e-10 0.00060991 1.67587e-07
4.58942e-10 0.000659469 1.62416e-07
4.59825e-10 0.000621652 1.46886e-07
4.60708e-10 0.000509221 1.21789e-07
4.61591e-10 0.00036297 9.19814e-08
4.62474e-10 0.000231501 6.38809e-08
4.63357e-10 0.000148881 4.23823e-08
4.6424e-10 0.000121619 2.89534e-08
4.65123e-10 0.0001311 2.1846e-08
4.66006e-10 0.000148452 1.79206e-08
4.66889e-10 0.000151846 1.46507e-08
4.67772e-10 0.000135839 1.10902e-08
4.68655e-10 0.000108819 7.61879e-09
4.69538e-10 8.31119e-05 5.18966e-09
4.70421e-10 6.68796e-05 4.93015e-09
4.71304e-10 6.41085e-05 8.32943e-09
4.72187e-10 8.11978e-05 1.74918e-08
4.7307e-10 0.000131924 3.46266e-08
4.73953e-10 0.000232651 6.03945e-08
4.74836e-10 0.000387309 9.18612e-08
4.75719e-10 0.000571721 1.22072e-07
4.76602e-10 0.000731497 1.43562e-07
4.77485e-10 0.000802012 1.56303e-07
4.78368e-10 0.000744956 1.76674e-07
4.79251e-10 0.000582092 2.40237e-07
4.80134e-10 0.000403019 3.91277e-07
4.81017e-10 0.000334694 6.58573e-07
4.819e-10 0.000481652 1.02759e-06
4.82783e-10 0.000865418 1.42706e-06
4.83666e-10 0.00139701 1.74481e-06
4.84549e-10 0.00190259 1.87258e-06
4.85432e-10 0.00219499 1.75961e-06
4.86315e-10 0.00215839 1.44452e-06
4.87198e-10 0.00180355 1.04357e-06
4.88081e-10 0.00126485 6.97715e-07
4.88964e-10 0.000739313 5.06474e-07
4.89847e-10 0.000398229 4.85476e-07
4.9073e-10 0.000315216 5.7019e-07
4.91613e-10 0.000445174 6.60169e-07
4.92496e-10 0.000660603 6.74981e-07
4.93379e-10 0.000821981 5.89609e-07
4.94262e-10 0.000843296 4.33896e-07
4.95145e-10 0.000720428 2.64013e-07
4.96028e-10 0.000513826 1.28124e-07
4.96911e-10 0.000303078 4.62268e-08
4.97794e-10 0.000144132 1.07627e-08
4.98677e-10 5.32638e-05 1.26505e-09
4.9956e-10 2.10666e-05 8.65006e-10
5.00443e-10 3.8931e-05 5.00407e-09
5.01326e-10 0.00011353 1.88461e-08
5.02209e-10 0.000256058 4.6199e-08
5.03092e-10 0.000454544 7.8571e-08
5.03975e-10 0.000654239 9.69926e-08
5.04858e-10 0.000770216 9.66081e-08
5.05741e-10 0.000736299 1.29793e-07
5.06624e-10 0.000566775 3.40914e-07
5.07507e-10 0.00039011 9.50802e-07
5.0839e-10 0.000420811 2.16232e-06
5.09273e-10 0.000866574 4.00669e-06
5.10156e-10 0.00180766 6.21122e-06
5.11039e-10 0.00311102 8.19749e-06
5.11922e-10 0.00443558 9.2756e-06
5.12805e-10 0.00534536 8.98929e-06
5.13688e-10 0.00549234 7.4459e-06
5.14571e-10 0.00478806 5.42085e-06
5.15454e-10 0.00347816 4.11047e-06
5.16337e-10 0.00207237 4.59547e-06
5.1722e-10 0.00114863 7.26571e-06
5.18103e-10 0.00111279 1.15218e-05
5.18986e-10 0.0020208 1.59503e-05
5.19869e-10 0.00354665 1.89196e-05
5.20752e-10 0.00511349 1.93059e-05
5.21635e-10 0.00613048 1.69783e-05
5.22518e-10 0.00622978 1.28007e-05
5.23401e-10 0.00539965 8.17553e-06
5.24284e-10 0.0039604 4.39468e-06
5.25167e-10 0.00240408 2.13791e-06
5.2605e-10 0.00117965 1.34222e-06
5.26933e-10 0.000523979 1.43582e-06
5.27816e-10 0.000408464 1.74174e-06
5.28699e-10 0.000609569 1.80944e-06
5.29582e-10 0.000851321 1.52992e-06
5.30465e-10 0.000940107 1.04467e-06
5.31348e-10 0.000827778 5.65926e-07
5.32231e-10 0.000586491 2.33641e-07
5.33114e-10 0.000329313 6.99034e-08
5.33997e-10 0.00013582 1.75294e-08
5.3488e-10 2.9183e-05 1.46845e-08
5.35763e-10 1.04107e-05 6.09931e-08
5.36646e-10 0.000113167 2.44064e-07
5.37529e-10 0.000425923 7.02094e-07
5.38412e-10 0.00104906 1.51411e-06
5.39295e-10 0.00200137 2.55914e-06
5.40178e-10 0.00313468 3.45748e-06
5.41061e-10 0.00412704 3.73568e-06
5.41944e-10 0.00459193 3.26701e-06
5.42827e-10 0.0042754 2.82563e-06
5.4371e-10 0.00325089 4.37132e-06
5.44593e-10 0.00199848 1.06446e-05
5.45476e-10 0.00129289 2.39314e-05
5.46359e-10 0.0019109 4.439e-05
5.47243e-10 0.00426508 6.88297e-05
5.48126e-10 0.0081283 9.0914e-05
5.49009e-10 0.0125968 0.000103225
5.49892e-10 0.0163478 0.000100628
5.50775e-10 0.018119 8.34256e-05
5.51658e-10 0.0172261 5.85139e-05
5.52541e-10 0.0138974 3.74701e-05
5.53424e-10 0.00926714 3.1967e-05
5.54307e-10 0.00500133 4.84284e-05
5.5519e-10 0.00268771 8.4499e-05
5.56073e-10 0.0032287 0.000129254
5.56956e-10 0.00648366 0.000167332
5.57839e-10 0.0113112 0.00018521
5.58722e-10 0.0159985 0.000176725
5.59605e-10 0.018906 0.000145285
5.60488e-10 0.0190658 0.000101866
5.61371e-10 0.0164984 5.99623e-05
5.62254e-10 0.0121342 3.00398e-05
5.63137e-10 0.00739255 1.60566e-05
5.6402e-10 0.00361257 1.53204e-05
5.64903e-10 0.00157704 2.1192e-05
5.65786e-10 0.00131256 2.68465e-05
5.66669e-10 0.00221628 2.81363e-05
5.67552e-10 0.00341353 2.44544e-05
5.68435e-10 0.00416139 1.77446e-05
5.69318e-10 0.00411654 1.06906e-05
5.70201e-10 0.00337287 5.22667e-06
5.71084e-10 0.0022962 1.9755e-06
5.71967e-10 0.00127832 5.30533e-07
5.7285e-10 0.000553562 9.54663e-08
5.73733e-10 0.000164449 2.92404e-08
5.74616e-10 6.36385e-05 1.081e-07
5.75499e-10 0.000255578 5.22101e-07
5.76382e-10 0.0008602 1.65248e-06
5.77265e-10 0.00203556 3.65894e-06
5.78148e-10 0.00379545 6.03514e-06
5.79031e-10 0.00584381 7.55927e-06
5.79914e-10 0.00756557 7.17987e-06
5.80797e-10 0.00824426 5.97636e-06
5.8168e-10 0.00744864 9.38737e-06
5.82563e-10 0.00541018 2.7937e-05
5.83446e-10 0.00317042 7.4594e-05
5.84329e-10 0.00234892 0.000158291
5.85212e-10 0.0045489 0.000275716
5.86095e-10 0.0106061 0.000405905
5.86978e-10 0.0200046 0.000512584
5.87861e-10 0.0307642 0.000556499
5.88744e-10 0.0399364 0.000514763
5.89627e-10 0.0445951 0.000398959
5.9051e-10 0.0429782 0.000261644
5.91393e-10 0.0353293 0.00018415
5.92276e-10 0.0240632 0.000246687
5.93159e-10 0.0131209 0.0004913
5.94042e-10 0.0066854 0.000894186
5.94925e-10 0.00769745 0.00136242
5.95808e-10 0.0167153 0.00176076
5.96691e-10 0.0315634 0.00196048
5.97574e-10 0.0479425 0.00189101
5.98457e-10 0.0608226 0.00157164
5.9934e-10 0.0661411 0.00110805
6.00223e-10 0.0622011 0.000653591
6.01106e-10 0.0502588 0.000350787
6.01989e-10 0.0340778 0.000277938
6.02872e-10 0.0186083 0.000423199
6.03755e-10 0.00827686 0.000696078
6.04638e-10 0.00551318 0.000969355
6.05521e-10 0.0100478 0.0011315
6.06404e-10 0.019207 0.00112658
6.07287e-10 0.0290456 0.000966406
6.0817e-10 0.0358421 0.000713731
6.09053e-10 0.0373661 0.000448305
6.09936e-10 0.0334575 0.000233509
6.10819e-10 0.0257656 9.769e-05
6.11702e-10 0.0168502 3.47871e-05
6.12585e-10 0.00908592 1.87917e-05
6.13468e-10 0.00384361 2.1485e-05
6.14351e-10 0.00124492 2.43193e-05
6.15234e-10 0.000494922 2.10718e-05
6.16117e-10 0.000532212 1.37154e-05
6.17e-10 0.000622838 6.49951e-06
6.17883e-10 0.000605069 2.03812e-06
6.18766e-10 0.00071709 3.67955e-07
6.19649e-10 0.00118585 7.48367e-08
6.20532e-10 0.00189091 6.2414e-07
6.21415e-10 0.00236682 5.73494e-06
6.22298e-10 0.0021941 2.7074e-05
6.23181e-10 0.00156468 8.53701e-05
6.24064e-10 0.00164363 0.000204453
6.24947e-10 0.00439245 0.000395923
6.2583e-10 0.0117739 0.000639269
6.26713e-10 0.0246111 0.00087085
6.27596e-10 0.0416428 0.00099836
6.28479e-10 0.059337 0.00094885
6.29362e-10 0.0727599 0.000738458
6.30245e-10 0.0773221 0.000529566
6.31128e-10 0.0707768 0.000631136
6.32011e-10 0.0546206 0.00141249
6.32894e-10 0.0342007 0.00314022
6.33777e-10 0.0173059 0.00579646
6.3466e-10 0.0116343 0.00896872
6.35543e-10 0.0220147 0.011893
6.36426e-10 0.0484106 0.0136771
6.37309e-10 0.0854838 0.0136467
6.38192e-10 0.123942 0.0116843
6.39075e-10 0.153272 0.00840252
6.39958e-10 0.164986 0.0050427
6.40841e-10 0.155341 0.00309115
6.41724e-10 0.12669 0.00373353
6.42607e-10 0.0870173 0.00735318
6.4349e-10 0.0477871 0.0132866
6.44373e-10 0.0206865 0.0199623
6.45256e-10 0.0141901 0.025402
6.4614e-10 0.030939 0.0279082
6.47023e-10 0.0667482 0.0266809
6.47906e-10 0.11163 0.0221147
6.48789e-10 0.152635 0.015656
6.49672e-10 0.177736 0.00926905
6.50555e-10 0.179555 0.00472237
6.51438e-10 0.157695 0.00297847
6.52321e-10 0.118818 0.00392422
6.53204e-10 0.0743567 0.00653134
6.54087e-10 0.0365998 0.00935287
6.5497e-10 0.0145684 0.0111232
6.55853e-10 0.0112055 0.0112016
6.56736e-10 0.0229233 0.0096911
6.57619e-10 0.0415966 0.00723366
6.58502e-10 0.0580762 0.00462953
6.59385e-10 0.0656952 0.0024913
6.60268e-10 0.0623297 0.0010802
6.61151e-10 0.0503152 0.000343803
6.62034e-10 0.0345393 6.49068e-05
6.62917e-10 0.0198433 8.45043e-06
6.638e-10 0.00909798 9.55243e-06
6.64683e-10 0.00287207 7.31994e-06
6.65566e-10 0.000669571 3.71443e-05
6.66449e-10 0.00270415 0.000169728
6.67332e-10 0.0107186 0.000405016
6.68215e-10 0.0269372 0.000611971
6.69098e-10 0.0516878 0.00064892
6.69981e-10 0.0814889 0.000688088
6.70864e-10 0.109289 0.00154786
6.71747e-10 0.127003 0.00471675
6.7263e-10 0.128893 0.0118821
6.73513e-10 0.113976 0.0240669
6.74396e-10 0.08651 0.0407202
6.75279e-10 0.0545873 0.0592052
6.76162e-10 0.0273361 0.075094
6.77045e-10 0.0116322 0.0834697
6.77928e-10 0.00963201 0.0809654
6.78811e-10 0.0183836 0.0676869
6.79694e-10 0.0317459 0.0478983
6.80577e-10 0.0434573 0.0288032
6.8146e-10 0.0495931 0.0177633
6.82343e-10 0.0493046 0.0192313
6.83226e-10 0.0439894 0.032884
6.84109e-10 0.0358636 0.0538121
6.84992e-10 0.0268817 0.0745751
6.85875e-10 0.0183607 0.0880929
6.86758e-10 0.0111063 0.0901127
6.87641e-10 0.00564935 0.0803587
6.88524e-10 0.00233288 0.0621403
6.89407e-10 0.00123628 0.0408188
6.9029e-10 0.00207078 0.0218596
6.91173e-10 0.00418329 0.0091913
6.92056e-10 0.00671058 0.004332
6.92939e-10 0.00882473 0.00639922
6.93822e-10 0.00996266 0.0128159
6.94705e-10 0.00994924 0.0203594
6.95588e-10 0.00897987 0.026179
6.96471e-10 0.00748902 0.0285013
6.97354e-10 0.00596883 0.0268948
6.98237e-10 0.00480708 0.022116
6.9912e-10 0.0041927 0.015667
7.00003e-10 0.00410414 0.00924453
7.00886e-10 0.00436539 0.00424902
7.01769e-10 0.00473648 0.00146966
7.02652e-10 0.00500226 0.000992031
7.03535e-10 0.00503259 0.00230693
7.04418e-10 0.00480229 0.00455238
7.05301e-10 0.00437428 0.0068007
7.06184e-10 0.00385998 0.0083087
7.07067e-10 0.00337414 0.00867455
7.0795e-10 0.00299917 0.00787883
7.08833e-10 0.00276751 0.00622094
7.09716e-10 0.00266306 0.00418549
7.10599e-10 0.00263706 0.00228493
7.11482e-10 0.00263015 0.000921895
7.12365e-10 0.00259288 0.00030256
7.13248e-10 0.0024986 0.000414169
7.14131e-10 0.00234669 0.00106184
7.15014e-10 0.00215725 0.00194592
7.15897e-10 0.0019605 0.00275418
7.1678e-10 0.00178531 0.00324335
7.17663e-10 0.00165041 0.00329133
7.18546e-10 0.0015605 0.00291114
7.19429e-10 0.00150727 0.00222863
7.20312e-10 0.0014743 0.00143467
7.21195e-10 0.00144353 0.000727259
7.22078e-10 0.00140098 0.000259308
7.22961e-10 0.00134033 0.000104697
7.23844e-10 0.00126343 0.000248602
7.24727e-10 0.0011783 0.000601629
7.2561e-10 0.00109551 0.00103131
7.26493e-10 0.00102441 0.00140097
7.27376e-10 0.000970334 0.00160538
7.28259e-10 0.000933442 0.00159452
7.29142e-10 0.000909377 0.0013807
7.30025e-10 0.00089121 0.00102913
7.30908e-10 0.000871909 0.000635781
7.31791e-10 0.000846501 0.000299593
7.32674e-10 0.000813315 9.64654e-05
7.33557e-10 0.000774035 6.15309e-05
7.3444e-10 0.00073271 0.000183439
7.35323e-10 0.000694156 0.000411064
7.36206e-10 0.000662306 0.0006699
7.37089e-10 0.000639037 0.000883193
7.37972e-10 0.000623761 0.000992053
7.38855e-10 0.000613846 0.000969517
7.39738e-10 0.000605621 0.000825394
7.40621e-10 0.000595617 0.000601293
7.41504e-10 0.000581626 0.000357767
7.42387e-10 0.000563262 0.00015734
7.4327e-10 0.000541912 4.80237e-05
7.44153e-10 0.000520126 5.15068e-05
7.45037e-10 0.000500696 0.000158799
7.4592e-10 0.000485732 0.000334048
7.46803e-10 0.000476021 0.000525156
7.47686e-10 0.00047085 0.000678135
7.48569e-10 0.000468318 0.000751365
7.49452e-10 0.000466002 0.000726063
7.50335e-10 0.000461753 0.000610429
7.51218e-10 0.00045436 0.000436614
7.52101e-10 0.000443883 0.00025154
7.52984e-10 0.000431569 0.000104118
7.53867e-10 0.000419391 3.22863e-05
7.5475e-10 0.000409377 5.32149e-05
7.55633e-10 0.000402951 0.000159151
7.56516e-10 0.00040048 0.000319868
7.57399e-10 0.000401186 0.000490973
7.58282e-10 0.000403412 0.000625824
7.59165e-10 0.000405178 0.000687918
7.60048e-10 0.000404818 0.000660526
7.60931e-10 0.000401516 0.00055107
7.61814e-10 0.00039556 0.000389142
7.62697e-10 0.000388235 0.000218675
7.6358e-10 0.000381405 8.63075e-05
7.64463e-10 0.0003769 2.89741e-05
7.65346e-10 0.000375924 6.39584e-05
7.66229e-10 0.000378645 0.000184035
7.67112e-10 0.000384139 0.000359036
7.67995e-10 0.000390661 0.000543516
7.68878e-10 0.000396211 0.000688618
7.69761e-10 0.000399174 0.000755081
7.70644e-10 0.000398868 0.000724027
7.71527e-10 0.000395787 0.000602595
7.7241e-10 0.000391488 0.000422831
7.73293e-10 0.000388113 0.000233908
7.74176e-10 0.000387713 8.95103e-05
7.75059e-10 0.000391565 3.35604e-05
7.75942e-10 0.00039972 8.79871e-05
7.76825e-10 0.000410921 0.000245858
7.77708e-10 0.00042295 0.000471927
7.78591e-10 0.000433306 0.00071079
7.79474e-10 0.000440023 0.00090085
7.80357e-10 0.000442354 0.000990681
7.8124e-10 0.000441115 0.00095357
7.82123e-10 0.000438528 0.000796255
7.83006e-10 0.000437597 0.000559204
7.83889e-10 0.000441172 0.000307831
7.84772e-10 0.000450994 0.000116403
7.85655e-10 0.00046702 4.84569e-05
7.86538e-10 0.000487273 0.000138716
7.87421e-10 0.000508331 0.000381447
7.88304e-10 0.000526325 0.000728882
7.89187e-10 0.000538205 0.00110089
7.9007e-10 0.000542848 0.00140425
7.90953e-10 0.000541664 0.00155713
7.91836e-10 0.000538412 0.0015126
7.92719e-10 0.000538223 0.00127488
7.93602e-10 0.000546043 0.000903121
7.94485e-10 0.000564949 0.000500623
7.95368e-10 0.000594873 0.000190886
7.96251e-10 0.000632209 8.57156e-05
7.97134e-10 0.000670555 0.000253139
7.98017e-10 0.000702492 0.000693829
7.989e-10 0.000721958 0.00133339
7.99783e-10 0.000726509 0.00203437
8.00666e-10 0.000718705 0.00262709
8.01549e-10 0.000706024 0.00295307
8.02432e-10 0.000699102 0.00291084
8.03315e-10 0.000708621 0.00249175
8.04198e-10 0.000741676 0.00179501
8.05081e-10 0.000798733 0.00101464
8.05964e-10 0.00087231 0.000398555
8.06847e-10 0.000948108 0.000186862
8.0773e-10 0.00100866 0.000543492
8.08613e-10 0.00103868 0.0014991
8.09496e-10 0.00103072 0.00292262
8.10379e-10 0.000989118 0.00453378
8.11262e-10 0.000930787 0.00595941
8.12145e-10 0.000881819 0.006825
8.13028e-10 0.000870316 0.00686169
8.13911e-10 0.000917114 0.0060014
8.14794e-10 0.00102713 0.00443165
8.15677e-10 0.00118439 0.00258758
8.1656e-10 0.00135312 0.00107239
8.17443e-10 0.00148584 0.000515669
8.18326e-10 0.00153698 0.00139827
8.19209e-10 0.00147864 0.00388692
8.20092e-10 0.00131341 0.00772757
8.20975e-10 0.00107945 0.0122392
8.21858e-10 0.000844519 0.0164297
8.22741e-10 0.000688927 0.0192261
8.23624e-10 0.000681453 0.0197743
8.24507e-10 0.000855186 0.0177383
8.2539e-10 0.00119183 0.0135104
8.26273e-10 0.00162123 0.00825187
8.27156e-10 0.00203832 0.0037155
8.28039e-10 0.00233336 0.00185366
8.28922e-10 0.00242531 0.00428098
8.29805e-10 0.00228574 0.0117196
8.30688e-10 0.00194336 0.0235913
8.31571e-10 0.00146793 0.0379136
8.32454e-10 0.000944125 0.051605
8.33337e-10 0.000456109 0.0611968
8.3422e-10 0.00010387 0.0638242
8.35103e-10 5.92774e-05 0.0582439
8.35986e-10 0.000641581 0.0455544
8.36869e-10 0.00235894 0.0293111
8.37752e-10 0.00584258 0.014857
8.38635e-10 0.0116164 0.00791862
8.39518e-10 0.0197135 0.0127896
8.40401e-10 0.0292632 0.0306573
8.41284e-10 0.0382873 0.058708
8.42167e-10 0.04398 0.0904956
8.4305e-10 0.0436274 0.117665
8.43934e-10 0.0360202 0.13259
8.44817e-10 0.022814 0.131016
8.457e-10 0.00902591 0.11363
8.46583e-10 0.00198198 0.085822
8.47466e-10 0.00867973 0.0556157
8.48349e-10 0.0324821 0.0306234
8.49232e-10 0.0707536 0.0153787
8.50115e-10 0.114893 0.0102131
8.50998e-10 0.153097 0.0120248
8.51881e-10 0.174703 0.0163071
8.52764e-10 0.174106 0.0192695
8.53647e-10 0.152537 0.0190775
8.5453e-10 0.117105 0.0159119
8.55413e-10 0.0777492 0.0111905
8.56296e-10 0.043462 0.00655263
8.57179e-10 0.0193858 0.0031
8.58062e-10 0.00602692 0.00112488
8.58945e-10 0.0008233 0.000293095
8.59828e-10 0.000962539 6.03946e-05
8.60711e-10 0.00555421 4.63496e-05
8.61594e-10 0.0157444 0.000195711
8.62477e-10 0.0328323 0.00073119
8.6336e-10 0.0558077 0.00199264
8.64243e-10 0.0800548 0.00422654
8.65126e-10 0.0982279 0.00734884
8.66009e-10 0.103091 0.0107576
8.66892e-10 0.0910748 0.0133647
8.67775e-10 0.0648655 0.0139935
8.68658e-10 0.0336095 0.0120823
8.69541e-10 0.0103054 0.00836796
8.70424e-10 0.00718578 0.00510269
8.71307e-10 0.0308738 0.00551864
8.7219e-10 0.0793031 0.0126181
8.73073e-10 0.141719 0.0277456
8.73956e-10 0.201842 0.0495721
8.74839e-10 0.243044 0.0740033
8.75722e-10 0.253679 0.095168
8.76605e-10 0.230715 0.10721
8.77488e-10 0.180557 0.106277
8.78371e-10 0.116925 0.0920146
8.79254e-10 0.0566334 0.0680088
8.80137e-10 0.0147144 0.0409937
8.8102e-10 0.00035663 0.019026
8.81903e-10 0.0147842 0.00917093
8.82786e-10 0.0514991 0.0153946
8.83669e-10 0.0986054 0.0372977
8.84552e-10 0.142383 0.0700741
8.85435e-10 0.171025 0.105721
8.86318e-10 0.177544 0.135168
8.87201e-10 0.161148 0.150738
8.88084e-10 0.126923 0.148255
8.88967e-10 0.0840466 0.128223
8.8985e-10 0.043168 0.0957575
8.90733e-10 0.0136704 0.0592761
8.91616e-10 0.00151325 0.0283057
8.92499e-10 0.00810313 0.0109856
8.93382e-10 0.0303476 0.011929
8.94265e-10 0.0617468 0.0310063
8.95148e-10 0.0941557 0.0633707
8.96031e-10 0.119746 0.100717
8.96914e-10 0.13272 0.13344
8.97797e-10 0.130437 0.153132
8.9868e-10 0.113794 0.15476
