6.9e-10 0.000199221 0.0299148
6.90101e-10 0.000233203 0.0290531
6.90203e-10 0.000274482 0.0281933
6.90304e-10 0.000322462 0.0273382
6.90405e-10 0.000376558 0.0264899
6.90506e-10 0.000436197 0.0256511
6.90608e-10 0.000500822 0.0248239
6.90709e-10 0.000569888 0.0240107
6.9081e-10 0.000642864 0.0232136
6.90911e-10 0.000719233 0.0224346
6.91013e-10 0.000798492 0.0216758
6.91114e-10 0.000880154 0.0209391
6.91215e-10 0.000963743 0.020226
6.91317e-10 0.0010488 0.0195383
6.91418e-10 0.00113488 0.0188775
6.91519e-10 0.00122156 0.0182449
6.9162e-10 0.00130841 0.0176417
6.91722e-10 0.00139505 0.0170691
6.91823e-10 0.00148107 0.0165278
6.91924e-10 0.00156613 0.0160187
6.92025e-10 0.00164985 0.0155425
6.92127e-10 0.00173191 0.0150995
6.92228e-10 0.00181198 0.0146902
6.92329e-10 0.00188975 0.0143147
6.9243e-10 0.00196495 0.0139731
6.92532e-10 0.00203729 0.0136652
6.92633e-10 0.00210653 0.0133908
6.92734e-10 0.00217242 0.0131496
6.92836e-10 0.00223476 0.0129409
6.92937e-10 0.00229332 0.0127643
6.93038e-10 0.00234794 0.0126188
6.93139e-10 0.00239845 0.0125036
6.93241e-10 0.00244469 0.0124178
6.93342e-10 0.00248655 0.0123601
6.93443e-10 0.00252392 0.0123296
6.93544e-10 0.00255669 0.0123247
6.93646e-10 0.00258481 0.0123443
6.93747e-10 0.00260822 0.0123869
6.93848e-10 0.00262688 0.0124509
6.9395e-10 0.00264077 0.0125348
6.94051e-10 0.00264991 0.012637
6.94152e-10 0.00265431 0.0127558
6.94253e-10 0.002654 0.0128896
6.94355e-10 0.00264905 0.0130367
6.94456e-10 0.00263952 0.0131952
6.94557e-10 0.00262551 0.0133636
6.94658e-10 0.00260712 0.0135401
6.9476e-10 0.00258446 0.0137229
6.94861e-10 0.00255768 0.0139103
6.94962e-10 0.00252692 0.0141006
6.95064e-10 0.00249234 0.0142922
6.95165e-10 0.00245412 0.0144835
6.95266e-10 0.00241244 0.0146728
6.95367e-10 0.0023675 0.0148587
6.95469e-10 0.0023195 0.0150396
6.9557e-10 0.00226867 0.0152142
6.95671e-10 0.00221521 0.015381
6.95772e-10 0.00215936 0.0155388
6.95874e-10 0.00210136 0.0156864
6.95975e-10 0.00204145 0.0158226
6.96076e-10 0.00197986 0.0159464
6.96177e-10 0.00191685 0.0160567
6.96279e-10 0.00185266 0.0161528
6.9638e-10 0.00178753 0.0162337
6.96481e-10 0.00172173 0.0162989
6.96583e-10 0.00165548 0.0163475
6.96684e-10 0.00158904 0.0163792
6.96785e-10 0.00152264 0.0163935
6.96886e-10 0.00145652 0.01639
6.96988e-10 0.00139091 0.0163684
6.97089e-10 0.00132603 0.0163286
6.9719e-10 0.00126209 0.0162705
6.97291e-10 0.00119931 0.0161941
6.97393e-10 0.00113787 0.0160995
6.97494e-10 0.00107798 0.0159868
6.97595e-10 0.00101981 0.0158564
6.97697e-10 0.000963529 0.0157084
6.97798e-10 0.000909294 0.0155434
6.97899e-10 0.00085725 0.0153618
6.98e-10 0.000807531 0.015164
6.98102e-10 0.000760259 0.0149509
6.98203e-10 0.000715541 0.0147229
6.98304e-10 0.000673473 0.0144808
6.98405e-10 0.000634137 0.0142254
6.98507e-10 0.000597602 0.0139574
6.98608e-10 0.000563923 0.0136778
6.98709e-10 0.000533144 0.0133874
6.9881e-10 0.000505293 0.0130871
6.98912e-10 0.000480388 0.0127779
6.99013e-10 0.000458431 0.0124608
6.99114e-10 0.000439413 0.0121368
6.99216e-10 0.000423314 0.0118068
6.99317e-10 0.000410101 0.0114719
6.99418e-10 0.000399728 0.0111331
6.99519e-10 0.000392141 0.0107914
6.99621e-10 0.000387273 0.0104478
6.99722e-10 0.000385049 0.0101034
6.99823e-10 0.000385383 0.00975921
6.99924e-10 0.000388181 0.00941611
7.00026e-10 0.00039334 0.00907511
7.00127e-10 0.00040075 0.00873714
7.00228e-10 0.000410295 0.00840313
7.0033e-10 0.000421851 0.00807394
7.00431e-10 0.00043529 0.00775044
7.00532e-10 0.000450477 0.00743342
7.00633e-10 0.000467277 0.00712368
7.00735e-10 0.000485547 0.00682195
7.00836e-10 0.000505143 0.0065289
7.00937e-10 0.000525922 0.0062452
7.01038e-10 0.000547734 0.00597144
7.0114e-10 0.000570434 0.00570817
7.01241e-10 0.000593873 0.0054559
7.01342e-10 0.000617904 0.00521507
7.01444e-10 0.000642384 0.00498608
7.01545e-10 0.000667168 0.00476928
7.01646e-10 0.000692116 0.00456497
7.01747e-10 0.000717091 0.00437339
7.01849e-10 0.000741958 0.00419474
7.0195e-10 0.000766589 0.00402914
7.02051e-10 0.000790858 0.00387668
7.02152e-10 0.000814645 0.00373742
7.02254e-10 0.000837838 0.00361132
7.02355e-10 0.000860327 0.00349833
7.02456e-10 0.000882011 0.00339833
7.02557e-10 0.000902795 0.00331118
7.02659e-10 0.000922589 0.00323667
7.0276e-10 0.000941312 0.00317456
7.02861e-10 0.000958891 0.00312457
7.02963e-10 0.000975258 0.00308637
7.03064e-10 0.000990353 0.00305959
7.03165e-10 0.00100413 0.00304386
7.03266e-10 0.00101653 0.00303873
7.03368e-10 0.00102753 0.00304375
7.03469e-10 0.0010371 0.00305844
7.0357e-10 0.00104521 0.00308229
7.03671e-10 0.00105185 0.00311475
7.03773e-10 0.00105702 0.00315529
7.03874e-10 0.00106071 0.00320333
7.03975e-10 0.00106294 0.00325828
7.04077e-10 0.0010637 0.00331954
7.04178e-10 0.00106303 0.00338651
7.04279e-10 0.00106095 0.00345858
7.0438e-10 0.0010575 0.00353512
7.04482e-10 0.0010527 0.00361551
7.04583e-10 0.00104661 0.00369913
7.04684e-10 0.00103926 0.00378537
7.04785e-10 0.00103072 0.00387361
7.04887e-10 0.00102104 0.00396324
7.04988e-10 0.00101028 0.00405368
7.05089e-10 0.000998503 0.00414433
7.05191e-10 0.000985775 0.00423462
7.05292e-10 0.000972166 0.00432401
7.05393e-10 0.000957749 0.00441196
7.05494e-10 0.000942595 0.00449794
7.05596e-10 0.000926781 0.00458146
7.05697e-10 0.000910381 0.00466205
7.05798e-10 0.000893474 0.00473925
7.05899e-10 0.000876135 0.00481265
7.06001e-10 0.000858442 0.00488184
7.06102e-10 0.000840471 0.00494644
7.06203e-10 0.000822297 0.00500612
7.06304e-10 0.000803997 0.00506056
7.06406e-10 0.000785642 0.00510948
7.06507e-10 0.000767304 0.00515261
7.06608e-10 0.000749054 0.00518973
7.0671e-10 0.000730958 0.00522064
7.06811e-10 0.000713081 0.00524519
7.06912e-10 0.000695485 0.00526323
7.07013e-10 0.00067823 0.00527466
7.07115e-10 0.000661371 0.00527941
7.07216e-10 0.000644961 0.00527743
7.07317e-10 0.000629049 0.0052687
7.07418e-10 0.000613681 0.00525325
7.0752e-10 0.000598899 0.00523111
7.07621e-10 0.00058474 0.00520235
7.07722e-10 0.000571239 0.00516707
7.07824e-10 0.000558426 0.00512539
7.07925e-10 0.000546328 0.00507745
7.08026e-10 0.000534965 0.00502343
7.08127e-10 0.000524357 0.00496352
7.08229e-10 0.000514518 0.00489793
7.0833e-10 0.000505457 0.00482689
7.08431e-10 0.000497183 0.00475065
7.08532e-10 0.000489696 0.00466948
7.08634e-10 0.000482996 0.00458367
7.08735e-10 0.000477079 0.00449352
7.08836e-10 0.000471936 0.00439933
7.08938e-10 0.000467556 0.00430143
7.09039e-10 0.000463923 0.00420015
7.0914e-10 0.000461021 0.00409584
7.09241e-10 0.000458828 0.00398883
7.09343e-10 0.000457322 0.00387949
7.09444e-10 0.000456475 0.00376816
7.09545e-10 0.000456261 0.00365522
7.09646e-10 0.000456648 0.00354101
7.09748e-10 0.000457605 0.00342591
7.09849e-10 0.000459096 0.00331026
7.0995e-10 0.000461086 0.00319442
7.10051e-10 0.000463539 0.00307874
7.10153e-10 0.000466417 0.00296357
7.10254e-10 0.000469679 0.00284924
7.10355e-10 0.000473286 0.00273608
7.10457e-10 0.000477199 0.00262441
7.10558e-10 0.000481376 0.00251454
7.10659e-10 0.000485776 0.00240676
7.1076e-10 0.00049036 0.00230137
7.10862e-10 0.000495086 0.00219862
7.10963e-10 0.000499915 0.00209879
7.11064e-10 0.000504807 0.00200211
7.11165e-10 0.000509724 0.0019088
7.11267e-10 0.000514628 0.00181909
7.11368e-10 0.000519483 0.00173316
7.11469e-10 0.000524253 0.00165119
7.11571e-10 0.000528904 0.00157334
7.11672e-10 0.000533405 0.00149976
7.11773e-10 0.000537724 0.00143055
7.11874e-10 0.000541833 0.00136584
7.11976e-10 0.000545704 0.00130571
7.12077e-10 0.000549311 0.00125023
7.12178e-10 0.000552631 0.00119944
7.12279e-10 0.000555643 0.00115339
7.12381e-10 0.000558328 0.00111208
7.12482e-10 0.000560667 0.00107552
7.12583e-10 0.000562647 0.00104368
7.12684e-10 0.000564253 0.00101652
7.12786e-10 0.000565475 0.000994003
7.12887e-10 0.000566305 0.000976046
7.12988e-10 0.000566735 0.000962567
7.1309e-10 0.000566762 0.000953468
7.13191e-10 0.000566382 0.000948633
7.13292e-10 0.000565596 0.000947935
7.13393e-10 0.000564405 0.000951234
7.13495e-10 0.000562812 0.000958377
7.13596e-10 0.000560823 0.000969201
7.13697e-10 0.000558445 0.00098353
7.13798e-10 0.000555687 0.00100118
7.139e-10 0.00055256 0.00102196
7.14001e-10 0.000549075 0.00104567
7.14102e-10 0.000545247 0.0010721
7.14204e-10 0.000541089 0.00110104
7.14305e-10 0.000536618 0.00113227
7.14406e-10 0.000531852 0.00116556
7.14507e-10 0.000526808 0.00120069
7.14609e-10 0.000521506 0.00123743
7.1471e-10 0.000515965 0.00127555
7.14811e-10 0.000510207 0.00131481
7.14912e-10 0.000504253 0.00135499
7.15014e-10 0.000498124 0.00139586
7.15115e-10 0.000491843 0.00143719
7.15216e-10 0.000485431 0.00147875
7.15318e-10 0.000478913 0.00152032
7.15419e-10 0.000472309 0.00156168
7.1552e-10 0.000465642 0.00160262
7.15621e-10 0.000458935 0.00164294
7.15723e-10 0.00045221 0.00168243
7.15824e-10 0.000445488 0.00172091
7.15925e-10 0.000438791 0.00175818
7.16026e-10 0.000432139 0.00179407
7.16128e-10 0.000425551 0.00182841
7.16229e-10 0.000419048 0.00186104
7.1633e-10 0.000412648 0.00189181
7.16431e-10 0.000406368 0.00192059
7.16533e-10 0.000400225 0.00194724
7.16634e-10 0.000394235 0.00197165
7.16735e-10 0.000388412 0.0019937
7.16837e-10 0.000382771 0.00201331
7.16938e-10 0.000377323 0.00203039
7.17039e-10 0.00037208 0.00204487
7.1714e-10 0.000367053 0.00205668
7.17242e-10 0.00036225 0.00206578
7.17343e-10 0.000357679 0.00207213
7.17444e-10 0.000353347 0.0020757
7.17545e-10 0.000349259 0.00207647
7.17647e-10 0.00034542 0.00207446
7.17748e-10 0.000341832 0.00206965
7.17849e-10 0.000338498 0.00206207
7.17951e-10 0.000335418 0.00205176
7.18052e-10 0.000332591 0.00203874
7.18153e-10 0.000330016 0.00202308
7.18254e-10 0.000327691 0.00200483
7.18356e-10 0.000325611 0.00198406
7.18457e-10 0.000323772 0.00196084
7.18558e-10 0.000322168 0.00193527
7.18659e-10 0.000320793 0.00190744
7.18761e-10 0.000319638 0.00187746
7.18862e-10 0.000318697 0.00184542
7.18963e-10 0.000317959 0.00181145
7.19065e-10 0.000317414 0.00177568
7.19166e-10 0.000317054 0.00173822
7.19267e-10 0.000316866 0.00169921
7.19368e-10 0.000316838 0.00165878
7.1947e-10 0.00031696 0.00161708
7.19571e-10 0.000317219 0.00157426
7.19672e-10 0.000317602 0.00153044
7.19773e-10 0.000318097 0.00148579
7.19875e-10 0.000318689 0.00144046
7.19976e-10 0.000319367 0.00139459
7.20077e-10 0.000320116 0.00134833
7.20178e-10 0.000320924 0.00130183
7.2028e-10 0.000321777 0.00125525
7.20381e-10 0.000322662 0.00120872
7.20482e-10 0.000323567 0.0011624
7.20584e-10 0.000324478 0.00111643
7.20685e-10 0.000325384 0.00107095
7.20786e-10 0.000326272 0.00102608
7.20887e-10 0.000327131 0.000981978
7.20989e-10 0.000327949 0.000938755
7.2109e-10 0.000328716 0.000896539
7.21191e-10 0.000329421 0.000855446
7.21292e-10 0.000330055 0.000815589
7.21394e-10 0.000330608 0.000777075
7.21495e-10 0.000331073 0.000740002
7.21596e-10 0.000331441 0.000704465
7.21698e-10 0.000331706 0.000670549
7.21799e-10 0.00033186 0.000638334
7.219e-10 0.000331897 0.000607892
7.22001e-10 0.000331814 0.000579288
7.22103e-10 0.000331605 0.000552579
7.22204e-10 0.000331266 0.000527814
7.22305e-10 0.000330796 0.000505036
7.22406e-10 0.00033019 0.000484277
7.22508e-10 0.000329449 0.000465565
7.22609e-10 0.000328571 0.000448917
7.2271e-10 0.000327557 0.000434344
7.22812e-10 0.000326406 0.000421849
7.22913e-10 0.00032512 0.000411426
7.23014e-10 0.000323701 0.000403064
7.23115e-10 0.000322151 0.000396743
7.23217e-10 0.000320474 0.000392436
7.23318e-10 0.000318673 0.000390108
7.23419e-10 0.000316753 0.00038972
7.2352e-10 0.000314718 0.000391224
7.23622e-10 0.000312574 0.000394567
7.23723e-10 0.000310327 0.000399689
7.23824e-10 0.000307981 0.000406525
7.23925e-10 0.000305545 0.000415004
7.24027e-10 0.000303025 0.000425052
7.24128e-10 0.000300427 0.000436587
7.24229e-10 0.00029776 0.000449525
7.24331e-10 0.000295031 0.000463778
7.24432e-10 0.000292248 0.000479253
7.24533e-10 0.000289419 0.000495856
7.24634e-10 0.000286551 0.000513487
7.24736e-10 0.000283654 0.000532046
7.24837e-10 0.000280735 0.000551431
7.24938e-10 0.000277802 0.000571538
7.25039e-10 0.000274864 0.000592261
7.25141e-10 0.000271928 0.000613493
7.25242e-10 0.000269003 0.00063513
7.25343e-10 0.000266095 0.000657063
7.25445e-10 0.000263214 0.000679186
7.25546e-10 0.000260365 0.000701396
7.25647e-10 0.000257557 0.000723586
7.25748e-10 0.000254795 0.000745655
7.2585e-10 0.000252087 0.000767502
7.25951e-10 0.000249439 0.000789028
7.26052e-10 0.000246856 0.000810138
7.26153e-10 0.000244344 0.000830738
7.26255e-10 0.000241907 0.000850739
7.26356e-10 0.000239552 0.000870055
7.26457e-10 0.000237281 0.000888603
7.26559e-10 0.000235099 0.000906304
7.2666e-10 0.000233009 0.000923085
7.26761e-10 0.000231014 0.000938876
7.26862e-10 0.000229116 0.000953612
7.26964e-10 0.000227317 0.000967233
7.27065e-10 0.00022562 0.000979683
7.27166e-10 0.000224024 0.000990914
7.27267e-10 0.000222531 0.00100088
7.27369e-10 0.000221141 0.00100954
7.2747e-10 0.000219853 0.00101687
7.27571e-10 0.000218667 0.00102283
7.27672e-10 0.000217581 0.0010274
7.27774e-10 0.000216595 0.00103057
7.27875e-10 0.000215706 0.00103233
7.27976e-10 0.000214911 0.00103266
7.28078e-10 0.000214209 0.00103157
7.28179e-10 0.000213595 0.00102907
7.2828e-10 0.000213068 0.00102516
7.28381e-10 0.000212622 0.00101986
7.28483e-10 0.000212254 0.00101319
7.28584e-10 0.00021196 0.00100518
7.28685e-10 0.000211736 0.000995861
7.28786e-10 0.000211575 0.000985265
7.28888e-10 0.000211475 0.000973434
7.28989e-10 0.000211429 0.000960413
7.2909e-10 0.000211433 0.000946249
7.29192e-10 0.000211481 0.000930997
7.29293e-10 0.000211568 0.000914711
7.29394e-10 0.000211688 0.000897451
7.29495e-10 0.000211836 0.000879279
7.29597e-10 0.000212007 0.000860262
7.29698e-10 0.000212194 0.000840467
7.29799e-10 0.000212393 0.000819965
7.299e-10 0.000212598 0.000798827
7.30002e-10 0.000212804 0.000777128
7.30103e-10 0.000213005 0.000754943
7.30204e-10 0.000213197 0.00073235
7.30305e-10 0.000213375 0.000709424
7.30407e-10 0.000213533 0.000686246
7.30508e-10 0.000213668 0.000662891
7.30609e-10 0.000213776 0.000639439
7.30711e-10 0.000213851 0.000615968
7.30812e-10 0.00021389 0.000592555
7.30913e-10 0.00021389 0.000569276
7.31014e-10 0.000213847 0.000546206
7.31116e-10 0.000213758 0.000523419
7.31217e-10 0.00021362 0.000500986
7.31318e-10 0.000213431 0.000478979
7.31419e-10 0.000213188 0.000457465
7.31521e-10 0.000212891 0.000436508
7.31622e-10 0.000212536 0.000416173
7.31723e-10 0.000212124 0.000396519
7.31825e-10 0.000211652 0.000377602
7.31926e-10 0.00021112 0.000359478
7.32027e-10 0.000210529 0.000342195
7.32128e-10 0.000209877 0.000325801
7.3223e-10 0.000209166 0.000310339
7.32331e-10 0.000208395 0.000295848
7.32432e-10 0.000207566 0.000282363
7.32533e-10 0.00020668 0.000269917
7.32635e-10 0.000205738 0.000258536
7.32736e-10 0.000204741 0.000248243
7.32837e-10 0.000203693 0.000239059
7.32939e-10 0.000202594 0.000230996
7.3304e-10 0.000201448 0.000224066
7.33141e-10 0.000200257 0.000218276
7.33242e-10 0.000199023 0.000213627
7.33344e-10 0.00019775 0.000210118
7.33445e-10 0.000196441 0.000207742
7.33546e-10 0.000195099 0.000206488
7.33647e-10 0.000193727 0.000206344
7.33749e-10 0.00019233 0.00020729
7.3385e-10 0.00019091 0.000209304
7.33951e-10 0.000189471 0.000212361
7.34052e-10 0.000188017 0.000216432
7.34154e-10 0.000186553 0.000221484
7.34255e-10 0.00018508 0.00022748
7.34356e-10 0.000183604 0.000234383
7.34458e-10 0.000182129 0.000242149
7.34559e-10 0.000180657 0.000250734
7.3466e-10 0.000179193 0.000260092
7.34761e-10 0.000177741 0.000270171
7.34863e-10 0.000176303 0.00028092
7.34964e-10 0.000174884 0.000292286
7.35065e-10 0.000173486 0.000304212
7.35166e-10 0.000172114 0.000316642
7.35268e-10 0.000170769 0.000329516
7.35369e-10 0.000169456 0.000342776
7.3547e-10 0.000168176 0.000356362
7.35572e-10 0.000166933 0.000370211
7.35673e-10 0.000165729 0.000384263
7.35774e-10 0.000164567 0.000398455
7.35875e-10 0.000163447 0.000412727
7.35977e-10 0.000162372 0.000427017
7.36078e-10 0.000161345 0.000441265
7.36179e-10 0.000160365 0.00045541
7.3628e-10 0.000159435 0.000469393
7.36382e-10 0.000158555 0.000483156
7.36483e-10 0.000157726 0.000496643
7.36584e-10 0.000156949 0.000509798
7.36686e-10 0.000156224 0.000522568
7.36787e-10 0.00015555 0.000534902
7.36888e-10 0.000154929 0.00054675
7.36989e-10 0.000154359 0.000558066
7.37091e-10 0.00015384 0.000568804
7.37192e-10 0.000153372 0.000578922
7.37293e-10 0.000152952 0.000588381
7.37394e-10 0.000152581 0.000597144
7.37496e-10 0.000152256 0.000605178
7.37597e-10 0.000151976 0.000612451
7.37698e-10 0.00015174 0.000618936
7.37799e-10 0.000151545 0.000624609
7.37901e-10 0.00015139 0.000629448
7.38002e-10 0.000151272 0.000633436
7.38103e-10 0.000151189 0.000636557
7.38205e-10 0.000151138 0.000638801
7.38306e-10 0.000151118 0.00064016
7.38407e-10 0.000151125 0.000640629
7.38508e-10 0.000151157 0.000640208
7.3861e-10 0.000151211 0.000638897
7.38711e-10 0.000151284 0.000636705
7.38812e-10 0.000151374 0.000633638
7.38913e-10 0.000151477 0.000629709
7.39015e-10 0.00015159 0.000624934
7.39116e-10 0.000151711 0.00061933
7.39217e-10 0.000151837 0.00061292
7.39319e-10 0.000151965 0.000605727
7.3942e-10 0.000152092 0.000597777
7.39521e-10 0.000152216 0.000589102
7.39622e-10 0.000152333 0.000579733
7.39724e-10 0.000152441 0.000569704
7.39825e-10 0.000152537 0.000559052
7.39926e-10 0.00015262 0.000547816
7.40027e-10 0.000152686 0.000536037
7.40129e-10 0.000152734 0.000523757
7.4023e-10 0.000152761 0.000511022
7.40331e-10 0.000152765 0.000497875
7.40433e-10 0.000152745 0.000484365
7.40534e-10 0.000152698 0.000470538
7.40635e-10 0.000152624 0.000456445
7.40736e-10 0.000152521 0.000442134
7.40838e-10 0.000152387 0.000427656
7.40939e-10 0.000152221 0.000413061
7.4104e-10 0.000152024 0.0003984
7.41141e-10 0.000151793 0.000383723
7.41243e-10 0.000151529 0.00036908
7.41344e-10 0.000151231 0.000354522
7.41445e-10 0.000150898 0.000340098
7.41546e-10 0.000150532 0.000325856
7.41648e-10 0.000150131 0.000311845
7.41749e-10 0.000149696 0.00029811
7.4185e-10 0.000149228 0.000284696
7.41952e-10 0.000148728 0.000271649
7.42053e-10 0.000148195 0.00025901
7.42154e-10 0.000147632 0.000246819
7.42255e-10 0.000147038 0.000235116
7.42357e-10 0.000146416 0.000223937
7.42458e-10 0.000145766 0.000213316
7.42559e-10 0.000145091 0.000203287
7.4266e-10 0.000144392 0.000193879
7.42762e-10 0.000143669 0.000185119
7.42863e-10 0.000142926 0.000177034
7.42964e-10 0.000142165 0.000169645
7.43066e-10 0.000141386 0.000162972
7.43167e-10 0.000140592 0.000157032
7.43268e-10 0.000139786 0.000151841
7.43369e-10 0.000138969 0.000147409
7.43471e-10 0.000138144 0.000143745
7.43572e-10 0.000137313 0.000140856
7.43673e-10 0.000136477 0.000138743
7.43774e-10 0.000135641 0.000137409
7.43876e-10 0.000134804 0.000136849
7.43977e-10 0.000133971 0.000137058
7.44078e-10 0.000133143 0.000138029
7.44179e-10 0.000132322 0.00013975
7.44281e-10 0.00013151 0.000142208
7.44382e-10 0.00013071 0.000145387
7.44483e-10 0.000129924 0.000149268
7.44585e-10 0.000129153 0.000153829
7.44686e-10 0.0001284 0.000159048
7.44787e-10 0.000127666 0.000164898
7.44888e-10 0.000126954 0.000171351
7.4499e-10 0.000126264 0.000178378
7.45091e-10 0.000125598 0.000185947
7.45192e-10 0.000124958 0.000194022
7.45293e-10 0.000124345 0.000202571
7.45395e-10 0.00012376 0.000211554
7.45496e-10 0.000123204 0.000220935
7.45597e-10 0.000122678 0.000230672
7.45699e-10 0.000122184 0.000240727
7.458e-10 0.00012172 0.000251056
7.45901e-10 0.000121289 0.000261618
7.46002e-10 0.00012089 0.000272369
7.46104e-10 0.000120524 0.000283266
7.46205e-10 0.000120191 0.000294265
7.46306e-10 0.000119891 0.000305322
7.46407e-10 0.000119623 0.000316393
7.46509e-10 0.000119387 0.000327434
7.4661e-10 0.000119183 0.000338402
7.46711e-10 0.00011901 0.000349254
7.46813e-10 0.000118868 0.000359947
7.46914e-10 0.000118756 0.00037044
7.47015e-10 0.000118672 0.000380692
7.47116e-10 0.000118616 0.000390663
7.47218e-10 0.000118586 0.000400316
7.47319e-10 0.000118581 0.000409613
7.4742e-10 0.000118601 0.000418519
7.47521e-10 0.000118642 0.000426999
7.47623e-10 0.000118705 0.000435022
7.47724e-10 0.000118786 0.000442558
7.47825e-10 0.000118885 0.000449578
7.47926e-10 0.000119 0.000456055
7.48028e-10 0.000119129 0.000461965
7.48129e-10 0.00011927 0.000467287
7.4823e-10 0.000119421 0.000472001
7.48332e-10 0.000119581 0.000476088
7.48433e-10 0.000119747 0.000479535
7.48534e-10 0.000119918 0.000482328
7.48635e-10 0.000120091 0.000484457
7.48737e-10 0.000120265 0.000485915
7.48838e-10 0.000120437 0.000486696
7.48939e-10 0.000120607 0.000486798
7.4904e-10 0.000120772 0.000486221
7.49142e-10 0.00012093 0.000484967
7.49243e-10 0.000121079 0.000483041
7.49344e-10 0.000121219 0.000480451
7.49446e-10 0.000121346 0.000477205
7.49547e-10 0.000121461 0.000473318
7.49648e-10 0.00012156 0.000468802
7.49749e-10 0.000121644 0.000463676
7.49851e-10 0.00012171 0.000457957
7.49952e-10 0.000121757 0.000451667
7.50053e-10 0.000121784 0.00044483
7.50154e-10 0.000121791 0.00043747
7.50256e-10 0.000121776 0.000429615
7.50357e-10 0.000121739 0.000421293
7.50458e-10 0.000121678 0.000412535
7.5056e-10 0.000121594 0.000403373
7.50661e-10 0.000121486 0.00039384
7.50762e-10 0.000121353 0.00038397
7.50863e-10 0.000121196 0.0003738
7.50965e-10 0.000121014 0.000363367
7.51066e-10 0.000120807 0.000352708
7.51167e-10 0.000120576 0.000341861
7.51268e-10 0.000120321 0.000330866
7.5137e-10 0.000120042 0.000319763
7.51471e-10 0.000119739 0.00030859
7.51572e-10 0.000119414 0.000297388
7.51673e-10 0.000119067 0.000286198
7.51775e-10 0.000118699 0.000275058
7.51876e-10 0.000118311 0.000264009
7.51977e-10 0.000117903 0.00025309
7.52079e-10 0.000117478 0.000242339
7.5218e-10 0.000117035 0.000231795
7.52281e-10 0.000116578 0.000221494
7.52382e-10 0.000116106 0.000211473
7.52484e-10 0.000115621 0.000201767
7.52585e-10 0.000115125 0.00019241
7.52686e-10 0.000114619 0.000183434
7.52787e-10 0.000114105 0.000174871
7.52889e-10 0.000113584 0.00016675
7.5299e-10 0.000113058 0.000159098
7.53091e-10 0.000112529 0.000151943
7.53193e-10 0.000111999 0.000145308
7.53294e-10 0.000111468 0.000139216
7.53395e-10 0.00011094 0.000133687
7.53496e-10 0.000110414 0.000128739
7.53598e-10 0.000109894 0.000124389
7.53699e-10 0.000109381 0.00012065
7.538e-10 0.000108876 0.000117534
7.53901e-10 0.000108381 0.00011505
7.54003e-10 0.000107897 0.000113206
7.54104e-10 0.000107426 0.000112007
7.54205e-10 0.00010697 0.000111453
7.54307e-10 0.00010653 0.000111547
7.54408e-10 0.000106106 0.000112285
7.54509e-10 0.000105701 0.000113663
7.5461e-10 0.000105315 0.000115674
7.54712e-10 0.00010495 0.000118309
7.54813e-10 0.000104606 0.000121555
7.54914e-10 0.000104285 0.000125401
7.55015e-10 0.000103986 0.000129829
7.55117e-10 0.000103712 0.000134822
7.55218e-10 0.000103461 0.00014036
7.55319e-10 0.000103236 0.000146421
7.5542e-10 0.000103036 0.000152982
7.55522e-10 0.000102861 0.000160016
7.55623e-10 0.000102712 0.000167497
7.55724e-10 0.000102588 0.000175396
7.55826e-10 0.00010249 0.000183683
7.55927e-10 0.000102417 0.000192326
7.56028e-10 0.00010237 0.000201292
7.56129e-10 0.000102347 0.000210547
7.56231e-10 0.000102348 0.000220057
7.56332e-10 0.000102373 0.000229786
7.56433e-10 0.000102421 0.000239696
7.56534e-10 0.000102491 0.000249751
7.56636e-10 0.000102583 0.000259913
7.56737e-10 0.000102694 0.000270144
7.56838e-10 0.000102825 0.000280406
7.5694e-10 0.000102974 0.00029066
7.57041e-10 0.00010314 0.000300869
7.57142e-10 0.000103322 0.000310994
7.57243e-10 0.000103518 0.000320998
7.57345e-10 0.000103726 0.000330844
7.57446e-10 0.000103947 0.000340494
7.57547e-10 0.000104177 0.000349914
7.57648e-10 0.000104416 0.000359069
7.5775e-10 0.000104662 0.000367923
7.57851e-10 0.000104913 0.000376446
7.57952e-10 0.000105168 0.000384605
7.58053e-10 0.000105425 0.00039237
7.58155e-10 0.000105683 0.000399712
7.58256e-10 0.00010594 0.000406605
7.58357e-10 0.000106194 0.000413023
7.58459e-10 0.000106445 0.000418941
7.5856e-10 0.00010669 0.00042434
7.58661e-10 0.000106927 0.000429197
7.58762e-10 0.000107156 0.000433496
7.58864e-10 0.000107376 0.000437221
7.58965e-10 0.000107584 0.000440357
7.59066e-10 0.000107779 0.000442894
7.59167e-10 0.00010796 0.000444822
7.59269e-10 0.000108127 0.000446134
7.5937e-10 0.000108277 0.000446824
7.59471e-10 0.000108411 0.000446891
7.59573e-10 0.000108526 0.000446334
7.59674e-10 0.000108623 0.000445155
7.59775e-10 0.0001087 0.000443358
7.59876e-10 0.000108757 0.00044095
7.59978e-10 0.000108793 0.000437939
7.60079e-10 0.000108807 0.000434337
7.6018e-10 0.0001088 0.000430157
7.60281e-10 0.000108772 0.000425414
7.60383e-10 0.000108721 0.000420125
7.60484e-10 0.000108648 0.00041431
7.60585e-10 0.000108553 0.000407991
7.60687e-10 0.000108437 0.000401189
7.60788e-10 0.000108299 0.000393932
7.60889e-10 0.00010814 0.000386244
7.6099e-10 0.00010796 0.000378154
7.61092e-10 0.000107759 0.000369693
7.61193e-10 0.00010754 0.000360891
7.61294e-10 0.000107302 0.00035178
7.61395e-10 0.000107046 0.000342395
7.61497e-10 0.000106772 0.00033277
7.61598e-10 0.000106484 0.00032294
7.61699e-10 0.00010618 0.000312942
7.618e-10 0.000105862 0.000302812
7.61902e-10 0.000105532 0.000292589
7.62003e-10 0.000105191 0.000282311
7.62104e-10 0.000104841 0.000272014
7.62206e-10 0.000104482 0.000261739
7.62307e-10 0.000104115 0.000251522
7.62408e-10 0.000103744 0.000241403
7.62509e-10 0.000103368 0.000231418
7.62611e-10 0.00010299 0.000221606
7.62712e-10 0.000102612 0.000212002
7.62813e-10 0.000102233 0.000202644
7.62914e-10 0.000101858 0.000193566
7.63016e-10 0.000101485 0.000184803
7.63117e-10 0.000101119 0.000176387
7.63218e-10 0.000100759 0.000168352
7.6332e-10 0.000100407 0.000160727
7.63421e-10 0.000100066 0.000153542
7.63522e-10 9.97352e-05 0.000146825
7.63623e-10 9.94175e-05 0.000140601
7.63725e-10 9.91139e-05 0.000134895
7.63826e-10 9.88255e-05 0.00012973
7.63927e-10 9.85538e-05 0.000125126
7.64028e-10 9.82997e-05 0.000121101
7.6413e-10 9.80644e-05 0.000117672
7.64231e-10 9.78489e-05 0.000114854
7.64332e-10 9.76542e-05 0.000112658
7.64434e-10 9.7481e-05 0.000111095
7.64535e-10 9.73301e-05 0.000110172
7.64636e-10 9.72022e-05 0.000109895
7.64737e-10 9.70979e-05 0.000110267
7.64839e-10 9.70175e-05 0.000111289
7.6494e-10 9.69615e-05 0.000112958
7.65041e-10 9.693e-05 0.000115272
7.65142e-10 9.69234e-05 0.000118224
7.65244e-10 9.69415e-05 0.000121805
7.65345e-10 9.69845e-05 0.000126004
7.65446e-10 9.70519e-05 0.000130809
7.65547e-10 9.71438e-05 0.000136203
7.65649e-10 9.72595e-05 0.00014217
7.6575e-10 9.73988e-05 0.00014869
7.65851e-10 9.75609e-05 0.000155742
7.65953e-10 9.77453e-05 0.000163301
7.66054e-10 9.79511e-05 0.000171343
7.66155e-10 9.81775e-05 0.000179839
7.66256e-10 9.84235e-05 0.000188762
7.66358e-10 9.86882e-05 0.000198081
7.66459e-10 9.89704e-05 0.000207763
7.6656e-10 9.92689e-05 0.000217775
7.66661e-10 9.95824e-05 0.000228083
7.66763e-10 9.99096e-05 0.000238651
7.66864e-10 0.000100249 0.000249441
7.66965e-10 0.0001006 0.000260417
7.67067e-10 0.00010096 0.00027154
7.67168e-10 0.000101328 0.000282771
7.67269e-10 0.000101702 0.00029407
7.6737e-10 0.000102081 0.000305398
7.67472e-10 0.000102463 0.000316714
7.67573e-10 0.000102846 0.000327978
7.67674e-10 0.00010323 0.000339151
7.67775e-10 0.000103612 0.000350192
7.67877e-10 0.00010399 0.000361063
7.67978e-10 0.000104364 0.000371724
7.68079e-10 0.000104731 0.000382138
7.68181e-10 0.00010509 0.000392267
7.68282e-10 0.000105439 0.000402074
7.68383e-10 0.000105778 0.000411525
7.68484e-10 0.000106104 0.000420585
7.68586e-10 0.000106416 0.000429222
7.68687e-10 0.000106713 0.000437404
7.68788e-10 0.000106994 0.000445101
7.68889e-10 0.000107257 0.000452286
7.68991e-10 0.000107502 0.000458932
7.69092e-10 0.000107727 0.000465015
7.69193e-10 0.000107932 0.000470513
7.69294e-10 0.000108115 0.000475405
7.69396e-10 0.000108276 0.000479674
7.69497e-10 0.000108415 0.000483303
7.69598e-10 0.000108531 0.000486278
7.697e-10 0.000108623 0.000488589
7.69801e-10 0.000108691 0.000490227
7.69902e-10 0.000108736 0.000491185
7.70003e-10 0.000108756 0.000491459
7.70105e-10 0.000108753 0.000491048
7.70206e-10 0.000108725 0.000489954
7.70307e-10 0.000108674 0.000488178
7.70408e-10 0.000108599 0.000485728
7.7051e-10 0.000108502 0.000482613
7.70611e-10 0.000108383 0.000478842
7.70712e-10 0.000108242 0.00047443
7.70814e-10 0.000108081 0.000469392
7.70915e-10 0.0001079 0.000463748
7.71016e-10 0.0001077 0.000457516
7.71117e-10 0.000107483 0.00045072
7.71219e-10 0.000107249 0.000443385
7.7132e-10 0.000107 0.000435539
7.71421e-10 0.000106737 0.000427208
7.71522e-10 0.000106461 0.000418426
7.71624e-10 0.000106175 0.000409224
7.71725e-10 0.000105879 0.000399636
7.71826e-10 0.000105576 0.0003897
7.71928e-10 0.000105266 0.000379451
7.72029e-10 0.000104952 0.000368928
7.7213e-10 0.000104635 0.000358172
7.72231e-10 0.000104317 0.000347223
7.72333e-10 0.000104 0.000336122
7.72434e-10 0.000103685 0.000324914
7.72535e-10 0.000103375 0.000313639
7.72636e-10 0.00010307 0.000302343
7.72738e-10 0.000102774 0.000291068
7.72839e-10 0.000102487 0.000279859
7.7294e-10 0.000102212 0.00026876
7.73041e-10 0.000101949 0.000257815
7.73143e-10 0.000101701 0.000247066
7.73244e-10 0.00010147 0.000236557
7.73345e-10 0.000101256 0.000226331
7.73447e-10 0.000101061 0.000216427
7.73548e-10 0.000100886 0.000206888
7.73649e-10 0.000100734 0.000197753
7.7375e-10 0.000100604 0.000189059
7.73852e-10 0.000100499 0.000180844
7.73953e-10 0.000100419 0.000173142
7.74054e-10 0.000100366 0.000165988
7.74155e-10 0.000100339 0.000159412
7.74257e-10 0.00010034 0.000153446
7.74358e-10 0.000100369 0.000148116
7.74459e-10 0.000100427 0.000143448
7.74561e-10 0.000100514 0.000139466
7.74662e-10 0.000100631 0.000136191
7.74763e-10 0.000100777 0.000133641
7.74864e-10 0.000100953 0.000131832
7.74966e-10 0.000101158 0.000130779
7.75067e-10 0.000101393 0.000130491
7.75168e-10 0.000101656 0.000130978
7.75269e-10 0.000101948 0.000132244
7.75371e-10 0.000102267 0.000134293
7.75472e-10 0.000102613 0.000137124
7.75573e-10 0.000102985 0.000140734
7.75674e-10 0.000103382 0.000145118
7.75776e-10 0.000103804 0.000150267
7.75877e-10 0.000104248 0.00015617
7.75978e-10 0.000104713 0.000162812
7.7608e-10 0.000105199 0.000170178
7.76181e-10 0.000105703 0.000178247
7.76282e-10 0.000106224 0.000186998
7.76383e-10 0.000106761 0.000196405
7.76485e-10 0.000107311 0.000206442
7.76586e-10 0.000107873 0.000217078
7.76687e-10 0.000108445 0.000228283
7.76788e-10 0.000109025 0.000240023
7.7689e-10 0.000109611 0.00025226
7.76991e-10 0.000110201 0.000264957
7.77092e-10 0.000110793 0.000278073
7.77194e-10 0.000111385 0.000291568
7.77295e-10 0.000111976 0.000305398
7.77396e-10 0.000112562 0.000319518
7.77497e-10 0.000113142 0.000333882
7.77599e-10 0.000113714 0.000348443
7.777e-10 0.000114276 0.000363153
7.77801e-10 0.000114827 0.000377963
7.77902e-10 0.000115363 0.000392824
7.78004e-10 0.000115883 0.000407685
7.78105e-10 0.000116386 0.000422497
7.78206e-10 0.00011687 0.000437209
7.78308e-10 0.000117333 0.000451771
7.78409e-10 0.000117773 0.000466133
7.7851e-10 0.000118189 0.000480245
7.78611e-10 0.00011858 0.000494059
7.78713e-10 0.000118945 0.000507526
7.78814e-10 0.000119282 0.0005206
7.78915e-10 0.00011959 0.000533235
7.79016e-10 0.000119869 0.000545386
7.79118e-10 0.000120117 0.00055701
7.79219e-10 0.000120334 0.000568066
7.7932e-10 0.00012052 0.000578514
7.79421e-10 0.000120674 0.000588316
7.79523e-10 0.000120796 0.000597438
7.79624e-10 0.000120886 0.000605846
7.79725e-10 0.000120944 0.000613509
7.79827e-10 0.000120971 0.0006204
7.79928e-10 0.000120966 0.000626491
7.80029e-10 0.00012093 0.000631762
7.8013e-10 0.000120864 0.000636192
7.80232e-10 0.000120768 0.000639763
7.80333e-10 0.000120645 0.000642463
7.80434e-10 0.000120494 0.000644279
7.80535e-10 0.000120317 0.000645205
7.80637e-10 0.000120115 0.000645236
7.80738e-10 0.00011989 0.000644371
7.80839e-10 0.000119644 0.000642612
7.80941e-10 0.000119378 0.000639964
7.81042e-10 0.000119094 0.000636436
7.81143e-10 0.000118795 0.00063204
7.81244e-10 0.000118481 0.000626791
7.81346e-10 0.000118155 0.000620707
7.81447e-10 0.00011782 0.000613811
7.81548e-10 0.000117478 0.000606127
7.81649e-10 0.000117131 0.000597683
7.81751e-10 0.000116781 0.000588511
7.81852e-10 0.000116431 0.000578642
7.81953e-10 0.000116083 0.000568116
7.82055e-10 0.00011574 0.00055697
7.82156e-10 0.000115404 0.000545246
7.82257e-10 0.000115078 0.00053299
7.82358e-10 0.000114765 0.000520247
7.8246e-10 0.000114465 0.000507067
7.82561e-10 0.000114183 0.0004935
7.82662e-10 0.000113921 0.000479599
7.82763e-10 0.00011368 0.000465418
7.82865e-10 0.000113462 0.000451013
7.82966e-10 0.000113271 0.000436442
7.83067e-10 0.000113108 0.000421761
7.83168e-10 0.000112976 0.000407031
7.8327e-10 0.000112875 0.00039231
7.83371e-10 0.000112808 0.00037766
7.83472e-10 0.000112776 0.000363141
7.83574e-10 0.000112781 0.000348813
7.83675e-10 0.000112825 0.000334737
7.83776e-10 0.000112907 0.000320972
7.83877e-10 0.000113031 0.000307578
7.83979e-10 0.000113195 0.000294614
7.8408e-10 0.000113402 0.000282136
7.84181e-10 0.000113651 0.000270202
7.84282e-10 0.000113943 0.000258867
7.84384e-10 0.000114278 0.000248183
7.84485e-10 0.000114656 0.000238201
7.84586e-10 0.000115077 0.000228971
7.84688e-10 0.000115541 0.00022054
7.84789e-10 0.000116047 0.000212953
7.8489e-10 0.000116595 0.00020625
7.84991e-10 0.000117182 0.000200472
7.85093e-10 0.000117809 0.000195655
7.85194e-10 0.000118475 0.00019183
7.85295e-10 0.000119176 0.000189029
7.85396e-10 0.000119913 0.000187278
7.85498e-10 0.000120683 0.000186599
7.85599e-10 0.000121485 0.000187011
7.857e-10 0.000122315 0.00018853
7.85802e-10 0.000123173 0.000191168
7.85903e-10 0.000124055 0.000194933
7.86004e-10 0.000124959 0.000199827
7.86105e-10 0.000125883 0.000205852
7.86207e-10 0.000126824 0.000213003
7.86308e-10 0.000127779 0.000221271
7.86409e-10 0.000128745 0.000230645
7.8651e-10 0.000129719 0.000241108
7.86612e-10 0.000130698 0.000252639
7.86713e-10 0.000131679 0.000265215
7.86814e-10 0.000132659 0.000278806
7.86915e-10 0.000133635 0.000293382
7.87017e-10 0.000134603 0.000308905
7.87118e-10 0.000135561 0.000325337
7.87219e-10 0.000136505 0.000342634
7.87321e-10 0.000137432 0.000360749
7.87422e-10 0.00013834 0.000379633
7.87523e-10 0.000139225 0.000399232
7.87624e-10 0.000140084 0.000419491
7.87726e-10 0.000140915 0.00044035
7.87827e-10 0.000141714 0.000461748
7.87928e-10 0.000142479 0.000483621
7.88029e-10 0.000143209 0.000505902
7.88131e-10 0.000143899 0.000528524
7.88232e-10 0.000144548 0.000551416
7.88333e-10 0.000145155 0.000574506
7.88435e-10 0.000145717 0.000597721
7.88536e-10 0.000146232 0.000620988
7.88637e-10 0.000146699 0.000644232
7.88738e-10 0.000147117 0.000667377
7.8884e-10 0.000147485 0.000690348
7.88941e-10 0.000147801 0.000713068
7.89042e-10 0.000148066 0.000735464
7.89143e-10 0.000148278 0.000757459
7.89245e-10 0.000148438 0.000778979
7.89346e-10 0.000148546 0.000799952
7.89447e-10 0.000148601 0.000820307
7.89548e-10 0.000148605 0.000839972
7.8965e-10 0.000148558 0.00085888
7.89751e-10 0.000148461 0.000876965
7.89852e-10 0.000148316 0.000894164
7.89954e-10 0.000148124 0.000910415
7.90055e-10 0.000147887 0.000925662
7.90156e-10 0.000147606 0.000939848
7.90257e-10 0.000147284 0.000952922
7.90359e-10 0.000146924 0.000964837
7.9046e-10 0.000146527 0.00097555
7.90561e-10 0.000146098 0.000985018
7.90662e-10 0.000145638 0.000993208
7.90764e-10 0.00014515 0.00100009
7.90865e-10 0.000144639 0.00100563
7.90966e-10 0.000144108 0.00100981
7.91068e-10 0.00014356 0.00101262
7.91169e-10 0.000143 0.00101404
7.9127e-10 0.00014243 0.00101406
7.91371e-10 0.000141856 0.00101268
7.91473e-10 0.00014128 0.0010099
7.91574e-10 0.000140708 0.00100573
7.91675e-10 0.000140144 0.00100019
7.91776e-10 0.000139591 0.000993297
7.91878e-10 0.000139054 0.000985065
7.91979e-10 0.000138537 0.000975529
7.9208e-10 0.000138045 0.000964722
7.92182e-10 0.000137581 0.000952684
7.92283e-10 0.000137149 0.000939457
7.92384e-10 0.000136755 0.000925091
7.92485e-10 0.000136401 0.00090964
7.92587e-10 0.000136092 0.000893162
7.92688e-10 0.00013583 0.000875719
7.92789e-10 0.000135621 0.000857379
7.9289e-10 0.000135466 0.000838213
7.92992e-10 0.000135369 0.000818296
7.93093e-10 0.000135334 0.000797706
7.93194e-10 0.000135363 0.000776526
7.93295e-10 0.000135458 0.000754841
7.93397e-10 0.000135622 0.000732739
7.93498e-10 0.000135856 0.000710311
7.93599e-10 0.000136163 0.00068765
7.93701e-10 0.000136544 0.000664851
7.93802e-10 0.000137 0.000642012
7.93903e-10 0.000137532 0.000619229
7.94004e-10 0.000138141 0.000596603
7.94106e-10 0.000138827 0.000574234
7.94207e-10 0.000139589 0.000552221
7.94308e-10 0.000140427 0.000530665
7.94409e-10 0.000141341 0.000509666
7.94511e-10 0.000142329 0.000489323
7.94612e-10 0.000143391 0.000469735
7.94713e-10 0.000144523 0.000450996
7.94815e-10 0.000145725 0.000433203
7.94916e-10 0.000146994 0.000416448
7.95017e-10 0.000148327 0.000400821
7.95118e-10 0.000149721 0.000386409
7.9522e-10 0.000151172 0.000373296
7.95321e-10 0.000152678 0.000361563
7.95422e-10 0.000154234 0.000351285
7.95523e-10 0.000155836 0.000342535
7.95625e-10 0.00015748 0.000335381
7.95726e-10 0.00015916 0.000329886
7.95827e-10 0.000160873 0.000326107
7.95929e-10 0.000162612 0.000324096
7.9603e-10 0.000164374 0.000323901
7.96131e-10 0.000166151 0.000325562
7.96232e-10 0.000167939 0.000329114
7.96334e-10 0.000169733 0.000334586
7.96435e-10 0.000171525 0.000342
7.96536e-10 0.00017331 0.000351371
7.96637e-10 0.000175083 0.000362708
7.96739e-10 0.000176837 0.000376013
7.9684e-10 0.000178567 0.000391281
7.96941e-10 0.000180266 0.000408499
7.97042e-10 0.000181929 0.00042765
7.97144e-10 0.000183549 0.000448706
7.97245e-10 0.000185121 0.000471635
7.97346e-10 0.00018664 0.000496396
7.97448e-10 0.0001881 0.000522943
7.97549e-10 0.000189496 0.00055122
7.9765e-10 0.000190822 0.000581168
7.97751e-10 0.000192075 0.000612719
7.97853e-10 0.000193248 0.000645799
7.97954e-10 0.000194339 0.000680327
7.98055e-10 0.000195343 0.000716218
7.98156e-10 0.000196257 0.00075338
7.98258e-10 0.000197077 0.000791715
7.98359e-10 0.0001978 0.000831119
7.9846e-10 0.000198424 0.000871486
7.98562e-10 0.000198947 0.000912701
7.98663e-10 0.000199367 0.000954649
7.98764e-10 0.000199682 0.000997209
7.98865e-10 0.000199892 0.00104026
7.98967e-10 0.000199997 0.00108366
7.99068e-10 0.000199996 0.0011273
7.99169e-10 0.00019989 0.00117103
7.9927e-10 0.00019968 0.00121472
7.99372e-10 0.000199367 0.00125824
7.99473e-10 0.000198955 0.00130145
7.99574e-10 0.000198444 0.00134421
7.99676e-10 0.000197838 0.00138639
7.99777e-10 0.000197141 0.00142784
7.99878e-10 0.000196356 0.00146843
7.99979e-10 0.000195487 0.00150804
8.00081e-10 0.00019454 0.00154652
8.00182e-10 0.00019352 0.00158374
8.00283e-10 0.000192432 0.00161959
8.00384e-10 0.000191282 0.00165393
8.00486e-10 0.000190077 0.00168666
8.00587e-10 0.000188823 0.00171764
8.00688e-10 0.000187528 0.00174679
8.00789e-10 0.000186199 0.00177398
8.00891e-10 0.000184844 0.00179913
8.00992e-10 0.00018347 0.00182213
8.01093e-10 0.000182086 0.00184292
8.01195e-10 0.000180701 0.00186141
8.01296e-10 0.000179323 0.00187752
8.01397e-10 0.00017796 0.00189121
8.01498e-10 0.000176621 0.00190241
8.016e-10 0.000175316 0.00191107
8.01701e-10 0.000174052 0.00191718
8.01802e-10 0.00017284 0.00192068
8.01903e-10 0.000171687 0.00192158
8.02005e-10 0.000170602 0.00191985
8.02106e-10 0.000169594 0.0019155
8.02207e-10 0.000168671 0.00190855
8.02309e-10 0.000167842 0.00189901
8.0241e-10 0.000167114 0.00188691
8.02511e-10 0.000166495 0.00187231
8.02612e-10 0.000165992 0.00185523
8.02714e-10 0.000165612 0.00183576
8.02815e-10 0.000165362 0.00181396
8.02916e-10 0.000165248 0.0017899
8.03017e-10 0.000165275 0.00176369
8.03119e-10 0.000165448 0.00173542
8.0322e-10 0.000165773 0.0017052
8.03321e-10 0.000166252 0.00167316
8.03422e-10 0.00016689 0.00163941
8.03524e-10 0.00016769 0.00160409
8.03625e-10 0.000168653 0.00156735
8.03726e-10 0.00016978 0.00152934
8.03828e-10 0.000171074 0.00149021
8.03929e-10 0.000172534 0.00145014
8.0403e-10 0.000174159 0.00140929
8.04131e-10 0.000175948 0.00136784
8.04233e-10 0.000177899 0.00132597
8.04334e-10 0.00018001 0.00128388
8.04435e-10 0.000182277 0.00124174
8.04536e-10 0.000184695 0.00119977
8.04638e-10 0.00018726 0.00115814
8.04739e-10 0.000189966 0.00111707
8.0484e-10 0.000192807 0.00107675
8.04942e-10 0.000195776 0.00103739
8.05043e-10 0.000198865 0.000999184
8.05144e-10 0.000202065 0.000962335
8.05245e-10 0.000205368 0.000927041
8.05347e-10 0.000208764 0.000893501
8.05448e-10 0.000212243 0.000861908
8.05549e-10 0.000215794 0.000832452
8.0565e-10 0.000219406 0.000805319
8.05752e-10 0.000223067 0.000780691
8.05853e-10 0.000226766 0.000758741
8.05954e-10 0.000230489 0.000739639
8.06056e-10 0.000234223 0.000723545
8.06157e-10 0.000237956 0.000710613
8.06258e-10 0.000241675 0.000700986
8.06359e-10 0.000245365 0.000694799
8.06461e-10 0.000249013 0.000692178
8.06562e-10 0.000252606 0.000693238
8.06663e-10 0.000256129 0.000698081
8.06764e-10 0.000259569 0.0007068
8.06866e-10 0.000262912 0.000719473
8.06967e-10 0.000266145 0.000736169
8.07068e-10 0.000269254 0.000756941
8.07169e-10 0.000272227 0.000781829
8.07271e-10 0.000275052 0.000810861
8.07372e-10 0.000277714 0.000844047
8.07473e-10 0.000280204 0.000881388
8.07575e-10 0.00028251 0.000922866
8.07676e-10 0.000284621 0.00096845
8.07777e-10 0.000286527 0.00101809
8.07878e-10 0.000288219 0.00107174
8.0798e-10 0.000289689 0.0011293
8.08081e-10 0.000290928 0.0011907
8.08182e-10 0.00029193 0.00125582
8.08283e-10 0.000292689 0.00132455
8.08385e-10 0.000293199 0.00139674
8.08486e-10 0.000293457 0.00147226
8.08587e-10 0.000293459 0.00155094
8.08689e-10 0.000293204 0.00163259
8.0879e-10 0.00029269 0.00171704
8.08891e-10 0.000291917 0.00180408
8.08992e-10 0.000290888 0.00189349
8.09094e-10 0.000289603 0.00198505
8.09195e-10 0.000288067 0.00207851
8.09296e-10 0.000286284 0.00217365
8.09397e-10 0.000284261 0.00227019
8.09499e-10 0.000282003 0.00236787
8.096e-10 0.000279519 0.00246642
8.09701e-10 0.00027682 0.00256556
8.09803e-10 0.000273913 0.002665
8.09904e-10 0.000270813 0.00276445
8.10005e-10 0.00026753 0.00286362
8.10106e-10 0.000264078 0.0029622
8.10208e-10 0.000260473 0.0030599
8.10309e-10 0.000256729 0.00315641
8.1041e-10 0.000252863 0.00325144
8.10511e-10 0.000248893 0.00334467
8.10613e-10 0.000244836 0.00343582
8.10714e-10 0.000240711 0.00352458
8.10815e-10 0.000236538 0.00361067
8.10916e-10 0.000232338 0.0036938
8.11018e-10 0.00022813 0.0037737
8.11119e-10 0.000223936 0.00385009
8.1122e-10 0.000219778 0.00392271
8.11322e-10 0.000215677 0.00399131
8.11423e-10 0.000211655 0.00405565
8.11524e-10 0.000207735 0.0041155
8.11625e-10 0.000203938 0.00417066
8.11727e-10 0.000200288 0.00422092
8.11828e-10 0.000196805 0.00426609
8.11929e-10 0.000193512 0.00430601
8.1203e-10 0.000190429 0.00434052
8.12132e-10 0.000187579 0.00436951
8.12233e-10 0.00018498 0.00439284
8.12334e-10 0.000182654 0.00441043
8.12436e-10 0.000180618 0.00442221
8.12537e-10 0.000178892 0.00442811
8.12638e-10 0.000177491 0.00442812
8.12739e-10 0.000176434 0.00442223
8.12841e-10 0.000175734 0.00441044
8.12942e-10 0.000175406 0.00439279
8.13043e-10 0.000175462 0.00436934
8.13144e-10 0.000175914 0.00434019
8.13246e-10 0.000176771 0.00430542
8.13347e-10 0.000178042 0.00426518
8.13448e-10 0.000179734 0.00421962
8.1355e-10 0.000181852 0.00416892
8.13651e-10 0.0001844 0.00411327
8.13752e-10 0.000187378 0.0040529
8.13853e-10 0.000190788 0.00398806
8.13955e-10 0.000194628 0.00391902
8.14056e-10 0.000198894 0.00384606
8.14157e-10 0.00020358 0.00376949
8.14258e-10 0.00020868 0.00368965
8.1436e-10 0.000214184 0.00360689
8.14461e-10 0.00022008 0.00352158
8.14562e-10 0.000226358 0.00343409
8.14663e-10 0.000233 0.00334484
8.14765e-10 0.000239991 0.00325424
8.14866e-10 0.000247313 0.00316273
8.14967e-10 0.000254945 0.00307074
8.15069e-10 0.000262866 0.00297873
8.1517e-10 0.000271052 0.00288716
8.15271e-10 0.000279478 0.00279652
8.15372e-10 0.000288117 0.00270728
8.15474e-10 0.000296942 0.00261993
8.15575e-10 0.000305923 0.00253495
8.15676e-10 0.00031503 0.00245284
8.15777e-10 0.00032423 0.00237409
8.15879e-10 0.000333492 0.00229919
8.1598e-10 0.000342781 0.00222862
8.16081e-10 0.000352064 0.00216286
8.16183e-10 0.000361304 0.00210239
8.16284e-10 0.000370467 0.00204767
8.16385e-10 0.000379516 0.00199916
8.16486e-10 0.000388414 0.0019573
8.16588e-10 0.000397127 0.00192251
8.16689e-10 0.000405616 0.0018952
8.1679e-10 0.000413846 0.00187577
8.16891e-10 0.000421781 0.00186459
8.16993e-10 0.000429385 0.00186201
8.17094e-10 0.000436624 0.00186836
8.17195e-10 0.000443463 0.00188393
8.17296e-10 0.000449871 0.00190901
8.17398e-10 0.000455814 0.00194385
8.17499e-10 0.000461262 0.00198865
8.176e-10 0.000466186 0.00204362
8.17702e-10 0.000470558 0.0021089
8.17803e-10 0.000474353 0.00218463
8.17904e-10 0.000477545 0.00227088
8.18005e-10 0.000480113 0.00236772
8.18107e-10 0.000482037 0.00247515
8.18208e-10 0.0004833 0.00259317
8.18309e-10 0.000483884 0.00272171
8.1841e-10 0.000483778 0.00286068
8.18512e-10 0.000482971 0.00300995
8.18613e-10 0.000481456 0.00316935
8.18714e-10 0.000479226 0.00333867
8.18816e-10 0.00047628 0.00351765
8.18917e-10 0.000472618 0.00370602
8.19018e-10 0.000468244 0.00390345
8.19119e-10 0.000463164 0.00410957
8.19221e-10 0.000457388 0.004324
8.19322e-10 0.000450928 0.00454628
8.19423e-10 0.000443799 0.00477596
8.19524e-10 0.00043602 0.00501253
8.19626e-10 0.000427613 0.00525545
8.19727e-10 0.000418602 0.00550415
8.19828e-10 0.000409014 0.00575804
8.1993e-10 0.00039888 0.00601649
8.20031e-10 0.000388232 0.00627884
8.20132e-10 0.000377107 0.00654441
8.20233e-10 0.000365543 0.0068125
8.20335e-10 0.000353581 0.0070824
8.20436e-10 0.000341264 0.00735336
8.20537e-10 0.000328639 0.00762463
8.20638e-10 0.000315753 0.00789543
8.2074e-10 0.000302657 0.00816499
8.20841e-10 0.000289402 0.00843251
8.20942e-10 0.000276041 0.00869721
8.21043e-10 0.000262631 0.0089583
8.21145e-10 0.000249227 0.00921497
8.21246e-10 0.000235888 0.00946643
8.21347e-10 0.000222671 0.0097119
8.21449e-10 0.000209637 0.00995061
8.2155e-10 0.000196846 0.0101818
8.21651e-10 0.000184357 0.0104047
8.21752e-10 0.000172232 0.0106186
8.21854e-10 0.00016053 0.0108228
8.21955e-10 0.000149313 0.0110166
8.22056e-10 0.000138639 0.0111994
8.22157e-10 0.000128567 0.0113705
8.22259e-10 0.000119156 0.0115294
8.2236e-10 0.000110462 0.0116755
8.22461e-10 0.00010254 0.0118083
8.22563e-10 9.54441e-05 0.0119274
8.22664e-10 8.92258e-05 0.0120322
8.22765e-10 8.39348e-05 0.0121225
8.22866e-10 7.96187e-05 0.012198
8.22968e-10 7.63223e-05 0.0122583
8.23069e-10 7.4088e-05 0.0123032
8.2317e-10 7.29553e-05 0.0123326
8.23271e-10 7.29607e-05 0.0123465
8.23373e-10 7.41375e-05 0.0123446
8.23474e-10 7.65158e-05 0.0123272
8.23575e-10 8.0122e-05 0.0122942
8.23677e-10 8.49792e-05 0.0122459
8.23778e-10 9.11066e-05 0.0121823
8.23879e-10 9.85197e-05 0.0121039
8.2398e-10 0.00010723 0.012011
8.24082e-10 0.000117245 0.0119039
8.24183e-10 0.000128569 0.0117831
8.24284e-10 0.000141201 0.0116493
8.24385e-10 0.000155135 0.0115029
8.24487e-10 0.000170365 0.0113447
8.24588e-10 0.000186876 0.0111755
8.24689e-10 0.000204651 0.0109959
8.2479e-10 0.00022367 0.0108069
8.24892e-10 0.000243907 0.0106093
8.24993e-10 0.000265332 0.0104041
8.25094e-10 0.000287913 0.0101924
8.25196e-10 0.000311613 0.00997526
8.25297e-10 0.00033639 0.00975371
8.25398e-10 0.0003622 0.00952894
8.25499e-10 0.000388995 0.00930217
8.25601e-10 0.000416723 0.00907462
8.25702e-10 0.000445329 0.00884758
8.25803e-10 0.000474755 0.00862232
8.25904e-10 0.00050494 0.00840019
8.26006e-10 0.000535819 0.00818252
8.26107e-10 0.000567327 0.00797067
8.26208e-10 0.000599394 0.00776602
8.2631e-10 0.000631949 0.00756993
8.26411e-10 0.000664918 0.00738379
8.26512e-10 0.000698225 0.00720897
8.26613e-10 0.000731793 0.00704683
8.26715e-10 0.000765543 0.00689872
8.26816e-10 0.000799396 0.00676596
8.26917e-10 0.00083327 0.00664986
8.27018e-10 0.000867082 0.0065517
8.2712e-10 0.000900751 0.00647269
8.27221e-10 0.000934191 0.00641405
8.27322e-10 0.00096732 0.0063769
8.27424e-10 0.00100005 0.00636235
8.27525e-10 0.00103231 0.00637143
8.27626e-10 0.001064 0.00640511
8.27727e-10 0.00109504 0.0064643
8.27829e-10 0.00112536 0.00654983
8.2793e-10 0.00115487 0.00666245
8.28031e-10 0.00118348 0.00680284
8.28132e-10 0.00121113 0.00697158
8.28234e-10 0.00123772 0.00716917
8.28335e-10 0.00126319 0.00739601
8.28436e-10 0.00128745 0.00765242
8.28537e-10 0.00131045 0.0079386
8.28639e-10 0.00133209 0.00825466
8.2874e-10 0.00135232 0.00860059
8.28841e-10 0.00137107 0.0089763
8.28943e-10 0.00138827 0.00938156
8.29044e-10 0.00140385 0.00981604
8.29145e-10 0.00141777 0.0102793
8.29246e-10 0.00142996 0.0107708
8.29348e-10 0.00144037 0.01129
8.29449e-10 0.00144895 0.0118359
8.2955e-10 0.00145565 0.0124077
8.29651e-10 0.00146043 0.0130045
8.29753e-10 0.00146325 0.0136252
8.29854e-10 0.00146407 0.0142685
8.29955e-10 0.00146285 0.0149331
8.30057e-10 0.00145958 0.0156177
8.30158e-10 0.00145422 0.0163207
8.30259e-10 0.00144676 0.0170406
8.3036e-10 0.00143719 0.0177756
8.30462e-10 0.00142549 0.0185241
8.30563e-10 0.00141166 0.0192841
8.30664e-10 0.00139571 0.0200539
8.30765e-10 0.00137764 0.0208313
8.30867e-10 0.00135747 0.0216144
8.30968e-10 0.00133522 0.022401
8.31069e-10 0.00131092 0.0231892
8.31171e-10 0.00128461 0.0239766
8.31272e-10 0.00125634 0.0247612
8.31373e-10 0.00122614 0.0255406
8.31474e-10 0.0011941 0.0263128
8.31576e-10 0.00116028 0.0270753
8.31677e-10 0.00112476 0.0278261
8.31778e-10 0.00108764 0.028563
8.31879e-10 0.00104901 0.0292836
8.31981e-10 0.00100899 0.029986
8.32082e-10 0.000967716 0.030668
8.32183e-10 0.000925315 0.0313274
8.32284e-10 0.000881943 0.0319624
8.32386e-10 0.000837764 0.032571
8.32487e-10 0.000792958 0.0331513
8.32588e-10 0.000747718 0.0337016
8.3269e-10 0.000702253 0.0342202
8.32791e-10 0.000656785 0.0347056
8.32892e-10 0.000611554 0.0351563
8.32993e-10 0.000566816 0.0355709
8.33095e-10 0.000522842 0.0359483
8.33196e-10 0.00047992 0.0362874
8.33297e-10 0.000438356 0.0365873
8.33398e-10 0.000398471 0.0368472
8.335e-10 0.000360606 0.0370664
8.33601e-10 0.000325116 0.0372445
8.33702e-10 0.000292373 0.0373812
8.33804e-10 0.000262769 0.0374764
8.33905e-10 0.00023671 0.03753
8.34006e-10 0.000214617 0.0375423
8.34107e-10 0.000196928 0.0375137
8.34209e-10 0.000184096 0.0374446
8.3431e-10 0.000176588 0.0373359
8.34411e-10 0.000174883 0.0371885
8.34512e-10 0.000179472 0.0370034
8.34614e-10 0.000190859 0.0367818
8.34715e-10 0.000209556 0.0365253
8.34816e-10 0.000236083 0.0362353
8.34917e-10 0.000270965 0.0359137
8.35019e-10 0.000314734 0.0355623
8.3512e-10 0.000367923 0.0351832
8.35221e-10 0.000431066 0.0347786
8.35323e-10 0.000504693 0.0343509
8.35424e-10 0.000589333 0.0339025
8.35525e-10 0.000685503 0.0334359
8.35626e-10 0.000793715 0.032954
8.35728e-10 0.000914465 0.0324595
8.35829e-10 0.00104823 0.0319554
8.3593e-10 0.00119548 0.0314445
8.36031e-10 0.00135665 0.0309299
8.36133e-10 0.00153216 0.0304147
8.36234e-10 0.00172238 0.0299021
8.36335e-10 0.00192766 0.0293952
8.36437e-10 0.00214833 0.0288971
8.36538e-10 0.00238465 0.0284112
8.36639e-10 0.00263686 0.0279405
8.3674e-10 0.00290514 0.0274881
8.36842e-10 0.00318961 0.0270572
8.36943e-10 0.00349035 0.0266508
8.37044e-10 0.00380738 0.026272
8.37145e-10 0.00414066 0.0259234
8.37247e-10 0.00449006 0.025608
8.37348e-10 0.00485542 0.0253285
8.37449e-10 0.00523648 0.0250873
8.37551e-10 0.00563291 0.0248869
8.37652e-10 0.00604431 0.0247296
8.37753e-10 0.00647021 0.0246173
8.37854e-10 0.00691003 0.0245522
8.37956e-10 0.00736314 0.0245358
8.38057e-10 0.00782881 0.0245698
8.38158e-10 0.00830623 0.0246554
8.38259e-10 0.0087945 0.0247939
8.38361e-10 0.00929264 0.024986
8.38462e-10 0.00979959 0.0252325
8.38563e-10 0.0103142 0.0255339
8.38664e-10 0.0108353 0.0258903
8.38766e-10 0.0113615 0.0263017
8.38867e-10 0.0118914 0.0267679
8.38968e-10 0.0124237 0.0272884
8.3907e-10 0.0129568 0.0278623
8.39171e-10 0.0134891 0.0284888
8.39272e-10 0.014019 0.0291667
8.39373e-10 0.0145449 0.0298944
8.39475e-10 0.0150649 0.0306703
8.39576e-10 0.0155774 0.0314925
8.39677e-10 0.0160805 0.0323589
8.39778e-10 0.0165725 0.0332672
8.3988e-10 0.0170515 0.034215
