7e-10 0.0151096 0.00148935
7.00101e-10 0.0150376 0.00152728
7.00203e-10 0.0149647 0.00156505
7.00304e-10 0.0148911 0.00160265
7.00405e-10 0.0148167 0.00164007
7.00506e-10 0.0147416 0.00167729
7.00608e-10 0.0146658 0.0017143
7.00709e-10 0.0145893 0.00175108
7.0081e-10 0.0145123 0.00178762
7.00911e-10 0.0144346 0.00182391
7.01013e-10 0.0143565 0.00185993
7.01114e-10 0.0142777 0.00189568
7.01215e-10 0.0141986 0.00193114
7.01317e-10 0.0141189 0.0019663
7.01418e-10 0.0140388 0.00200116
7.01519e-10 0.0139583 0.00203571
7.0162e-10 0.0138775 0.00206993
7.01722e-10 0.0137963 0.00210382
7.01823e-10 0.0137148 0.00213736
7.01924e-10 0.013633 0.00217057
7.02025e-10 0.0135509 0.00220341
7.02127e-10 0.0134686 0.0022359
7.02228e-10 0.0133861 0.00226802
7.02329e-10 0.0133034 0.00229977
7.0243e-10 0.0132205 0.00233115
7.02532e-10 0.0131375 0.00236214
7.02633e-10 0.0130543 0.00239274
7.02734e-10 0.0129711 0.00242296
7.02836e-10 0.0128878 0.00245278
7.02937e-10 0.0128044 0.0024822
7.03038e-10 0.012721 0.00251122
7.03139e-10 0.0126376 0.00253984
7.03241e-10 0.0125541 0.00256805
7.03342e-10 0.0124707 0.00259585
7.03443e-10 0.0123874 0.00262325
7.03544e-10 0.012304 0.00265023
7.03646e-10 0.0122208 0.00267679
7.03747e-10 0.0121377 0.00270294
7.03848e-10 0.0120546 0.00272867
7.0395e-10 0.0119717 0.00275399
7.04051e-10 0.0118889 0.00277889
7.04152e-10 0.0118063 0.00280337
7.04253e-10 0.0117238 0.00282743
7.04355e-10 0.0116415 0.00285107
7.04456e-10 0.0115594 0.0028743
7.04557e-10 0.0114775 0.0028971
7.04658e-10 0.0113959 0.00291949
7.0476e-10 0.0113144 0.00294146
7.04861e-10 0.0112332 0.00296302
7.04962e-10 0.0111523 0.00298416
7.05064e-10 0.0110716 0.00300489
7.05165e-10 0.0109912 0.00302521
7.05266e-10 0.0109111 0.00304511
7.05367e-10 0.0108313 0.00306461
7.05469e-10 0.0107518 0.0030837
7.0557e-10 0.0106726 0.00310238
7.05671e-10 0.0105937 0.00312066
7.05772e-10 0.0105151 0.00313854
7.05874e-10 0.0104369 0.00315601
7.05975e-10 0.0103591 0.00317309
7.06076e-10 0.0102816 0.00318978
7.06177e-10 0.0102045 0.00320607
7.06279e-10 0.0101277 0.00322197
7.0638e-10 0.0100513 0.00323748
7.06481e-10 0.00997529 0.00325261
7.06583e-10 0.00989967 0.00326735
7.06684e-10 0.00982445 0.00328172
7.06785e-10 0.00974962 0.00329571
7.06886e-10 0.0096752 0.00330932
7.06988e-10 0.00960119 0.00332257
7.07089e-10 0.00952759 0.00333544
7.0719e-10 0.00945441 0.00334795
7.07291e-10 0.00938166 0.0033601
7.07393e-10 0.00930933 0.00337189
7.07494e-10 0.00923743 0.00338333
7.07595e-10 0.00916597 0.00339441
7.07697e-10 0.00909495 0.00340514
7.07798e-10 0.00902436 0.00341553
7.07899e-10 0.00895422 0.00342557
7.08e-10 0.00888453 0.00343528
7.08102e-10 0.00881528 0.00344465
7.08203e-10 0.00874648 0.00345369
7.08304e-10 0.00867814 0.00346239
7.08405e-10 0.00861026 0.00347078
7.08507e-10 0.00854283 0.00347884
7.08608e-10 0.00847585 0.00348658
7.08709e-10 0.00840934 0.003494
7.0881e-10 0.00834329 0.00350112
7.08912e-10 0.0082777 0.00350793
7.09013e-10 0.00821258 0.00351443
7.09114e-10 0.00814792 0.00352063
7.09216e-10 0.00808372 0.00352653
7.09317e-10 0.00801999 0.00353214
7.09418e-10 0.00795672 0.00353745
7.09519e-10 0.00789392 0.00354248
7.09621e-10 0.00783158 0.00354723
7.09722e-10 0.00776971 0.00355169
7.09823e-10 0.00770831 0.00355588
7.09924e-10 0.00764737 0.00355979
7.10026e-10 0.0075869 0.00356344
7.10127e-10 0.00752689 0.00356681
7.10228e-10 0.00746735 0.00356993
7.1033e-10 0.00740826 0.00357278
7.10431e-10 0.00734965 0.00357538
7.10532e-10 0.00729149 0.00357773
7.10633e-10 0.00723379 0.00357982
7.10735e-10 0.00717656 0.00358167
7.10836e-10 0.00711978 0.00358328
7.10937e-10 0.00706346 0.00358464
7.11038e-10 0.0070076 0.00358578
7.1114e-10 0.00695219 0.00358667
7.11241e-10 0.00689724 0.00358734
7.11342e-10 0.00684273 0.00358778
7.11444e-10 0.00678868 0.003588
7.11545e-10 0.00673508 0.003588
7.11646e-10 0.00668192 0.00358778
7.11747e-10 0.00662921 0.00358735
7.11849e-10 0.00657694 0.00358671
7.1195e-10 0.00652511 0.00358586
7.12051e-10 0.00647373 0.00358481
7.12152e-10 0.00642278 0.00358355
7.12254e-10 0.00637226 0.0035821
7.12355e-10 0.00632218 0.00358046
7.12456e-10 0.00627254 0.00357862
7.12557e-10 0.00622332 0.00357659
7.12659e-10 0.00617452 0.00357438
7.1276e-10 0.00612616 0.00357198
7.12861e-10 0.00607821 0.0035694
7.12963e-10 0.00603069 0.00356665
7.13064e-10 0.00598358 0.00356372
7.13165e-10 0.00593689 0.00356062
7.13266e-10 0.00589061 0.00355736
7.13368e-10 0.00584474 0.00355392
7.13469e-10 0.00579928 0.00355033
7.1357e-10 0.00575423 0.00354657
7.13671e-10 0.00570958 0.00354266
7.13773e-10 0.00566533 0.00353859
7.13874e-10 0.00562148 0.00353436
7.13975e-10 0.00557802 0.00352999
7.14077e-10 0.00553496 0.00352548
7.14178e-10 0.00549228 0.00352081
7.14279e-10 0.00545 0.00351601
7.1438e-10 0.0054081 0.00351107
7.14482e-10 0.00536658 0.00350598
7.14583e-10 0.00532544 0.00350077
7.14684e-10 0.00528468 0.00349542
7.14785e-10 0.00524429 0.00348995
7.14887e-10 0.00520428 0.00348434
7.14988e-10 0.00516463 0.00347862
7.15089e-10 0.00512535 0.00347276
7.15191e-10 0.00508643 0.00346679
7.15292e-10 0.00504787 0.00346071
7.15393e-10 0.00500967 0.0034545
7.15494e-10 0.00497183 0.00344818
7.15596e-10 0.00493434 0.00344176
7.15697e-10 0.0048972 0.00343522
7.15798e-10 0.0048604 0.00342858
7.15899e-10 0.00482395 0.00342183
7.16001e-10 0.00478784 0.00341498
7.16102e-10 0.00475207 0.00340802
7.16203e-10 0.00471664 0.00340097
7.16304e-10 0.00468154 0.00339383
7.16406e-10 0.00464677 0.00338659
7.16507e-10 0.00461233 0.00337925
7.16608e-10 0.00457821 0.00337183
7.1671e-10 0.00454442 0.00336432
7.16811e-10 0.00451094 0.00335672
7.16912e-10 0.00447779 0.00334904
7.17013e-10 0.00444494 0.00334127
7.17115e-10 0.00441241 0.00333343
7.17216e-10 0.00438019 0.0033255
7.17317e-10 0.00434827 0.0033175
7.17418e-10 0.00431666 0.00330942
7.1752e-10 0.00428535 0.00330127
7.17621e-10 0.00425434 0.00329304
7.17722e-10 0.00422362 0.00328474
7.17824e-10 0.0041932 0.00327638
7.17925e-10 0.00416306 0.00326795
7.18026e-10 0.00413322 0.00325945
7.18127e-10 0.00410366 0.00325089
7.18229e-10 0.00407438 0.00324227
7.1833e-10 0.00404538 0.00323358
7.18431e-10 0.00401666 0.00322484
7.18532e-10 0.00398822 0.00321604
7.18634e-10 0.00396005 0.00320718
7.18735e-10 0.00393215 0.00319827
7.18836e-10 0.00390451 0.00318931
7.18938e-10 0.00387714 0.00318029
7.19039e-10 0.00385004 0.00317122
7.1914e-10 0.00382319 0.00316211
7.19241e-10 0.0037966 0.00315294
7.19343e-10 0.00377027 0.00314373
7.19444e-10 0.00374419 0.00313447
7.19545e-10 0.00371836 0.00312518
7.19646e-10 0.00369278 0.00311583
7.19748e-10 0.00366745 0.00310645
7.19849e-10 0.00364235 0.00309703
7.1995e-10 0.0036175 0.00308757
7.20051e-10 0.00359289 0.00307807
7.20153e-10 0.00356852 0.00306854
7.20254e-10 0.00354438 0.00305897
7.20355e-10 0.00352047 0.00304936
7.20457e-10 0.00349679 0.00303973
7.20558e-10 0.00347334 0.00303006
7.20659e-10 0.00345011 0.00302036
7.2076e-10 0.00342711 0.00301063
7.20862e-10 0.00340432 0.00300088
7.20963e-10 0.00338176 0.00299109
7.21064e-10 0.00335941 0.00298129
7.21165e-10 0.00333728 0.00297145
7.21267e-10 0.00331536 0.00296159
7.21368e-10 0.00329365 0.00295171
7.21469e-10 0.00327215 0.00294181
7.21571e-10 0.00325085 0.00293188
7.21672e-10 0.00322976 0.00292194
7.21773e-10 0.00320887 0.00291198
7.21874e-10 0.00318818 0.00290199
7.21976e-10 0.00316769 0.00289199
7.22077e-10 0.00314739 0.00288198
7.22178e-10 0.00312729 0.00287195
7.22279e-10 0.00310738 0.0028619
7.22381e-10 0.00308766 0.00285184
7.22482e-10 0.00306812 0.00284177
7.22583e-10 0.00304878 0.00283168
7.22684e-10 0.00302962 0.00282158
7.22786e-10 0.00301064 0.00281147
7.22887e-10 0.00299184 0.00280136
7.22988e-10 0.00297322 0.00279123
7.2309e-10 0.00295477 0.00278109
7.23191e-10 0.00293651 0.00277095
7.23292e-10 0.00291841 0.0027608
7.23393e-10 0.00290049 0.00275065
7.23495e-10 0.00288273 0.00274048
7.23596e-10 0.00286515 0.00273032
7.23697e-10 0.00284773 0.00272015
7.23798e-10 0.00283048 0.00270997
7.239e-10 0.00281338 0.0026998
7.24001e-10 0.00279645 0.00268962
7.24102e-10 0.00277968 0.00267944
7.24204e-10 0.00276307 0.00266926
7.24305e-10 0.00274661 0.00265908
7.24406e-10 0.00273031 0.0026489
7.24507e-10 0.00271416 0.00263872
7.24609e-10 0.00269817 0.00262854
7.2471e-10 0.00268232 0.00261836
7.24811e-10 0.00266662 0.00260819
7.24912e-10 0.00265107 0.00259802
7.25014e-10 0.00263566 0.00258785
7.25115e-10 0.0026204 0.00257769
7.25216e-10 0.00260528 0.00256753
7.25318e-10 0.0025903 0.00255738
7.25419e-10 0.00257545 0.00254724
7.2552e-10 0.00256075 0.0025371
7.25621e-10 0.00254618 0.00252696
7.25723e-10 0.00253175 0.00251684
7.25824e-10 0.00251745 0.00250672
7.25925e-10 0.00250329 0.00249661
7.26026e-10 0.00248925 0.00248651
7.26128e-10 0.00247535 0.00247642
7.26229e-10 0.00246157 0.00246633
7.2633e-10 0.00244792 0.00245626
7.26431e-10 0.00243439 0.0024462
7.26533e-10 0.00242099 0.00243615
7.26634e-10 0.00240771 0.00242611
7.26735e-10 0.00239455 0.00241608
7.26837e-10 0.00238152 0.00240606
7.26938e-10 0.0023686 0.00239606
7.27039e-10 0.0023558 0.00238606
7.2714e-10 0.00234311 0.00237609
7.27242e-10 0.00233054 0.00236612
7.27343e-10 0.00231809 0.00235617
7.27444e-10 0.00230575 0.00234623
7.27545e-10 0.00229352 0.00233631
7.27647e-10 0.0022814 0.0023264
7.27748e-10 0.00226939 0.0023165
7.27849e-10 0.00225748 0.00230662
7.27951e-10 0.00224569 0.00229676
7.28052e-10 0.002234 0.00228691
7.28153e-10 0.00222241 0.00227708
7.28254e-10 0.00221093 0.00226727
7.28356e-10 0.00219955 0.00225747
7.28457e-10 0.00218827 0.00224769
7.28558e-10 0.0021771 0.00223793
7.28659e-10 0.00216602 0.00222818
7.28761e-10 0.00215504 0.00221845
7.28862e-10 0.00214416 0.00220874
7.28963e-10 0.00213337 0.00219905
7.29065e-10 0.00212268 0.00218938
7.29166e-10 0.00211209 0.00217972
7.29267e-10 0.00210158 0.00217009
7.29368e-10 0.00209117 0.00216047
7.2947e-10 0.00208085 0.00215088
7.29571e-10 0.00207062 0.0021413
7.29672e-10 0.00206049 0.00213174
7.29773e-10 0.00205043 0.0021222
7.29875e-10 0.00204047 0.00211269
7.29976e-10 0.00203059 0.00210319
7.30077e-10 0.0020208 0.00209371
7.30178e-10 0.0020111 0.00208426
7.3028e-10 0.00200147 0.00207482
7.30381e-10 0.00199194 0.00206541
7.30482e-10 0.00198248 0.00205602
7.30584e-10 0.0019731 0.00204665
7.30685e-10 0.00196381 0.0020373
7.30786e-10 0.00195459 0.00202797
7.30887e-10 0.00194546 0.00201867
7.30989e-10 0.0019364 0.00200938
7.3109e-10 0.00192742 0.00200012
7.31191e-10 0.00191851 0.00199088
7.31292e-10 0.00190968 0.00198167
7.31394e-10 0.00190093 0.00197247
7.31495e-10 0.00189225 0.0019633
7.31596e-10 0.00188364 0.00195415
7.31698e-10 0.0018751 0.00194503
7.31799e-10 0.00186664 0.00193592
7.319e-10 0.00185825 0.00192684
7.32001e-10 0.00184993 0.00191779
7.32103e-10 0.00184167 0.00190876
7.32204e-10 0.00183349 0.00189975
7.32305e-10 0.00182538 0.00189076
7.32406e-10 0.00181733 0.0018818
7.32508e-10 0.00180935 0.00187286
7.32609e-10 0.00180143 0.00186394
7.3271e-10 0.00179358 0.00185505
7.32812e-10 0.0017858 0.00184619
7.32913e-10 0.00177808 0.00183734
7.33014e-10 0.00177042 0.00182853
7.33115e-10 0.00176282 0.00181973
7.33217e-10 0.00175529 0.00181096
7.33318e-10 0.00174782 0.00180221
7.33419e-10 0.00174041 0.00179349
7.3352e-10 0.00173306 0.0017848
7.33622e-10 0.00172577 0.00177612
7.33723e-10 0.00171854 0.00176748
7.33824e-10 0.00171137 0.00175885
7.33925e-10 0.00170425 0.00175025
7.34027e-10 0.00169719 0.00174168
7.34128e-10 0.00169019 0.00173313
7.34229e-10 0.00168325 0.0017246
7.34331e-10 0.00167636 0.0017161
7.34432e-10 0.00166952 0.00170763
7.34533e-10 0.00166274 0.00169918
7.34634e-10 0.00165602 0.00169075
7.34736e-10 0.00164935 0.00168235
7.34837e-10 0.00164273 0.00167398
7.34938e-10 0.00163616 0.00166563
7.35039e-10 0.00162964 0.0016573
7.35141e-10 0.00162318 0.001649
7.35242e-10 0.00161676 0.00164073
7.35343e-10 0.0016104 0.00163248
7.35445e-10 0.00160409 0.00162425
7.35546e-10 0.00159782 0.00161605
7.35647e-10 0.0015916 0.00160788
7.35748e-10 0.00158544 0.00159973
7.3585e-10 0.00157932 0.0015916
7.35951e-10 0.00157324 0.0015835
7.36052e-10 0.00156722 0.00157543
7.36153e-10 0.00156124 0.00156738
7.36255e-10 0.00155531 0.00155936
7.36356e-10 0.00154942 0.00155136
7.36457e-10 0.00154358 0.00154338
7.36559e-10 0.00153778 0.00153544
7.3666e-10 0.00153203 0.00152751
7.36761e-10 0.00152632 0.00151961
7.36862e-10 0.00152065 0.00151174
7.36964e-10 0.00151503 0.00150389
7.37065e-10 0.00150944 0.00149607
7.37166e-10 0.00150391 0.00148827
7.37267e-10 0.00149841 0.0014805
7.37369e-10 0.00149295 0.00147275
7.3747e-10 0.00148754 0.00146503
7.37571e-10 0.00148216 0.00145733
7.37672e-10 0.00147683 0.00144966
7.37774e-10 0.00147154 0.00144201
7.37875e-10 0.00146628 0.00143439
7.37976e-10 0.00146107 0.00142679
7.38078e-10 0.00145589 0.00141922
7.38179e-10 0.00145075 0.00141167
7.3828e-10 0.00144565 0.00140415
7.38381e-10 0.00144059 0.00139665
7.38483e-10 0.00143556 0.00138917
7.38584e-10 0.00143057 0.00138172
7.38685e-10 0.00142562 0.0013743
7.38786e-10 0.0014207 0.0013669
7.38888e-10 0.00141582 0.00135953
7.38989e-10 0.00141098 0.00135218
7.3909e-10 0.00140617 0.00134485
7.39192e-10 0.00140139 0.00133755
7.39293e-10 0.00139665 0.00133028
7.39394e-10 0.00139195 0.00132302
7.39495e-10 0.00138728 0.0013158
7.39597e-10 0.00138264 0.00130859
7.39698e-10 0.00137804 0.00130142
7.39799e-10 0.00137346 0.00129426
7.399e-10 0.00136893 0.00128713
7.40002e-10 0.00136442 0.00128003
7.40103e-10 0.00135995 0.00127295
7.40204e-10 0.0013555 0.00126589
7.40305e-10 0.00135109 0.00125886
7.40407e-10 0.00134672 0.00125185
7.40508e-10 0.00134237 0.00124486
7.40609e-10 0.00133805 0.0012379
7.40711e-10 0.00133376 0.00123097
7.40812e-10 0.00132951 0.00122405
7.40913e-10 0.00132528 0.00121717
7.41014e-10 0.00132109 0.0012103
7.41116e-10 0.00131692 0.00120346
7.41217e-10 0.00131278 0.00119664
7.41318e-10 0.00130867 0.00118985
7.41419e-10 0.0013046 0.00118308
7.41521e-10 0.00130054 0.00117633
7.41622e-10 0.00129652 0.00116961
7.41723e-10 0.00129253 0.00116291
7.41825e-10 0.00128856 0.00115624
7.41926e-10 0.00128462 0.00114958
7.42027e-10 0.00128071 0.00114295
7.42128e-10 0.00127682 0.00113635
7.4223e-10 0.00127297 0.00112977
7.42331e-10 0.00126914 0.00112321
7.42432e-10 0.00126533 0.00111667
7.42533e-10 0.00126155 0.00111016
7.42635e-10 0.0012578 0.00110367
7.42736e-10 0.00125407 0.0010972
7.42837e-10 0.00125037 0.00109076
7.42939e-10 0.0012467 0.00108434
7.4304e-10 0.00124305 0.00107794
7.43141e-10 0.00123942 0.00107156
7.43242e-10 0.00123582 0.00106521
7.43344e-10 0.00123225 0.00105888
7.43445e-10 0.00122869 0.00105257
7.43546e-10 0.00122517 0.00104629
7.43647e-10 0.00122166 0.00104003
7.43749e-10 0.00121819 0.00103379
7.4385e-10 0.00121473 0.00102757
7.43951e-10 0.0012113 0.00102137
7.44052e-10 0.00120789 0.0010152
7.44154e-10 0.0012045 0.00100905
7.44255e-10 0.00120114 0.00100292
7.44356e-10 0.0011978 0.000996813
7.44458e-10 0.00119448 0.000990729
7.44559e-10 0.00119119 0.000984666
7.4466e-10 0.00118792 0.000978625
7.44761e-10 0.00118467 0.000972607
7.44863e-10 0.00118144 0.00096661
7.44964e-10 0.00117823 0.000960635
7.45065e-10 0.00117505 0.000954681
7.45166e-10 0.00117188 0.000948749
7.45268e-10 0.00116874 0.000942839
7.45369e-10 0.00116562 0.000936951
7.4547e-10 0.00116252 0.000931083
7.45572e-10 0.00115944 0.000925238
7.45673e-10 0.00115639 0.000919413
7.45774e-10 0.00115335 0.00091361
7.45875e-10 0.00115033 0.000907828
7.45977e-10 0.00114733 0.000902068
7.46078e-10 0.00114436 0.000896328
7.46179e-10 0.0011414 0.00089061
7.4628e-10 0.00113846 0.000884912
7.46382e-10 0.00113555 0.000879236
7.46483e-10 0.00113265 0.00087358
7.46584e-10 0.00112977 0.000867945
7.46686e-10 0.00112692 0.000862332
7.46787e-10 0.00112408 0.000856738
7.46888e-10 0.00112126 0.000851166
7.46989e-10 0.00111846 0.000845614
7.47091e-10 0.00111567 0.000840083
7.47192e-10 0.00111291 0.000834572
7.47293e-10 0.00111017 0.000829082
7.47394e-10 0.00110744 0.000823612
7.47496e-10 0.00110473 0.000818162
7.47597e-10 0.00110204 0.000812733
7.47698e-10 0.00109937 0.000807324
7.47799e-10 0.00109672 0.000801935
7.47901e-10 0.00109408 0.000796566
7.48002e-10 0.00109147 0.000791218
7.48103e-10 0.00108887 0.000785889
7.48205e-10 0.00108628 0.000780581
7.48306e-10 0.00108372 0.000775292
7.48407e-10 0.00108117 0.000770023
7.48508e-10 0.00107864 0.000764774
7.4861e-10 0.00107613 0.000759545
7.48711e-10 0.00107364 0.000754335
7.48812e-10 0.00107116 0.000749145
7.48913e-10 0.0010687 0.000743975
7.49015e-10 0.00106625 0.000738824
7.49116e-10 0.00106382 0.000733693
7.49217e-10 0.00106141 0.000728581
7.49319e-10 0.00105902 0.000723488
7.4942e-10 0.00105664 0.000718415
7.49521e-10 0.00105428 0.000713361
7.49622e-10 0.00105193 0.000708326
7.49724e-10 0.0010496 0.000703311
7.49825e-10 0.00104729 0.000698314
7.49926e-10 0.00104499 0.000693337
7.50027e-10 0.00104271 0.000688379
7.50129e-10 0.00104045 0.00068344
7.5023e-10 0.0010382 0.000678519
7.50331e-10 0.00103596 0.000673618
7.50433e-10 0.00103374 0.000668735
7.50534e-10 0.00103154 0.000663872
7.50635e-10 0.00102935 0.000659026
7.50736e-10 0.00102718 0.0006542
7.50838e-10 0.00102503 0.000649392
7.50939e-10 0.00102289 0.000644603
7.5104e-10 0.00102076 0.000639833
7.51141e-10 0.00101865 0.00063508
7.51243e-10 0.00101655 0.000630347
7.51344e-10 0.00101447 0.000625632
7.51445e-10 0.00101241 0.000620935
7.51546e-10 0.00101035 0.000616256
7.51648e-10 0.00100832 0.000611596
7.51749e-10 0.0010063 0.000606954
7.5185e-10 0.00100429 0.00060233
7.51952e-10 0.0010023 0.000597725
7.52053e-10 0.00100032 0.000593137
7.52154e-10 0.000998355 0.000588568
7.52255e-10 0.000996406 0.000584016
7.52357e-10 0.000994471 0.000579483
7.52458e-10 0.000992551 0.000574967
7.52559e-10 0.000990644 0.000570469
7.5266e-10 0.000988752 0.00056599
7.52762e-10 0.000986874 0.000561528
7.52863e-10 0.00098501 0.000557083
7.52964e-10 0.00098316 0.000552657
7.53066e-10 0.000981324 0.000548248
7.53167e-10 0.000979502 0.000543857
7.53268e-10 0.000977694 0.000539484
7.53369e-10 0.000975899 0.000535128
7.53471e-10 0.000974118 0.000530789
7.53572e-10 0.000972351 0.000526469
7.53673e-10 0.000970598 0.000522165
7.53774e-10 0.000968858 0.000517879
7.53876e-10 0.000967131 0.000513611
7.53977e-10 0.000965419 0.00050936
7.54078e-10 0.000963719 0.000505126
7.54179e-10 0.000962033 0.000500909
7.54281e-10 0.000960361 0.00049671
7.54382e-10 0.000958701 0.000492528
7.54483e-10 0.000957055 0.000488363
7.54585e-10 0.000955423 0.000484216
7.54686e-10 0.000953803 0.000480085
7.54787e-10 0.000952197 0.000475972
7.54888e-10 0.000950603 0.000471875
7.5499e-10 0.000949023 0.000467796
7.55091e-10 0.000947456 0.000463734
7.55192e-10 0.000945902 0.000459689
7.55293e-10 0.000944361 0.00045566
7.55395e-10 0.000942833 0.000451649
7.55496e-10 0.000941317 0.000447655
7.55597e-10 0.000939815 0.000443677
7.55699e-10 0.000938325 0.000439716
7.558e-10 0.000936848 0.000435772
7.55901e-10 0.000935384 0.000431845
7.56002e-10 0.000933933 0.000427935
7.56104e-10 0.000932495 0.000424041
7.56205e-10 0.000931069 0.000420165
7.56306e-10 0.000929655 0.000416304
7.56407e-10 0.000928255 0.000412461
7.56509e-10 0.000926867 0.000408634
7.5661e-10 0.000925491 0.000404824
7.56711e-10 0.000924128 0.00040103
7.56813e-10 0.000922778 0.000397253
7.56914e-10 0.00092144 0.000393493
7.57015e-10 0.000920114 0.000389749
7.57116e-10 0.000918801 0.000386022
7.57218e-10 0.0009175 0.000382311
7.57319e-10 0.000916212 0.000378617
7.5742e-10 0.000914936 0.000374939
7.57521e-10 0.000913672 0.000371278
7.57623e-10 0.000912421 0.000367633
7.57724e-10 0.000911182 0.000364005
7.57825e-10 0.000909955 0.000360393
7.57926e-10 0.000908741 0.000356797
7.58028e-10 0.000907539 0.000353218
7.58129e-10 0.000906349 0.000349655
7.5823e-10 0.000905171 0.000346109
7.58332e-10 0.000904005 0.000342579
7.58433e-10 0.000902851 0.000339065
7.58534e-10 0.00090171 0.000335568
7.58635e-10 0.000900581 0.000332087
7.58737e-10 0.000899464 0.000328622
7.58838e-10 0.000898359 0.000325174
7.58939e-10 0.000897266 0.000321741
7.5904e-10 0.000896185 0.000318326
7.59142e-10 0.000895116 0.000314926
7.59243e-10 0.000894059 0.000311543
7.59344e-10 0.000893014 0.000308176
7.59446e-10 0.000891982 0.000304825
7.59547e-10 0.000890961 0.000301491
7.59648e-10 0.000889952 0.000298173
7.59749e-10 0.000888955 0.000294871
7.59851e-10 0.00088797 0.000291586
7.59952e-10 0.000886998 0.000288316
7.60053e-10 0.000886037 0.000285063
7.60154e-10 0.000885088 0.000281826
7.60256e-10 0.000884151 0.000278606
7.60357e-10 0.000883225 0.000275402
7.60458e-10 0.000882312 0.000272214
7.6056e-10 0.000881411 0.000269042
7.60661e-10 0.000880521 0.000265887
7.60762e-10 0.000879644 0.000262748
7.60863e-10 0.000878778 0.000259625
7.60965e-10 0.000877924 0.000256518
7.61066e-10 0.000877083 0.000253428
7.61167e-10 0.000876253 0.000250354
7.61268e-10 0.000875434 0.000247297
7.6137e-10 0.000874628 0.000244256
7.61471e-10 0.000873834 0.000241231
7.61572e-10 0.000873051 0.000238222
7.61673e-10 0.00087228 0.00023523
7.61775e-10 0.000871522 0.000232254
7.61876e-10 0.000870775 0.000229295
7.61977e-10 0.000870039 0.000226352
7.62079e-10 0.000869316 0.000223426
7.6218e-10 0.000868605 0.000220515
7.62281e-10 0.000867905 0.000217622
7.62382e-10 0.000867217 0.000214745
7.62484e-10 0.000866541 0.000211884
7.62585e-10 0.000865877 0.00020904
7.62686e-10 0.000865225 0.000206212
7.62787e-10 0.000864585 0.000203401
7.62889e-10 0.000863956 0.000200607
7.6299e-10 0.00086334 0.000197829
7.63091e-10 0.000862735 0.000195067
7.63193e-10 0.000862142 0.000192323
7.63294e-10 0.000861561 0.000189595
7.63395e-10 0.000860992 0.000186884
7.63496e-10 0.000860435 0.000184189
7.63598e-10 0.000859889 0.000181511
7.63699e-10 0.000859356 0.00017885
7.638e-10 0.000858834 0.000176206
7.63901e-10 0.000858325 0.000173579
7.64003e-10 0.000857827 0.000170968
7.64104e-10 0.000857341 0.000168375
7.64205e-10 0.000856867 0.000165798
7.64307e-10 0.000856405 0.000163238
7.64408e-10 0.000855955 0.000160696
7.64509e-10 0.000855517 0.00015817
7.6461e-10 0.000855091 0.000155662
7.64712e-10 0.000854677 0.00015317
7.64813e-10 0.000854274 0.000150696
7.64914e-10 0.000853884 0.000148239
7.65015e-10 0.000853506 0.000145799
7.65117e-10 0.00085314 0.000143377
7.65218e-10 0.000852786 0.000140971
7.65319e-10 0.000852443 0.000138584
7.6542e-10 0.000852113 0.000136213
7.65522e-10 0.000851795 0.00013386
7.65623e-10 0.000851489 0.000131525
7.65724e-10 0.000851195 0.000129207
7.65826e-10 0.000850914 0.000126907
7.65927e-10 0.000850644 0.000124624
7.66028e-10 0.000850386 0.00012236
7.66129e-10 0.000850141 0.000120113
7.66231e-10 0.000849907 0.000117883
7.66332e-10 0.000849686 0.000115672
7.66433e-10 0.000849477 0.000113478
7.66534e-10 0.000849281 0.000111303
7.66636e-10 0.000849096 0.000109146
7.66737e-10 0.000848924 0.000107006
7.66838e-10 0.000848763 0.000104885
7.6694e-10 0.000848616 0.000102782
7.67041e-10 0.00084848 0.000100698
7.67142e-10 0.000848357 9.86316e-05
7.67243e-10 0.000848246 9.65838e-05
7.67345e-10 0.000848147 9.45545e-05
7.67446e-10 0.000848061 9.25438e-05
7.67547e-10 0.000847987 9.05517e-05
7.67648e-10 0.000847925 8.85783e-05
7.6775e-10 0.000847876 8.66237e-05
7.67851e-10 0.000847839 8.46879e-05
7.67952e-10 0.000847815 8.2771e-05
7.68053e-10 0.000847803 8.08731e-05
7.68155e-10 0.000847803 7.89944e-05
7.68256e-10 0.000847817 7.71347e-05
7.68357e-10 0.000847842 7.52943e-05
7.68459e-10 0.00084788 7.34732e-05
7.6856e-10 0.000847931 7.16715e-05
7.68661e-10 0.000847994 6.98893e-05
7.68762e-10 0.00084807 6.81266e-05
7.68864e-10 0.000848159 6.63836e-05
7.68965e-10 0.00084826 6.46603e-05
7.69066e-10 0.000848374 6.29568e-05
7.69167e-10 0.0008485 6.12733e-05
7.69269e-10 0.00084864 5.96097e-05
7.6937e-10 0.000848792 5.79663e-05
7.69471e-10 0.000848956 5.6343e-05
7.69573e-10 0.000849134 5.47401e-05
7.69674e-10 0.000849324 5.31575e-05
7.69775e-10 0.000849528 5.15954e-05
7.69876e-10 0.000849744 5.00539e-05
7.69978e-10 0.000849973 4.85331e-05
7.70079e-10 0.000850215 4.70331e-05
7.7018e-10 0.00085047 4.55539e-05
7.70281e-10 0.000850737 4.40958e-05
7.70383e-10 0.000851018 4.26588e-05
7.70484e-10 0.000851312 4.1243e-05
7.70585e-10 0.000851619 3.98485e-05
7.70687e-10 0.000851939 3.84755e-05
7.70788e-10 0.000852272 3.71241e-05
7.70889e-10 0.000852618 3.57943e-05
7.7099e-10 0.000852978 3.44863e-05
7.71092e-10 0.00085335 3.32003e-05
7.71193e-10 0.000853736 3.19362e-05
7.71294e-10 0.000854135 3.06943e-05
7.71395e-10 0.000854548 2.94747e-05
7.71497e-10 0.000854973 2.82776e-05
7.71598e-10 0.000855412 2.71029e-05
7.71699e-10 0.000855864 2.59509e-05
7.718e-10 0.00085633 2.48217e-05
7.71902e-10 0.000856809 2.37154e-05
7.72003e-10 0.000857302 2.26322e-05
7.72104e-10 0.000857808 2.15722e-05
7.72206e-10 0.000858328 2.05356e-05
7.72307e-10 0.000858861 1.95224e-05
7.72408e-10 0.000859408 1.85328e-05
7.72509e-10 0.000859968 1.7567e-05
7.72611e-10 0.000860542 1.66251e-05
7.72712e-10 0.00086113 1.57073e-05
7.72813e-10 0.000861731 1.48137e-05
7.72914e-10 0.000862347 1.39444e-05
7.73016e-10 0.000862976 1.30997e-05
7.73117e-10 0.000863618 1.22796e-05
7.73218e-10 0.000864275 1.14844e-05
7.7332e-10 0.000864946 1.07141e-05
7.73421e-10 0.00086563 9.96903e-06
7.73522e-10 0.000866328 9.24924e-06
7.73623e-10 0.000867041 8.55493e-06
7.73725e-10 0.000867767 7.88628e-06
7.73826e-10 0.000868508 7.24344e-06
7.73927e-10 0.000869262 6.62659e-06
7.74028e-10 0.000870031 6.0359e-06
7.7413e-10 0.000870814 5.47156e-06
7.74231e-10 0.000871611 4.93374e-06
7.74332e-10 0.000872422 4.42262e-06
7.74434e-10 0.000873247 3.93839e-06
7.74535e-10 0.000874087 3.48123e-06
7.74636e-10 0.000874941 3.05133e-06
7.74737e-10 0.00087581 2.64887e-06
7.74839e-10 0.000876693 2.27406e-06
7.7494e-10 0.00087759 1.92709e-06
7.75041e-10 0.000878502 1.60815e-06
7.75142e-10 0.000879429 1.31744e-06
7.75244e-10 0.00088037 1.05517e-06
7.75345e-10 0.000881325 8.21534e-07
7.75446e-10 0.000882296 6.16749e-07
7.75547e-10 0.000883281 4.41021e-07
7.75649e-10 0.00088428 2.94562e-07
7.7575e-10 0.000885295 1.77587e-07
7.75851e-10 0.000886324 9.03119e-08
7.75953e-10 0.000887368 3.29573e-08
7.76054e-10 0.000888427 5.74532e-09
7.76155e-10 0.000889501 8.90107e-09
7.76256e-10 0.00089059 4.26522e-08
7.76358e-10 0.000891694 1.07229e-07
7.76459e-10 0.000892813 2.02865e-07
7.7656e-10 0.000893947 3.29795e-07
7.76661e-10 0.000895096 4.88259e-07
7.76763e-10 0.00089626 6.78498e-07
7.76864e-10 0.000897439 9.00756e-07
7.76965e-10 0.000898634 1.15528e-06
7.77067e-10 0.000899844 1.44232e-06
7.77168e-10 0.000901069 1.76213e-06
7.77269e-10 0.00090231 2.11497e-06
7.7737e-10 0.000903566 2.50109e-06
7.77472e-10 0.000904838 2.92075e-06
7.77573e-10 0.000906125 3.37423e-06
7.77674e-10 0.000907427 3.86178e-06
7.77775e-10 0.000908745 4.38369e-06
7.77877e-10 0.000910079 4.94022e-06
7.77978e-10 0.000911429 5.53165e-06
7.78079e-10 0.000912794 6.15826e-06
7.78181e-10 0.000914175 6.82035e-06
7.78282e-10 0.000915571 7.51818e-06
7.78383e-10 0.000916984 8.25206e-06
7.78484e-10 0.000918412 9.02227e-06
7.78586e-10 0.000919857 9.82912e-06
7.78687e-10 0.000921317 1.06729e-05
7.78788e-10 0.000922793 1.15539e-05
7.78889e-10 0.000924286 1.24725e-05
7.78991e-10 0.000925794 1.34289e-05
7.79092e-10 0.000927319 1.44235e-05
7.79193e-10 0.00092886 1.54566e-05
7.79294e-10 0.000930417 1.65285e-05
7.79396e-10 0.00093199 1.76396e-05
7.79497e-10 0.000933579 1.87901e-05
7.79598e-10 0.000935185 1.99804e-05
7.797e-10 0.000936808 2.12108e-05
7.79801e-10 0.000938447 2.24817e-05
7.79902e-10 0.000940102 2.37935e-05
7.80003e-10 0.000941774 2.51464e-05
7.80105e-10 0.000943462 2.65408e-05
7.80206e-10 0.000945167 2.79771e-05
7.80307e-10 0.000946889 2.94556e-05
7.80408e-10 0.000948628 3.09767e-05
7.8051e-10 0.000950383 3.25408e-05
7.80611e-10 0.000952155 3.41483e-05
7.80712e-10 0.000953944 3.57994e-05
7.80814e-10 0.00095575 3.74947e-05
7.80915e-10 0.000957573 3.92344e-05
7.81016e-10 0.000959412 4.1019e-05
7.81117e-10 0.000961269 4.28489e-05
7.81219e-10 0.000963143 4.47244e-05
7.8132e-10 0.000965034 4.6646e-05
7.81421e-10 0.000966942 4.8614e-05
7.81522e-10 0.000968868 5.0629e-05
7.81624e-10 0.00097081 5.26912e-05
7.81725e-10 0.00097277 5.48012e-05
7.81826e-10 0.000974747 5.69593e-05
7.81928e-10 0.000976742 5.9166e-05
7.82029e-10 0.000978754 6.14216e-05
7.8213e-10 0.000980784 6.37268e-05
7.82231e-10 0.000982831 6.60818e-05
7.82333e-10 0.000984896 6.84872e-05
7.82434e-10 0.000986978 7.09433e-05
7.82535e-10 0.000989078 7.34507e-05
7.82636e-10 0.000991196 7.60099e-05
7.82738e-10 0.000993332 7.86212e-05
7.82839e-10 0.000995485 8.12852e-05
7.8294e-10 0.000997656 8.40023e-05
7.83041e-10 0.000999845 8.67731e-05
7.83143e-10 0.00100205 8.9598e-05
7.83244e-10 0.00100428 9.24775e-05
7.83345e-10 0.00100652 9.54121e-05
7.83447e-10 0.00100878 9.84024e-05
7.83548e-10 0.00101106 0.000101449
7.83649e-10 0.00101336 0.000104552
7.8375e-10 0.00101567 0.000107712
7.83852e-10 0.00101801 0.00011093
7.83953e-10 0.00102036 0.000114206
7.84054e-10 0.00102273 0.000117541
7.84155e-10 0.00102512 0.000120936
7.84257e-10 0.00102753 0.00012439
7.84358e-10 0.00102995 0.000127904
7.84459e-10 0.0010324 0.00013148
7.84561e-10 0.00103486 0.000135117
7.84662e-10 0.00103734 0.000138817
7.84763e-10 0.00103984 0.000142579
7.84864e-10 0.00104236 0.000146405
7.84966e-10 0.0010449 0.000150294
7.85067e-10 0.00104745 0.000154248
7.85168e-10 0.00105003 0.000158267
7.85269e-10 0.00105262 0.000162352
7.85371e-10 0.00105523 0.000166504
7.85472e-10 0.00105786 0.000170722
7.85573e-10 0.00106052 0.000175008
7.85674e-10 0.00106318 0.000179363
7.85776e-10 0.00106587 0.000183786
7.85877e-10 0.00106858 0.000188279
7.85978e-10 0.00107131 0.000192843
7.8608e-10 0.00107405 0.000197477
7.86181e-10 0.00107682 0.000202183
7.86282e-10 0.0010796 0.000206961
7.86383e-10 0.00108241 0.000211813
7.86485e-10 0.00108523 0.000216738
7.86586e-10 0.00108807 0.000221737
7.86687e-10 0.00109093 0.000226812
7.86788e-10 0.00109381 0.000231963
7.8689e-10 0.00109671 0.00023719
7.86991e-10 0.00109963 0.000242495
7.87092e-10 0.00110257 0.000247878
7.87194e-10 0.00110553 0.00025334
7.87295e-10 0.00110851 0.000258881
7.87396e-10 0.00111151 0.000264503
7.87497e-10 0.00111453 0.000270206
7.87599e-10 0.00111757 0.000275992
7.877e-10 0.00112062 0.00028186
7.87801e-10 0.0011237 0.000287812
7.87902e-10 0.0011268 0.000293848
7.88004e-10 0.00112991 0.000299969
7.88105e-10 0.00113305 0.000306177
7.88206e-10 0.00113621 0.000312472
7.88308e-10 0.00113938 0.000318854
7.88409e-10 0.00114258 0.000325325
7.8851e-10 0.00114579 0.000331886
7.88611e-10 0.00114903 0.000338538
7.88713e-10 0.00115229 0.000345281
7.88814e-10 0.00115556 0.000352116
7.88915e-10 0.00115886 0.000359044
7.89016e-10 0.00116218 0.000366066
7.89118e-10 0.00116551 0.000373184
7.89219e-10 0.00116887 0.000380397
7.8932e-10 0.00117224 0.000387708
7.89421e-10 0.00117564 0.000395116
7.89523e-10 0.00117906 0.000402624
7.89624e-10 0.0011825 0.000410231
7.89725e-10 0.00118595 0.000417939
7.89827e-10 0.00118943 0.00042575
7.89928e-10 0.00119293 0.000433663
7.90029e-10 0.00119645 0.00044168
7.9013e-10 0.00119998 0.000449802
7.90232e-10 0.00120354 0.000458031
7.90333e-10 0.00120712 0.000466366
7.90434e-10 0.00121072 0.00047481
7.90535e-10 0.00121434 0.000483363
7.90637e-10 0.00121798 0.000492027
7.90738e-10 0.00122164 0.000500802
7.90839e-10 0.00122532 0.00050969
7.90941e-10 0.00122902 0.000518692
7.91042e-10 0.00123275 0.000527808
7.91143e-10 0.00123649 0.000537041
7.91244e-10 0.00124025 0.000546392
7.91346e-10 0.00124403 0.00055586
7.91447e-10 0.00124784 0.000565449
7.91548e-10 0.00125166 0.000575159
7.91649e-10 0.0012555 0.000584991
7.91751e-10 0.00125937 0.000594946
7.91852e-10 0.00126325 0.000605026
7.91953e-10 0.00126716 0.000615232
7.92055e-10 0.00127108 0.000625565
7.92156e-10 0.00127503 0.000636027
7.92257e-10 0.00127899 0.000646619
7.92358e-10 0.00128298 0.000657342
7.9246e-10 0.00128699 0.000668198
7.92561e-10 0.00129101 0.000679188
7.92662e-10 0.00129506 0.000690313
7.92763e-10 0.00129913 0.000701575
7.92865e-10 0.00130322 0.000712975
7.92966e-10 0.00130732 0.000724514
7.93067e-10 0.00131145 0.000736195
7.93168e-10 0.0013156 0.000748018
7.9327e-10 0.00131977 0.000759985
7.93371e-10 0.00132396 0.000772098
7.93472e-10 0.00132817 0.000784357
7.93574e-10 0.0013324 0.000796765
7.93675e-10 0.00133665 0.000809323
7.93776e-10 0.00134092 0.000822033
7.93877e-10 0.00134521 0.000834896
7.93979e-10 0.00134952 0.000847914
7.9408e-10 0.00135384 0.000861088
7.94181e-10 0.00135819 0.00087442
7.94282e-10 0.00136256 0.000887911
7.94384e-10 0.00136695 0.000901564
7.94485e-10 0.00137136 0.00091538
7.94586e-10 0.00137579 0.000929361
7.94688e-10 0.00138024 0.000943508
7.94789e-10 0.0013847 0.000957823
7.9489e-10 0.00138919 0.000972309
7.94991e-10 0.0013937 0.000986966
7.95093e-10 0.00139822 0.0010018
7.95194e-10 0.00140277 0.0010168
7.95295e-10 0.00140733 0.00103199
7.95396e-10 0.00141192 0.00104735
7.95498e-10 0.00141652 0.00106289
7.95599e-10 0.00142114 0.00107862
7.957e-10 0.00142578 0.00109453
7.95802e-10 0.00143045 0.00111063
7.95903e-10 0.00143512 0.00112691
7.96004e-10 0.00143982 0.00114339
7.96105e-10 0.00144454 0.00116006
7.96207e-10 0.00144928 0.00117692
7.96308e-10 0.00145403 0.00119398
7.96409e-10 0.0014588 0.00121124
7.9651e-10 0.00146359 0.00122871
7.96612e-10 0.0014684 0.00124637
7.96713e-10 0.00147323 0.00126424
7.96814e-10 0.00147808 0.00128232
7.96915e-10 0.00148294 0.0013006
7.97017e-10 0.00148782 0.0013191
7.97118e-10 0.00149272 0.00133782
7.97219e-10 0.00149764 0.00135675
7.97321e-10 0.00150257 0.00137589
7.97422e-10 0.00150752 0.00139526
7.97523e-10 0.00151249 0.00141486
7.97624e-10 0.00151748 0.00143468
7.97726e-10 0.00152248 0.00145472
7.97827e-10 0.0015275 0.001475
7.97928e-10 0.00153254 0.00149551
7.98029e-10 0.00153759 0.00151626
7.98131e-10 0.00154266 0.00153724
7.98232e-10 0.00154775 0.00155847
7.98333e-10 0.00155285 0.00157994
7.98435e-10 0.00155797 0.00160166
7.98536e-10 0.0015631 0.00162362
7.98637e-10 0.00156825 0.00164583
7.98738e-10 0.00157342 0.0016683
7.9884e-10 0.0015786 0.00169103
7.98941e-10 0.0015838 0.00171402
7.99042e-10 0.00158901 0.00173726
7.99143e-10 0.00159423 0.00176078
7.99245e-10 0.00159948 0.00178456
7.99346e-10 0.00160473 0.00180861
7.99447e-10 0.00161 0.00183293
7.99548e-10 0.00161528 0.00185754
7.9965e-10 0.00162058 0.00188242
7.99751e-10 0.00162589 0.00190759
7.99852e-10 0.00163122 0.00193304
7.99954e-10 0.00163656 0.00195878
8.00055e-10 0.00164191 0.00198481
8.00156e-10 0.00164727 0.00201114
8.00257e-10 0.00165265 0.00203776
8.00359e-10 0.00165804 0.00206469
8.0046e-10 0.00166344 0.00209192
8.00561e-10 0.00166885 0.00211946
8.00662e-10 0.00167427 0.00214732
8.00764e-10 0.00167971 0.00217549
8.00865e-10 0.00168516 0.00220397
8.00966e-10 0.00169061 0.00223278
8.01068e-10 0.00169608 0.00226192
8.01169e-10 0.00170156 0.00229138
8.0127e-10 0.00170705 0.00232118
8.01371e-10 0.00171255 0.00235131
8.01473e-10 0.00171806 0.00238178
8.01574e-10 0.00172357 0.0024126
8.01675e-10 0.0017291 0.00244376
8.01776e-10 0.00173463 0.00247528
8.01878e-10 0.00174017 0.00250715
8.01979e-10 0.00174572 0.00253938
8.0208e-10 0.00175128 0.00257197
8.02182e-10 0.00175685 0.00260493
8.02283e-10 0.00176242 0.00263826
8.02384e-10 0.001768 0.00267196
8.02485e-10 0.00177358 0.00270605
8.02587e-10 0.00177917 0.00274052
8.02688e-10 0.00178477 0.00277537
8.02789e-10 0.00179037 0.00281062
8.0289e-10 0.00179597 0.00284627
8.02992e-10 0.00180158 0.00288231
8.03093e-10 0.0018072 0.00291876
8.03194e-10 0.00181282 0.00295562
8.03295e-10 0.00181844 0.00299289
8.03397e-10 0.00182406 0.00303058
8.03498e-10 0.00182968 0.0030687
8.03599e-10 0.00183531 0.00310724
8.03701e-10 0.00184094 0.00314622
8.03802e-10 0.00184657 0.00318563
8.03903e-10 0.0018522 0.00322549
8.04004e-10 0.00185783 0.00326579
8.04106e-10 0.00186346 0.00330655
8.04207e-10 0.00186909 0.00334776
8.04308e-10 0.00187472 0.00338943
8.04409e-10 0.00188035 0.00343157
8.04511e-10 0.00188597 0.00347419
8.04612e-10 0.00189159 0.00351728
8.04713e-10 0.00189721 0.00356086
8.04815e-10 0.00190282 0.00360492
8.04916e-10 0.00190843 0.00364948
8.05017e-10 0.00191404 0.00369454
8.05118e-10 0.00191964 0.0037401
8.0522e-10 0.00192523 0.00378617
8.05321e-10 0.00193082 0.00383276
8.05422e-10 0.00193639 0.00387987
8.05523e-10 0.00194197 0.00392751
8.05625e-10 0.00194753 0.00397569
8.05726e-10 0.00195308 0.0040244
8.05827e-10 0.00195863 0.00407366
8.05929e-10 0.00196416 0.00412347
8.0603e-10 0.00196969 0.00417384
8.06131e-10 0.0019752 0.00422477
8.06232e-10 0.0019807 0.00427628
8.06334e-10 0.00198619 0.00432836
8.06435e-10 0.00199166 0.00438102
8.06536e-10 0.00199712 0.00443428
8.06637e-10 0.00200257 0.00448813
8.06739e-10 0.002008 0.00454259
8.0684e-10 0.00201341 0.00459765
8.06941e-10 0.00201881 0.00465333
8.07042e-10 0.00202419 0.00470964
8.07144e-10 0.00202955 0.00476658
8.07245e-10 0.00203489 0.00482415
8.07346e-10 0.00204022 0.00488238
8.07448e-10 0.00204552 0.00494125
8.07549e-10 0.0020508 0.00500078
8.0765e-10 0.00205606 0.00506098
8.07751e-10 0.00206129 0.00512186
8.07853e-10 0.0020665 0.00518342
8.07954e-10 0.00207169 0.00524566
8.08055e-10 0.00207685 0.00530861
8.08156e-10 0.00208199 0.00537226
8.08258e-10 0.00208709 0.00543662
8.08359e-10 0.00209217 0.00550171
8.0846e-10 0.00209722 0.00556753
8.08562e-10 0.00210225 0.00563408
8.08663e-10 0.00210724 0.00570138
8.08764e-10 0.00211219 0.00576944
8.08865e-10 0.00211712 0.00583826
8.08967e-10 0.00212201 0.00590785
8.09068e-10 0.00212687 0.00597822
8.09169e-10 0.00213169 0.00604938
8.0927e-10 0.00213648 0.00612134
8.09372e-10 0.00214123 0.00619411
8.09473e-10 0.00214594 0.00626769
8.09574e-10 0.00215061 0.0063421
8.09676e-10 0.00215524 0.00641735
8.09777e-10 0.00215983 0.00649344
8.09878e-10 0.00216437 0.00657038
8.09979e-10 0.00216887 0.00664819
8.10081e-10 0.00217333 0.00672687
8.10182e-10 0.00217774 0.00680643
8.10283e-10 0.00218211 0.00688689
8.10384e-10 0.00218642 0.00696825
8.10486e-10 0.00219069 0.00705053
8.10587e-10 0.00219491 0.00713373
8.10688e-10 0.00219907 0.00721786
8.10789e-10 0.00220318 0.00730294
8.10891e-10 0.00220724 0.00738897
8.10992e-10 0.00221125 0.00747598
8.11093e-10 0.00221519 0.00756396
8.11195e-10 0.00221908 0.00765292
8.11296e-10 0.00222291 0.00774289
8.11397e-10 0.00222668 0.00783387
8.11498e-10 0.00223039 0.00792587
8.116e-10 0.00223404 0.00801891
8.11701e-10 0.00223762 0.00811299
8.11802e-10 0.00224114 0.00820813
8.11903e-10 0.00224459 0.00830434
8.12005e-10 0.00224797 0.00840164
8.12106e-10 0.00225128 0.00850002
8.12207e-10 0.00225452 0.00859952
8.12309e-10 0.00225769 0.00870013
8.1241e-10 0.00226079 0.00880187
8.12511e-10 0.00226381 0.00890476
8.12612e-10 0.00226676 0.00900881
8.12714e-10 0.00226962 0.00911403
8.12815e-10 0.00227241 0.00922043
8.12916e-10 0.00227512 0.00932803
8.13017e-10 0.00227775 0.00943683
8.13119e-10 0.00228029 0.00954687
8.1322e-10 0.00228274 0.00965814
8.13321e-10 0.00228511 0.00977067
8.13422e-10 0.00228739 0.00988446
8.13524e-10 0.00228959 0.00999953
8.13625e-10 0.00229169 0.0101159
8.13726e-10 0.00229369 0.0102336
8.13828e-10 0.0022956 0.0103526
8.13929e-10 0.00229742 0.0104729
8.1403e-10 0.00229914 0.0105946
8.14131e-10 0.00230076 0.0107177
8.14233e-10 0.00230228 0.0108421
8.14334e-10 0.00230369 0.010968
8.14435e-10 0.002305 0.0110953
8.14536e-10 0.00230621 0.011224
8.14638e-10 0.0023073 0.0113541
8.14739e-10 0.00230829 0.0114857
8.1484e-10 0.00230917 0.0116188
8.14942e-10 0.00230993 0.0117534
8.15043e-10 0.00231058 0.0118895
8.15144e-10 0.00231111 0.0120272
8.15245e-10 0.00231153 0.0121664
8.15347e-10 0.00231182 0.0123071
8.15448e-10 0.00231199 0.0124495
8.15549e-10 0.00231204 0.0125934
8.1565e-10 0.00231196 0.012739
8.15752e-10 0.00231176 0.0128862
8.15853e-10 0.00231143 0.0130351
8.15954e-10 0.00231096 0.0131856
8.16056e-10 0.00231037 0.0133378
8.16157e-10 0.00230964 0.0134918
8.16258e-10 0.00230877 0.0136475
8.16359e-10 0.00230776 0.0138049
8.16461e-10 0.00230662 0.0139641
8.16562e-10 0.00230533 0.0141251
8.16663e-10 0.0023039 0.0142879
8.16764e-10 0.00230232 0.0144525
8.16866e-10 0.0023006 0.014619
8.16967e-10 0.00229873 0.0147873
8.17068e-10 0.0022967 0.0149576
8.17169e-10 0.00229452 0.0151297
8.17271e-10 0.00229219 0.0153038
8.17372e-10 0.0022897 0.0154798
8.17473e-10 0.00228705 0.0156578
8.17575e-10 0.00228424 0.0158379
8.17676e-10 0.00228127 0.0160199
8.17777e-10 0.00227813 0.016204
8.17878e-10 0.00227482 0.0163901
8.1798e-10 0.00227135 0.0165783
8.18081e-10 0.00226771 0.0167687
8.18182e-10 0.00226389 0.0169611
8.18283e-10 0.0022599 0.0171557
8.18385e-10 0.00225574 0.0173525
8.18486e-10 0.00225139 0.0175516
8.18587e-10 0.00224687 0.0177528
8.18689e-10 0.00224217 0.0179563
8.1879e-10 0.00223728 0.018162
8.18891e-10 0.0022322 0.0183701
8.18992e-10 0.00222694 0.0185805
8.19094e-10 0.00222149 0.0187932
8.19195e-10 0.00221585 0.0190083
8.19296e-10 0.00221002 0.0192258
8.19397e-10 0.00220399 0.0194457
8.19499e-10 0.00219777 0.0196681
8.196e-10 0.00219135 0.0198929
8.19701e-10 0.00218473 0.0201203
8.19803e-10 0.00217791 0.0203502
8.19904e-10 0.00217089 0.0205826
8.20005e-10 0.00216366 0.0208177
8.20106e-10 0.00215622 0.0210553
8.20208e-10 0.00214858 0.0212956
8.20309e-10 0.00214073 0.0215385
8.2041e-10 0.00213267 0.0217842
8.20511e-10 0.00212439 0.0220325
8.20613e-10 0.00211591 0.0222836
8.20714e-10 0.0021072 0.0225375
8.20815e-10 0.00209829 0.0227942
8.20916e-10 0.00208915 0.0230537
8.21018e-10 0.00207979 0.0233161
8.21119e-10 0.00207022 0.0235814
8.2122e-10 0.00206042 0.0238496
8.21322e-10 0.0020504 0.0241208
8.21423e-10 0.00204015 0.0243949
8.21524e-10 0.00202968 0.0246721
8.21625e-10 0.00201899 0.0249523
8.21727e-10 0.00200807 0.0252355
8.21828e-10 0.00199692 0.0255219
8.21929e-10 0.00198554 0.0258114
8.2203e-10 0.00197393 0.0261041
8.22132e-10 0.00196209 0.0264
8.22233e-10 0.00195003 0.0266991
8.22334e-10 0.00193773 0.0270014
8.22436e-10 0.00192519 0.0273071
8.22537e-10 0.00191243 0.0276161
8.22638e-10 0.00189944 0.0279284
8.22739e-10 0.00188621 0.0282441
8.22841e-10 0.00187274 0.0285632
8.22942e-10 0.00185905 0.0288858
8.23043e-10 0.00184512 0.0292119
8.23144e-10 0.00183096 0.0295415
8.23246e-10 0.00181657 0.0298746
8.23347e-10 0.00180194 0.0302114
8.23448e-10 0.00178708 0.0305517
8.2355e-10 0.00177199 0.0308957
8.23651e-10 0.00175667 0.0312433
8.23752e-10 0.00174112 0.0315947
8.23853e-10 0.00172534 0.0319499
8.23955e-10 0.00170934 0.0323088
8.24056e-10 0.0016931 0.0326715
8.24157e-10 0.00167664 0.0330381
8.24258e-10 0.00165995 0.0334086
8.2436e-10 0.00164305 0.033783
8.24461e-10 0.00162591 0.0341613
8.24562e-10 0.00160856 0.0345436
8.24663e-10 0.001591 0.0349299
8.24765e-10 0.00157321 0.0353203
8.24866e-10 0.00155522 0.0357148
8.24967e-10 0.00153701 0.0361134
8.25069e-10 0.00151859 0.0365161
8.2517e-10 0.00149997 0.0369231
8.25271e-10 0.00148115 0.0373342
8.25372e-10 0.00146212 0.0377496
8.25474e-10 0.0014429 0.0381693
8.25575e-10 0.00142349 0.0385933
8.25676e-10 0.00140388 0.0390216
8.25777e-10 0.00138409 0.0394544
8.25879e-10 0.00136412 0.0398915
8.2598e-10 0.00134398 0.0403331
8.26081e-10 0.00132366 0.0407792
8.26183e-10 0.00130317 0.0412298
8.26284e-10 0.00128252 0.041685
8.26385e-10 0.00126171 0.0421447
8.26486e-10 0.00124075 0.042609
8.26588e-10 0.00121964 0.043078
8.26689e-10 0.00119839 0.0435516
8.2679e-10 0.00117701 0.04403
8.26891e-10 0.0011555 0.044513
8.26993e-10 0.00113387 0.0450009
8.27094e-10 0.00111212 0.0454935
8.27195e-10 0.00109026 0.0459909
8.27296e-10 0.00106831 0.0464932
8.27398e-10 0.00104626 0.0470003
8.27499e-10 0.00102412 0.0475124
8.276e-10 0.00100191 0.0480293
8.27702e-10 0.000979638 0.0485512
8.27803e-10 0.000957303 0.0490781
8.27904e-10 0.000934918 0.04961
8.28005e-10 0.000912493 0.0501469
8.28107e-10 0.000890038 0.0506889
8.28208e-10 0.000867563 0.0512359
8.28309e-10 0.00084508 0.051788
8.2841e-10 0.000822597 0.0523453
8.28512e-10 0.000800127 0.0529076
8.28613e-10 0.000777682 0.0534751
8.28714e-10 0.000755273 0.0540478
8.28816e-10 0.000732912 0.0546256
8.28917e-10 0.000710612 0.0552087
8.29018e-10 0.000688386 0.0557969
8.29119e-10 0.000666247 0.0563904
8.29221e-10 0.000644209 0.0569891
8.29322e-10 0.000622286 0.0575931
8.29423e-10 0.000600493 0.0582023
8.29524e-10 0.000578844 0.0588168
8.29626e-10 0.000557355 0.0594366
8.29727e-10 0.000536041 0.0600617
8.29828e-10 0.000514918 0.060692
8.2993e-10 0.000494003 0.0613276
8.30031e-10 0.000473313 0.0619685
8.30132e-10 0.000452864 0.0626147
8.30233e-10 0.000432675 0.0632662
8.30335e-10 0.000412763 0.0639229
8.30436e-10 0.000393147 0.064585
8.30537e-10 0.000373847 0.0652523
8.30638e-10 0.00035488 0.0659248
8.3074e-10 0.000336267 0.0666026
8.30841e-10 0.000318028 0.0672856
8.30942e-10 0.000300184 0.0679738
8.31043e-10 0.000282755 0.0686672
8.31145e-10 0.000265763 0.0693658
8.31246e-10 0.00024923 0.0700696
8.31347e-10 0.000233178 0.0707784
8.31449e-10 0.000217629 0.0714924
8.3155e-10 0.000202607 0.0722114
8.31651e-10 0.000188134 0.0729354
8.31752e-10 0.000174235 0.0736645
8.31854e-10 0.000160934 0.0743985
8.31955e-10 0.000148256 0.0751374
8.32056e-10 0.000136225 0.0758811
8.32157e-10 0.000124867 0.0766297
8.32259e-10 0.000114207 0.077383
8.3236e-10 0.000104273 0.0781411
8.32461e-10 9.50888e-05 0.0789038
8.32563e-10 8.66829e-05 0.0796711
8.32664e-10 7.90819e-05 0.0804429
8.32765e-10 7.23134e-05 0.0812192
8.32866e-10 6.6405e-05 0.0819998
8.32968e-10 6.13847e-05 0.0827848
8.33069e-10 5.72809e-05 0.083574
8.3317e-10 5.41222e-05 0.0843673
8.33271e-10 5.19374e-05 0.0851647
8.33373e-10 5.07556e-05 0.085966
8.33474e-10 5.0606e-05 0.0867712
8.33575e-10 5.15181e-05 0.0875802
8.33677e-10 5.35216e-05 0.0883928
8.33778e-10 5.66463e-05 0.089209
8.33879e-10 6.09222e-05 0.0900285
8.3398e-10 6.63792e-05 0.0908514
8.34082e-10 7.30475e-05 0.0916775
8.34183e-10 8.09573e-05 0.0925066
8.34284e-10 9.01389e-05 0.0933386
8.34385e-10 0.000100622 0.0941735
8.34487e-10 0.000112438 0.0950109
8.34588e-10 0.000125616 0.0958508
8.34689e-10 0.000140186 0.096693
8.3479e-10 0.000156179 0.0975374
8.34892e-10 0.000173624 0.0983838
8.34993e-10 0.00019255 0.099232
8.35094e-10 0.000212987 0.100082
8.35196e-10 0.000234964 0.100933
8.35297e-10 0.000258509 0.101786
8.35398e-10 0.000283652 0.102639
8.35499e-10 0.00031042 0.103494
8.35601e-10 0.00033884 0.104349
8.35702e-10 0.000368939 0.105204
8.35803e-10 0.000400744 0.10606
8.35904e-10 0.000434282 0.106915
8.36006e-10 0.000469576 0.107771
8.36107e-10 0.000506652 0.108625
8.36208e-10 0.000545533 0.10948
8.3631e-10 0.000586242 0.110333
8.36411e-10 0.000628801 0.111184
8.36512e-10 0.000673232 0.112034
8.36613e-10 0.000719555 0.112883
8.36715e-10 0.000767788 0.113729
8.36816e-10 0.00081795 0.114573
8.36917e-10 0.000870058 0.115414
8.37018e-10 0.000924127 0.116251
8.3712e-10 0.000980171 0.117086
8.37221e-10 0.0010382 0.117917
8.37322e-10 0.00109824 0.118744
8.37424e-10 0.00116028 0.119566
8.37525e-10 0.00122434 0.120384
8.37626e-10 0.00129043 0.121197
8.37727e-10 0.00135854 0.122004
8.37829e-10 0.00142869 0.122805
8.3793e-10 0.00150088 0.123601
8.38031e-10 0.00157509 0.12439
8.38132e-10 0.00165134 0.125171
8.38234e-10 0.00172962 0.125946
8.38335e-10 0.00180992 0.126713
8.38436e-10 0.00189223 0.127471
8.38537e-10 0.00197654 0.128221
8.38639e-10 0.00206284 0.128962
8.3874e-10 0.00215111 0.129694
8.38841e-10 0.00224133 0.130415
8.38943e-10 0.00233348 0.131127
8.39044e-10 0.00242755 0.131827
8.39145e-10 0.00252349 0.132517
8.39246e-10 0.00262129 0.133194
8.39348e-10 0.00272091 0.13386
8.39449e-10 0.00282231 0.134513
8.3955e-10 0.00292547 0.135153
8.39651e-10 0.00303033 0.135779
8.39753e-10 0.00313686 0.136391
8.39854e-10 0.00324501 0.136988
8.39955e-10 0.00335473 0.137571
8.40057e-10 0.00346597 0.138137
8.40158e-10 0.00357867 0.138688
8.40259e-10 0.00369277 0.139222
8.4036e-10 0.00380821 0.139739
8.40462e-10 0.00392493 0.140238
8.40563e-10 0.00404286 0.14072
8.40664e-10 0.00416192 0.141182
8.40765e-10 0.00428204 0.141626
8.40867e-10 0.00440315 0.142049
8.40968e-10 0.00452515 0.142453
8.41069e-10 0.00464798 0.142836
8.41171e-10 0.00477153 0.143197
8.41272e-10 0.00489572 0.143537
8.41373e-10 0.00502046 0.143855
8.41474e-10 0.00514565 0.144149
8.41576e-10 0.00527118 0.144421
8.41677e-10 0.00539697 0.144669
8.41778e-10 0.00552289 0.144892
8.41879e-10 0.00564885 0.145091
8.41981e-10 0.00577473 0.145264
8.42082e-10 0.00590041 0.145412
8.42183e-10 0.0060258 0.145534
8.42284e-10 0.00615075 0.145629
8.42386e-10 0.00627517 0.145697
8.42487e-10 0.00639891 0.145737
8.42588e-10 0.00652187 0.145749
8.4269e-10 0.00664391 0.145733
8.42791e-10 0.0067649 0.145689
8.42892e-10 0.00688472 0.145615
8.42993e-10 0.00700324 0.145511
8.43095e-10 0.00712033 0.145378
8.43196e-10 0.00723585 0.145214
8.43297e-10 0.00734967 0.14502
8.43398e-10 0.00746166 0.144795
8.435e-10 0.00757169 0.144538
8.43601e-10 0.00767962 0.144251
8.43702e-10 0.00778532 0.143931
8.43804e-10 0.00788866 0.143579
8.43905e-10 0.00798951 0.143196
8.44006e-10 0.00808774 0.142779
8.44107e-10 0.00818321 0.142331
8.44209e-10 0.00827581 0.141849
8.4431e-10 0.0083654 0.141335
8.44411e-10 0.00845186 0.140788
8.44512e-10 0.00853508 0.140208
8.44614e-10 0.00861493 0.139595
8.44715e-10 0.0086913 0.138948
8.44816e-10 0.00876407 0.138269
8.44917e-10 0.00883315 0.137557
8.45019e-10 0.00889841 0.136812
8.4512e-10 0.00895977 0.136034
8.45221e-10 0.00901713 0.135223
8.45323e-10 0.00907039 0.13438
8.45424e-10 0.00911947 0.133505
8.45525e-10 0.00916428 0.132597
8.45626e-10 0.00920476 0.131658
8.45728e-10 0.00924082 0.130687
8.45829e-10 0.00927241 0.129685
8.4593e-10 0.00929947 0.128652
8.46031e-10 0.00932193 0.127589
8.46133e-10 0.00933977 0.126495
8.46234e-10 0.00935293 0.125372
8.46335e-10 0.00936139 0.12422
8.46437e-10 0.00936511 0.12304
8.46538e-10 0.00936409 0.121831
8.46639e-10 0.0093583 0.120595
8.4674e-10 0.00934774 0.119332
8.46842e-10 0.00933242 0.118043
8.46943e-10 0.00931235 0.116729
8.47044e-10 0.00928753 0.115389
8.47145e-10 0.00925801 0.114026
8.47247e-10 0.0092238 0.11264
8.47348e-10 0.00918495 0.111231
8.47449e-10 0.00914151 0.1098
8.47551e-10 0.00909353 0.108349
8.47652e-10 0.00904107 0.106878
8.47753e-10 0.0089842 0.105388
8.47854e-10 0.008923 0.10388
8.47956e-10 0.00885754 0.102355
8.48057e-10 0.00878792 0.100814
8.48158e-10 0.00871422 0.0992576
8.48259e-10 0.00863656 0.0976873
8.48361e-10 0.00855504 0.096104
8.48462e-10 0.00846976 0.0945087
8.48563e-10 0.00838086 0.0929024
8.48664e-10 0.00828844 0.0912863
8.48766e-10 0.00819265 0.0896614
8.48867e-10 0.00809361 0.0880289
8.48968e-10 0.00799145 0.0863898
8.4907e-10 0.00788633 0.0847453
8.49171e-10 0.00777837 0.0830964
8.49272e-10 0.00766774 0.0814444
8.49373e-10 0.00755458 0.0797902
8.49475e-10 0.00743903 0.078135
8.49576e-10 0.00732127 0.07648
8.49677e-10 0.00720143 0.0748263
8.49778e-10 0.00707968 0.0731749
8.4988e-10 0.00695618 0.0715269
8.49981e-10 0.00683108 0.0698835
8.50082e-10 0.00670454 0.0682457
8.50184e-10 0.00657672 0.0666146
8.50285e-10 0.00644778 0.0649913
8.50386e-10 0.00631787 0.0633767
8.50487e-10 0.00618714 0.0617719
8.50589e-10 0.00605576 0.0601778
8.5069e-10 0.00592387 0.0585955
8.50791e-10 0.00579162 0.0570259
8.50892e-10 0.00565916 0.05547
8.50994e-10 0.00552662 0.0539286
8.51095e-10 0.00539416 0.0524025
8.51196e-10 0.0052619 0.0508928
8.51298e-10 0.00512998 0.0494001
8.51399e-10 0.00499852 0.0479252
8.515e-10 0.00486766 0.046469
8.51601e-10 0.00473751 0.0450321
8.51703e-10 0.00460819 0.0436152
8.51804e-10 0.00447981 0.042219
8.51905e-10 0.00435248 0.0408442
8.52006e-10 0.0042263 0.0394912
8.52108e-10 0.00410136 0.0381606
8.52209e-10 0.00397776 0.0368531
8.5231e-10 0.00385559 0.035569
8.52411e-10 0.00373493 0.0343087
8.52513e-10 0.00361586 0.0330728
8.52614e-10 0.00349844 0.0318615
8.52715e-10 0.00338275 0.0306752
8.52817e-10 0.00326885 0.0295142
8.52918e-10 0.00315679 0.0283788
8.53019e-10 0.00304664 0.0272691
8.5312e-10 0.00293844 0.0261854
8.53222e-10 0.00283223 0.0251278
8.53323e-10 0.00272805 0.0240964
8.53424e-10 0.00262594 0.0230914
8.53525e-10 0.00252593 0.0221126
8.53627e-10 0.00242804 0.0211603
8.53728e-10 0.0023323 0.0202342
8.53829e-10 0.00223873 0.0193345
8.53931e-10 0.00214734 0.0184609
8.54032e-10 0.00205815 0.0176135
8.54133e-10 0.00197116 0.016792
8.54234e-10 0.00188638 0.0159962
8.54336e-10 0.0018038 0.015226
8.54437e-10 0.00172344 0.0144812
8.54538e-10 0.00164529 0.0137615
8.54639e-10 0.00156933 0.0130665
8.54741e-10 0.00149556 0.0123961
8.54842e-10 0.00142398 0.0117498
8.54943e-10 0.00135456 0.0111274
8.55045e-10 0.00128729 0.0105285
8.55146e-10 0.00122216 0.00995262
8.55247e-10 0.00115914 0.00939946
8.55348e-10 0.00109821 0.00886857
8.5545e-10 0.00103935 0.00835952
8.55551e-10 0.000982544 0.00787186
8.55652e-10 0.000927755 0.00740514
8.55753e-10 0.000874959 0.00695888
8.55855e-10 0.000824129 0.00653259
8.55956e-10 0.000775235 0.00612579
8.56057e-10 0.000728247 0.00573798
8.56158e-10 0.000683132 0.00536866
8.5626e-10 0.00063986 0.0050173
8.56361e-10 0.000598396 0.0046834
8.56462e-10 0.000558707 0.00436643
8.56564e-10 0.000520757 0.00406587
8.56665e-10 0.000484513 0.00378119
8.56766e-10 0.000449936 0.00351187
8.56867e-10 0.000416993 0.00325739
8.56969e-10 0.000385644 0.00301722
8.5707e-10 0.000355853 0.00279084
8.57171e-10 0.000327583 0.00257773
8.57272e-10 0.000300795 0.00237739
8.57374e-10 0.000275451 0.00218929
8.57475e-10 0.000251513 0.00201295
8.57576e-10 0.000228943 0.00184785
8.57678e-10 0.000207701 0.00169353
8.57779e-10 0.00018775 0.00154948
8.5788e-10 0.000169051 0.00141526
8.57981e-10 0.000151565 0.00129038
8.58083e-10 0.000135255 0.00117441
8.58184e-10 0.000120082 0.00106689
8.58285e-10 0.00010601 0.000967408
8.58386e-10 9.29999e-05 0.000875535
8.58488e-10 8.1016e-05 0.000790869
8.58589e-10 7.0022e-05 0.000713014
8.5869e-10 5.99819e-05 0.000641591
8.58791e-10 5.08608e-05 0.000576232
8.58893e-10 4.26242e-05 0.000516583
8.58994e-10 3.52386e-05 0.000462303
8.59095e-10 2.86711e-05 0.000413067
8.59197e-10 2.28897e-05 0.000368563
8.59298e-10 1.78635e-05 0.000328491
8.59399e-10 1.35625e-05 0.000292569
8.595e-10 9.95767e-06 0.000260526
8.59602e-10 7.02125e-06 0.000232108
8.59703e-10 4.72654e-06 0.000207074
8.59804e-10 3.04811e-06 0.000185196
8.59905e-10 1.96176e-06 0.000166262
8.60007e-10 1.44465e-06 0.000150073
8.60108e-10 1.47525e-06 0.000136444
8.60209e-10 2.03348e-06 0.000125203
8.60311e-10 3.10068e-06 0.000116191
8.60412e-10 4.65969e-06 0.000109262
8.60513e-10 6.69485e-06 0.000104283
8.60614e-10 9.19206e-06 0.000101134
8.60716e-10 1.21388e-05 9.97039e-05
8.60817e-10 1.55242e-05 9.98958e-05
8.60918e-10 1.9339e-05 0.000101623
8.61019e-10 2.35756e-05 0.000104808
8.61121e-10 2.82281e-05 0.000109385
8.61222e-10 3.32924e-05 0.000115296
8.61323e-10 3.87659e-05 0.000122495
8.61425e-10 4.46479e-05 0.00013094
8.61526e-10 5.09396e-05 0.000140601
8.61627e-10 5.76438e-05 0.000151453
8.61728e-10 6.47653e-05 0.000163478
8.6183e-10 7.23104e-05 0.000176665
8.61931e-10 8.02876e-05 0.000191009
8.62032e-10 8.87071e-05 0.000206508
8.62133e-10 9.75809e-05 0.000223167
8.62235e-10 0.000106923 0.000240994
8.62336e-10 0.00011675 0.00026
8.62437e-10 0.000127079 0.000280198
8.62538e-10 0.00013793 0.000301607
8.6264e-10 0.000149324 0.000324243
8.62741e-10 0.000161287 0.000348127
8.62842e-10 0.000173843 0.000373278
8.62944e-10 0.000187021 0.000399718
8.63045e-10 0.00020085 0.000427466
8.63146e-10 0.000215362 0.000456544
8.63247e-10 0.000230593 0.000486968
8.63349e-10 0.000246578 0.000518758
8.6345e-10 0.000263356 0.000551928
8.63551e-10 0.000280967 0.000586492
8.63652e-10 0.000299455 0.00062246
8.63754e-10 0.000318865 0.000659842
8.63855e-10 0.000339245 0.000698641
8.63956e-10 0.000360644 0.00073886
8.64058e-10 0.000383114 0.000780496
8.64159e-10 0.00040671 0.000823545
8.6426e-10 0.000431489 0.000867997
8.64361e-10 0.00045751 0.000913838
8.64463e-10 0.000484835 0.00096105
8.64564e-10 0.000513527 0.00100961
8.64665e-10 0.000543653 0.0010595
8.64766e-10 0.00057528 0.00111068
8.64868e-10 0.000608481 0.00116311
8.64969e-10 0.000643328 0.00121677
8.6507e-10 0.000679897 0.0012716
8.65172e-10 0.000718265 0.00132755
8.65273e-10 0.000758513 0.00138458
8.65374e-10 0.000800722 0.00144263
8.65475e-10 0.000844977 0.00150164
8.65577e-10 0.000891364 0.00156155
8.65678e-10 0.000939972 0.00162228
8.65779e-10 0.000990889 0.00168377
8.6588e-10 0.00104421 0.00174594
8.65982e-10 0.00110003 0.00180871
8.66083e-10 0.00115843 0.00187201
8.66184e-10 0.00121953 0.00193574
8.66285e-10 0.00128341 0.00199984
8.66387e-10 0.00135018 0.0020642
8.66488e-10 0.00141994 0.00212873
8.66589e-10 0.00149279 0.00219336
8.66691e-10 0.00156883 0.00225797
8.66792e-10 0.00164816 0.00232248
8.66893e-10 0.0017309 0.0023868
8.66994e-10 0.00181714 0.00245082
8.67096e-10 0.00190699 0.00251445
8.67197e-10 0.00200056 0.0025776
8.67298e-10 0.00209795 0.00264016
8.67399e-10 0.00219926 0.00270204
8.67501e-10 0.00230461 0.00276315
8.67602e-10 0.00241409 0.00282339
8.67703e-10 0.00252781 0.00288266
8.67805e-10 0.00264587 0.00294087
8.67906e-10 0.00276837 0.00299794
8.68007e-10 0.00289542 0.00305376
8.68108e-10 0.00302711 0.00310826
8.6821e-10 0.00316354 0.00316135
8.68311e-10 0.00330481 0.00321295
8.68412e-10 0.003451 0.00326296
8.68513e-10 0.00360222 0.00331132
8.68615e-10 0.00375855 0.00335795
8.68716e-10 0.00392008 0.00340278
8.68817e-10 0.00408689 0.00344573
8.68919e-10 0.00425907 0.00348675
8.6902e-10 0.00443669 0.00352576
8.69121e-10 0.00461983 0.00356272
8.69222e-10 0.00480856 0.00359755
8.69324e-10 0.00500295 0.00363022
8.69425e-10 0.00520307 0.00366066
8.69526e-10 0.00540898 0.00368885
8.69627e-10 0.00562074 0.00371472
8.69729e-10 0.00583841 0.00373826
8.6983e-10 0.00606202 0.00375942
8.69931e-10 0.00629165 0.00377817
8.70032e-10 0.00652731 0.00379449
8.70134e-10 0.00676906 0.00380836
8.70235e-10 0.00701693 0.00381976
8.70336e-10 0.00727096 0.00382867
8.70438e-10 0.00753115 0.00383509
8.70539e-10 0.00779755 0.00383901
8.7064e-10 0.00807016 0.00384042
8.70741e-10 0.008349 0.00383933
8.70843e-10 0.00863408 0.00383575
8.70944e-10 0.0089254 0.00382967
8.71045e-10 0.00922297 0.00382112
8.71146e-10 0.00952677 0.00381012
8.71248e-10 0.0098368 0.00379667
8.71349e-10 0.010153 0.0037808
8.7145e-10 0.0104755 0.00376255
8.71552e-10 0.0108041 0.00374193
8.71653e-10 0.0111389 0.00371899
8.71754e-10 0.0114798 0.00369375
8.71855e-10 0.0118267 0.00366626
8.71957e-10 0.0121798 0.00363655
8.72058e-10 0.0125388 0.00360468
8.72159e-10 0.0129037 0.00357069
8.7226e-10 0.0132746 0.00353462
8.72362e-10 0.0136513 0.00349654
8.72463e-10 0.0140338 0.00345649
8.72564e-10 0.0144221 0.00341453
8.72665e-10 0.014816 0.00337073
8.72767e-10 0.0152155 0.00332513
8.72868e-10 0.0156205 0.00327781
8.72969e-10 0.0160309 0.00322882
8.73071e-10 0.0164467 0.00317824
8.73172e-10 0.0168678 0.00312614
8.73273e-10 0.017294 0.00307257
8.73374e-10 0.0177254 0.00301762
8.73476e-10 0.0181618 0.00296135
8.73577e-10 0.0186031 0.00290384
8.73678e-10 0.0190492 0.00284516
8.73779e-10 0.0195 0.00278539
8.73881e-10 0.0199554 0.0027246
8.73982e-10 0.0204154 0.00266288
8.74083e-10 0.0208797 0.00260029
8.74185e-10 0.0213484 0.00253691
8.74286e-10 0.0218212 0.00247283
8.74387e-10 0.0222982 0.00240813
8.74488e-10 0.022779 0.00234288
8.7459e-10 0.0232638 0.00227716
8.74691e-10 0.0237522 0.00221105
8.74792e-10 0.0242443 0.00214464
8.74893e-10 0.0247399 0.002078
8.74995e-10 0.0252388 0.00201121
8.75096e-10 0.025741 0.00194435
8.75197e-10 0.0262463 0.00187751
8.75299e-10 0.0267546 0.00181076
8.754e-10 0.0272659 0.00174418
8.75501e-10 0.0277798 0.00167785
8.75602e-10 0.0282965 0.00161184
8.75704e-10 0.0288156 0.00154624
8.75805e-10 0.0293371 0.00148113
8.75906e-10 0.0298609 0.00141657
8.76007e-10 0.0303868 0.00135264
8.76109e-10 0.0309147 0.00128943
8.7621e-10 0.0314446 0.001227
8.76311e-10 0.0319762 0.00116542
8.76412e-10 0.0325094 0.00110478
8.76514e-10 0.0330441 0.00104514
8.76615e-10 0.0335803 0.000986573
8.76716e-10 0.0341177 0.00092915
8.76818e-10 0.0346563 0.00087294
8.76919e-10 0.0351959 0.000818011
8.7702e-10 0.0357364 0.000764431
8.77121e-10 0.0362777 0.000712264
8.77223e-10 0.0368196 0.000661578
8.77324e-10 0.0373621 0.000612435
8.77425e-10 0.0379051 0.000564898
8.77526e-10 0.0384484 0.00051903
8.77628e-10 0.0389919 0.000474891
8.77729e-10 0.0395354 0.00043254
8.7783e-10 0.040079 0.000392037
8.77932e-10 0.0406224 0.000353438
8.78033e-10 0.0411656 0.0003168
8.78134e-10 0.0417084 0.000282177
8.78235e-10 0.0422508 0.000249623
8.78337e-10 0.0427926 0.000219191
8.78438e-10 0.0433338 0.000190932
8.78539e-10 0.0438742 0.000164897
8.7864e-10 0.0444137 0.000141133
8.78742e-10 0.0449523 0.00011969
8.78843e-10 0.0454898 0.000100614
8.78944e-10 0.0460261 8.39502e-05
8.79046e-10 0.0465612 6.97429e-05
8.79147e-10 0.047095 5.80352e-05
8.79248e-10 0.0476273 4.88691e-05
8.79349e-10 0.0481581 4.22855e-05
8.79451e-10 0.0486872 3.83238e-05
8.79552e-10 0.0492147 3.70226e-05
8.79653e-10 0.0497404 3.84192e-05
8.79754e-10 0.0502642 4.25498e-05
8.79856e-10 0.0507861 4.94494e-05
8.79957e-10 0.0513059 5.91521e-05
8.80058e-10 0.0518237 7.16906e-05
8.80159e-10 0.0523392 8.70969e-05
8.80261e-10 0.0528526 0.000105401
8.80362e-10 0.0533636 0.000126634
8.80463e-10 0.0538722 0.000150823
8.80565e-10 0.0543783 0.000177997
8.80666e-10 0.0548819 0.000208181
8.80767e-10 0.055383 0.000241401
8.80868e-10 0.0558814 0.000277681
8.8097e-10 0.056377 0.000317046
8.81071e-10 0.0568699 0.000359518
8.81172e-10 0.05736 0.000405118
8.81273e-10 0.0578472 0.000453867
8.81375e-10 0.0583314 0.000505785
8.81476e-10 0.0588126 0.00056089
8.81577e-10 0.0592908 0.000619201
8.81679e-10 0.0597659 0.000680734
8.8178e-10 0.0602379 0.000745506
8.81881e-10 0.0607067 0.000813531
8.81982e-10 0.0611723 0.000884826
8.82084e-10 0.0616345 0.000959402
8.82185e-10 0.0620935 0.00103727
8.82286e-10 0.0625492 0.00111845
8.82387e-10 0.0630014 0.00120295
8.82489e-10 0.0634502 0.00129078
8.8259e-10 0.0638956 0.00138194
8.82691e-10 0.0643375 0.00147645
8.82793e-10 0.0647759 0.00157432
8.82894e-10 0.0652107 0.00167555
8.82995e-10 0.0656419 0.00178016
8.83096e-10 0.0660696 0.00188814
8.83198e-10 0.0664936 0.0019995
8.83299e-10 0.066914 0.00211425
8.834e-10 0.0673307 0.00223239
8.83501e-10 0.0677437 0.00235393
8.83603e-10 0.068153 0.00247887
8.83704e-10 0.0685586 0.00260721
8.83805e-10 0.0689604 0.00273895
8.83906e-10 0.0693585 0.0028741
8.84008e-10 0.0697529 0.00301265
8.84109e-10 0.0701434 0.00315461
8.8421e-10 0.0705301 0.00329998
8.84312e-10 0.0709131 0.00344875
8.84413e-10 0.0712922 0.00360092
8.84514e-10 0.0716676 0.0037565
8.84615e-10 0.0720391 0.00391548
8.84717e-10 0.0724068 0.00407786
8.84818e-10 0.0727706 0.00424363
8.84919e-10 0.0731307 0.00441279
8.8502e-10 0.0734869 0.00458534
8.85122e-10 0.0738393 0.00476127
8.85223e-10 0.0741878 0.00494058
8.85324e-10 0.0745326 0.00512327
8.85426e-10 0.0748735 0.00530932
8.85527e-10 0.0752106 0.00549873
8.85628e-10 0.0755439 0.0056915
8.85729e-10 0.0758734 0.00588761
8.85831e-10 0.0761991 0.00608707
8.85932e-10 0.0765211 0.00628987
8.86033e-10 0.0768393 0.00649599
8.86134e-10 0.0771537 0.00670542
8.86236e-10 0.0774644 0.00691817
8.86337e-10 0.0777713 0.00713422
8.86438e-10 0.0780746 0.00735356
8.8654e-10 0.0783741 0.00757619
8.86641e-10 0.07867 0.00780209
8.86742e-10 0.0789622 0.00803126
8.86843e-10 0.0792508 0.00826368
8.86945e-10 0.0795357 0.00849934
8.87046e-10 0.079817 0.00873823
8.87147e-10 0.0800948 0.00898035
8.87248e-10 0.080369 0.00922568
8.8735e-10 0.0806397 0.00947421
8.87451e-10 0.0809068 0.00972593
8.87552e-10 0.0811705 0.00998083
8.87653e-10 0.0814307 0.0102389
8.87755e-10 0.0816875 0.0105001
8.87856e-10 0.0819409 0.0107645
8.87957e-10 0.0821909 0.0110319
8.88059e-10 0.0824375 0.0113025
8.8816e-10 0.0826809 0.0115762
8.88261e-10 0.0829209 0.011853
8.88362e-10 0.0831578 0.0121329
8.88464e-10 0.0833913 0.0124158
8.88565e-10 0.0836217 0.0127017
8.88666e-10 0.083849 0.0129907
8.88767e-10 0.0840731 0.0132828
8.88869e-10 0.0842941 0.0135778
8.8897e-10 0.0845121 0.0138758
8.89071e-10 0.0847271 0.0141768
8.89173e-10 0.0849391 0.0144807
8.89274e-10 0.0851482 0.0147876
8.89375e-10 0.0853544 0.0150974
8.89476e-10 0.0855577 0.0154102
8.89578e-10 0.0857582 0.0157258
8.89679e-10 0.085956 0.0160443
8.8978e-10 0.086151 0.0163657
8.89881e-10 0.0863433 0.0166899
8.89983e-10 0.0865329 0.017017
8.90084e-10 0.08672 0.0173469
8.90185e-10 0.0869045 0.0176796
8.90286e-10 0.0870865 0.018015
8.90388e-10 0.087266 0.0183533
8.90489e-10 0.0874431 0.0186943
8.9059e-10 0.0876179 0.019038
8.90692e-10 0.0877903 0.0193844
8.90793e-10 0.0879604 0.0197336
8.90894e-10 0.0881283 0.0200854
8.90995e-10 0.088294 0.0204399
8.91097e-10 0.0884576 0.020797
8.91198e-10 0.0886191 0.0211568
8.91299e-10 0.0887786 0.0215192
8.914e-10 0.0889361 0.0218841
8.91502e-10 0.0890917 0.0222517
8.91603e-10 0.0892454 0.0226218
8.91704e-10 0.0893973 0.0229944
8.91806e-10 0.0895475 0.0233695
8.91907e-10 0.0896959 0.0237472
8.92008e-10 0.0898427 0.0241273
8.92109e-10 0.0899879 0.0245099
8.92211e-10 0.0901315 0.0248949
8.92312e-10 0.0902737 0.0252823
8.92413e-10 0.0904144 0.0256722
8.92514e-10 0.0905538 0.0260644
8.92616e-10 0.0906919 0.026459
8.92717e-10 0.0908287 0.0268559
8.92818e-10 0.0909643 0.0272551
8.9292e-10 0.0910988 0.0276567
8.93021e-10 0.0912323 0.0280605
8.93122e-10 0.0913647 0.0284665
8.93223e-10 0.0914962 0.0288748
8.93325e-10 0.0916268 0.0292853
8.93426e-10 0.0917566 0.0296981
8.93527e-10 0.0918857 0.0301129
8.93628e-10 0.0920141 0.03053
8.9373e-10 0.0921418 0.0309491
8.93831e-10 0.092269 0.0313703
8.93932e-10 0.0923957 0.0317937
8.94033e-10 0.092522 0.0322191
8.94135e-10 0.0926479 0.0326465
8.94236e-10 0.0927735 0.0330759
8.94337e-10 0.0928989 0.0335074
8.94439e-10 0.0930242 0.0339408
8.9454e-10 0.0931494 0.0343761
8.94641e-10 0.0932745 0.0348133
8.94742e-10 0.0933998 0.0352525
8.94844e-10 0.0935251 0.0356935
8.94945e-10 0.0936507 0.0361364
8.95046e-10 0.0937765 0.036581
8.95147e-10 0.0939027 0.0370275
8.95249e-10 0.0940293 0.0374757
8.9535e-10 0.0941563 0.0379257
8.95451e-10 0.094284 0.0383774
8.95553e-10 0.0944123 0.0388308
8.95654e-10 0.0945413 0.0392859
8.95755e-10 0.0946711 0.0397426
8.95856e-10 0.0948017 0.0402009
8.95958e-10 0.0949333 0.0406608
8.96059e-10 0.095066 0.0411223
8.9616e-10 0.0951997 0.0415853
8.96261e-10 0.0953346 0.0420498
8.96363e-10 0.0954707 0.0425158
8.96464e-10 0.0956082 0.0429832
8.96565e-10 0.0957471 0.043452
8.96667e-10 0.0958875 0.0439223
8.96768e-10 0.0960295 0.0443939
8.96869e-10 0.0961731 0.0448668
8.9697e-10 0.0963184 0.045341
8.97072e-10 0.0964656 0.0458165
8.97173e-10 0.0966147 0.0462933
8.97274e-10 0.0967657 0.0467713
8.97375e-10 0.0969189 0.0472504
8.97477e-10 0.0970741 0.0477307
8.97578e-10 0.0972316 0.0482121
8.97679e-10 0.0973914 0.0486946
8.9778e-10 0.0975537 0.0491782
8.97882e-10 0.0977184 0.0496628
8.97983e-10 0.0978856 0.0501484
8.98084e-10 0.0980556 0.0506349
8.98186e-10 0.0982283 0.0511224
8.98287e-10 0.0984038 0.0516107
8.98388e-10 0.0985822 0.0520999
8.98489e-10 0.0987637 0.05259
8.98591e-10 0.0989482 0.0530808
8.98692e-10 0.0991359 0.0535724
8.98793e-10 0.0993269 0.0540647
8.98894e-10 0.0995213 0.0545577
8.98996e-10 0.0997191 0.0550513
8.99097e-10 0.0999204 0.0555456
8.99198e-10 0.100125 0.0560404
8.993e-10 0.100334 0.0565358
8.99401e-10 0.100547 0.0570316
8.99502e-10 0.100763 0.057528
8.99603e-10 0.100983 0.0580247
8.99705e-10 0.101208 0.0585219
8.99806e-10 0.101437 0.0590194
8.99907e-10 0.10167 0.0595172
9.00008e-10 0.101907 0.0600153
9.0011e-10 0.102149 0.0605136
9.00211e-10 0.102395 0.0610121
9.00312e-10 0.102646 0.0615107
9.00414e-10 0.102901 0.0620095
9.00515e-10 0.103162 0.0625083
9.00616e-10 0.103427 0.0630072
9.00717e-10 0.103698 0.063506
9.00819e-10 0.103973 0.0640048
9.0092e-10 0.104254 0.0645035
9.01021e-10 0.10454 0.065002
9.01122e-10 0.104831 0.0655004
9.01224e-10 0.105128 0.0659985
9.01325e-10 0.105431 0.0664964
9.01426e-10 0.105739 0.0669939
9.01527e-10 0.106053 0.067491
9.01629e-10 0.106372 0.0679878
9.0173e-10 0.106698 0.0684841
9.01831e-10 0.10703 0.0689799
9.01933e-10 0.107368 0.0694751
9.02034e-10 0.107712 0.0699697
9.02135e-10 0.108062 0.0704637
9.02236e-10 0.108419 0.070957
9.02338e-10 0.108782 0.0714495
9.02439e-10 0.109152 0.0719413
9.0254e-10 0.109528 0.0724322
9.02641e-10 0.109912 0.0729222
9.02743e-10 0.110302 0.0734113
9.02844e-10 0.110699 0.0738994
9.02945e-10 0.111103 0.0743864
9.03047e-10 0.111515 0.0748724
9.03148e-10 0.111933 0.0753572
9.03249e-10 0.112359 0.0758408
9.0335e-10 0.112793 0.0763232
9.03452e-10 0.113233 0.0768042
9.03553e-10 0.113682 0.0772839
9.03654e-10 0.114138 0.0777622
9.03755e-10 0.114602 0.078239
9.03857e-10 0.115073 0.0787143
9.03958e-10 0.115553 0.079188
9.04059e-10 0.116041 0.0796601
9.0416e-10 0.116537 0.0801305
9.04262e-10 0.117041 0.0805991
9.04363e-10 0.117553 0.081066
9.04464e-10 0.118073 0.081531
9.04566e-10 0.118602 0.0819941
9.04667e-10 0.11914 0.0824552
9.04768e-10 0.119686 0.0829143
9.04869e-10 0.120241 0.0833713
9.04971e-10 0.120804 0.0838261
9.05072e-10 0.121377 0.0842788
9.05173e-10 0.121958 0.0847291
9.05274e-10 0.122548 0.0851772
9.05376e-10 0.123148 0.0856228
9.05477e-10 0.123756 0.086066
9.05578e-10 0.124374 0.0865067
9.0568e-10 0.125001 0.0869448
9.05781e-10 0.125637 0.0873803
9.05882e-10 0.126282 0.0878131
9.05983e-10 0.126937 0.0882432
9.06085e-10 0.127602 0.0886704
9.06186e-10 0.128276 0.0890947
9.06287e-10 0.12896 0.0895161
9.06388e-10 0.129654 0.0899345
9.0649e-10 0.130357 0.0903498
9.06591e-10 0.13107 0.0907619
9.06692e-10 0.131793 0.0911709
9.06794e-10 0.132526 0.0915766
9.06895e-10 0.133269 0.0919789
9.06996e-10 0.134022 0.0923779
9.07097e-10 0.134784 0.0927734
9.07199e-10 0.135558 0.0931654
9.073e-10 0.136341 0.0935537
9.07401e-10 0.137134 0.0939384
9.07502e-10 0.137938 0.0943194
9.07604e-10 0.138752 0.0946966
9.07705e-10 0.139576 0.0950699
9.07806e-10 0.14041 0.0954393
9.07907e-10 0.141255 0.0958047
9.08009e-10 0.142111 0.096166
9.0811e-10 0.142976 0.0965232
9.08211e-10 0.143852 0.0968762
9.08313e-10 0.144739 0.0972249
9.08414e-10 0.145636 0.0975693
9.08515e-10 0.146543 0.0979092
9.08616e-10 0.147461 0.0982447
9.08718e-10 0.14839 0.0985757
9.08819e-10 0.149329 0.0989021
9.0892e-10 0.150278 0.0992238
9.09021e-10 0.151238 0.0995407
9.09123e-10 0.152209 0.0998528
9.09224e-10 0.15319 0.10016
9.09325e-10 0.154181 0.100462
9.09427e-10 0.155183 0.10076
9.09528e-10 0.156195 0.101052
9.09629e-10 0.157218 0.101339
9.0973e-10 0.158251 0.101621
9.09832e-10 0.159295 0.101897
9.09933e-10 0.160348 0.102168
9.10034e-10 0.161413 0.102434
9.10135e-10 0.162487 0.102694
9.10237e-10 0.163572 0.102949
9.10338e-10 0.164666 0.103198
9.10439e-10 0.165771 0.103442
9.10541e-10 0.166886 0.103679
9.10642e-10 0.168011 0.103911
9.10743e-10 0.169146 0.104137
9.10844e-10 0.170291 0.104357
9.10946e-10 0.171446 0.104571
9.11047e-10 0.17261 0.104779
9.11148e-10 0.173784 0.10498
9.11249e-10 0.174968 0.105176
9.11351e-10 0.176161 0.105365
9.11452e-10 0.177363 0.105548
9.11553e-10 0.178575 0.105724
9.11654e-10 0.179796 0.105894
9.11756e-10 0.181026 0.106057
9.11857e-10 0.182265 0.106214
9.11958e-10 0.183513 0.106364
9.1206e-10 0.18477 0.106508
9.12161e-10 0.186036 0.106644
9.12262e-10 0.187309 0.106774
9.12363e-10 0.188592 0.106897
9.12465e-10 0.189882 0.107013
9.12566e-10 0.191181 0.107122
9.12667e-10 0.192487 0.107224
9.12768e-10 0.193802 0.107319
9.1287e-10 0.195124 0.107406
9.12971e-10 0.196453 0.107487
9.13072e-10 0.19779 0.10756
9.13174e-10 0.199133 0.107626
9.13275e-10 0.200484 0.107684
9.13376e-10 0.201842 0.107735
9.13477e-10 0.203206 0.107778
9.13579e-10 0.204576 0.107814
9.1368e-10 0.205953 0.107842
9.13781e-10 0.207335 0.107863
9.13882e-10 0.208724 0.107876
9.13984e-10 0.210118 0.107881
9.14085e-10 0.211517 0.107879
9.14186e-10 0.212921 0.107868
9.14288e-10 0.21433 0.10785
9.14389e-10 0.215744 0.107824
9.1449e-10 0.217162 0.10779
9.14591e-10 0.218584 0.107748
9.14693e-10 0.22001 0.107698
9.14794e-10 0.22144 0.10764
9.14895e-10 0.222873 0.107573
9.14996e-10 0.22431 0.107499
9.15098e-10 0.225749 0.107417
9.15199e-10 0.22719 0.107326
9.153e-10 0.228634 0.107227
9.15401e-10 0.230079 0.10712
9.15503e-10 0.231527 0.107005
9.15604e-10 0.232975 0.106881
9.15705e-10 0.234425 0.10675
9.15807e-10 0.235875 0.106609
9.15908e-10 0.237326 0.106461
9.16009e-10 0.238777 0.106304
9.1611e-10 0.240228 0.106139
9.16212e-10 0.241677 0.105965
9.16313e-10 0.243126 0.105783
9.16414e-10 0.244574 0.105592
9.16515e-10 0.24602 0.105394
9.16617e-10 0.247464 0.105186
9.16718e-10 0.248906 0.10497
9.16819e-10 0.250345 0.104746
9.16921e-10 0.251781 0.104514
9.17022e-10 0.253214 0.104272
9.17123e-10 0.254642 0.104023
9.17224e-10 0.256067 0.103765
9.17326e-10 0.257486 0.103499
9.17427e-10 0.258901 0.103224
9.17528e-10 0.26031 0.10294
9.17629e-10 0.261714 0.102649
9.17731e-10 0.263111 0.102349
9.17832e-10 0.264502 0.10204
9.17933e-10 0.265885 0.101724
9.18034e-10 0.267262 0.101399
9.18136e-10 0.26863 0.101065
9.18237e-10 0.26999 0.100724
9.18338e-10 0.271341 0.100374
9.1844e-10 0.272683 0.100016
9.18541e-10 0.274015 0.0996492
9.18642e-10 0.275337 0.0992747
9.18743e-10 0.276649 0.098892
9.18845e-10 0.27795 0.0985013
9.18946e-10 0.279239 0.0981025
9.19047e-10 0.280517 0.0976958
9.19148e-10 0.281782 0.097281
9.1925e-10 0.283035 0.0968584
9.19351e-10 0.284274 0.0964279
9.19452e-10 0.285499 0.0959896
9.19554e-10 0.286711 0.0955435
9.19655e-10 0.287908 0.0950897
9.19756e-10 0.289089 0.0946283
9.19857e-10 0.290255 0.0941593
9.19959e-10 0.291406 0.0936828
9.2006e-10 0.292539 0.0931988
9.20161e-10 0.293656 0.0927074
9.20262e-10 0.294755 0.0922088
9.20364e-10 0.295837 0.0917029
9.20465e-10 0.2969 0.0911898
9.20566e-10 0.297944 0.0906696
9.20668e-10 0.298969 0.0901425
9.20769e-10 0.299974 0.0896084
9.2087e-10 0.300959 0.0890675
9.20971e-10 0.301923 0.0885198
9.21073e-10 0.302866 0.0879655
9.21174e-10 0.303787 0.0874045
9.21275e-10 0.304687 0.0868372
9.21376e-10 0.305563 0.0862634
9.21478e-10 0.306417 0.0856834
9.21579e-10 0.307247 0.0850971
9.2168e-10 0.308053 0.0845048
9.21781e-10 0.308835 0.0839066
9.21883e-10 0.309592 0.0833024
9.21984e-10 0.310323 0.0826926
9.22085e-10 0.311029 0.082077
9.22187e-10 0.311709 0.081456
9.22288e-10 0.312362 0.0808295
9.22389e-10 0.312988 0.0801977
9.2249e-10 0.313586 0.0795608
9.22592e-10 0.314157 0.0789188
9.22693e-10 0.314699 0.0782719
9.22794e-10 0.315213 0.0776202
9.22895e-10 0.315697 0.0769638
9.22997e-10 0.316152 0.0763029
9.23098e-10 0.316577 0.0756376
9.23199e-10 0.316972 0.074968
9.23301e-10 0.317336 0.0742942
9.23402e-10 0.317669 0.0736165
9.23503e-10 0.31797 0.0729349
9.23604e-10 0.31824 0.0722495
9.23706e-10 0.318477 0.0715606
9.23807e-10 0.318682 0.0708683
9.23908e-10 0.318854 0.0701726
9.24009e-10 0.318993 0.0694738
9.24111e-10 0.319099 0.068772
9.24212e-10 0.31917 0.0680674
9.24313e-10 0.319208 0.0673601
9.24415e-10 0.319211 0.0666502
9.24516e-10 0.31918 0.0659379
9.24617e-10 0.319113 0.0652234
9.24718e-10 0.319011 0.0645068
9.2482e-10 0.318874 0.0637883
9.24921e-10 0.318702 0.063068
9.25022e-10 0.318493 0.0623461
9.25123e-10 0.318248 0.0616227
9.25225e-10 0.317967 0.0608981
9.25326e-10 0.317649 0.0601723
9.25427e-10 0.317294 0.0594456
9.25528e-10 0.316903 0.058718
9.2563e-10 0.316474 0.0579898
9.25731e-10 0.316008 0.0572611
9.25832e-10 0.315505 0.0565321
9.25934e-10 0.314964 0.0558029
9.26035e-10 0.314386 0.0550737
9.26136e-10 0.31377 0.0543447
9.26237e-10 0.313116 0.053616
9.26339e-10 0.312424 0.0528878
9.2644e-10 0.311695 0.0521603
9.26541e-10 0.310927 0.0514335
9.26642e-10 0.310122 0.0507078
9.26744e-10 0.309278 0.0499832
9.26845e-10 0.308396 0.0492599
9.26946e-10 0.307477 0.0485381
9.27048e-10 0.306519 0.0478178
9.27149e-10 0.305524 0.0470994
9.2725e-10 0.304491 0.0463829
9.27351e-10 0.303419 0.0456685
9.27453e-10 0.30231 0.0449564
9.27554e-10 0.301164 0.0442467
9.27655e-10 0.29998 0.0435396
9.27756e-10 0.298759 0.0428351
9.27858e-10 0.2975 0.0421336
9.27959e-10 0.296204 0.0414351
9.2806e-10 0.294872 0.0407397
9.28162e-10 0.293502 0.0400477
9.28263e-10 0.292097 0.0393592
9.28364e-10 0.290655 0.0386743
9.28465e-10 0.289176 0.0379931
9.28567e-10 0.287663 0.0373158
9.28668e-10 0.286113 0.0366426
9.28769e-10 0.284528 0.0359736
9.2887e-10 0.282909 0.0353089
9.28972e-10 0.281255 0.0346486
9.29073e-10 0.279566 0.0339929
9.29174e-10 0.277844 0.033342
9.29275e-10 0.276088 0.0326959
9.29377e-10 0.274298 0.0320547
9.29478e-10 0.272476 0.0314186
9.29579e-10 0.270621 0.0307877
9.29681e-10 0.268735 0.0301622
9.29782e-10 0.266817 0.0295421
9.29883e-10 0.264867 0.0289275
9.29984e-10 0.262887 0.0283186
9.30086e-10 0.260877 0.0277155
9.30187e-10 0.258837 0.0271182
9.30288e-10 0.256768 0.0265269
9.30389e-10 0.25467 0.0259417
9.30491e-10 0.252544 0.0253626
9.30592e-10 0.25039 0.0247898
9.30693e-10 0.248209 0.0242233
9.30795e-10 0.246002 0.0236633
9.30896e-10 0.243768 0.0231097
9.30997e-10 0.24151 0.0225627
9.31098e-10 0.239226 0.0220224
9.312e-10 0.236919 0.0214889
9.31301e-10 0.234588 0.0209621
9.31402e-10 0.232234 0.0204422
9.31503e-10 0.229857 0.0199292
9.31605e-10 0.22746 0.0194232
9.31706e-10 0.225041 0.0189242
9.31807e-10 0.222602 0.0184323
9.31908e-10 0.220144 0.0179476
9.3201e-10 0.217667 0.01747
9.32111e-10 0.215172 0.0169997
9.32212e-10 0.212659 0.0165366
9.32314e-10 0.21013 0.0160808
9.32415e-10 0.207585 0.0156323
9.32516e-10 0.205024 0.0151911
9.32617e-10 0.202449 0.0147573
9.32719e-10 0.199861 0.0143309
9.3282e-10 0.197259 0.0139119
9.32921e-10 0.194646 0.0135003
9.33022e-10 0.192021 0.0130961
9.33124e-10 0.189386 0.0126994
9.33225e-10 0.186741 0.01231
9.33326e-10 0.184086 0.0119281
9.33428e-10 0.181424 0.0115536
9.33529e-10 0.178754 0.0111865
9.3363e-10 0.176078 0.0108267
9.33731e-10 0.173396 0.0104744
9.33833e-10 0.170709 0.0101293
9.33934e-10 0.168018 0.00979162
9.34035e-10 0.165324 0.00946121
9.34136e-10 0.162627 0.00913807
9.34238e-10 0.159929 0.00882215
9.34339e-10 0.157229 0.00851342
9.3444e-10 0.15453 0.00821184
9.34542e-10 0.151832 0.00791737
9.34643e-10 0.149135 0.00762995
9.34744e-10 0.146441 0.00734955
9.34845e-10 0.14375 0.0070761
9.34947e-10 0.141063 0.00680955
9.35048e-10 0.138382 0.00654984
9.35149e-10 0.135706 0.00629691
9.3525e-10 0.133037 0.0060507
9.35352e-10 0.130375 0.00581114
9.35453e-10 0.127722 0.00557815
9.35554e-10 0.125078 0.00535167
9.35655e-10 0.122443 0.00513162
9.35757e-10 0.11982 0.00491793
9.35858e-10 0.117208 0.00471051
9.35959e-10 0.114608 0.00450928
9.36061e-10 0.112021 0.00431417
9.36162e-10 0.109449 0.00412508
9.36263e-10 0.106891 0.00394193
9.36364e-10 0.104348 0.00376462
9.36466e-10 0.101822 0.00359308
9.36567e-10 0.0993133 0.00342719
9.36668e-10 0.0968221 0.00326688
9.36769e-10 0.0943494 0.00311204
9.36871e-10 0.0918961 0.00296257
9.36972e-10 0.0894628 0.00281839
9.37073e-10 0.0870503 0.00267938
9.37175e-10 0.0846593 0.00254544
9.37276e-10 0.0822905 0.00241648
9.37377e-10 0.0799447 0.00229239
9.37478e-10 0.0776225 0.00217307
9.3758e-10 0.0753247 0.00205841
9.37681e-10 0.0730518 0.00194831
9.37782e-10 0.0708046 0.00184266
9.37883e-10 0.0685838 0.00174136
9.37985e-10 0.0663899 0.00164429
9.38086e-10 0.0642237 0.00155136
9.38187e-10 0.0620857 0.00146245
9.38289e-10 0.0599767 0.00137746
9.3839e-10 0.057897 0.00129629
9.38491e-10 0.0558475 0.00121881
9.38592e-10 0.0538287 0.00114493
9.38694e-10 0.051841 0.00107455
9.38795e-10 0.0498852 0.00100755
9.38896e-10 0.0479617 0.000943832
9.38997e-10 0.0460712 0.000883289
9.39099e-10 0.044214 0.000825819
9.392e-10 0.0423908 0.000771317
9.39301e-10 0.0406019 0.000719683
9.39402e-10 0.0388481 0.000670814
9.39504e-10 0.0371296 0.000624611
9.39605e-10 0.0354469 0.000580974
9.39706e-10 0.0338006 0.000539806
9.39808e-10 0.032191 0.00050101
9.39909e-10 0.0306186 0.000464492
9.4001e-10 0.0290838 0.000430159
9.40111e-10 0.0275869 0.000397917
9.40213e-10 0.0261284 0.000367677
9.40314e-10 0.0247086 0.000339351
9.40415e-10 0.023328 0.000312852
9.40516e-10 0.0219868 0.000288094
9.40618e-10 0.0206853 0.000264995
9.40719e-10 0.0194239 0.000243474
9.4082e-10 0.018203 0.000223453
9.40922e-10 0.0170227 0.000204854
9.41023e-10 0.0158833 0.000187602
9.41124e-10 0.0147852 0.000171626
9.41225e-10 0.0137286 0.000156856
9.41327e-10 0.0127137 0.000143223
9.41428e-10 0.0117407 0.000130662
9.41529e-10 0.0108098 0.000119112
9.4163e-10 0.00992127 0.00010851
9.41732e-10 0.00907527 9.87991e-05
9.41833e-10 0.00827195 8.99243e-05
9.41934e-10 0.00751148 8.18327e-05
9.42036e-10 0.006794 7.4474e-05
9.42137e-10 0.00611962 6.78008e-05
9.42238e-10 0.00548848 6.17683e-05
9.42339e-10 0.00490067 5.63344e-05
9.42441e-10 0.00435628 5.14598e-05
9.42542e-10 0.00385539 4.71077e-05
9.42643e-10 0.00339806 4.32442e-05
9.42744e-10 0.00298434 3.98384e-05
9.42846e-10 0.00261427 3.68617e-05
9.42947e-10 0.00228787 3.42887e-05
9.43048e-10 0.00200515 3.20965e-05
9.43149e-10 0.00176612 3.02652e-05
9.43251e-10 0.00157076 2.87775e-05
9.43352e-10 0.00141904 2.76191e-05
9.43453e-10 0.00131093 2.67783e-05
9.43555e-10 0.00124637 2.62461e-05
9.43656e-10 0.00122531 2.60164e-05
9.43757e-10 0.00124767 2.60859e-05
9.43858e-10 0.00131335 2.64538e-05
9.4396e-10 0.00142227 2.71222e-05
9.44061e-10 0.00157432 2.80956e-05
9.44162e-10 0.00176937 2.93815e-05
9.44263e-10 0.00200729 3.09897e-05
9.44365e-10 0.00228793 3.29328e-05
9.44466e-10 0.00261114 3.52258e-05
9.44567e-10 0.00297675 3.78864e-05
9.44669e-10 0.00338459 4.09345e-05
9.4477e-10 0.00383447 4.43928e-05
9.44871e-10 0.00432619 4.82861e-05
9.44972e-10 0.00485953 5.26417e-05
9.45074e-10 0.00543428 5.74891e-05
9.45175e-10 0.0060502 6.28601e-05
9.45276e-10 0.00670706 6.87888e-05
9.45377e-10 0.00740461 7.53114e-05
9.45479e-10 0.00814258 8.2466e-05
9.4558e-10 0.0089207 9.02932e-05
9.45681e-10 0.0097387 9.8835e-05
9.45783e-10 0.0105963 0.000108136
9.45884e-10 0.0114931 0.000118242
9.45985e-10 0.012429 0.000129201
9.46086e-10 0.0134035 0.000141062
9.46188e-10 0.0144163 0.000153878
9.46289e-10 0.0154671 0.0001677
9.4639e-10 0.0165556 0.000182584
9.46491e-10 0.0176814 0.000198585
9.46593e-10 0.0188441 0.00021576
9.46694e-10 0.0200434 0.000234169
9.46795e-10 0.0212789 0.000253871
9.46896e-10 0.0225501 0.000274927
9.46998e-10 0.0238568 0.0002974
9.47099e-10 0.0251986 0.000321352
9.472e-10 0.0265749 0.000346849
9.47302e-10 0.0279854 0.000373954
9.47403e-10 0.0294296 0.000402735
9.47504e-10 0.0309072 0.000433258
9.47605e-10 0.0324177 0.00046559
9.47707e-10 0.0339607 0.0004998
9.47808e-10 0.0355357 0.000535954
9.47909e-10 0.0371422 0.000574124
9.4801e-10 0.0387798 0.000614378
9.48112e-10 0.040448 0.000656785
9.48213e-10 0.0421463 0.000701415
9.48314e-10 0.0438744 0.000748339
9.48416e-10 0.0456315 0.000797625
9.48517e-10 0.0474174 0.000849346
9.48618e-10 0.0492315 0.000903569
9.48719e-10 0.0510732 0.000960365
9.48821e-10 0.0529421 0.0010198
9.48922e-10 0.0548376 0.00108196
9.49023e-10 0.0567593 0.00114689
9.49124e-10 0.0587066 0.00121467
9.49226e-10 0.060679 0.00128537
9.49327e-10 0.062676 0.00135905
9.49428e-10 0.064697 0.00143578
9.49529e-10 0.0667414 0.00151563
9.49631e-10 0.0688088 0.00159867
9.49732e-10 0.0708986 0.00168495
9.49833e-10 0.0730102 0.00177454
9.49935e-10 0.0751431 0.0018675
9.50036e-10 0.0772967 0.0019639
9.50137e-10 0.0794706 0.00206379
9.50238e-10 0.081664 0.00216724
9.5034e-10 0.0838764 0.0022743
9.50441e-10 0.0861073 0.00238503
9.50542e-10 0.0883561 0.00249948
9.50643e-10 0.0906222 0.00261771
9.50745e-10 0.0929051 0.00273978
9.50846e-10 0.0952041 0.00286573
9.50947e-10 0.0975188 0.00299561
9.51049e-10 0.0998484 0.00312947
9.5115e-10 0.102192 0.00326736
9.51251e-10 0.10455 0.00340933
9.51352e-10 0.106922 0.00355541
9.51454e-10 0.109305 0.00370565
9.51555e-10 0.111701 0.00386009
9.51656e-10 0.114109 0.00401877
9.51757e-10 0.116527 0.00418171
9.51859e-10 0.118956 0.00434897
9.5196e-10 0.121394 0.00452057
9.52061e-10 0.123841 0.00469654
9.52163e-10 0.126297 0.0048769
9.52264e-10 0.128761 0.0050617
9.52365e-10 0.131233 0.00525095
9.52466e-10 0.133711 0.00544467
9.52568e-10 0.136195 0.00564288
9.52669e-10 0.138685 0.00584562
9.5277e-10 0.14118 0.00605288
9.52871e-10 0.143679 0.00626469
9.52973e-10 0.146183 0.00648106
9.53074e-10 0.148689 0.006702
9.53175e-10 0.151199 0.00692751
9.53276e-10 0.15371 0.00715761
9.53378e-10 0.156223 0.0073923
9.53479e-10 0.158737 0.00763158
9.5358e-10 0.161251 0.00787545
9.53682e-10 0.163765 0.00812391
9.53783e-10 0.166279 0.00837696
9.53884e-10 0.168791 0.00863458
9.53985e-10 0.171301 0.00889678
9.54087e-10 0.173809 0.00916353
9.54188e-10 0.176314 0.00943483
9.54289e-10 0.178815 0.00971067
9.5439e-10 0.181312 0.00999102
9.54492e-10 0.183805 0.0102759
9.54593e-10 0.186293 0.0105652
9.54694e-10 0.188774 0.010859
9.54796e-10 0.19125 0.0111572
9.54897e-10 0.193719 0.0114598
9.54998e-10 0.196181 0.0117668
9.55099e-10 0.198635 0.0120781
9.55201e-10 0.20108 0.0123937
9.55302e-10 0.203517 0.0127137
9.55403e-10 0.205945 0.0130378
9.55504e-10 0.208362 0.0133662
9.55606e-10 0.21077 0.0136987
9.55707e-10 0.213166 0.0140353
9.55808e-10 0.215552 0.014376
9.5591e-10 0.217925 0.0147208
9.56011e-10 0.220287 0.0150695
9.56112e-10 0.222635 0.0154221
9.56213e-10 0.224971 0.0157787
9.56315e-10 0.227293 0.016139
9.56416e-10 0.229601 0.0165032
9.56517e-10 0.231894 0.016871
9.56618e-10 0.234172 0.0172425
9.5672e-10 0.236435 0.0176177
9.56821e-10 0.238683 0.0179964
9.56922e-10 0.240914 0.0183785
9.57023e-10 0.243128 0.0187641
9.57125e-10 0.245326 0.019153
9.57226e-10 0.247506 0.0195453
9.57327e-10 0.249668 0.0199407
9.57429e-10 0.251812 0.0203393
9.5753e-10 0.253937 0.020741
9.57631e-10 0.256043 0.0211457
9.57732e-10 0.258131 0.0215534
9.57834e-10 0.260198 0.0219639
9.57935e-10 0.262245 0.0223773
9.58036e-10 0.264273 0.0227933
9.58137e-10 0.266279 0.023212
9.58239e-10 0.268264 0.0236333
9.5834e-10 0.270228 0.0240571
9.58441e-10 0.272171 0.0244833
9.58543e-10 0.274091 0.0249118
9.58644e-10 0.275989 0.0253426
9.58745e-10 0.277865 0.0257756
9.58846e-10 0.279717 0.0262106
9.58948e-10 0.281547 0.0266477
9.59049e-10 0.283353 0.0270867
9.5915e-10 0.285136 0.0275276
9.59251e-10 0.286894 0.0279702
9.59353e-10 0.288629 0.0284145
9.59454e-10 0.290339 0.0288604
9.59555e-10 0.292025 0.0293078
9.59657e-10 0.293685 0.0297567
9.59758e-10 0.295321 0.0302069
9.59859e-10 0.296932 0.0306583
9.5996e-10 0.298517 0.0311109
9.60062e-10 0.300076 0.0315646
9.60163e-10 0.301609 0.0320193
9.60264e-10 0.303117 0.0324749
9.60365e-10 0.304598 0.0329313
9.60467e-10 0.306054 0.0333884
9.60568e-10 0.307482 0.0338462
9.60669e-10 0.308884 0.0343046
9.6077e-10 0.310259 0.0347634
9.60872e-10 0.311608 0.0352227
9.60973e-10 0.312929 0.0356822
9.61074e-10 0.314223 0.0361419
9.61176e-10 0.31549 0.0366018
9.61277e-10 0.31673 0.0370617
9.61378e-10 0.317942 0.0375216
9.61479e-10 0.319127 0.0379813
9.61581e-10 0.320284 0.0384409
9.61682e-10 0.321413 0.0389001
9.61783e-10 0.322515 0.0393589
9.61884e-10 0.323589 0.0398173
9.61986e-10 0.324635 0.0402751
9.62087e-10 0.325653 0.0407323
9.62188e-10 0.326643 0.0411888
9.6229e-10 0.327606 0.0416445
9.62391e-10 0.32854 0.0420992
9.62492e-10 0.329447 0.0425531
9.62593e-10 0.330325 0.0430058
9.62695e-10 0.331176 0.0434575
9.62796e-10 0.331998 0.0439079
9.62897e-10 0.332793 0.0443571
9.62998e-10 0.333559 0.0448049
9.631e-10 0.334298 0.0452512
9.63201e-10 0.335009 0.0456961
9.63302e-10 0.335691 0.0461393
9.63403e-10 0.336347 0.0465809
9.63505e-10 0.336974 0.0470207
9.63606e-10 0.337574 0.0474588
9.63707e-10 0.338146 0.0478949
9.63809e-10 0.33869 0.0483291
9.6391e-10 0.339207 0.0487612
9.64011e-10 0.339696 0.0491912
9.64112e-10 0.340158 0.0496191
9.64214e-10 0.340593 0.0500447
9.64315e-10 0.341001 0.050468
9.64416e-10 0.341382 0.0508889
9.64517e-10 0.341735 0.0513074
9.64619e-10 0.342062 0.0517234
9.6472e-10 0.342362 0.0521368
9.64821e-10 0.342636 0.0525475
9.64923e-10 0.342883 0.0529556
9.65024e-10 0.343103 0.0533609
9.65125e-10 0.343298 0.0537634
9.65226e-10 0.343466 0.054163
9.65328e-10 0.343609 0.0545596
9.65429e-10 0.343725 0.0549533
9.6553e-10 0.343816 0.0553439
9.65631e-10 0.343882 0.0557314
9.65733e-10 0.343922 0.0561158
9.65834e-10 0.343937 0.0564969
9.65935e-10 0.343927 0.0568748
9.66037e-10 0.343892 0.0572493
9.66138e-10 0.343833 0.0576205
9.66239e-10 0.343749 0.0579883
9.6634e-10 0.34364 0.0583526
9.66442e-10 0.343508 0.0587134
9.66543e-10 0.343352 0.0590706
9.66644e-10 0.343172 0.0594242
9.66745e-10 0.342969 0.0597742
9.66847e-10 0.342742 0.0601205
9.66948e-10 0.342492 0.0604631
9.67049e-10 0.342219 0.0608018
9.6715e-10 0.341924 0.0611368
9.67252e-10 0.341606 0.0614679
9.67353e-10 0.341266 0.0617952
9.67454e-10 0.340903 0.0621185
9.67556e-10 0.340519 0.0624379
9.67657e-10 0.340113 0.0627532
9.67758e-10 0.339686 0.0630646
9.67859e-10 0.339238 0.0633718
9.67961e-10 0.338769 0.063675
9.68062e-10 0.338279 0.0639741
9.68163e-10 0.337768 0.064269
9.68264e-10 0.337237 0.0645597
9.68366e-10 0.336687 0.0648463
9.68467e-10 0.336116 0.0651286
9.68568e-10 0.335526 0.0654066
9.6867e-10 0.334916 0.0656804
9.68771e-10 0.334288 0.0659499
9.68872e-10 0.33364 0.066215
9.68973e-10 0.332974 0.0664758
9.69075e-10 0.33229 0.0667323
9.69176e-10 0.331588 0.0669843
9.69277e-10 0.330867 0.067232
9.69378e-10 0.330129 0.0674752
9.6948e-10 0.329374 0.067714
9.69581e-10 0.328601 0.0679483
9.69682e-10 0.327812 0.0681782
9.69784e-10 0.327006 0.0684036
9.69885e-10 0.326184 0.0686245
9.69986e-10 0.325345 0.0688409
9.70087e-10 0.324491 0.0690528
9.70189e-10 0.323621 0.0692601
9.7029e-10 0.322736 0.069463
9.70391e-10 0.321835 0.0696612
9.70492e-10 0.32092 0.069855
9.70594e-10 0.31999 0.0700442
9.70695e-10 0.319046 0.0702288
9.70796e-10 0.318087 0.0704089
9.70897e-10 0.317115 0.0705844
9.70999e-10 0.316129 0.0707553
9.711e-10 0.315129 0.0709216
9.71201e-10 0.314117 0.0710834
9.71303e-10 0.313091 0.0712406
9.71404e-10 0.312053 0.0713932
9.71505e-10 0.311003 0.0715413
9.71606e-10 0.309941 0.0716848
9.71708e-10 0.308866 0.0718237
9.71809e-10 0.30778 0.071958
9.7191e-10 0.306683 0.0720878
9.72011e-10 0.305574 0.072213
9.72113e-10 0.304455 0.0723337
9.72214e-10 0.303324 0.0724498
9.72315e-10 0.302184 0.0725614
9.72417e-10 0.301033 0.0726684
9.72518e-10 0.299872 0.072771
9.72619e-10 0.298702 0.072869
9.7272e-10 0.297522 0.0729625
9.72822e-10 0.296333 0.0730515
9.72923e-10 0.295135 0.073136
9.73024e-10 0.293928 0.073216
9.73125e-10 0.292713 0.0732916
9.73227e-10 0.291489 0.0733627
9.73328e-10 0.290257 0.0734294
9.73429e-10 0.289018 0.0734917
9.73531e-10 0.287771 0.0735495
9.73632e-10 0.286516 0.073603
9.73733e-10 0.285255 0.0736521
9.73834e-10 0.283986 0.0736968
9.73936e-10 0.282711 0.0737372
9.74037e-10 0.281429 0.0737732
9.74138e-10 0.280141 0.0738049
9.74239e-10 0.278847 0.0738323
9.74341e-10 0.277547 0.0738555
9.74442e-10 0.276241 0.0738744
9.74543e-10 0.27493 0.073889
9.74644e-10 0.273614 0.0738994
9.74746e-10 0.272293 0.0739056
9.74847e-10 0.270967 0.0739077
9.74948e-10 0.269637 0.0739055
9.7505e-10 0.268302 0.0738993
9.75151e-10 0.266963 0.0738889
9.75252e-10 0.26562 0.0738744
9.75353e-10 0.264273 0.0738559
9.75455e-10 0.262923 0.0738333
9.75556e-10 0.261569 0.0738066
9.75657e-10 0.260212 0.073776
9.75758e-10 0.258853 0.0737414
9.7586e-10 0.25749 0.0737028
9.75961e-10 0.256125 0.0736603
9.76062e-10 0.254757 0.0736139
9.76164e-10 0.253387 0.0735636
9.76265e-10 0.252015 0.0735095
9.76366e-10 0.250641 0.0734515
9.76467e-10 0.249266 0.0733897
9.76569e-10 0.247888 0.0733242
9.7667e-10 0.24651 0.0732548
9.76771e-10 0.24513 0.0731818
9.76872e-10 0.24375 0.0731051
9.76974e-10 0.242368 0.0730246
9.77075e-10 0.240986 0.0729406
9.77176e-10 0.239603 0.0728529
9.77277e-10 0.23822 0.0727617
9.77379e-10 0.236837 0.0726668
9.7748e-10 0.235453 0.0725685
9.77581e-10 0.23407 0.0724666
9.77683e-10 0.232687 0.0723613
9.77784e-10 0.231305 0.0722525
9.77885e-10 0.229923 0.0721403
9.77986e-10 0.228541 0.0720248
9.78088e-10 0.227161 0.0719058
9.78189e-10 0.225782 0.0717835
9.7829e-10 0.224403 0.071658
9.78391e-10 0.223026 0.0715291
9.78493e-10 0.221651 0.071397
9.78594e-10 0.220277 0.0712618
9.78695e-10 0.218904 0.0711233
9.78797e-10 0.217534 0.0709817
9.78898e-10 0.216165 0.0708369
9.78999e-10 0.214799 0.0706891
9.791e-10 0.213434 0.0705382
9.79202e-10 0.212073 0.0703843
9.79303e-10 0.210713 0.0702274
9.79404e-10 0.209356 0.0700675
9.79505e-10 0.208002 0.0699047
9.79607e-10 0.20665 0.069739
9.79708e-10 0.205302 0.0695704
9.79809e-10 0.203956 0.069399
9.79911e-10 0.202614 0.0692247
9.80012e-10 0.201275 0.0690477
9.80113e-10 0.199939 0.0688679
9.80214e-10 0.198606 0.0686854
9.80316e-10 0.197277 0.0685003
9.80417e-10 0.195952 0.0683124
9.80518e-10 0.194631 0.068122
9.80619e-10 0.193313 0.0679289
9.80721e-10 0.192 0.0677333
9.80822e-10 0.19069 0.0675352
9.80923e-10 0.189384 0.0673345
9.81024e-10 0.188083 0.0671314
9.81126e-10 0.186786 0.0669259
9.81227e-10 0.185493 0.0667179
9.81328e-10 0.184205 0.0665076
9.8143e-10 0.182922 0.0662949
9.81531e-10 0.181643 0.06608
9.81632e-10 0.180368 0.0658627
9.81733e-10 0.179099 0.0656432
9.81835e-10 0.177834 0.0654215
9.81936e-10 0.176574 0.0651976
9.82037e-10 0.175319 0.0649715
9.82138e-10 0.17407 0.0647433
9.8224e-10 0.172825 0.064513
9.82341e-10 0.171586 0.0642807
9.82442e-10 0.170352 0.0640463
9.82544e-10 0.169123 0.0638099
9.82645e-10 0.167899 0.0635716
9.82746e-10 0.166681 0.0633313
9.82847e-10 0.165469 0.0630891
9.82949e-10 0.164262 0.062845
9.8305e-10 0.163061 0.0625991
9.83151e-10 0.161865 0.0623513
9.83252e-10 0.160675 0.0621018
9.83354e-10 0.159491 0.0618505
9.83455e-10 0.158312 0.0615975
9.83556e-10 0.15714 0.0613428
9.83658e-10 0.155973 0.0610864
9.83759e-10 0.154813 0.0608284
9.8386e-10 0.153658 0.0605688
9.83961e-10 0.152509 0.0603076
9.84063e-10 0.151367 0.0600448
9.84164e-10 0.15023 0.0597806
9.84265e-10 0.1491 0.0595148
9.84366e-10 0.147976 0.0592476
9.84468e-10 0.146858 0.058979
9.84569e-10 0.145746 0.0587089
9.8467e-10 0.144641 0.0584375
9.84771e-10 0.143541 0.0581647
9.84873e-10 0.142449 0.0578907
9.84974e-10 0.141362 0.0576153
9.85075e-10 0.140282 0.0573387
9.85177e-10 0.139208 0.0570608
9.85278e-10 0.138141 0.0567818
9.85379e-10 0.13708 0.0565016
9.8548e-10 0.136026 0.0562202
9.85582e-10 0.134978 0.0559377
9.85683e-10 0.133937 0.0556542
9.85784e-10 0.132902 0.0553696
9.85885e-10 0.131873 0.0550839
9.85987e-10 0.130852 0.0547972
9.86088e-10 0.129837 0.0545096
9.86189e-10 0.128828 0.054221
9.86291e-10 0.127826 0.0539315
9.86392e-10 0.12683 0.0536411
9.86493e-10 0.125842 0.0533498
9.86594e-10 0.124859 0.0530577
9.86696e-10 0.123884 0.0527648
9.86797e-10 0.122915 0.052471
9.86898e-10 0.121952 0.0521765
9.86999e-10 0.120997 0.0518813
9.87101e-10 0.120047 0.0515854
9.87202e-10 0.119105 0.0512888
9.87303e-10 0.118169 0.0509915
9.87405e-10 0.11724 0.0506936
9.87506e-10 0.116317 0.050395
9.87607e-10 0.115401 0.0500959
9.87708e-10 0.114492 0.0497963
9.8781e-10 0.113589 0.0494961
9.87911e-10 0.112693 0.0491954
9.88012e-10 0.111803 0.0488942
9.88113e-10 0.11092 0.0485926
9.88215e-10 0.110044 0.0482905
9.88316e-10 0.109174 0.047988
9.88417e-10 0.108311 0.0476852
9.88518e-10 0.107454 0.0473819
9.8862e-10 0.106604 0.0470784
9.88721e-10 0.105761 0.0467745
9.88822e-10 0.104923 0.0464703
9.88924e-10 0.104093 0.0461659
9.89025e-10 0.103269 0.0458612
9.89126e-10 0.102451 0.0455564
9.89227e-10 0.10164 0.0452513
9.89329e-10 0.100835 0.044946
9.8943e-10 0.100037 0.0446406
9.89531e-10 0.0992448 0.0443351
9.89632e-10 0.0984592 0.0440295
9.89734e-10 0.09768 0.0437238
9.89835e-10 0.0969071 0.043418
9.89936e-10 0.0961405 0.0431122
9.90038e-10 0.0953802 0.0428064
9.90139e-10 0.0946262 0.0425005
9.9024e-10 0.0938784 0.0421948
9.90341e-10 0.0931368 0.041889
9.90443e-10 0.0924014 0.0415834
9.90544e-10 0.0916722 0.0412778
9.90645e-10 0.0909492 0.0409723
9.90746e-10 0.0902322 0.040667
9.90848e-10 0.0895214 0.0403618
9.90949e-10 0.0888165 0.0400568
9.9105e-10 0.0881178 0.039752
9.91152e-10 0.087425 0.0394475
9.91253e-10 0.0867382 0.0391431
9.91354e-10 0.0860573 0.038839
9.91455e-10 0.0853824 0.0385352
9.91557e-10 0.0847133 0.0382317
9.91658e-10 0.0840501 0.0379285
9.91759e-10 0.0833927 0.0376257
9.9186e-10 0.082741 0.0373232
9.91962e-10 0.0820952 0.0370211
9.92063e-10 0.081455 0.0367194
9.92164e-10 0.0808205 0.036418
9.92265e-10 0.0801917 0.0361172
9.92367e-10 0.0795685 0.0358167
9.92468e-10 0.0789508 0.0355168
9.92569e-10 0.0783387 0.0352173
9.92671e-10 0.0777321 0.0349183
9.92772e-10 0.077131 0.0346199
9.92873e-10 0.0765353 0.034322
9.92974e-10 0.075945 0.0340247
9.93076e-10 0.0753601 0.0337279
9.93177e-10 0.0747805 0.0334317
9.93278e-10 0.0742062 0.0331362
9.93379e-10 0.0736371 0.0328413
9.93481e-10 0.0730732 0.032547
9.93582e-10 0.0725145 0.0322534
9.93683e-10 0.0719609 0.0319604
9.93785e-10 0.0714125 0.0316682
9.93886e-10 0.070869 0.0313767
9.93987e-10 0.0703306 0.0310859
9.94088e-10 0.0697971 0.0307958
9.9419e-10 0.0692686 0.0305066
9.94291e-10 0.0687449 0.0302181
9.94392e-10 0.0682261 0.0299304
9.94493e-10 0.0677122 0.0296435
9.94595e-10 0.0672029 0.0293574
9.94696e-10 0.0666984 0.0290722
9.94797e-10 0.0661986 0.0287878
9.94898e-10 0.0657034 0.0285043
9.95e-10 0.0652128 0.0282217
9.95101e-10 0.0647268 0.0279399
9.95202e-10 0.0642453 0.0276592
9.95304e-10 0.0637682 0.0273793
9.95405e-10 0.0632956 0.0271004
9.95506e-10 0.0628273 0.0268224
9.95607e-10 0.0623634 0.0265454
9.95709e-10 0.0619038 0.0262694
9.9581e-10 0.0614485 0.0259944
9.95911e-10 0.0609973 0.0257204
9.96012e-10 0.0605504 0.0254475
9.96114e-10 0.0601075 0.0251755
9.96215e-10 0.0596688 0.0249047
9.96316e-10 0.059234 0.0246349
9.96418e-10 0.0588033 0.0243662
9.96519e-10 0.0583765 0.0240986
9.9662e-10 0.0579537 0.0238321
9.96721e-10 0.0575346 0.0235667
9.96823e-10 0.0571195 0.0233024
9.96924e-10 0.056708 0.0230393
9.97025e-10 0.0563004 0.0227773
9.97126e-10 0.0558964 0.0225166
9.97228e-10 0.055496 0.022257
9.97329e-10 0.0550993 0.0219985
9.9743e-10 0.0547061 0.0217413
9.97532e-10 0.0543164 0.0214853
9.97633e-10 0.0539302 0.0212306
9.97734e-10 0.0535474 0.0209771
9.97835e-10 0.053168 0.0207248
9.97937e-10 0.0527919 0.0204738
9.98038e-10 0.0524192 0.020224
9.98139e-10 0.0520497 0.0199755
9.9824e-10 0.0516834 0.0197284
9.98342e-10 0.0513202 0.0194825
9.98443e-10 0.0509602 0.019238
9.98544e-10 0.0506033 0.0189947
9.98645e-10 0.0502494 0.0187528
9.98747e-10 0.0498985 0.0185123
9.98848e-10 0.0495505 0.0182731
9.98949e-10 0.0492055 0.0180352
9.99051e-10 0.0488633 0.0177988
9.99152e-10 0.048524 0.0175637
9.99253e-10 0.0481874 0.01733
9.99354e-10 0.0478536 0.0170977
9.99456e-10 0.0475225 0.0168668
9.99557e-10 0.047194 0.0166373
9.99658e-10 0.0468682 0.0164092
9.99759e-10 0.0465449 0.0161826
9.99861e-10 0.0462241 0.0159575
