6.9e-10 0.000281306 0.0269366
6.90101e-10 0.000309618 0.0253605
6.90203e-10 0.000366465 0.0238526
6.90304e-10 0.000449682 0.0224289
6.90405e-10 0.000556833 0.0211036
6.90506e-10 0.000685251 0.0198892
6.90608e-10 0.000832072 0.0187965
6.90709e-10 0.000994277 0.0178343
6.9081e-10 0.00116873 0.0170092
6.90911e-10 0.00135221 0.0163259
6.91013e-10 0.00154149 0.0157867
6.91114e-10 0.00173333 0.0153922
6.91215e-10 0.00192456 0.0151405
6.91317e-10 0.00211208 0.015028
6.91418e-10 0.00229296 0.0150491
6.91519e-10 0.0024644 0.0151963
6.9162e-10 0.00262385 0.0154607
6.91722e-10 0.00276895 0.0158319
6.91823e-10 0.00289764 0.016298
6.91924e-10 0.00300813 0.0168463
6.92025e-10 0.00309892 0.0174633
6.92127e-10 0.00316886 0.0181345
6.92228e-10 0.00321711 0.0188453
6.92329e-10 0.00324316 0.0195808
6.9243e-10 0.00324685 0.0203261
6.92532e-10 0.00322832 0.0210667
6.92633e-10 0.00318806 0.0217883
6.92734e-10 0.00312684 0.0224775
6.92836e-10 0.00304574 0.0231216
6.92937e-10 0.00294607 0.0237088
6.93038e-10 0.00282942 0.0242286
6.93139e-10 0.00269755 0.0246716
6.93241e-10 0.00255244 0.0250298
6.93342e-10 0.0023962 0.0252968
6.93443e-10 0.00223104 0.0254675
6.93544e-10 0.00205927 0.0255384
6.93646e-10 0.00188323 0.0255076
6.93747e-10 0.00170528 0.0253746
6.93848e-10 0.00152774 0.0251404
6.9395e-10 0.00135288 0.0248077
6.94051e-10 0.00118287 0.0243804
6.94152e-10 0.00101977 0.0238635
6.94253e-10 0.000865486 0.0232635
6.94355e-10 0.000721744 0.0225878
6.94456e-10 0.000590085 0.0218448
6.94557e-10 0.000471838 0.0210435
6.94658e-10 0.000368104 0.0201937
6.9476e-10 0.000279751 0.0193057
6.94861e-10 0.000207403 0.01839
6.94962e-10 0.000151438 0.0174573
6.95064e-10 0.00011199 0.0165184
6.95165e-10 8.89552e-05 0.0155839
6.95266e-10 8.19956e-05 0.0146639
6.95367e-10 9.05535e-05 0.0137685
6.95469e-10 0.000113865 0.0129068
6.9557e-10 0.000150975 0.0120875
6.95671e-10 0.00020076 0.0113185
6.95772e-10 0.000261947 0.0106067
6.95874e-10 0.000333136 0.00995814
6.95975e-10 0.000412826 0.00937786
6.96076e-10 0.000499439 0.00886981
6.96177e-10 0.000591345 0.00843689
6.96279e-10 0.000686887 0.00808089
6.9638e-10 0.00078441 0.00780252
6.96481e-10 0.00088228 0.00760143
6.96583e-10 0.000978911 0.0074762
6.96684e-10 0.00107279 0.00742443
6.96785e-10 0.00116248 0.00744281
6.96886e-10 0.00124666 0.00752713
6.96988e-10 0.00132415 0.00767243
6.97089e-10 0.00139388 0.00787303
6.9719e-10 0.00145494 0.00812267
6.97291e-10 0.00150658 0.00841459
6.97393e-10 0.00154823 0.00874165
6.97494e-10 0.00157944 0.00909643
6.97595e-10 0.00159999 0.00947132
6.97697e-10 0.00160979 0.00985869
6.97798e-10 0.00160891 0.0102509
6.97899e-10 0.00159761 0.0106406
6.98e-10 0.00157626 0.0110205
6.98102e-10 0.0015454 0.0113837
6.98203e-10 0.00150567 0.0117239
6.98304e-10 0.00145783 0.0120351
6.98405e-10 0.00140276 0.012312
6.98507e-10 0.00134139 0.0125499
6.98608e-10 0.00127474 0.0127447
6.98709e-10 0.00120385 0.0128931
6.9881e-10 0.00112981 0.0129926
6.98912e-10 0.00105372 0.0130413
6.99013e-10 0.000976681 0.0130382
6.99114e-10 0.000899765 0.0129831
6.99216e-10 0.000824014 0.0128764
6.99317e-10 0.000750418 0.0127193
6.99418e-10 0.000679908 0.0125135
6.99519e-10 0.000613335 0.0122618
6.99621e-10 0.000551471 0.011967
6.99722e-10 0.00049499 0.011633
6.99823e-10 0.000444467 0.0112636
6.99924e-10 0.000400371 0.0108635
7.00026e-10 0.000363061 0.0104374
7.00127e-10 0.000332786 0.00999034
7.00228e-10 0.000309681 0.00952764
7.0033e-10 0.000293773 0.00905461
7.00431e-10 0.000284981 0.0085766
7.00532e-10 0.000283121 0.00809893
7.00633e-10 0.000287916 0.00762678
7.00735e-10 0.000298998 0.00716517
7.00836e-10 0.000315916 0.00671884
7.00937e-10 0.000338152 0.00629224
7.01038e-10 0.000365125 0.00588945
7.0114e-10 0.000396201 0.00551413
7.01241e-10 0.00043071 0.00516951
7.01342e-10 0.000467951 0.00485833
7.01444e-10 0.000507206 0.00458283
7.01545e-10 0.000547752 0.00434473
7.01646e-10 0.00058887 0.00414519
7.01747e-10 0.000629858 0.00398487
7.01849e-10 0.000670037 0.00386389
7.0195e-10 0.000708764 0.00378183
7.02051e-10 0.000745439 0.00373779
7.02152e-10 0.000779511 0.00373038
7.02254e-10 0.000810488 0.0037578
7.02355e-10 0.000837938 0.00381778
7.02456e-10 0.000861498 0.00390774
7.02557e-10 0.000880874 0.00402474
7.02659e-10 0.000895843 0.00416557
7.0276e-10 0.000906256 0.00432679
7.02861e-10 0.000912037 0.00450479
7.02963e-10 0.00091318 0.00469584
7.03064e-10 0.00090975 0.00489613
7.03165e-10 0.000901877 0.00510183
7.03266e-10 0.000889753 0.00530916
7.03368e-10 0.000873627 0.0055144
7.03469e-10 0.000853802 0.00571397
7.0357e-10 0.000830622 0.00590449
7.03671e-10 0.000804473 0.00608275
7.03773e-10 0.000775772 0.00624584
7.03874e-10 0.000744961 0.00639109
7.03975e-10 0.0007125 0.00651617
7.04077e-10 0.000678858 0.0066191
7.04178e-10 0.000644506 0.00669822
7.04279e-10 0.000609914 0.00675226
7.0438e-10 0.000575537 0.00678033
7.04482e-10 0.000541816 0.0067819
7.04583e-10 0.000509167 0.00675682
7.04684e-10 0.000477977 0.00670533
7.04785e-10 0.0004486 0.00662799
7.04887e-10 0.000421355 0.00652573
7.04988e-10 0.000396515 0.00639979
7.05089e-10 0.000374313 0.00625169
7.05191e-10 0.000354935 0.00608323
7.05292e-10 0.00033852 0.00589645
7.05393e-10 0.000325159 0.00569359
7.05494e-10 0.000314897 0.00547705
7.05596e-10 0.000307731 0.00524938
7.05697e-10 0.000303613 0.0050132
7.05798e-10 0.000302453 0.00477123
7.05899e-10 0.000304121 0.00452616
7.06001e-10 0.000308449 0.00428071
7.06102e-10 0.000315236 0.00403752
7.06203e-10 0.000324252 0.00379917
7.06304e-10 0.000335241 0.0035681
7.06406e-10 0.000347927 0.00334662
7.06507e-10 0.000362019 0.00313687
7.06608e-10 0.000377213 0.00294078
7.0671e-10 0.0003932 0.00276007
7.06811e-10 0.00040967 0.00259623
7.06912e-10 0.000426315 0.00245048
7.07013e-10 0.000442833 0.00232382
7.07115e-10 0.000458938 0.00221694
7.07216e-10 0.000474354 0.00213029
7.07317e-10 0.000488827 0.00206403
7.07418e-10 0.000502125 0.00201809
7.0752e-10 0.00051404 0.0019921
7.07621e-10 0.000524391 0.00198547
7.07722e-10 0.000533026 0.00199736
7.07824e-10 0.000539823 0.00202673
7.07925e-10 0.000544692 0.00207234
7.08026e-10 0.000547571 0.00213274
7.08127e-10 0.000548434 0.00220637
7.08229e-10 0.000547281 0.00229152
7.0833e-10 0.000544145 0.00238636
7.08431e-10 0.000539086 0.00248899
7.08532e-10 0.00053219 0.00259748
7.08634e-10 0.000523568 0.00270983
7.08735e-10 0.000513354 0.00282407
7.08836e-10 0.000501701 0.00293825
7.08938e-10 0.000488776 0.00305046
7.09039e-10 0.000474765 0.00315888
7.0914e-10 0.000459859 0.00326176
7.09241e-10 0.000444261 0.0033575
7.09343e-10 0.000428176 0.00344459
7.09444e-10 0.00041181 0.00352172
7.09545e-10 0.000395369 0.00358769
7.09646e-10 0.000379053 0.00364153
7.09748e-10 0.000363054 0.00368241
7.09849e-10 0.000347555 0.00370972
7.0995e-10 0.000332727 0.00372302
7.10051e-10 0.000318725 0.00372209
7.10153e-10 0.000305689 0.00370689
7.10254e-10 0.000293741 0.00367756
7.10355e-10 0.000282984 0.00363445
7.10457e-10 0.0002735 0.00357806
7.10558e-10 0.000265352 0.00350907
7.10659e-10 0.00025858 0.00342831
7.1076e-10 0.000253206 0.00333674
7.10862e-10 0.00024923 0.00323545
7.10963e-10 0.000246632 0.00312565
7.11064e-10 0.000245372 0.00300861
7.11165e-10 0.000245395 0.00288568
7.11267e-10 0.000246626 0.00275827
7.11368e-10 0.000248977 0.00262782
7.11469e-10 0.000252347 0.00249578
7.11571e-10 0.000256623 0.00236358
7.11672e-10 0.000261681 0.00223265
7.11773e-10 0.000267392 0.00210436
7.11874e-10 0.000273619 0.00198003
7.11976e-10 0.000280225 0.00186089
7.12077e-10 0.000287069 0.00174811
7.12178e-10 0.000294012 0.00164272
7.12279e-10 0.000300918 0.00154567
7.12381e-10 0.000307655 0.00145777
7.12482e-10 0.000314097 0.0013797
7.12583e-10 0.000320128 0.00131201
7.12684e-10 0.00032564 0.0012551
7.12786e-10 0.000330535 0.00120924
7.12887e-10 0.000334729 0.00117455
7.12988e-10 0.00033815 0.00115099
7.1309e-10 0.000340738 0.00113841
7.13191e-10 0.000342448 0.00113651
7.13292e-10 0.000343248 0.00114488
7.13393e-10 0.000343123 0.00116295
7.13495e-10 0.000342069 0.00119009
7.13596e-10 0.000340097 0.00122553
7.13697e-10 0.00033723 0.00126845
7.13798e-10 0.000333505 0.00131791
7.139e-10 0.00032897 0.00137295
7.14001e-10 0.000323681 0.00143254
7.14102e-10 0.000317708 0.00149561
7.14204e-10 0.000311126 0.00156108
7.14305e-10 0.000304017 0.00162786
7.14406e-10 0.000296469 0.00169488
7.14507e-10 0.000288575 0.00176106
7.14609e-10 0.00028043 0.00182538
7.1471e-10 0.00027213 0.00188687
7.14811e-10 0.000263769 0.00194459
7.14912e-10 0.000255444 0.0019977
7.15014e-10 0.000247246 0.00204541
7.15115e-10 0.000239261 0.00208703
7.15216e-10 0.000231573 0.00212197
7.15318e-10 0.000224258 0.00214971
7.15419e-10 0.000217385 0.00216987
7.1552e-10 0.000211014 0.00218215
7.15621e-10 0.000205199 0.00218637
7.15723e-10 0.000199982 0.00218244
7.15824e-10 0.000195399 0.00217039
7.15925e-10 0.000191473 0.00215036
7.16026e-10 0.000188219 0.00212258
7.16128e-10 0.000185642 0.00208737
7.16229e-10 0.000183737 0.00204515
7.1633e-10 0.000182491 0.00199643
7.16431e-10 0.00018188 0.00194177
7.16533e-10 0.000181875 0.0018818
7.16634e-10 0.000182436 0.00181724
7.16735e-10 0.000183518 0.00174882
7.16837e-10 0.000185071 0.00167731
7.16938e-10 0.000187037 0.00160352
7.17039e-10 0.000189356 0.00152828
7.1714e-10 0.000191965 0.0014524
7.17242e-10 0.000194796 0.00137671
7.17343e-10 0.000197784 0.001302
7.17444e-10 0.00020086 0.00122907
7.17545e-10 0.000203957 0.00115863
7.17647e-10 0.000207009 0.00109141
7.17748e-10 0.000209954 0.00102804
7.17849e-10 0.000212732 0.000969124
7.17951e-10 0.000215287 0.000915174
7.18052e-10 0.000217569 0.000866649
7.18153e-10 0.000219531 0.000823931
7.18254e-10 0.000221134 0.000787322
7.18356e-10 0.000222344 0.000757045
7.18457e-10 0.000223134 0.000733239
7.18558e-10 0.000223484 0.000715965
7.18659e-10 0.00022338 0.0007052
7.18761e-10 0.000222815 0.000700843
7.18862e-10 0.00022179 0.000702717
7.18963e-10 0.000220311 0.00071057
7.19065e-10 0.000218391 0.000724083
7.19166e-10 0.000216051 0.000742874
7.19267e-10 0.000213313 0.000766501
7.19368e-10 0.000210209 0.000794473
7.1947e-10 0.000206772 0.000826255
7.19571e-10 0.000203041 0.000861273
7.19672e-10 0.000199058 0.000898928
7.19773e-10 0.000194866 0.000938596
7.19875e-10 0.000190514 0.000979641
7.19976e-10 0.000186047 0.00102142
7.20077e-10 0.000181514 0.00106331
7.20178e-10 0.000176964 0.00110466
7.2028e-10 0.000172444 0.00114489
7.20381e-10 0.000168 0.00118339
7.20482e-10 0.000163676 0.00121963
7.20584e-10 0.000159513 0.00125309
7.20685e-10 0.000155549 0.0012833
7.20786e-10 0.000151821 0.00130984
7.20887e-10 0.000148357 0.00133236
7.20989e-10 0.000145186 0.00135053
7.2109e-10 0.000142328 0.00136411
7.21191e-10 0.000139801 0.00137292
7.21292e-10 0.000137618 0.00137683
7.21394e-10 0.000135786 0.00137577
7.21495e-10 0.000134308 0.00136976
7.21596e-10 0.00013318 0.00135885
7.21698e-10 0.000132397 0.00134316
7.21799e-10 0.000131946 0.00132289
7.219e-10 0.000131813 0.00129827
7.22001e-10 0.000131976 0.00126958
7.22103e-10 0.000132414 0.00123715
7.22204e-10 0.000133099 0.00120137
7.22305e-10 0.000134002 0.00116263
7.22406e-10 0.000135093 0.00112139
7.22508e-10 0.000136338 0.0010781
7.22609e-10 0.000137703 0.00103325
7.2271e-10 0.000139153 0.000987341
7.22812e-10 0.000140651 0.000940865
7.22913e-10 0.000142163 0.000894326
7.23014e-10 0.000143655 0.00084822
7.23115e-10 0.000145093 0.00080303
7.23217e-10 0.000146445 0.00075922
7.23318e-10 0.000147682 0.000717231
7.23419e-10 0.000148775 0.000677477
7.2352e-10 0.000149701 0.000640337
7.23622e-10 0.000150438 0.000606153
7.23723e-10 0.000150966 0.000575229
7.23824e-10 0.000151271 0.000547822
7.23925e-10 0.000151341 0.000524146
7.24027e-10 0.000151168 0.000504363
7.24128e-10 0.000150748 0.00048859
7.24229e-10 0.000150078 0.000476892
7.24331e-10 0.000149163 0.000469284
7.24432e-10 0.000148008 0.000465733
7.24533e-10 0.000146623 0.000466156
7.24634e-10 0.000145019 0.000470424
7.24736e-10 0.000143212 0.000478367
7.24837e-10 0.00014122 0.00048977
7.24938e-10 0.000139063 0.00050438
7.25039e-10 0.000136763 0.000521912
7.25141e-10 0.000134343 0.00054205
7.25242e-10 0.000131828 0.000564449
7.25343e-10 0.000129244 0.000588745
7.25445e-10 0.000126617 0.000614556
7.25546e-10 0.000123973 0.000641489
7.25647e-10 0.000121339 0.000669142
7.25748e-10 0.000118739 0.000697112
7.2585e-10 0.000116199 0.000724999
7.25951e-10 0.000113742 0.000752409
7.26052e-10 0.000111389 0.000778961
7.26153e-10 0.000109162 0.000804291
7.26255e-10 0.000107077 0.000828054
7.26356e-10 0.00010515 0.000849931
7.26457e-10 0.000103396 0.000869629
7.26559e-10 0.000101824 0.000886888
7.2666e-10 0.000100443 0.000901481
7.26761e-10 9.92589e-05 0.000913215
7.26862e-10 9.82741e-05 0.000921938
7.26964e-10 9.74889e-05 0.000927534
7.27065e-10 9.69007e-05 0.000929927
7.27166e-10 9.65045e-05 0.000929084
7.27267e-10 9.62927e-05 0.000925008
7.27369e-10 9.62557e-05 0.000917743
7.2747e-10 9.63815e-05 0.000907372
7.27571e-10 9.66563e-05 0.000894013
7.27672e-10 9.70647e-05 0.000877819
7.27774e-10 9.75898e-05 0.000858976
7.27875e-10 9.82134e-05 0.0008377
7.27976e-10 9.89165e-05 0.000814232
7.28078e-10 9.96795e-05 0.000788837
7.28179e-10 0.000100482 0.000761802
7.2828e-10 0.000101305 0.000733426
7.28381e-10 0.000102127 0.000704024
7.28483e-10 0.00010293 0.000673918
7.28584e-10 0.000103694 0.000643435
7.28685e-10 0.000104402 0.000612901
7.28786e-10 0.000105038 0.000582641
7.28888e-10 0.000105584 0.000552971
7.28989e-10 0.000106029 0.000524198
7.2909e-10 0.00010636 0.000496612
7.29192e-10 0.000106566 0.000470487
7.29293e-10 0.00010664 0.000446077
7.29394e-10 0.000106574 0.000423611
7.29495e-10 0.000106366 0.000403293
7.29597e-10 0.000106012 0.0003853
7.29698e-10 0.000105512 0.000369779
7.29799e-10 0.000104869 0.000356844
7.299e-10 0.000104086 0.000346581
7.30002e-10 0.000103169 0.000339039
7.30103e-10 0.000102125 0.000334239
7.30204e-10 0.000100964 0.000332166
7.30305e-10 9.96958e-05 0.000332775
7.30407e-10 9.83326e-05 0.000335989
7.30508e-10 9.68874e-05 0.000341703
7.30609e-10 9.53741e-05 0.000349782
7.30711e-10 9.38074e-05 0.000360067
7.30812e-10 9.22023e-05 0.000372375
7.30913e-10 9.05744e-05 0.000386499
7.31014e-10 8.89393e-05 0.000402217
7.31116e-10 8.73123e-05 0.000419289
7.31217e-10 8.57085e-05 0.000437463
7.31318e-10 8.41426e-05 0.000456477
7.31419e-10 8.26285e-05 0.000476064
7.31521e-10 8.1179e-05 0.000495951
7.31622e-10 7.98062e-05 0.000515869
7.31723e-10 7.85209e-05 0.000535549
7.31825e-10 7.73325e-05 0.000554729
7.31926e-10 7.62491e-05 0.000573157
7.32027e-10 7.52773e-05 0.000590593
7.32128e-10 7.44221e-05 0.000606813
7.3223e-10 7.36869e-05 0.000621607
7.32331e-10 7.30736e-05 0.000634788
7.32432e-10 7.25824e-05 0.000646189
7.32533e-10 7.22119e-05 0.000655667
7.32635e-10 7.19592e-05 0.000663101
7.32736e-10 7.182e-05 0.000668399
7.32837e-10 7.17884e-05 0.000671494
7.32939e-10 7.18574e-05 0.000672346
7.3304e-10 7.20187e-05 0.000670941
7.33141e-10 7.22631e-05 0.000667294
7.33242e-10 7.25804e-05 0.000661444
7.33344e-10 7.29596e-05 0.000653458
7.33445e-10 7.33891e-05 0.000643426
7.33546e-10 7.3857e-05 0.000631462
7.33647e-10 7.43509e-05 0.0006177
7.33749e-10 7.48586e-05 0.000602295
7.3385e-10 7.53676e-05 0.00058542
7.33951e-10 7.5866e-05 0.000567263
7.34052e-10 7.63418e-05 0.000548025
7.34154e-10 7.67841e-05 0.000527917
7.34255e-10 7.71821e-05 0.00050716
7.34356e-10 7.75262e-05 0.000485979
7.34458e-10 7.78075e-05 0.0004646
7.34559e-10 7.80182e-05 0.000443253
7.3466e-10 7.81515e-05 0.000422162
7.34761e-10 7.82018e-05 0.000401546
7.34863e-10 7.81649e-05 0.000381619
7.34964e-10 7.80375e-05 0.000362582
7.35065e-10 7.78179e-05 0.000344625
7.35166e-10 7.75055e-05 0.000327923
7.35268e-10 7.7101e-05 0.000312635
7.35369e-10 7.66064e-05 0.000298902
7.3547e-10 7.60249e-05 0.000286846
7.35572e-10 7.53608e-05 0.000276569
7.35673e-10 7.46194e-05 0.000268149
7.35774e-10 7.3807e-05 0.000261644
7.35875e-10 7.29308e-05 0.000257089
7.35977e-10 7.19989e-05 0.000254496
7.36078e-10 7.10197e-05 0.000253854
7.36179e-10 7.00025e-05 0.00025513
7.3628e-10 6.89568e-05 0.000258269
7.36382e-10 6.78924e-05 0.000263197
7.36483e-10 6.68192e-05 0.000269818
7.36584e-10 6.57473e-05 0.000278018
7.36686e-10 6.46864e-05 0.000287666
7.36787e-10 6.3646e-05 0.000298617
7.36888e-10 6.26355e-05 0.000310712
7.36989e-10 6.16634e-05 0.00032378
7.37091e-10 6.07379e-05 0.000337641
7.37192e-10 5.98665e-05 0.000352108
7.37293e-10 5.90557e-05 0.000366989
7.37394e-10 5.83113e-05 0.000382088
7.37496e-10 5.76383e-05 0.000397212
7.37597e-10 5.70403e-05 0.000412166
7.37698e-10 5.65205e-05 0.000426762
7.37799e-10 5.60806e-05 0.000440815
7.37901e-10 5.57214e-05 0.000454151
7.38002e-10 5.54427e-05 0.000466606
7.38103e-10 5.52432e-05 0.000478025
7.38205e-10 5.51208e-05 0.00048827
7.38306e-10 5.50723e-05 0.000497216
7.38407e-10 5.50936e-05 0.000504754
7.38508e-10 5.51797e-05 0.000510795
7.3861e-10 5.53251e-05 0.000515264
7.38711e-10 5.55235e-05 0.000518109
7.38812e-10 5.57679e-05 0.000519295
7.38913e-10 5.60511e-05 0.000518806
7.39015e-10 5.63651e-05 0.000516648
7.39116e-10 5.67021e-05 0.000512843
7.39217e-10 5.70538e-05 0.000507435
7.39319e-10 5.74119e-05 0.000500483
7.3942e-10 5.77683e-05 0.000492065
7.39521e-10 5.8115e-05 0.000482276
7.39622e-10 5.84441e-05 0.000471224
7.39724e-10 5.87481e-05 0.000459032
7.39825e-10 5.90202e-05 0.000445834
7.39926e-10 5.92538e-05 0.000431775
7.40027e-10 5.94431e-05 0.000417008
7.40129e-10 5.95829e-05 0.000401695
7.4023e-10 5.96687e-05 0.000386001
7.40331e-10 5.96968e-05 0.000370093
7.40433e-10 5.96644e-05 0.000354141
7.40534e-10 5.95695e-05 0.000338315
7.40635e-10 5.94108e-05 0.000322779
7.40736e-10 5.91881e-05 0.000307695
7.40838e-10 5.8902e-05 0.000293217
7.40939e-10 5.85537e-05 0.000279493
7.4104e-10 5.81455e-05 0.00026666
7.41141e-10 5.76803e-05 0.000254842
7.41243e-10 5.71619e-05 0.000244154
7.41344e-10 5.65945e-05 0.000234696
7.41445e-10 5.59831e-05 0.000226551
7.41546e-10 5.53331e-05 0.00021979
7.41648e-10 5.46506e-05 0.000214466
7.41749e-10 5.39417e-05 0.000210615
7.4185e-10 5.32131e-05 0.000208259
7.41952e-10 5.24715e-05 0.000207398
7.42053e-10 5.17239e-05 0.00020802
7.42154e-10 5.09771e-05 0.000210094
7.42255e-10 5.0238e-05 0.000213573
7.42357e-10 4.95132e-05 0.000218395
7.42458e-10 4.88092e-05 0.000224485
7.42559e-10 4.81321e-05 0.00023175
7.4266e-10 4.74876e-05 0.00024009
7.42762e-10 4.68811e-05 0.00024939
7.42863e-10 4.63171e-05 0.000259526
7.42964e-10 4.58e-05 0.000270367
7.43066e-10 4.53332e-05 0.000281773
7.43167e-10 4.49195e-05 0.000293601
7.43268e-10 4.45612e-05 0.000305702
7.43369e-10 4.42598e-05 0.000317929
7.43471e-10 4.40158e-05 0.000330131
7.43572e-10 4.38295e-05 0.000342159
7.43673e-10 4.37e-05 0.000353871
7.43774e-10 4.3626e-05 0.000365124
7.43876e-10 4.36054e-05 0.000375785
7.43977e-10 4.36354e-05 0.000385729
7.44078e-10 4.37127e-05 0.000394839
7.44179e-10 4.38335e-05 0.000403007
7.44281e-10 4.39934e-05 0.000410139
7.44382e-10 4.41876e-05 0.000416152
7.44483e-10 4.44109e-05 0.000420976
7.44585e-10 4.46579e-05 0.000424556
7.44686e-10 4.49228e-05 0.000426851
7.44787e-10 4.51997e-05 0.000427835
7.44888e-10 4.54828e-05 0.000427495
7.4499e-10 4.57662e-05 0.000425836
7.45091e-10 4.60439e-05 0.000422876
7.45192e-10 4.63102e-05 0.000418648
7.45293e-10 4.65596e-05 0.000413198
7.45395e-10 4.6787e-05 0.000406588
7.45496e-10 4.69875e-05 0.000398891
7.45597e-10 4.71565e-05 0.00039019
7.45699e-10 4.72901e-05 0.000380581
7.458e-10 4.73848e-05 0.00037017
7.45901e-10 4.74377e-05 0.000359069
7.46002e-10 4.74463e-05 0.000347399
7.46104e-10 4.74088e-05 0.000335286
7.46205e-10 4.73242e-05 0.00032286
7.46306e-10 4.71917e-05 0.000310254
7.46407e-10 4.70116e-05 0.000297601
7.46509e-10 4.67844e-05 0.000285036
7.4661e-10 4.65116e-05 0.000272689
7.46711e-10 4.61949e-05 0.000260691
7.46813e-10 4.58367e-05 0.000249165
7.46914e-10 4.54401e-05 0.000238229
7.47015e-10 4.50084e-05 0.000227994
7.47116e-10 4.45454e-05 0.000218563
7.47218e-10 4.40554e-05 0.000210028
7.47319e-10 4.35429e-05 0.000202472
7.4742e-10 4.30127e-05 0.000195967
7.47521e-10 4.24696e-05 0.000190571
7.47623e-10 4.1919e-05 0.000186331
7.47724e-10 4.13658e-05 0.000183281
7.47825e-10 4.08153e-05 0.000181441
7.47926e-10 4.02727e-05 0.000180818
7.48028e-10 3.97427e-05 0.000181406
7.48129e-10 3.92304e-05 0.000183184
7.4823e-10 3.87401e-05 0.00018612
7.48332e-10 3.82761e-05 0.000190168
7.48433e-10 3.78423e-05 0.000195272
7.48534e-10 3.74422e-05 0.000201362
7.48635e-10 3.70788e-05 0.00020836
7.48737e-10 3.67548e-05 0.000216178
7.48838e-10 3.64721e-05 0.000224718
7.48939e-10 3.62323e-05 0.000233876
7.4904e-10 3.60364e-05 0.000243543
7.49142e-10 3.58849e-05 0.000253602
7.49243e-10 3.57777e-05 0.000263935
7.49344e-10 3.57142e-05 0.00027442
7.49446e-10 3.56932e-05 0.000284936
7.49547e-10 3.5713e-05 0.000295362
7.49648e-10 3.57716e-05 0.000305576
7.49749e-10 3.58662e-05 0.000315462
7.49851e-10 3.59939e-05 0.000324908
7.49952e-10 3.61513e-05 0.000333806
7.50053e-10 3.63346e-05 0.000342056
7.50154e-10 3.65399e-05 0.000349565
7.50256e-10 3.67627e-05 0.000356249
7.50357e-10 3.69989e-05 0.000362034
7.50458e-10 3.72436e-05 0.000366856
7.5056e-10 3.74925e-05 0.00037066
7.50661e-10 3.77408e-05 0.000373406
7.50762e-10 3.79839e-05 0.000375063
7.50863e-10 3.82175e-05 0.000375614
7.50965e-10 3.84371e-05 0.000375053
7.51066e-10 3.86388e-05 0.000373387
7.51167e-10 3.88187e-05 0.000370635
7.51268e-10 3.89732e-05 0.000366826
7.5137e-10 3.90993e-05 0.000362004
7.51471e-10 3.91941e-05 0.000356221
7.51572e-10 3.92552e-05 0.000349541
7.51673e-10 3.92808e-05 0.000342036
7.51775e-10 3.92694e-05 0.000333788
7.51876e-10 3.92199e-05 0.000324886
7.51977e-10 3.9132e-05 0.000315426
7.52079e-10 3.90055e-05 0.000305511
7.5218e-10 3.8841e-05 0.000295246
7.52281e-10 3.86395e-05 0.000284741
7.52382e-10 3.84023e-05 0.000274107
7.52484e-10 3.81313e-05 0.000263459
7.52585e-10 3.78288e-05 0.000252908
7.52686e-10 3.74975e-05 0.000242564
7.52787e-10 3.71403e-05 0.000232538
7.52889e-10 3.67605e-05 0.000222932
7.5299e-10 3.63619e-05 0.000213846
7.53091e-10 3.5948e-05 0.000205375
7.53193e-10 3.5523e-05 0.000197604
7.53294e-10 3.5091e-05 0.000190612
7.53395e-10 3.4656e-05 0.000184469
7.53496e-10 3.42223e-05 0.000179235
7.53598e-10 3.37941e-05 0.00017496
7.53699e-10 3.33754e-05 0.000171686
7.538e-10 3.29702e-05 0.000169439
7.53901e-10 3.25821e-05 0.000168239
7.54003e-10 3.22149e-05 0.000168091
7.54104e-10 3.18717e-05 0.000168991
7.54205e-10 3.15555e-05 0.000170922
7.54307e-10 3.12689e-05 0.000173858
7.54408e-10 3.10142e-05 0.000177759
7.54509e-10 3.07933e-05 0.00018258
7.5461e-10 3.06076e-05 0.00018826
7.54712e-10 3.04581e-05 0.000194734
7.54813e-10 3.03453e-05 0.000201927
7.54914e-10 3.02695e-05 0.000209756
7.55015e-10 3.02303e-05 0.000218132
7.55117e-10 3.02269e-05 0.000226961
7.55218e-10 3.02582e-05 0.000236143
7.55319e-10 3.03225e-05 0.000245577
7.5542e-10 3.0418e-05 0.000255158
7.55522e-10 3.05422e-05 0.000264779
7.55623e-10 3.06924e-05 0.000274336
7.55724e-10 3.08658e-05 0.000283723
7.55826e-10 3.1059e-05 0.000292838
7.55927e-10 3.12687e-05 0.000301581
7.56028e-10 3.14911e-05 0.000309858
7.56129e-10 3.17226e-05 0.00031758
7.56231e-10 3.19592e-05 0.000324663
7.56332e-10 3.21972e-05 0.000331031
7.56433e-10 3.24325e-05 0.000336617
7.56534e-10 3.26615e-05 0.00034136
7.56636e-10 3.28804e-05 0.00034521
7.56737e-10 3.30855e-05 0.000348128
7.56838e-10 3.32736e-05 0.000350082
7.5694e-10 3.34415e-05 0.000351054
7.57041e-10 3.35863e-05 0.000351033
7.57142e-10 3.37054e-05 0.000350022
7.57243e-10 3.37966e-05 0.000348032
7.57345e-10 3.38579e-05 0.000345086
7.57446e-10 3.38879e-05 0.000341217
7.57547e-10 3.38853e-05 0.000336466
7.57648e-10 3.38495e-05 0.000330887
7.5775e-10 3.37802e-05 0.00032454
7.57851e-10 3.36774e-05 0.000317493
7.57952e-10 3.35417e-05 0.000309822
7.58053e-10 3.33739e-05 0.00030161
7.58155e-10 3.31755e-05 0.000292945
7.58256e-10 3.2948e-05 0.000283919
7.58357e-10 3.26935e-05 0.00027463
7.58459e-10 3.24144e-05 0.000265175
7.5856e-10 3.21132e-05 0.000255656
7.58661e-10 3.1793e-05 0.000246173
7.58762e-10 3.14568e-05 0.000236827
7.58864e-10 3.1108e-05 0.000227717
7.58965e-10 3.07501e-05 0.000218939
7.59066e-10 3.03866e-05 0.000210585
7.59167e-10 3.00212e-05 0.000202742
7.59269e-10 2.96575e-05 0.000195494
7.5937e-10 2.92992e-05 0.000188916
7.59471e-10 2.89498e-05 0.000183077
7.59573e-10 2.86128e-05 0.000178036
7.59674e-10 2.82915e-05 0.000173847
7.59775e-10 2.7989e-05 0.000170552
7.59876e-10 2.77082e-05 0.000168185
7.59978e-10 2.74516e-05 0.000166769
7.60079e-10 2.72216e-05 0.000166318
7.6018e-10 2.70202e-05 0.000166836
7.60281e-10 2.68491e-05 0.000168316
7.60383e-10 2.67095e-05 0.000170741
7.60484e-10 2.66024e-05 0.000174085
7.60585e-10 2.65282e-05 0.00017831
7.60687e-10 2.64872e-05 0.000183372
7.60788e-10 2.64791e-05 0.000189217
7.60889e-10 2.65032e-05 0.000195782
7.6099e-10 2.65585e-05 0.000202997
7.61092e-10 2.66437e-05 0.000210786
7.61193e-10 2.6757e-05 0.000219068
7.61294e-10 2.68963e-05 0.000227754
7.61395e-10 2.70593e-05 0.000236753
7.61497e-10 2.72434e-05 0.000245971
7.61598e-10 2.74456e-05 0.000255311
7.61699e-10 2.7663e-05 0.000264676
7.618e-10 2.78921e-05 0.000273968
7.61902e-10 2.81298e-05 0.00028309
7.62003e-10 2.83725e-05 0.000291947
7.62104e-10 2.86166e-05 0.000300447
7.62206e-10 2.88588e-05 0.000308503
7.62307e-10 2.90954e-05 0.000316031
7.62408e-10 2.9323e-05 0.000322954
7.62509e-10 2.95385e-05 0.0003292
7.62611e-10 2.97386e-05 0.000334706
7.62712e-10 2.99204e-05 0.000339416
7.62813e-10 3.00812e-05 0.000343283
7.62914e-10 3.02185e-05 0.000346267
7.63016e-10 3.03302e-05 0.000348339
7.63117e-10 3.04144e-05 0.00034948
7.63218e-10 3.04695e-05 0.00034968
7.6332e-10 3.04945e-05 0.000348938
7.63421e-10 3.04885e-05 0.000347265
7.63522e-10 3.04511e-05 0.000344681
7.63623e-10 3.03822e-05 0.000341213
7.63725e-10 3.02821e-05 0.000336901
7.63826e-10 3.01516e-05 0.000331792
7.63927e-10 2.99917e-05 0.000325941
7.64028e-10 2.98038e-05 0.000319411
7.6413e-10 2.95897e-05 0.000312273
7.64231e-10 2.93514e-05 0.000304604
7.64332e-10 2.90913e-05 0.000296485
7.64434e-10 2.8812e-05 0.000288003
7.64535e-10 2.85163e-05 0.000279249
7.64636e-10 2.82073e-05 0.000270317
7.64737e-10 2.78882e-05 0.000261301
7.64839e-10 2.75622e-05 0.000252298
7.6494e-10 2.72329e-05 0.000243405
7.65041e-10 2.69036e-05 0.000234715
7.65142e-10 2.65777e-05 0.000226321
7.65244e-10 2.62588e-05 0.000218315
7.65345e-10 2.59501e-05 0.00021078
7.65446e-10 2.56549e-05 0.000203799
7.65547e-10 2.53761e-05 0.000197447
7.65649e-10 2.51167e-05 0.000191792
7.6575e-10 2.48793e-05 0.000186896
7.65851e-10 2.46663e-05 0.000182813
7.65953e-10 2.44799e-05 0.000179588
7.66054e-10 2.43217e-05 0.000177259
7.66155e-10 2.41933e-05 0.000175852
7.66256e-10 2.40958e-05 0.000175385
7.66358e-10 2.403e-05 0.000175868
7.66459e-10 2.39962e-05 0.000177297
7.6656e-10 2.39945e-05 0.000179664
7.66661e-10 2.40246e-05 0.000182945
7.66763e-10 2.40857e-05 0.000187113
7.66864e-10 2.41767e-05 0.000192126
7.66965e-10 2.42963e-05 0.000197938
7.67067e-10 2.44427e-05 0.000204493
7.67168e-10 2.46138e-05 0.000211726
7.67269e-10 2.48073e-05 0.000219567
7.6737e-10 2.50205e-05 0.000227939
7.67472e-10 2.52507e-05 0.000236761
7.67573e-10 2.54948e-05 0.000245944
7.67674e-10 2.57496e-05 0.000255399
7.67775e-10 2.60118e-05 0.000265031
7.67877e-10 2.6278e-05 0.000274747
7.67978e-10 2.65447e-05 0.000284448
7.68079e-10 2.68086e-05 0.000294041
7.68181e-10 2.70661e-05 0.000303429
7.68282e-10 2.7314e-05 0.00031252
7.68383e-10 2.7549e-05 0.000321225
7.68484e-10 2.7768e-05 0.000329456
7.68586e-10 2.79682e-05 0.000337134
7.68687e-10 2.81469e-05 0.000344183
7.68788e-10 2.83016e-05 0.000350534
7.68889e-10 2.84303e-05 0.000356125
7.68991e-10 2.8531e-05 0.000360903
7.69092e-10 2.86023e-05 0.00036482
7.69193e-10 2.86431e-05 0.000367841
7.69294e-10 2.86524e-05 0.000369937
7.69396e-10 2.86299e-05 0.000371091
7.69497e-10 2.85755e-05 0.000371293
7.69598e-10 2.84895e-05 0.000370545
7.697e-10 2.83726e-05 0.000368857
7.69801e-10 2.82258e-05 0.00036625
7.69902e-10 2.80506e-05 0.000362754
7.70003e-10 2.78485e-05 0.000358408
7.70105e-10 2.76218e-05 0.000353259
7.70206e-10 2.73727e-05 0.000347364
7.70307e-10 2.71038e-05 0.000340787
7.70408e-10 2.68181e-05 0.000333598
7.7051e-10 2.65184e-05 0.000325875
7.70611e-10 2.62081e-05 0.0003177
7.70712e-10 2.58905e-05 0.000309162
7.70814e-10 2.5569e-05 0.000300352
7.70915e-10 2.52472e-05 0.000291364
7.71016e-10 2.49286e-05 0.000282295
7.71117e-10 2.46166e-05 0.000273242
7.71219e-10 2.43147e-05 0.000264304
7.7132e-10 2.40262e-05 0.000255577
7.71421e-10 2.37544e-05 0.000247155
7.71522e-10 2.35021e-05 0.000239131
7.71624e-10 2.32721e-05 0.000231592
7.71725e-10 2.30671e-05 0.000224623
7.71826e-10 2.28893e-05 0.000218301
7.71928e-10 2.27406e-05 0.000212698
7.72029e-10 2.26226e-05 0.000207878
7.7213e-10 2.25367e-05 0.000203899
7.72231e-10 2.24838e-05 0.000200808
7.72333e-10 2.24644e-05 0.000198645
7.72434e-10 2.24786e-05 0.000197441
7.72535e-10 2.25264e-05 0.000197217
7.72636e-10 2.2607e-05 0.000197983
7.72738e-10 2.27196e-05 0.000199742
7.72839e-10 2.28627e-05 0.000202484
7.7294e-10 2.30347e-05 0.000206192
7.73041e-10 2.32336e-05 0.000210835
7.73143e-10 2.3457e-05 0.000216378
7.73244e-10 2.37024e-05 0.000222773
7.73345e-10 2.39668e-05 0.000229966
7.73447e-10 2.42472e-05 0.000237891
7.73548e-10 2.45402e-05 0.000246479
7.73649e-10 2.48425e-05 0.000255652
7.7375e-10 2.51505e-05 0.000265326
7.73852e-10 2.54605e-05 0.000275413
7.73953e-10 2.5769e-05 0.000285818
7.74054e-10 2.60722e-05 0.000296446
7.74155e-10 2.63665e-05 0.000307198
7.74257e-10 2.66485e-05 0.000317973
7.74358e-10 2.69148e-05 0.00032867
7.74459e-10 2.71621e-05 0.00033919
7.74561e-10 2.73875e-05 0.000349432
7.74662e-10 2.75882e-05 0.000359302
7.74763e-10 2.77618e-05 0.000368706
7.74864e-10 2.79059e-05 0.000377557
7.74966e-10 2.80189e-05 0.000385771
7.75067e-10 2.80992e-05 0.000393272
7.75168e-10 2.81456e-05 0.00039999
7.75269e-10 2.81574e-05 0.000405863
7.75371e-10 2.81344e-05 0.000410837
7.75472e-10 2.80764e-05 0.000414869
7.75573e-10 2.79839e-05 0.000417921
7.75674e-10 2.78579e-05 0.000419968
7.75776e-10 2.76995e-05 0.000420996
7.75877e-10 2.75103e-05 0.000420997
7.75978e-10 2.72923e-05 0.000419977
7.7608e-10 2.70478e-05 0.000417951
7.76181e-10 2.67794e-05 0.000414944
7.76282e-10 2.649e-05 0.000410991
7.76383e-10 2.61829e-05 0.000406137
7.76485e-10 2.58613e-05 0.000400435
7.76586e-10 2.55288e-05 0.000393948
7.76687e-10 2.51891e-05 0.000386747
7.76788e-10 2.48461e-05 0.000378911
7.7689e-10 2.45035e-05 0.000370522
7.76991e-10 2.41653e-05 0.000361673
7.77092e-10 2.38354e-05 0.000352459
7.77194e-10 2.35175e-05 0.00034298
7.77295e-10 2.32153e-05 0.000333338
7.77396e-10 2.29323e-05 0.000323638
7.77497e-10 2.26718e-05 0.000313986
7.77599e-10 2.2437e-05 0.000304489
7.777e-10 2.22305e-05 0.00029525
7.77801e-10 2.20551e-05 0.000286373
7.77902e-10 2.19127e-05 0.000277957
7.78004e-10 2.18053e-05 0.000270099
7.78105e-10 2.17343e-05 0.000262889
7.78206e-10 2.17008e-05 0.00025641
7.78308e-10 2.17053e-05 0.000250742
7.78409e-10 2.17482e-05 0.000245955
7.7851e-10 2.18291e-05 0.00024211
7.78611e-10 2.19474e-05 0.000239261
7.78713e-10 2.21021e-05 0.000237451
7.78814e-10 2.22917e-05 0.000236713
7.78915e-10 2.25144e-05 0.000237071
7.79016e-10 2.27678e-05 0.000238538
7.79118e-10 2.30494e-05 0.000241115
7.79219e-10 2.33563e-05 0.000244792
7.7932e-10 2.36852e-05 0.000249552
7.79421e-10 2.40326e-05 0.000255362
7.79523e-10 2.43949e-05 0.000262182
7.79624e-10 2.4768e-05 0.000269962
7.79725e-10 2.5148e-05 0.00027864
7.79827e-10 2.55308e-05 0.000288148
7.79928e-10 2.5912e-05 0.000298408
7.80029e-10 2.62876e-05 0.000309334
7.8013e-10 2.66534e-05 0.000320834
7.80232e-10 2.70052e-05 0.00033281
7.80333e-10 2.73392e-05 0.000345158
7.80434e-10 2.76516e-05 0.000357772
7.80535e-10 2.79387e-05 0.00037054
7.80637e-10 2.81975e-05 0.000383351
7.80738e-10 2.84248e-05 0.000396092
7.80839e-10 2.8618e-05 0.000408648
7.80941e-10 2.87748e-05 0.00042091
7.81042e-10 2.88934e-05 0.000432768
7.81143e-10 2.89722e-05 0.000444116
7.81244e-10 2.90102e-05 0.000454852
7.81346e-10 2.90069e-05 0.000464883
7.81447e-10 2.8962e-05 0.000474118
7.81548e-10 2.8876e-05 0.000482475
7.81649e-10 2.87496e-05 0.000489883
7.81751e-10 2.85841e-05 0.000496275
7.81852e-10 2.83811e-05 0.000501598
7.81953e-10 2.81429e-05 0.000505808
7.82055e-10 2.78719e-05 0.000508869
7.82156e-10 2.75711e-05 0.000510761
7.82257e-10 2.72438e-05 0.000511471
7.82358e-10 2.68936e-05 0.000511
7.8246e-10 2.65243e-05 0.000509361
7.82561e-10 2.61401e-05 0.000506576
7.82662e-10 2.57453e-05 0.00050268
7.82763e-10 2.53444e-05 0.00049772
7.82865e-10 2.49421e-05 0.000491752
7.82966e-10 2.45428e-05 0.000484844
7.83067e-10 2.41514e-05 0.000477072
7.83168e-10 2.37724e-05 0.000468521
7.8327e-10 2.34102e-05 0.000459286
7.83371e-10 2.30693e-05 0.000449467
7.83472e-10 2.27538e-05 0.000439172
7.83574e-10 2.24677e-05 0.000428514
7.83675e-10 2.22144e-05 0.00041761
7.83776e-10 2.19974e-05 0.000406581
7.83877e-10 2.18196e-05 0.000395548
7.83979e-10 2.16834e-05 0.000384636
7.8408e-10 2.1591e-05 0.000373967
7.84181e-10 2.15439e-05 0.000363662
7.84282e-10 2.15434e-05 0.000353842
7.84384e-10 2.159e-05 0.000344621
7.84485e-10 2.16839e-05 0.000336109
7.84586e-10 2.18246e-05 0.000328411
7.84688e-10 2.20113e-05 0.000321623
7.84789e-10 2.22426e-05 0.000315835
7.8489e-10 2.25165e-05 0.000311127
7.84991e-10 2.28307e-05 0.000307569
7.85093e-10 2.31823e-05 0.000305222
7.85194e-10 2.3568e-05 0.000304133
7.85295e-10 2.39841e-05 0.000304341
7.85396e-10 2.44266e-05 0.00030587
7.85498e-10 2.4891e-05 0.000308733
7.85599e-10 2.53729e-05 0.00031293
7.857e-10 2.58672e-05 0.000318448
7.85802e-10 2.6369e-05 0.000325262
7.85903e-10 2.6873e-05 0.000333333
7.86004e-10 2.7374e-05 0.000342614
7.86105e-10 2.78668e-05 0.00035304
7.86207e-10 2.83461e-05 0.00036454
7.86308e-10 2.88069e-05 0.000377029
7.86409e-10 2.92442e-05 0.000390414
7.8651e-10 2.96533e-05 0.000404593
7.86612e-10 3.00297e-05 0.000419455
7.86713e-10 3.03693e-05 0.00043488
7.86814e-10 3.06683e-05 0.000450747
7.86915e-10 3.09233e-05 0.000466924
7.87017e-10 3.11314e-05 0.000483281
7.87118e-10 3.12902e-05 0.000499681
7.87219e-10 3.13978e-05 0.000515987
7.87321e-10 3.14528e-05 0.000532065
7.87422e-10 3.14545e-05 0.000547778
7.87523e-10 3.14026e-05 0.000562995
7.87624e-10 3.12974e-05 0.000577586
7.87726e-10 3.11399e-05 0.00059143
7.87827e-10 3.09317e-05 0.000604408
7.87928e-10 3.06749e-05 0.000616412
7.88029e-10 3.0372e-05 0.000627342
7.88131e-10 3.00263e-05 0.000637106
7.88232e-10 2.96415e-05 0.000645625
7.88333e-10 2.92218e-05 0.000652829
7.88435e-10 2.87716e-05 0.000658662
7.88536e-10 2.8296e-05 0.00066308
7.88637e-10 2.78003e-05 0.000666054
7.88738e-10 2.729e-05 0.000667565
7.8884e-10 2.67708e-05 0.000667612
7.88941e-10 2.62489e-05 0.000666205
7.89042e-10 2.57301e-05 0.000663371
7.89143e-10 2.52206e-05 0.000659148
7.89245e-10 2.47263e-05 0.000653591
7.89346e-10 2.42534e-05 0.000646764
7.89447e-10 2.38074e-05 0.000638749
7.89548e-10 2.3394e-05 0.000629636
7.8965e-10 2.30184e-05 0.000619527
7.89751e-10 2.26855e-05 0.000608537
7.89852e-10 2.23999e-05 0.000596788
7.89954e-10 2.21656e-05 0.000584411
7.90055e-10 2.19861e-05 0.000571545
7.90156e-10 2.18644e-05 0.000558334
7.90257e-10 2.1803e-05 0.000544927
7.90359e-10 2.18036e-05 0.000531477
7.9046e-10 2.18673e-05 0.000518138
7.90561e-10 2.19947e-05 0.000505065
7.90662e-10 2.21855e-05 0.000492412
7.90764e-10 2.24388e-05 0.00048033
7.90865e-10 2.27532e-05 0.000468967
7.90966e-10 2.31262e-05 0.000458466
7.91068e-10 2.35552e-05 0.000448961
7.91169e-10 2.40365e-05 0.000440581
7.9127e-10 2.4566e-05 0.000433444
7.91371e-10 2.51391e-05 0.000427658
7.91473e-10 2.57506e-05 0.000423319
7.91574e-10 2.63947e-05 0.000420511
7.91675e-10 2.70655e-05 0.000419305
7.91776e-10 2.77564e-05 0.000419757
7.91878e-10 2.84608e-05 0.000421908
7.91979e-10 2.91718e-05 0.000425784
7.9208e-10 2.98821e-05 0.000431396
7.92182e-10 3.05848e-05 0.000438737
7.92283e-10 3.12726e-05 0.000447787
7.92384e-10 3.19385e-05 0.000458507
7.92485e-10 3.25755e-05 0.000470843
7.92587e-10 3.31769e-05 0.000484728
7.92688e-10 3.37364e-05 0.000500077
7.92789e-10 3.42479e-05 0.000516792
7.9289e-10 3.47058e-05 0.000534762
7.92992e-10 3.51052e-05 0.000553862
7.93093e-10 3.54415e-05 0.000573957
7.93194e-10 3.57108e-05 0.000594902
7.93295e-10 3.59099e-05 0.000616542
7.93397e-10 3.60364e-05 0.000638713
7.93498e-10 3.60885e-05 0.000661248
7.93599e-10 3.60653e-05 0.000683973
7.93701e-10 3.59666e-05 0.000706711
7.93802e-10 3.5793e-05 0.000729284
7.93903e-10 3.55461e-05 0.000751515
7.94004e-10 3.5228e-05 0.000773226
7.94106e-10 3.48418e-05 0.000794245
7.94207e-10 3.43914e-05 0.000814406
7.94308e-10 3.38813e-05 0.000833545
7.94409e-10 3.33167e-05 0.000851512
7.94511e-10 3.27036e-05 0.000868163
7.94612e-10 3.20485e-05 0.000883366
7.94713e-10 3.13584e-05 0.000897002
7.94815e-10 3.06408e-05 0.000908966
7.94916e-10 2.99037e-05 0.000919166
7.95017e-10 2.91552e-05 0.000927529
7.95118e-10 2.84039e-05 0.000933996
7.9522e-10 2.76583e-05 0.000938527
7.95321e-10 2.6927e-05 0.000941098
7.95422e-10 2.62188e-05 0.000941706
7.95523e-10 2.55421e-05 0.000940365
7.95625e-10 2.49052e-05 0.000937108
7.95726e-10 2.43161e-05 0.000931986
7.95827e-10 2.37823e-05 0.000925069
7.95929e-10 2.33111e-05 0.000916445
7.9603e-10 2.29089e-05 0.000906217
7.96131e-10 2.25816e-05 0.000894508
7.96232e-10 2.23345e-05 0.000881453
7.96334e-10 2.2172e-05 0.000867204
7.96435e-10 2.20978e-05 0.000851924
7.96536e-10 2.21144e-05 0.000835788
7.96637e-10 2.22239e-05 0.000818983
7.96739e-10 2.24269e-05 0.000801703
7.9684e-10 2.27234e-05 0.000784149
7.96941e-10 2.31123e-05 0.000766528
7.97042e-10 2.35916e-05 0.000749049
7.97144e-10 2.41581e-05 0.000731925
7.97245e-10 2.48079e-05 0.000715365
7.97346e-10 2.5536e-05 0.000699577
7.97448e-10 2.63365e-05 0.000684767
7.97549e-10 2.72029e-05 0.00067113
7.9765e-10 2.81275e-05 0.000658857
7.97751e-10 2.91023e-05 0.000648127
7.97853e-10 3.01185e-05 0.000639108
7.97954e-10 3.11665e-05 0.000631953
7.98055e-10 3.22367e-05 0.000626802
7.98156e-10 3.33188e-05 0.000623778
7.98258e-10 3.44022e-05 0.000622986
7.98359e-10 3.54764e-05 0.000624511
7.9846e-10 3.65307e-05 0.000628421
7.98562e-10 3.75543e-05 0.000634761
7.98663e-10 3.85369e-05 0.000643555
7.98764e-10 3.94681e-05 0.000654806
7.98865e-10 4.03383e-05 0.000668493
7.98967e-10 4.11381e-05 0.000684576
7.99068e-10 4.18587e-05 0.000702991
7.99169e-10 4.24923e-05 0.000723652
7.9927e-10 4.30315e-05 0.000746453
7.99372e-10 4.34702e-05 0.000771267
7.99473e-10 4.38028e-05 0.000797948
7.99574e-10 4.40251e-05 0.00082633
7.99676e-10 4.41339e-05 0.000856233
7.99777e-10 4.41271e-05 0.00088746
7.99878e-10 4.40038e-05 0.000919798
7.99979e-10 4.37643e-05 0.000953024
8.00081e-10 4.34101e-05 0.000986906
8.00182e-10 4.29439e-05 0.0010212
8.00283e-10 4.23699e-05 0.00105566
8.00384e-10 4.16931e-05 0.00109003
8.00486e-10 4.09199e-05 0.00112406
8.00587e-10 4.00577e-05 0.0011575
8.00688e-10 3.9115e-05 0.00119009
8.00789e-10 3.81014e-05 0.00122159
8.00891e-10 3.70271e-05 0.00125177
8.00992e-10 3.59034e-05 0.00128038
8.01093e-10 3.47421e-05 0.00130723
8.01195e-10 3.35557e-05 0.00133211
8.01296e-10 3.23572e-05 0.00135482
8.01397e-10 3.11597e-05 0.00137522
8.01498e-10 2.99769e-05 0.00139313
8.016e-10 2.88221e-05 0.00140845
8.01701e-10 2.7709e-05 0.00142106
8.01802e-10 2.66508e-05 0.00143089
8.01903e-10 2.56604e-05 0.00143788
8.02005e-10 2.47503e-05 0.001442
8.02106e-10 2.39323e-05 0.00144325
8.02207e-10 2.32174e-05 0.00144166
8.02309e-10 2.26159e-05 0.00143727
8.0241e-10 2.21369e-05 0.00143016
8.02511e-10 2.17885e-05 0.00142045
8.02612e-10 2.15776e-05 0.00140825
8.02714e-10 2.15096e-05 0.00139372
8.02815e-10 2.15888e-05 0.00137705
8.02916e-10 2.18179e-05 0.00135844
8.03017e-10 2.21981e-05 0.0013381
8.03119e-10 2.2729e-05 0.00131629
8.0322e-10 2.34089e-05 0.00129326
8.03321e-10 2.42342e-05 0.00126929
8.03422e-10 2.52e-05 0.00124467
8.03524e-10 2.62996e-05 0.00121969
8.03625e-10 2.75252e-05 0.00119467
8.03726e-10 2.88672e-05 0.00116991
8.03828e-10 3.03149e-05 0.00114574
8.03929e-10 3.18561e-05 0.00112247
8.0403e-10 3.34775e-05 0.00110041
8.04131e-10 3.5165e-05 0.00107987
8.04233e-10 3.69033e-05 0.00106115
8.04334e-10 3.86763e-05 0.00104453
8.04435e-10 4.04674e-05 0.00103029
8.04536e-10 4.22596e-05 0.00101869
8.04638e-10 4.40354e-05 0.00100997
8.04739e-10 4.57774e-05 0.00100433
8.0484e-10 4.74679e-05 0.00100198
8.04942e-10 4.90898e-05 0.00100307
8.05043e-10 5.06262e-05 0.00100774
8.05144e-10 5.20608e-05 0.00101611
8.05245e-10 5.33782e-05 0.00102826
8.05347e-10 5.45639e-05 0.00104422
8.05448e-10 5.56043e-05 0.00106401
8.05549e-10 5.64873e-05 0.00108762
8.0565e-10 5.72021e-05 0.00111499
8.05752e-10 5.77395e-05 0.00114603
8.05853e-10 5.80919e-05 0.00118062
8.05954e-10 5.82536e-05 0.00121861
8.06056e-10 5.82205e-05 0.00125981
8.06157e-10 5.79908e-05 0.00130402
8.06258e-10 5.75644e-05 0.00135098
8.06359e-10 5.69433e-05 0.00140042
8.06461e-10 5.61317e-05 0.00145205
8.06562e-10 5.51355e-05 0.00150555
8.06663e-10 5.3963e-05 0.00156058
8.06764e-10 5.26242e-05 0.00161677
8.06866e-10 5.11311e-05 0.00167377
8.06967e-10 4.94975e-05 0.00173118
8.07068e-10 4.7739e-05 0.0017886
8.07169e-10 4.58725e-05 0.00184566
8.07271e-10 4.39167e-05 0.00190193
8.07372e-10 4.18912e-05 0.00195704
8.07473e-10 3.9817e-05 0.00201058
8.07575e-10 3.77158e-05 0.00206218
8.07676e-10 3.56101e-05 0.00211146
8.07777e-10 3.35229e-05 0.00215808
8.07878e-10 3.14773e-05 0.00220169
8.0798e-10 2.94966e-05 0.002242
8.08081e-10 2.76037e-05 0.00227872
8.08182e-10 2.58212e-05 0.00231158
8.08283e-10 2.41711e-05 0.00234038
8.08385e-10 2.26741e-05 0.00236491
8.08486e-10 2.13502e-05 0.00238503
8.08587e-10 2.02177e-05 0.00240063
8.08689e-10 1.92935e-05 0.00241163
8.0879e-10 1.85926e-05 0.00241799
8.08891e-10 1.81281e-05 0.00241974
8.08992e-10 1.79108e-05 0.00241692
8.09094e-10 1.79494e-05 0.00240962
8.09195e-10 1.82502e-05 0.00239799
8.09296e-10 1.88166e-05 0.00238221
8.09397e-10 1.96498e-05 0.00236251
8.09499e-10 2.07482e-05 0.00233914
8.096e-10 2.21073e-05 0.00231241
8.09701e-10 2.37201e-05 0.00228265
8.09803e-10 2.55768e-05 0.00225025
8.09904e-10 2.7665e-05 0.00221561
8.10005e-10 2.99695e-05 0.00217915
8.10106e-10 3.24729e-05 0.00214135
8.10208e-10 3.51554e-05 0.00210267
8.10309e-10 3.79948e-05 0.00206361
8.1041e-10 4.09672e-05 0.0020247
8.10511e-10 4.40466e-05 0.00198644
8.10613e-10 4.72056e-05 0.00194936
8.10714e-10 5.04154e-05 0.00191399
8.10815e-10 5.36461e-05 0.00188085
8.10916e-10 5.68672e-05 0.00185045
8.11018e-10 6.00474e-05 0.00182329
8.11119e-10 6.31554e-05 0.00179985
8.1122e-10 6.61601e-05 0.00178059
8.11322e-10 6.90306e-05 0.00176593
8.11423e-10 7.1737e-05 0.00175629
8.11524e-10 7.42504e-05 0.00175201
8.11625e-10 7.65432e-05 0.00175343
8.11727e-10 7.85897e-05 0.00176084
8.11828e-10 8.03659e-05 0.00177445
8.11929e-10 8.18505e-05 0.00179447
8.1203e-10 8.30243e-05 0.00182102
8.12132e-10 8.38711e-05 0.0018542
8.12233e-10 8.43778e-05 0.00189402
8.12334e-10 8.45343e-05 0.00194047
8.12436e-10 8.4334e-05 0.00199345
8.12537e-10 8.37736e-05 0.00205283
8.12638e-10 8.28537e-05 0.0021184
8.12739e-10 8.15782e-05 0.00218991
8.12841e-10 7.99551e-05 0.00226706
8.12942e-10 7.79958e-05 0.00234947
8.13043e-10 7.57155e-05 0.00243675
8.13144e-10 7.31329e-05 0.00252841
8.13246e-10 7.02702e-05 0.00262397
8.13347e-10 6.71529e-05 0.00272288
8.13448e-10 6.38096e-05 0.00282454
8.1355e-10 6.02719e-05 0.00292835
8.13651e-10 5.65739e-05 0.00303366
8.13752e-10 5.27521e-05 0.00313981
8.13853e-10 4.88451e-05 0.00324612
8.13955e-10 4.4893e-05 0.00335188
8.14056e-10 4.09375e-05 0.0034564
8.14157e-10 3.70209e-05 0.00355898
8.14258e-10 3.31862e-05 0.00365894
8.1436e-10 2.94766e-05 0.00375558
8.14461e-10 2.59347e-05 0.00384826
8.14562e-10 2.26024e-05 0.00393633
8.14663e-10 1.95206e-05 0.00401921
8.14765e-10 1.67284e-05 0.00409631
8.14866e-10 1.42627e-05 0.00416712
8.14967e-10 1.21582e-05 0.00423118
8.15069e-10 1.04466e-05 0.00428804
8.1517e-10 9.15612e-06 0.00433737
8.15271e-10 8.31174e-06 0.00437886
8.15372e-10 7.93431e-06 0.00441227
8.15474e-10 8.04049e-06 0.00443745
8.15575e-10 8.64247e-06 0.00445431
8.15676e-10 9.74775e-06 0.00446283
8.15777e-10 1.1359e-05 0.00446308
8.15879e-10 1.34738e-05 0.0044552
8.1598e-10 1.60849e-05 0.00443939
8.16081e-10 1.91797e-05 0.00441597
8.16183e-10 2.27408e-05 0.0043853
8.16284e-10 2.67455e-05 0.00434783
8.16385e-10 3.11664e-05 0.00430407
8.16486e-10 3.59715e-05 0.00425462
8.16588e-10 4.11242e-05 0.00420013
8.16689e-10 4.65837e-05 0.00414131
8.1679e-10 5.23055e-05 0.00407893
8.16891e-10 5.82415e-05 0.00401383
8.16993e-10 6.43405e-05 0.00394686
8.17094e-10 7.05487e-05 0.00387892
8.17195e-10 7.68103e-05 0.00381096
8.17296e-10 8.30676e-05 0.00374393
8.17398e-10 8.92622e-05 0.00367881
8.17499e-10 9.53349e-05 0.00361658
8.176e-10 0.000101227 0.00355822
8.17702e-10 0.00010688 0.0035047
8.17803e-10 0.000112236 0.00345698
8.17904e-10 0.000117242 0.00341598
8.18005e-10 0.000121844 0.00338259
8.18107e-10 0.000125992 0.00335767
8.18208e-10 0.000129641 0.003342
8.18309e-10 0.00013275 0.00333634
8.1841e-10 0.000135281 0.00334134
8.18512e-10 0.000137202 0.0033576
8.18613e-10 0.000138487 0.00338563
8.18714e-10 0.000139116 0.00342587
8.18816e-10 0.000139075 0.00347864
8.18917e-10 0.000138357 0.00354419
8.19018e-10 0.000136961 0.00362264
8.19119e-10 0.000134893 0.00371404
8.19221e-10 0.000132167 0.00381829
8.19322e-10 0.000128803 0.00393522
8.19423e-10 0.000124829 0.00406454
8.19524e-10 0.000120278 0.00420583
8.19626e-10 0.000115192 0.00435859
8.19727e-10 0.000109617 0.00452219
8.19828e-10 0.000103607 0.00469593
8.1993e-10 9.72211e-05 0.00487899
8.20031e-10 9.05223e-05 0.00507044
8.20132e-10 8.35794e-05 0.00526931
8.20233e-10 7.64648e-05 0.0054745
8.20335e-10 6.92542e-05 0.00568487
8.20436e-10 6.20259e-05 0.0058992
8.20537e-10 5.48601e-05 0.00611623
8.20638e-10 4.78382e-05 0.00633465
8.2074e-10 4.10417e-05 0.00655309
8.20841e-10 3.45519e-05 0.0067702
8.20942e-10 2.84485e-05 0.00698458
8.21043e-10 2.2809e-05 0.00719486
8.21145e-10 1.77081e-05 0.00739966
8.21246e-10 1.32167e-05 0.00759764
8.21347e-10 9.4008e-06 0.00778748
8.21449e-10 6.32137e-06 0.00796793
8.2155e-10 4.03315e-06 0.00813778
8.21651e-10 2.58418e-06 0.0082959
8.21752e-10 2.01515e-06 0.00844126
8.21854e-10 2.35887e-06 0.00857289
8.21955e-10 3.63978e-06 0.00868998
8.22056e-10 5.87355e-06 0.00879177
8.22157e-10 9.06678e-06 0.00887768
8.22259e-10 1.32168e-05 0.00894724
8.2236e-10 1.83115e-05 0.00900011
8.22461e-10 2.43293e-05 0.00903612
8.22563e-10 3.12392e-05 0.00905523
8.22664e-10 3.90011e-05 0.00905756
8.22765e-10 4.75657e-05 0.0090434
8.22866e-10 5.68755e-05 0.00901319
8.22968e-10 6.68644e-05 0.00896753
8.23069e-10 7.74591e-05 0.00890717
8.2317e-10 8.85792e-05 0.00883302
8.23271e-10 0.000100138 0.00874615
8.23373e-10 0.000112044 0.00864775
8.23474e-10 0.000124201 0.00853917
8.23575e-10 0.000136508 0.00842189
8.23677e-10 0.000148863 0.0082975
8.23778e-10 0.000161163 0.00816769
8.23879e-10 0.000173303 0.00803426
8.2398e-10 0.000185179 0.0078991
8.24082e-10 0.000196691 0.00776415
8.24183e-10 0.000207739 0.00763142
8.24284e-10 0.000218229 0.00750295
8.24385e-10 0.000228071 0.0073808
8.24487e-10 0.000237184 0.00726704
8.24588e-10 0.000245491 0.00716373
8.24689e-10 0.000252925 0.00707288
8.2479e-10 0.000259427 0.00699646
8.24892e-10 0.00026495 0.00693638
8.24993e-10 0.000269456 0.00689446
8.25094e-10 0.000272917 0.00687241
8.25196e-10 0.00027532 0.00687182
8.25297e-10 0.000276661 0.00689414
8.25398e-10 0.00027695 0.00694068
8.25499e-10 0.000276209 0.00701258
8.25601e-10 0.000274472 0.00711077
8.25702e-10 0.000271785 0.00723602
8.25803e-10 0.000268207 0.00738888
8.25904e-10 0.000263806 0.00756967
8.26006e-10 0.000258663 0.00777852
8.26107e-10 0.000252868 0.0080153
8.26208e-10 0.00024652 0.00827966
8.2631e-10 0.000239728 0.00857101
8.26411e-10 0.000232604 0.00888853
8.26512e-10 0.000225271 0.00923115
8.26613e-10 0.000217852 0.00959758
8.26715e-10 0.000210477 0.00998629
8.26816e-10 0.000203274 0.0103955
8.26917e-10 0.000196374 0.0108234
8.27018e-10 0.000189906 0.0112677
8.2712e-10 0.000183996 0.0117262
8.27221e-10 0.000178767 0.0121963
8.27322e-10 0.000174335 0.0126753
8.27424e-10 0.000170809 0.0131606
8.27525e-10 0.00016829 0.0136493
8.27626e-10 0.000166869 0.0141383
8.27727e-10 0.000166625 0.0146246
8.27829e-10 0.000167628 0.0151053
8.2793e-10 0.000169931 0.0155771
8.28031e-10 0.000173576 0.0160371
8.28132e-10 0.00017859 0.0164822
8.28234e-10 0.000184986 0.0169095
8.28335e-10 0.000192759 0.0173161
8.28436e-10 0.000201892 0.0176993
8.28537e-10 0.000212352 0.0180566
8.28639e-10 0.000224092 0.0183855
8.2874e-10 0.000237049 0.0186838
8.28841e-10 0.000251151 0.0189497
8.28943e-10 0.000266309 0.0191814
8.29044e-10 0.000282425 0.0193774
8.29145e-10 0.000299394 0.0195366
8.29246e-10 0.000317098 0.0196583
8.29348e-10 0.000335418 0.0197419
8.29449e-10 0.000354226 0.0197872
8.2955e-10 0.000373394 0.0197944
8.29651e-10 0.000392794 0.0197642
8.29753e-10 0.000412299 0.0196973
8.29854e-10 0.000431787 0.0195951
8.29955e-10 0.000451141 0.0194591
8.30057e-10 0.000470255 0.0192915
8.30158e-10 0.000489032 0.0190944
8.30259e-10 0.000507388 0.0188707
8.3036e-10 0.000525256 0.0186232
8.30462e-10 0.000542583 0.0183552
8.30563e-10 0.000559339 0.0180704
8.30664e-10 0.00057551 0.0177726
8.30765e-10 0.000591106 0.0174658
8.30867e-10 0.000606158 0.0171543
8.30968e-10 0.000620721 0.0168426
8.31069e-10 0.000634876 0.0165352
8.31171e-10 0.000648723 0.0162368
8.31272e-10 0.000662389 0.0159521
8.31373e-10 0.000676023 0.0156859
8.31474e-10 0.000689795 0.0154428
8.31576e-10 0.000703895 0.0152277
8.31677e-10 0.000718535 0.0150449
8.31778e-10 0.000733938 0.014899
8.31879e-10 0.000750344 0.014794
8.31981e-10 0.000768004 0.0147341
8.32082e-10 0.000787176 0.0147229
8.32183e-10 0.00080812 0.0147638
8.32284e-10 0.000831098 0.0148598
8.32386e-10 0.000856369 0.0150135
8.32487e-10 0.000884181 0.0152272
8.32588e-10 0.000914773 0.0155027
8.3269e-10 0.000948362 0.0158411
8.32791e-10 0.000985148 0.0162434
8.32892e-10 0.0010253 0.0167096
8.32993e-10 0.00106896 0.0172397
8.33095e-10 0.00111624 0.0178326
8.33196e-10 0.0011672 0.0184871
8.33297e-10 0.00122187 0.0192011
8.33398e-10 0.00128023 0.0199721
8.335e-10 0.0013422 0.0207971
8.33601e-10 0.00140767 0.0216724
8.33702e-10 0.00147646 0.022594
8.33804e-10 0.00154834 0.0235572
8.33905e-10 0.00162304 0.0245569
8.34006e-10 0.00170021 0.0255877
8.34107e-10 0.00177947 0.0266436
8.34209e-10 0.00186038 0.0277184
8.3431e-10 0.00194244 0.0288056
8.34411e-10 0.00202513 0.0298982
8.34512e-10 0.00210788 0.0309894
8.34614e-10 0.00219008 0.032072
8.34715e-10 0.00227109 0.0331387
8.34816e-10 0.00235026 0.0341823
8.34917e-10 0.00242693 0.0351956
8.35019e-10 0.00250043 0.0361716
8.3512e-10 0.0025701 0.0371034
8.35221e-10 0.00263528 0.0379842
8.35323e-10 0.00269537 0.0388079
8.35424e-10 0.00274978 0.0395684
8.35525e-10 0.00279798 0.0402602
8.35626e-10 0.00283951 0.0408784
8.35728e-10 0.00287397 0.0414185
8.35829e-10 0.00290105 0.0418766
8.3593e-10 0.00292054 0.0422496
8.36031e-10 0.00293234 0.042535
8.36133e-10 0.00293646 0.0427312
8.36234e-10 0.00293303 0.0428372
8.36335e-10 0.00292234 0.0428528
8.36437e-10 0.0029048 0.0427789
8.36538e-10 0.00288099 0.0426169
8.36639e-10 0.00285161 0.0423693
8.3674e-10 0.00281756 0.0420392
8.36842e-10 0.00277986 0.0416309
8.36943e-10 0.00273972 0.0411491
8.37044e-10 0.00269848 0.0405996
8.37145e-10 0.00265765 0.0399887
8.37247e-10 0.00261885 0.0393238
8.37348e-10 0.00258388 0.0386126
8.37449e-10 0.00255463 0.0378634
8.37551e-10 0.0025331 0.0370854
8.37652e-10 0.0025214 0.0362879
8.37753e-10 0.00252168 0.0354808
8.37854e-10 0.00253619 0.0346742
8.37956e-10 0.00256717 0.0338785
8.38057e-10 0.00261689 0.0331041
8.38158e-10 0.00268758 0.0323617
8.38259e-10 0.00278143 0.0316617
8.38361e-10 0.00290056 0.0310144
8.38462e-10 0.00304699 0.0304297
8.38563e-10 0.00322257 0.0299175
8.38664e-10 0.00342901 0.0294868
8.38766e-10 0.00366782 0.0291464
8.38867e-10 0.00394027 0.0289042
8.38968e-10 0.00424737 0.0287674
8.3907e-10 0.00458987 0.0287425
8.39171e-10 0.00496816 0.0288348
8.39272e-10 0.00538234 0.029049
8.39373e-10 0.00583211 0.0293884
8.39475e-10 0.00631684 0.0298554
8.39576e-10 0.00683546 0.0304512
8.39677e-10 0.00738652 0.0311757
8.39778e-10 0.00796815 0.0320277
8.3988e-10 0.00857807 0.0330048
