6.9e-10 0.0230171 0.0279195
6.90101e-10 0.0229366 0.0285148
6.90203e-10 0.022855 0.0291009
6.90304e-10 0.0227722 0.0296772
6.90405e-10 0.0226879 0.0302432
6.90506e-10 0.0226021 0.0307985
6.90608e-10 0.0225146 0.0313425
6.90709e-10 0.0224252 0.0318749
6.9081e-10 0.022334 0.0323952
6.90911e-10 0.0222407 0.0329032
6.91013e-10 0.0221454 0.0333983
6.91114e-10 0.0220479 0.0338803
6.91215e-10 0.0219481 0.0343488
6.91317e-10 0.0218461 0.0348036
6.91418e-10 0.0217418 0.0352443
6.91519e-10 0.0216351 0.0356708
6.9162e-10 0.0215261 0.0360828
6.91722e-10 0.0214146 0.03648
6.91823e-10 0.0213008 0.0368624
6.91924e-10 0.0211845 0.0372296
6.92025e-10 0.0210659 0.0375817
6.92127e-10 0.0209449 0.0379184
6.92228e-10 0.0208215 0.0382396
6.92329e-10 0.0206959 0.0385452
6.9243e-10 0.0205679 0.0388352
6.92532e-10 0.0204377 0.0391096
6.92633e-10 0.0203054 0.0393681
6.92734e-10 0.0201709 0.039611
6.92836e-10 0.0200343 0.039838
6.92937e-10 0.0198958 0.0400493
6.93038e-10 0.0197553 0.0402449
6.93139e-10 0.0196129 0.0404248
6.93241e-10 0.0194687 0.040589
6.93342e-10 0.0193229 0.0407377
6.93443e-10 0.0191754 0.0408708
6.93544e-10 0.0190263 0.0409886
6.93646e-10 0.0188758 0.0410911
6.93747e-10 0.018724 0.0411783
6.93848e-10 0.0185708 0.0412506
6.9395e-10 0.0184165 0.0413079
6.94051e-10 0.0182611 0.0413504
6.94152e-10 0.0181046 0.0413784
6.94253e-10 0.0179473 0.0413919
6.94355e-10 0.0177892 0.0413912
6.94456e-10 0.0176304 0.0413764
6.94557e-10 0.0174709 0.0413477
6.94658e-10 0.017311 0.0413053
6.9476e-10 0.0171506 0.0412495
6.94861e-10 0.0169899 0.0411804
6.94962e-10 0.016829 0.0410984
6.95064e-10 0.0166679 0.0410035
6.95165e-10 0.0165068 0.0408961
6.95266e-10 0.0163458 0.0407763
6.95367e-10 0.0161848 0.0406445
6.95469e-10 0.0160241 0.0405009
6.9557e-10 0.0158638 0.0403457
6.95671e-10 0.0157038 0.0401792
6.95772e-10 0.0155443 0.0400016
6.95874e-10 0.0153853 0.0398133
6.95975e-10 0.015227 0.0396144
6.96076e-10 0.0150694 0.0394053
6.96177e-10 0.0149126 0.0391862
6.96279e-10 0.0147567 0.0389574
6.9638e-10 0.0146017 0.0387191
6.96481e-10 0.0144477 0.0384717
6.96583e-10 0.0142948 0.0382155
6.96684e-10 0.014143 0.0379506
6.96785e-10 0.0139924 0.0376774
6.96886e-10 0.013843 0.0373961
6.96988e-10 0.013695 0.0371071
6.97089e-10 0.0135483 0.0368105
6.9719e-10 0.013403 0.0365068
6.97291e-10 0.0132592 0.0361961
6.97393e-10 0.0131168 0.0358787
6.97494e-10 0.0129761 0.0355549
6.97595e-10 0.0128369 0.035225
6.97697e-10 0.0126993 0.0348892
6.97798e-10 0.0125633 0.0345478
6.97899e-10 0.0124291 0.0342011
6.98e-10 0.0122965 0.0338493
6.98102e-10 0.0121658 0.0334928
6.98203e-10 0.0120367 0.0331316
6.98304e-10 0.0119095 0.0327662
6.98405e-10 0.0117841 0.0323968
6.98507e-10 0.0116605 0.0320235
6.98608e-10 0.0115388 0.0316467
6.98709e-10 0.0114189 0.0312667
6.9881e-10 0.0113009 0.0308835
6.98912e-10 0.0111847 0.0304976
6.99013e-10 0.0110705 0.0301091
6.99114e-10 0.0109581 0.0297182
6.99216e-10 0.0108476 0.0293252
6.99317e-10 0.0107391 0.0289303
6.99418e-10 0.0106324 0.0285337
6.99519e-10 0.0105276 0.0281356
6.99621e-10 0.0104247 0.0277363
6.99722e-10 0.0103237 0.0273359
6.99823e-10 0.0102245 0.0269347
6.99924e-10 0.0101272 0.0265329
7.00026e-10 0.0100318 0.0261306
7.00127e-10 0.00993822 0.0257281
7.00228e-10 0.00984646 0.0253255
7.0033e-10 0.00975652 0.024923
7.00431e-10 0.00966837 0.0245208
7.00532e-10 0.00958201 0.0241191
7.00633e-10 0.00949741 0.023718
7.00735e-10 0.00941456 0.0233178
7.00836e-10 0.00933342 0.0229185
7.00937e-10 0.00925399 0.0225204
7.01038e-10 0.00917624 0.0221235
7.0114e-10 0.00910014 0.0217281
7.01241e-10 0.00902567 0.0213343
7.01342e-10 0.00895281 0.0209423
7.01444e-10 0.00888153 0.0205521
7.01545e-10 0.00881181 0.0201639
7.01646e-10 0.00874361 0.0197778
7.01747e-10 0.00867692 0.019394
7.01849e-10 0.0086117 0.0190126
7.0195e-10 0.00854792 0.0186337
7.02051e-10 0.00848556 0.0182574
7.02152e-10 0.00842458 0.0178838
7.02254e-10 0.00836496 0.0175131
7.02355e-10 0.00830667 0.0171453
7.02456e-10 0.00824968 0.0167805
7.02557e-10 0.00819395 0.0164189
7.02659e-10 0.00813946 0.0160605
7.0276e-10 0.00808618 0.0157054
7.02861e-10 0.00803407 0.0153536
7.02963e-10 0.00798311 0.0150054
7.03064e-10 0.00793327 0.0146607
7.03165e-10 0.0078845 0.0143196
7.03266e-10 0.0078368 0.0139822
7.03368e-10 0.00779011 0.0136485
7.03469e-10 0.00774442 0.0133187
7.0357e-10 0.00769969 0.0129928
7.03671e-10 0.00765589 0.0126708
7.03773e-10 0.007613 0.0123527
7.03874e-10 0.00757098 0.0120387
7.03975e-10 0.00752981 0.0117288
7.04077e-10 0.00748945 0.011423
7.04178e-10 0.00744987 0.0111213
7.04279e-10 0.00741106 0.0108239
7.0438e-10 0.00737297 0.0105307
7.04482e-10 0.00733559 0.0102418
7.04583e-10 0.00729888 0.0099571
7.04684e-10 0.00726282 0.00967677
7.04785e-10 0.00722739 0.00940078
7.04887e-10 0.00719254 0.00912914
7.04988e-10 0.00715827 0.00886189
7.05089e-10 0.00712454 0.00859903
7.05191e-10 0.00709133 0.00834057
7.05292e-10 0.00705862 0.00808654
7.05393e-10 0.00702637 0.00783692
7.05494e-10 0.00699458 0.00759173
7.05596e-10 0.00696321 0.00735098
7.05697e-10 0.00693224 0.00711466
7.05798e-10 0.00690165 0.00688277
7.05899e-10 0.00687143 0.00665531
7.06001e-10 0.00684154 0.00643227
7.06102e-10 0.00681197 0.00621365
7.06203e-10 0.0067827 0.00599943
7.06304e-10 0.00675371 0.00578961
7.06406e-10 0.00672497 0.00558417
7.06507e-10 0.00669648 0.00538309
7.06608e-10 0.00666822 0.00518637
7.0671e-10 0.00664016 0.00499398
7.06811e-10 0.0066123 0.0048059
7.06912e-10 0.00658461 0.00462211
7.07013e-10 0.00655708 0.00444259
7.07115e-10 0.00652969 0.00426731
7.07216e-10 0.00650243 0.00409624
7.07317e-10 0.00647529 0.00392937
7.07418e-10 0.00644825 0.00376666
7.0752e-10 0.00642131 0.00360808
7.07621e-10 0.00639443 0.00345359
7.07722e-10 0.00636763 0.00330318
7.07824e-10 0.00634088 0.0031568
7.07925e-10 0.00631417 0.00301441
7.08026e-10 0.0062875 0.00287599
7.08127e-10 0.00626085 0.0027415
7.08229e-10 0.00623421 0.00261089
7.0833e-10 0.00620758 0.00248414
7.08431e-10 0.00618094 0.00236119
7.08532e-10 0.00615429 0.00224202
7.08634e-10 0.00612763 0.00212657
7.08735e-10 0.00610093 0.00201481
7.08836e-10 0.00607421 0.00190669
7.08938e-10 0.00604744 0.00180218
7.09039e-10 0.00602063 0.00170122
7.0914e-10 0.00599377 0.00160377
7.09241e-10 0.00596686 0.00150979
7.09343e-10 0.00593989 0.00141922
7.09444e-10 0.00591285 0.00133204
7.09545e-10 0.00588574 0.00124818
7.09646e-10 0.00585857 0.0011676
7.09748e-10 0.00583131 0.00109025
7.09849e-10 0.00580399 0.00101609
7.0995e-10 0.00577658 0.000945058
7.10051e-10 0.00574909 0.000877117
7.10153e-10 0.00572152 0.000812215
7.10254e-10 0.00569387 0.000750302
7.10355e-10 0.00566613 0.000691328
7.10457e-10 0.0056383 0.000635244
7.10558e-10 0.00561039 0.000582
7.10659e-10 0.00558239 0.000531546
7.1076e-10 0.0055543 0.000483832
7.10862e-10 0.00552613 0.000438807
7.10963e-10 0.00549787 0.000396422
7.11064e-10 0.00546953 0.000356626
7.11165e-10 0.0054411 0.000319369
7.11267e-10 0.0054126 0.0002846
7.11368e-10 0.00538401 0.00025227
7.11469e-10 0.00535534 0.000222328
7.11571e-10 0.00532659 0.000194723
7.11672e-10 0.00529777 0.000169406
7.11773e-10 0.00526888 0.000146327
7.11874e-10 0.00523992 0.000125437
7.11976e-10 0.00521089 0.000106684
7.12077e-10 0.00518179 9.00211e-05
7.12178e-10 0.00515264 7.53976e-05
7.12279e-10 0.00512342 6.27648e-05
7.12381e-10 0.00509415 5.20738e-05
7.12482e-10 0.00506483 4.32761e-05
7.12583e-10 0.00503546 3.63233e-05
7.12684e-10 0.00500605 3.11675e-05
7.12786e-10 0.00497659 2.77607e-05
7.12887e-10 0.0049471 2.60557e-05
7.12988e-10 0.00491758 2.60052e-05
7.1309e-10 0.00488803 2.75625e-05
7.13191e-10 0.00485845 3.06811e-05
7.13292e-10 0.00482885 3.5315e-05
7.13393e-10 0.00479924 4.14183e-05
7.13495e-10 0.00476961 4.89459e-05
7.13596e-10 0.00473997 5.78527e-05
7.13697e-10 0.00471034 6.80942e-05
7.13798e-10 0.0046807 7.96262e-05
7.139e-10 0.00465107 9.24052e-05
7.14001e-10 0.00462145 0.000106388
7.14102e-10 0.00459184 0.000121531
7.14204e-10 0.00456226 0.000137793
7.14305e-10 0.00453269 0.000155132
7.14406e-10 0.00450316 0.000173505
7.14507e-10 0.00447366 0.000192873
7.14609e-10 0.00444419 0.000213195
7.1471e-10 0.00441477 0.00023443
7.14811e-10 0.0043854 0.00025654
7.14912e-10 0.00435607 0.000279485
7.15014e-10 0.0043268 0.000303227
7.15115e-10 0.0042976 0.000327727
7.15216e-10 0.00426845 0.00035295
7.15318e-10 0.00423938 0.000378856
7.15419e-10 0.00421038 0.000405411
7.1552e-10 0.00418146 0.000432578
7.15621e-10 0.00415262 0.000460322
7.15723e-10 0.00412386 0.000488608
7.15824e-10 0.0040952 0.000517402
7.15925e-10 0.00406663 0.000546671
7.16026e-10 0.00403816 0.00057638
7.16128e-10 0.0040098 0.000606498
7.16229e-10 0.00398154 0.000636993
7.1633e-10 0.00395339 0.000667832
7.16431e-10 0.00392536 0.000698986
7.16533e-10 0.00389745 0.000730423
7.16634e-10 0.00386966 0.000762114
7.16735e-10 0.00384199 0.000794029
7.16837e-10 0.00381446 0.00082614
7.16938e-10 0.00378706 0.000858419
7.17039e-10 0.00375979 0.000890838
7.1714e-10 0.00373267 0.000923369
7.17242e-10 0.00370568 0.000955987
7.17343e-10 0.00367885 0.000988666
7.17444e-10 0.00365217 0.00102138
7.17545e-10 0.00362563 0.0010541
7.17647e-10 0.00359926 0.00108681
7.17748e-10 0.00357304 0.00111949
7.17849e-10 0.00354698 0.0011521
7.17951e-10 0.00352109 0.00118462
7.18052e-10 0.00349536 0.00121705
7.18153e-10 0.00346981 0.00124934
7.18254e-10 0.00344442 0.00128149
7.18356e-10 0.00341921 0.00131346
7.18457e-10 0.00339418 0.00134525
7.18558e-10 0.00336932 0.00137683
7.18659e-10 0.00334465 0.00140819
7.18761e-10 0.00332015 0.0014393
7.18862e-10 0.00329584 0.00147014
7.18963e-10 0.00327172 0.0015007
7.19065e-10 0.00324779 0.00153097
7.19166e-10 0.00322404 0.00156092
7.19267e-10 0.00320048 0.00159055
7.19368e-10 0.00317712 0.00161982
7.1947e-10 0.00315395 0.00164874
7.19571e-10 0.00313098 0.00167729
7.19672e-10 0.0031082 0.00170544
7.19773e-10 0.00308562 0.0017332
7.19875e-10 0.00306324 0.00176054
7.19976e-10 0.00304106 0.00178746
7.20077e-10 0.00301908 0.00181393
7.20178e-10 0.00299729 0.00183996
7.2028e-10 0.00297571 0.00186553
7.20381e-10 0.00295433 0.00189062
7.20482e-10 0.00293316 0.00191523
7.20584e-10 0.00291219 0.00193936
7.20685e-10 0.00289142 0.00196298
7.20786e-10 0.00287085 0.00198609
7.20887e-10 0.00285049 0.00200869
7.20989e-10 0.00283033 0.00203076
7.2109e-10 0.00281037 0.0020523
7.21191e-10 0.00279062 0.0020733
7.21292e-10 0.00277107 0.00209375
7.21394e-10 0.00275173 0.00211365
7.21495e-10 0.00273259 0.00213299
7.21596e-10 0.00271365 0.00215177
7.21698e-10 0.00269492 0.00216997
7.21799e-10 0.00267638 0.00218761
7.219e-10 0.00265805 0.00220467
7.22001e-10 0.00263992 0.00222114
7.22103e-10 0.00262199 0.00223703
7.22204e-10 0.00260426 0.00225233
7.22305e-10 0.00258673 0.00226704
7.22406e-10 0.00256939 0.00228116
7.22508e-10 0.00255225 0.00229468
7.22609e-10 0.00253531 0.0023076
7.2271e-10 0.00251856 0.00231993
7.22812e-10 0.00250201 0.00233165
7.22913e-10 0.00248565 0.00234277
7.23014e-10 0.00246948 0.00235329
7.23115e-10 0.00245351 0.00236321
7.23217e-10 0.00243772 0.00237252
7.23318e-10 0.00242212 0.00238124
7.23419e-10 0.0024067 0.00238935
7.2352e-10 0.00239147 0.00239686
7.23622e-10 0.00237643 0.00240378
7.23723e-10 0.00236157 0.0024101
7.23824e-10 0.00234688 0.00241582
7.23925e-10 0.00233238 0.00242095
7.24027e-10 0.00231806 0.00242548
7.24128e-10 0.00230391 0.00242943
7.24229e-10 0.00228993 0.0024328
7.24331e-10 0.00227613 0.00243558
7.24432e-10 0.0022625 0.00243778
7.24533e-10 0.00224904 0.0024394
7.24634e-10 0.00223575 0.00244046
7.24736e-10 0.00222262 0.00244094
7.24837e-10 0.00220965 0.00244086
7.24938e-10 0.00219685 0.00244022
7.25039e-10 0.00218421 0.00243903
7.25141e-10 0.00217172 0.00243728
7.25242e-10 0.0021594 0.00243499
7.25343e-10 0.00214723 0.00243216
7.25445e-10 0.00213521 0.0024288
7.25546e-10 0.00212334 0.0024249
7.25647e-10 0.00211162 0.00242048
7.25748e-10 0.00210004 0.00241555
7.2585e-10 0.00208861 0.0024101
7.25951e-10 0.00207733 0.00240414
7.26052e-10 0.00206618 0.00239769
7.26153e-10 0.00205518 0.00239074
7.26255e-10 0.00204431 0.00238331
7.26356e-10 0.00203357 0.00237539
7.26457e-10 0.00202297 0.002367
7.26559e-10 0.0020125 0.00235815
7.2666e-10 0.00200215 0.00234884
7.26761e-10 0.00199194 0.00233907
7.26862e-10 0.00198185 0.00232886
7.26964e-10 0.00197188 0.00231821
7.27065e-10 0.00196203 0.00230714
7.27166e-10 0.0019523 0.00229564
7.27267e-10 0.00194269 0.00228372
7.27369e-10 0.00193319 0.0022714
7.2747e-10 0.00192381 0.00225868
7.27571e-10 0.00191453 0.00224557
7.27672e-10 0.00190537 0.00223208
7.27774e-10 0.00189631 0.00221821
7.27875e-10 0.00188735 0.00220397
7.27976e-10 0.0018785 0.00218937
7.28078e-10 0.00186975 0.00217443
7.28179e-10 0.0018611 0.00215914
7.2828e-10 0.00185254 0.00214352
7.28381e-10 0.00184408 0.00212757
7.28483e-10 0.00183572 0.00211131
7.28584e-10 0.00182744 0.00209473
7.28685e-10 0.00181926 0.00207786
7.28786e-10 0.00181116 0.00206069
7.28888e-10 0.00180315 0.00204324
7.28989e-10 0.00179522 0.00202552
7.2909e-10 0.00178737 0.00200753
7.29192e-10 0.00177961 0.00198928
7.29293e-10 0.00177192 0.00197079
7.29394e-10 0.00176431 0.00195205
7.29495e-10 0.00175677 0.00193308
7.29597e-10 0.00174931 0.00191389
7.29698e-10 0.00174192 0.00189449
7.29799e-10 0.00173461 0.00187488
7.299e-10 0.00172735 0.00185507
7.30002e-10 0.00172017 0.00183507
7.30103e-10 0.00171305 0.00181489
7.30204e-10 0.001706 0.00179454
7.30305e-10 0.00169901 0.00177403
7.30407e-10 0.00169208 0.00175336
7.30508e-10 0.00168521 0.00173255
7.30609e-10 0.00167839 0.0017116
7.30711e-10 0.00167163 0.00169052
7.30812e-10 0.00166493 0.00166932
7.30913e-10 0.00165828 0.001648
7.31014e-10 0.00165169 0.00162658
7.31116e-10 0.00164514 0.00160507
7.31217e-10 0.00163865 0.00158346
7.31318e-10 0.0016322 0.00156178
7.31419e-10 0.0016258 0.00154003
7.31521e-10 0.00161945 0.00151821
7.31622e-10 0.00161314 0.00149633
7.31723e-10 0.00160687 0.00147441
7.31825e-10 0.00160065 0.00145244
7.31926e-10 0.00159446 0.00143045
7.32027e-10 0.00158832 0.00140843
7.32128e-10 0.00158222 0.00138639
7.3223e-10 0.00157615 0.00136434
7.32331e-10 0.00157013 0.0013423
7.32432e-10 0.00156413 0.00132025
7.32533e-10 0.00155818 0.00129822
7.32635e-10 0.00155225 0.00127621
7.32736e-10 0.00154636 0.00125423
7.32837e-10 0.00154051 0.00123228
7.32939e-10 0.00153468 0.00121038
7.3304e-10 0.00152888 0.00118852
7.33141e-10 0.00152312 0.00116672
7.33242e-10 0.00151738 0.00114497
7.33344e-10 0.00151167 0.0011233
7.33445e-10 0.00150599 0.00110171
7.33546e-10 0.00150034 0.00108019
7.33647e-10 0.00149471 0.00105877
7.33749e-10 0.0014891 0.00103744
7.3385e-10 0.00148353 0.00101621
7.33951e-10 0.00147797 0.000995086
7.34052e-10 0.00147244 0.000974078
7.34154e-10 0.00146693 0.000953188
7.34255e-10 0.00146145 0.000932424
7.34356e-10 0.00145599 0.000911791
7.34458e-10 0.00145054 0.000891294
7.34559e-10 0.00144512 0.000870939
7.3466e-10 0.00143972 0.000850733
7.34761e-10 0.00143434 0.000830679
7.34863e-10 0.00142898 0.000810783
7.34964e-10 0.00142364 0.000791051
7.35065e-10 0.00141832 0.000771487
7.35166e-10 0.00141301 0.000752097
7.35268e-10 0.00140773 0.000732885
7.35369e-10 0.00140246 0.000713857
7.3547e-10 0.00139721 0.000695015
7.35572e-10 0.00139198 0.000676366
7.35673e-10 0.00138676 0.000657914
7.35774e-10 0.00138156 0.000639663
7.35875e-10 0.00137638 0.000621616
7.35977e-10 0.00137122 0.000603779
7.36078e-10 0.00136607 0.000586155
7.36179e-10 0.00136094 0.000568749
7.3628e-10 0.00135582 0.000551563
7.36382e-10 0.00135072 0.000534602
7.36483e-10 0.00134563 0.000517868
7.36584e-10 0.00134057 0.000501367
7.36686e-10 0.00133551 0.0004851
7.36787e-10 0.00133048 0.000469071
7.36888e-10 0.00132545 0.000453283
7.36989e-10 0.00132045 0.00043774
7.37091e-10 0.00131546 0.000422444
7.37192e-10 0.00131048 0.000407397
7.37293e-10 0.00130553 0.000392603
7.37394e-10 0.00130058 0.000378065
7.37496e-10 0.00129565 0.000363784
7.37597e-10 0.00129074 0.000349763
7.37698e-10 0.00128585 0.000336004
7.37799e-10 0.00128097 0.000322509
7.37901e-10 0.0012761 0.000309281
7.38002e-10 0.00127126 0.000296321
7.38103e-10 0.00126643 0.000283631
7.38205e-10 0.00126161 0.000271213
7.38306e-10 0.00125681 0.000259069
7.38407e-10 0.00125203 0.000247199
7.38508e-10 0.00124727 0.000235606
7.3861e-10 0.00124252 0.00022429
7.38711e-10 0.00123779 0.000213254
7.38812e-10 0.00123308 0.000202497
7.38913e-10 0.00122838 0.000192021
7.39015e-10 0.0012237 0.000181827
7.39116e-10 0.00121905 0.000171915
7.39217e-10 0.0012144 0.000162287
7.39319e-10 0.00120978 0.000152942
7.3942e-10 0.00120518 0.000143882
7.39521e-10 0.00120059 0.000135107
7.39622e-10 0.00119602 0.000126616
7.39724e-10 0.00119148 0.000118411
7.39825e-10 0.00118695 0.000110491
7.39926e-10 0.00118244 0.000102856
7.40027e-10 0.00117795 9.55061e-05
7.40129e-10 0.00117349 8.84414e-05
7.4023e-10 0.00116904 8.16615e-05
7.40331e-10 0.00116461 7.51658e-05
7.40433e-10 0.00116021 6.89541e-05
7.40534e-10 0.00115582 6.30256e-05
7.40635e-10 0.00115146 5.73798e-05
7.40736e-10 0.00114712 5.2016e-05
7.40838e-10 0.0011428 4.69333e-05
7.40939e-10 0.00113851 4.21308e-05
7.4104e-10 0.00113423 3.76076e-05
7.41141e-10 0.00112998 3.33625e-05
7.41243e-10 0.00112576 2.93945e-05
7.41344e-10 0.00112155 2.57022e-05
7.41445e-10 0.00111737 2.22844e-05
7.41546e-10 0.00111322 1.91397e-05
7.41648e-10 0.00110908 1.62666e-05
7.41749e-10 0.00110498 1.36635e-05
7.4185e-10 0.00110089 1.13289e-05
7.41952e-10 0.00109683 9.26091e-06
7.42053e-10 0.0010928 7.4579e-06
7.42154e-10 0.00108879 5.91798e-06
7.42255e-10 0.00108481 4.63922e-06
7.42357e-10 0.00108086 3.61964e-06
7.42458e-10 0.00107693 2.85717e-06
7.42559e-10 0.00107303 2.34968e-06
7.4266e-10 0.00106915 2.09498e-06
7.42762e-10 0.0010653 2.0908e-06
7.42863e-10 0.00106148 2.33481e-06
7.42964e-10 0.00105768 2.82463e-06
7.43066e-10 0.00105392 3.55779e-06
7.43167e-10 0.00105018 4.5318e-06
7.43268e-10 0.00104647 5.74406e-06
7.43369e-10 0.00104278 7.19196e-06
7.43471e-10 0.00103913 8.87279e-06
7.43572e-10 0.0010355 1.07838e-05
7.43673e-10 0.0010319 1.29223e-05
7.43774e-10 0.00102834 1.52852e-05
7.43876e-10 0.0010248 1.78698e-05
7.43977e-10 0.00102129 2.06731e-05
7.44078e-10 0.00101781 2.36921e-05
7.44179e-10 0.00101436 2.69236e-05
7.44281e-10 0.00101093 3.03647e-05
7.44382e-10 0.00100754 3.40122e-05
7.44483e-10 0.00100418 3.78628e-05
7.44585e-10 0.00100085 4.19134e-05
7.44686e-10 0.000997551 4.61606e-05
7.44787e-10 0.000994281 5.06011e-05
7.44888e-10 0.000991042 5.52317e-05
7.4499e-10 0.000987833 6.00489e-05
7.45091e-10 0.000984655 6.50492e-05
7.45192e-10 0.000981508 7.02291e-05
7.45293e-10 0.000978392 7.55853e-05
7.45395e-10 0.000975307 8.11142e-05
7.45496e-10 0.000972253 8.68121e-05
7.45597e-10 0.00096923 9.26755e-05
7.45699e-10 0.000966238 9.87007e-05
7.458e-10 0.000963278 0.000104884
7.45901e-10 0.000960348 0.000111222
7.46002e-10 0.000957451 0.000117711
7.46104e-10 0.000954584 0.000124347
7.46205e-10 0.000951749 0.000131126
7.46306e-10 0.000948945 0.000138045
7.46407e-10 0.000946173 0.0001451
7.46509e-10 0.000943432 0.000152286
7.4661e-10 0.000940722 0.000159601
7.46711e-10 0.000938044 0.00016704
7.46813e-10 0.000935397 0.000174599
7.46914e-10 0.000932781 0.000182275
7.47015e-10 0.000930196 0.000190063
7.47116e-10 0.000927643 0.000197961
7.47218e-10 0.00092512 0.000205963
7.47319e-10 0.000922629 0.000214066
7.4742e-10 0.000920169 0.000222266
7.47521e-10 0.000917739 0.000230559
7.47623e-10 0.00091534 0.000238941
7.47724e-10 0.000912972 0.000247408
7.47825e-10 0.000910635 0.000255957
7.47926e-10 0.000908328 0.000264583
7.48028e-10 0.000906051 0.000273282
7.48129e-10 0.000903805 0.000282051
7.4823e-10 0.000901589 0.000290885
7.48332e-10 0.000899402 0.00029978
7.48433e-10 0.000897246 0.000308733
7.48534e-10 0.000895119 0.00031774
7.48635e-10 0.000893022 0.000326796
7.48737e-10 0.000890954 0.000335899
7.48838e-10 0.000888915 0.000345042
7.48939e-10 0.000886905 0.000354224
7.4904e-10 0.000884924 0.00036344
7.49142e-10 0.000882971 0.000372687
7.49243e-10 0.000881047 0.000381959
7.49344e-10 0.000879151 0.000391254
7.49446e-10 0.000877284 0.000400568
7.49547e-10 0.000875443 0.000409896
7.49648e-10 0.000873631 0.000419235
7.49749e-10 0.000871846 0.000428582
7.49851e-10 0.000870088 0.000437932
7.49952e-10 0.000868356 0.000447281
7.50053e-10 0.000866652 0.000456627
7.50154e-10 0.000864974 0.000465965
7.50256e-10 0.000863322 0.000475291
7.50357e-10 0.000861695 0.000484602
7.50458e-10 0.000860095 0.000493895
7.5056e-10 0.000858519 0.000503165
7.50661e-10 0.000856969 0.000512409
7.50762e-10 0.000855444 0.000521624
7.50863e-10 0.000853943 0.000530806
7.50965e-10 0.000852466 0.000539951
7.51066e-10 0.000851014 0.000549057
7.51167e-10 0.000849585 0.000558119
7.51268e-10 0.000848179 0.000567134
7.5137e-10 0.000846796 0.000576099
7.51471e-10 0.000845437 0.00058501
7.51572e-10 0.000844099 0.000593865
7.51673e-10 0.000842784 0.000602659
7.51775e-10 0.000841491 0.00061139
7.51876e-10 0.000840219 0.000620055
7.51977e-10 0.000838969 0.00062865
7.52079e-10 0.000837739 0.000637172
7.5218e-10 0.00083653 0.000645619
7.52281e-10 0.000835341 0.000653986
7.52382e-10 0.000834173 0.000662272
7.52484e-10 0.000833024 0.000670472
7.52585e-10 0.000831894 0.000678585
7.52686e-10 0.000830783 0.000686608
7.52787e-10 0.000829691 0.000694536
7.52889e-10 0.000828617 0.000702369
7.5299e-10 0.000827561 0.000710102
7.53091e-10 0.000826523 0.000717734
7.53193e-10 0.000825502 0.000725261
7.53294e-10 0.000824498 0.000732682
7.53395e-10 0.000823511 0.000739992
7.53496e-10 0.000822541 0.000747191
7.53598e-10 0.000821586 0.000754275
7.53699e-10 0.000820647 0.000761243
7.538e-10 0.000819723 0.000768091
7.53901e-10 0.000818814 0.000774817
7.54003e-10 0.00081792 0.000781419
7.54104e-10 0.000817041 0.000787896
7.54205e-10 0.000816175 0.000794243
7.54307e-10 0.000815323 0.000800461
7.54408e-10 0.000814485 0.000806546
7.54509e-10 0.000813659 0.000812497
7.5461e-10 0.000812847 0.000818311
7.54712e-10 0.000812047 0.000823987
7.54813e-10 0.000811258 0.000829522
7.54914e-10 0.000810482 0.000834916
7.55015e-10 0.000809717 0.000840165
7.55117e-10 0.000808963 0.00084527
7.55218e-10 0.00080822 0.000850227
7.55319e-10 0.000807488 0.000855035
7.5542e-10 0.000806766 0.000859693
7.55522e-10 0.000806054 0.0008642
7.55623e-10 0.000805351 0.000868553
7.55724e-10 0.000804658 0.000872752
7.55826e-10 0.000803974 0.000876795
7.55927e-10 0.000803298 0.000880681
7.56028e-10 0.000802631 0.000884409
7.56129e-10 0.000801973 0.000887977
7.56231e-10 0.000801322 0.000891385
7.56332e-10 0.000800679 0.000894631
7.56433e-10 0.000800043 0.000897715
7.56534e-10 0.000799414 0.000900635
7.56636e-10 0.000798792 0.000903391
7.56737e-10 0.000798176 0.000905983
7.56838e-10 0.000797567 0.000908408
7.5694e-10 0.000796964 0.000910666
7.57041e-10 0.000796367 0.000912758
7.57142e-10 0.000795775 0.000914682
7.57243e-10 0.000795189 0.000916438
7.57345e-10 0.000794607 0.000918025
7.57446e-10 0.000794031 0.000919443
7.57547e-10 0.000793459 0.000920691
7.57648e-10 0.000792892 0.00092177
7.5775e-10 0.000792329 0.000922679
7.57851e-10 0.000791769 0.000923418
7.57952e-10 0.000791214 0.000923987
7.58053e-10 0.000790662 0.000924385
7.58155e-10 0.000790114 0.000924613
7.58256e-10 0.000789569 0.000924671
7.58357e-10 0.000789027 0.000924559
7.58459e-10 0.000788488 0.000924277
7.5856e-10 0.000787951 0.000923825
7.58661e-10 0.000787417 0.000923204
7.58762e-10 0.000786885 0.000922414
7.58864e-10 0.000786356 0.000921455
7.58965e-10 0.000785829 0.000920328
7.59066e-10 0.000785303 0.000919033
7.59167e-10 0.00078478 0.000917571
7.59269e-10 0.000784258 0.000915942
7.5937e-10 0.000783737 0.000914148
7.59471e-10 0.000783219 0.000912188
7.59573e-10 0.000782701 0.000910064
7.59674e-10 0.000782185 0.000907777
7.59775e-10 0.000781669 0.000905327
7.59876e-10 0.000781155 0.000902715
7.59978e-10 0.000780642 0.000899943
7.60079e-10 0.000780129 0.000897011
7.6018e-10 0.000779618 0.00089392
7.60281e-10 0.000779107 0.000890672
7.60383e-10 0.000778596 0.000887268
7.60484e-10 0.000778087 0.000883709
7.60585e-10 0.000777578 0.000879996
7.60687e-10 0.000777069 0.000876131
7.60788e-10 0.000776561 0.000872114
7.60889e-10 0.000776053 0.000867949
7.6099e-10 0.000775546 0.000863635
7.61092e-10 0.000775039 0.000859176
7.61193e-10 0.000774533 0.000854571
7.61294e-10 0.000774027 0.000849823
7.61395e-10 0.000773521 0.000844934
7.61497e-10 0.000773015 0.000839905
7.61598e-10 0.000772511 0.000834738
7.61699e-10 0.000772006 0.000829435
7.618e-10 0.000771502 0.000823997
7.61902e-10 0.000770998 0.000818428
7.62003e-10 0.000770495 0.000812728
7.62104e-10 0.000769993 0.000806899
7.62206e-10 0.000769491 0.000800945
7.62307e-10 0.00076899 0.000794866
7.62408e-10 0.000768489 0.000788665
7.62509e-10 0.00076799 0.000782344
7.62611e-10 0.000767491 0.000775905
7.62712e-10 0.000766993 0.000769351
7.62813e-10 0.000766496 0.000762684
7.62914e-10 0.000766 0.000755906
7.63016e-10 0.000765506 0.00074902
7.63117e-10 0.000765012 0.000742028
7.63218e-10 0.00076452 0.000734931
7.6332e-10 0.00076403 0.000727734
7.63421e-10 0.000763541 0.000720439
7.63522e-10 0.000763054 0.000713047
7.63623e-10 0.000762569 0.000705561
7.63725e-10 0.000762086 0.000697985
7.63826e-10 0.000761605 0.000690321
7.63927e-10 0.000761126 0.000682571
7.64028e-10 0.00076065 0.000674738
7.6413e-10 0.000760176 0.000666825
7.64231e-10 0.000759705 0.000658835
7.64332e-10 0.000759237 0.00065077
7.64434e-10 0.000758772 0.000642634
7.64535e-10 0.00075831 0.000634429
7.64636e-10 0.000757851 0.000626158
7.64737e-10 0.000757396 0.000617824
7.64839e-10 0.000756945 0.000609429
7.6494e-10 0.000756497 0.000600978
7.65041e-10 0.000756054 0.000592472
7.65142e-10 0.000755615 0.000583915
7.65244e-10 0.000755181 0.00057531
7.65345e-10 0.000754751 0.00056666
7.65446e-10 0.000754326 0.000557968
7.65547e-10 0.000753906 0.000549237
7.65649e-10 0.000753491 0.00054047
7.6575e-10 0.000753082 0.00053167
7.65851e-10 0.000752678 0.000522841
7.65953e-10 0.00075228 0.000513985
7.66054e-10 0.000751889 0.000505106
7.66155e-10 0.000751504 0.000496207
7.66256e-10 0.000751125 0.000487291
7.66358e-10 0.000750753 0.000478362
7.66459e-10 0.000750388 0.000469422
7.6656e-10 0.000750031 0.000460474
7.66661e-10 0.00074968 0.000451523
7.66763e-10 0.000749338 0.000442571
7.66864e-10 0.000749003 0.000433622
7.66965e-10 0.000748677 0.000424678
7.67067e-10 0.000748359 0.000415744
7.67168e-10 0.000748049 0.000406822
7.67269e-10 0.000747749 0.000397915
7.6737e-10 0.000747457 0.000389028
7.67472e-10 0.000747175 0.000380162
7.67573e-10 0.000746903 0.000371323
7.67674e-10 0.00074664 0.000362512
7.67775e-10 0.000746387 0.000353734
7.67877e-10 0.000746145 0.00034499
7.67978e-10 0.000745913 0.000336286
7.68079e-10 0.000745692 0.000327624
7.68181e-10 0.000745482 0.000319007
7.68282e-10 0.000745283 0.000310439
7.68383e-10 0.000745096 0.000301923
7.68484e-10 0.00074492 0.000293462
7.68586e-10 0.000744757 0.000285059
7.68687e-10 0.000744605 0.000276719
7.68788e-10 0.000744466 0.000268443
7.68889e-10 0.00074434 0.000260236
7.68991e-10 0.000744227 0.0002521
7.69092e-10 0.000744127 0.000244039
7.69193e-10 0.00074404 0.000236057
7.69294e-10 0.000743967 0.000228155
7.69396e-10 0.000743908 0.000220338
7.69497e-10 0.000743862 0.000212608
7.69598e-10 0.000743832 0.00020497
7.697e-10 0.000743815 0.000197425
7.69801e-10 0.000743814 0.000189977
7.69902e-10 0.000743827 0.00018263
7.70003e-10 0.000743856 0.000175386
7.70105e-10 0.0007439 0.000168248
7.70206e-10 0.000743959 0.00016122
7.70307e-10 0.000744035 0.000154305
7.70408e-10 0.000744126 0.000147504
7.7051e-10 0.000744234 0.000140823
7.70611e-10 0.000744358 0.000134263
7.70712e-10 0.000744499 0.000127827
7.70814e-10 0.000744657 0.000121519
7.70915e-10 0.000744831 0.000115341
7.71016e-10 0.000745023 0.000109297
7.71117e-10 0.000745232 0.000103388
7.71219e-10 0.000745459 9.76182e-05
7.7132e-10 0.000745704 9.19901e-05
7.71421e-10 0.000745966 8.65064e-05
7.71522e-10 0.000746247 8.11698e-05
7.71624e-10 0.000746545 7.5983e-05
7.71725e-10 0.000746863 7.09488e-05
7.71826e-10 0.000747198 6.60697e-05
7.71928e-10 0.000747553 6.13483e-05
7.72029e-10 0.000747926 5.67872e-05
7.7213e-10 0.000748319 5.2389e-05
7.72231e-10 0.00074873 4.81561e-05
7.72333e-10 0.000749161 4.4091e-05
7.72434e-10 0.000749611 4.01961e-05
7.72535e-10 0.000750081 3.64737e-05
7.72636e-10 0.00075057 3.29264e-05
7.72738e-10 0.000751079 2.95562e-05
7.72839e-10 0.000751608 2.63656e-05
7.7294e-10 0.000752157 2.33567e-05
7.73041e-10 0.000752725 2.05317e-05
7.73143e-10 0.000753314 1.78927e-05
7.73244e-10 0.000753924 1.54418e-05
7.73345e-10 0.000754553 1.31812e-05
7.73447e-10 0.000755203 1.11127e-05
7.73548e-10 0.000755874 9.2384e-06
7.73649e-10 0.000756564 7.56014e-06
7.7375e-10 0.000757276 6.07981e-06
7.73852e-10 0.000758008 4.79922e-06
7.73953e-10 0.000758761 3.72016e-06
7.74054e-10 0.000759534 2.84433e-06
7.74155e-10 0.000760328 2.17343e-06
7.74257e-10 0.000761143 1.70906e-06
7.74358e-10 0.000761979 1.4528e-06
7.74459e-10 0.000762836 1.40618e-06
7.74561e-10 0.000763713 1.57067e-06
7.74662e-10 0.000764611 1.94767e-06
7.74763e-10 0.00076553 2.53857e-06
7.74864e-10 0.00076647 3.34467e-06
7.74966e-10 0.00076743 4.36723e-06
7.75067e-10 0.000768412 5.60745e-06
7.75168e-10 0.000769414 7.06649e-06
7.75269e-10 0.000770436 8.74543e-06
7.75371e-10 0.00077148 1.06453e-05
7.75472e-10 0.000772544 1.27671e-05
7.75573e-10 0.000773628 1.51118e-05
7.75674e-10 0.000774734 1.76802e-05
7.75776e-10 0.000775859 2.04731e-05
7.75877e-10 0.000777005 2.34912e-05
7.75978e-10 0.000778171 2.67354e-05
7.7608e-10 0.000779358 3.02061e-05
7.76181e-10 0.000780564 3.3904e-05
7.76282e-10 0.000781791 3.78296e-05
7.76383e-10 0.000783037 4.19833e-05
7.76485e-10 0.000784304 4.63655e-05
7.76586e-10 0.00078559 5.09766e-05
7.76687e-10 0.000786895 5.58168e-05
7.76788e-10 0.00078822 6.08864e-05
7.7689e-10 0.000789565 6.61854e-05
7.76991e-10 0.000790928 7.17139e-05
7.77092e-10 0.000792311 7.74721e-05
7.77194e-10 0.000793712 8.34597e-05
7.77295e-10 0.000795133 8.96768e-05
7.77396e-10 0.000796572 9.61231e-05
7.77497e-10 0.000798029 0.000102798
7.77599e-10 0.000799504 0.000109702
7.777e-10 0.000800998 0.000116835
7.77801e-10 0.000802509 0.000124195
7.77902e-10 0.000804038 0.000131783
7.78004e-10 0.000805585 0.000139597
7.78105e-10 0.000807149 0.000147638
7.78206e-10 0.00080873 0.000155905
7.78308e-10 0.000810328 0.000164396
7.78409e-10 0.000811942 0.000173111
7.7851e-10 0.000813574 0.000182049
7.78611e-10 0.000815221 0.000191209
7.78713e-10 0.000816884 0.000200591
7.78814e-10 0.000818563 0.000210192
7.78915e-10 0.000820258 0.000220012
7.79016e-10 0.000821968 0.00023005
7.79118e-10 0.000823692 0.000240305
7.79219e-10 0.000825432 0.000250774
7.7932e-10 0.000827186 0.000261457
7.79421e-10 0.000828955 0.000272352
7.79523e-10 0.000830738 0.000283457
7.79624e-10 0.000832534 0.000294772
7.79725e-10 0.000834344 0.000306293
7.79827e-10 0.000836167 0.00031802
7.79928e-10 0.000838003 0.000329951
7.80029e-10 0.000839851 0.000342084
7.8013e-10 0.000841712 0.000354416
7.80232e-10 0.000843585 0.000366947
7.80333e-10 0.00084547 0.000379673
7.80434e-10 0.000847367 0.000392593
7.80535e-10 0.000849274 0.000405704
7.80637e-10 0.000851193 0.000419004
7.80738e-10 0.000853122 0.000432491
7.80839e-10 0.000855061 0.000446162
7.80941e-10 0.000857011 0.000460016
7.81042e-10 0.00085897 0.000474048
7.81143e-10 0.000860939 0.000488258
7.81244e-10 0.000862917 0.000502641
7.81346e-10 0.000864903 0.000517196
7.81447e-10 0.000866898 0.00053192
7.81548e-10 0.000868901 0.000546809
7.81649e-10 0.000870913 0.000561861
7.81751e-10 0.000872931 0.000577073
7.81852e-10 0.000874957 0.000592442
7.81953e-10 0.00087699 0.000607964
7.82055e-10 0.00087903 0.000623638
7.82156e-10 0.000881076 0.000639458
7.82257e-10 0.000883128 0.000655422
7.82358e-10 0.000885185 0.000671528
7.8246e-10 0.000887248 0.00068777
7.82561e-10 0.000889316 0.000704147
7.82662e-10 0.000891389 0.000720653
7.82763e-10 0.000893467 0.000737287
7.82865e-10 0.000895548 0.000754044
7.82966e-10 0.000897634 0.00077092
7.83067e-10 0.000899722 0.000787912
7.83168e-10 0.000901815 0.000805016
7.8327e-10 0.00090391 0.000822228
7.83371e-10 0.000906008 0.000839544
7.83472e-10 0.000908108 0.00085696
7.83574e-10 0.00091021 0.000874473
7.83675e-10 0.000912314 0.000892077
7.83776e-10 0.00091442 0.00090977
7.83877e-10 0.000916527 0.000927547
7.83979e-10 0.000918635 0.000945403
7.8408e-10 0.000920744 0.000963335
7.84181e-10 0.000922853 0.000981338
7.84282e-10 0.000924962 0.000999407
7.84384e-10 0.000927071 0.00101754
7.84485e-10 0.00092918 0.00103573
7.84586e-10 0.000931288 0.00105397
7.84688e-10 0.000933395 0.00107226
7.84789e-10 0.000935501 0.0010906
7.8489e-10 0.000937606 0.00110898
7.84991e-10 0.000939709 0.00112739
7.85093e-10 0.000941811 0.00114583
7.85194e-10 0.00094391 0.0011643
7.85295e-10 0.000946008 0.00118278
7.85396e-10 0.000948103 0.00120129
7.85498e-10 0.000950195 0.0012198
7.85599e-10 0.000952285 0.00123832
7.857e-10 0.000954371 0.00125684
7.85802e-10 0.000956454 0.00127536
7.85903e-10 0.000958535 0.00129387
7.86004e-10 0.000960611 0.00131237
7.86105e-10 0.000962684 0.00133084
7.86207e-10 0.000964753 0.0013493
7.86308e-10 0.000966818 0.00136772
7.86409e-10 0.000968879 0.00138611
7.8651e-10 0.000970936 0.00140446
7.86612e-10 0.000972989 0.00142277
7.86713e-10 0.000975037 0.00144103
7.86814e-10 0.00097708 0.00145923
7.86915e-10 0.000979119 0.00147737
7.87017e-10 0.000981154 0.00149545
7.87118e-10 0.000983183 0.00151345
7.87219e-10 0.000985208 0.00153138
7.87321e-10 0.000987228 0.00154923
7.87422e-10 0.000989243 0.00156699
7.87523e-10 0.000991253 0.00158466
7.87624e-10 0.000993258 0.00160223
7.87726e-10 0.000995258 0.0016197
7.87827e-10 0.000997254 0.00163706
7.87928e-10 0.000999244 0.00165431
7.88029e-10 0.00100123 0.00167144
7.88131e-10 0.00100321 0.00168844
7.88232e-10 0.00100519 0.00170532
7.88333e-10 0.00100716 0.00172206
7.88435e-10 0.00100912 0.00173866
7.88536e-10 0.00101108 0.00175511
7.88637e-10 0.00101304 0.00177141
7.88738e-10 0.00101499 0.00178756
7.8884e-10 0.00101694 0.00180354
7.88941e-10 0.00101888 0.00181936
7.89042e-10 0.00102082 0.001835
7.89143e-10 0.00102276 0.00185047
7.89245e-10 0.00102469 0.00186575
7.89346e-10 0.00102662 0.00188084
7.89447e-10 0.00102855 0.00189574
7.89548e-10 0.00103047 0.00191044
7.8965e-10 0.00103239 0.00192493
7.89751e-10 0.0010343 0.00193921
7.89852e-10 0.00103622 0.00195328
7.89954e-10 0.00103813 0.00196713
7.90055e-10 0.00104004 0.00198075
7.90156e-10 0.00104195 0.00199414
7.90257e-10 0.00104385 0.0020073
7.90359e-10 0.00104576 0.00202021
7.9046e-10 0.00104766 0.00203288
7.90561e-10 0.00104956 0.0020453
7.90662e-10 0.00105147 0.00205746
7.90764e-10 0.00105337 0.00206936
7.90865e-10 0.00105528 0.00208099
7.90966e-10 0.00105718 0.00209235
7.91068e-10 0.00105909 0.00210344
7.91169e-10 0.00106099 0.00211425
7.9127e-10 0.0010629 0.00212477
7.91371e-10 0.00106482 0.002135
7.91473e-10 0.00106673 0.00214493
7.91574e-10 0.00106865 0.00215457
7.91675e-10 0.00107058 0.0021639
7.91776e-10 0.0010725 0.00217293
7.91878e-10 0.00107444 0.00218164
7.91979e-10 0.00107637 0.00219003
7.9208e-10 0.00107832 0.0021981
7.92182e-10 0.00108027 0.00220585
7.92283e-10 0.00108223 0.00221327
7.92384e-10 0.00108419 0.00222035
7.92485e-10 0.00108617 0.0022271
7.92587e-10 0.00108815 0.0022335
7.92688e-10 0.00109014 0.00223956
7.92789e-10 0.00109214 0.00224527
7.9289e-10 0.00109415 0.00225062
7.92992e-10 0.00109618 0.00225562
7.93093e-10 0.00109821 0.00226026
7.93194e-10 0.00110026 0.00226453
7.93295e-10 0.00110232 0.00226844
7.93397e-10 0.00110439 0.00227197
7.93498e-10 0.00110648 0.00227514
7.93599e-10 0.00110859 0.00227792
7.93701e-10 0.00111071 0.00228032
7.93802e-10 0.00111284 0.00228235
7.93903e-10 0.001115 0.00228398
7.94004e-10 0.00111717 0.00228523
7.94106e-10 0.00111936 0.00228608
7.94207e-10 0.00112157 0.00228654
7.94308e-10 0.00112381 0.00228661
7.94409e-10 0.00112606 0.00228628
7.94511e-10 0.00112833 0.00228554
7.94612e-10 0.00113063 0.00228441
7.94713e-10 0.00113295 0.00228287
7.94815e-10 0.0011353 0.00228092
7.94916e-10 0.00113767 0.00227856
7.95017e-10 0.00114007 0.0022758
7.95118e-10 0.00114249 0.00227262
7.9522e-10 0.00114494 0.00226903
7.95321e-10 0.00114742 0.00226503
7.95422e-10 0.00114993 0.00226061
7.95523e-10 0.00115247 0.00225578
7.95625e-10 0.00115504 0.00225052
7.95726e-10 0.00115764 0.00224485
7.95827e-10 0.00116028 0.00223877
7.95929e-10 0.00116295 0.00223226
7.9603e-10 0.00116565 0.00222534
7.96131e-10 0.00116839 0.002218
7.96232e-10 0.00117117 0.00221023
7.96334e-10 0.00117398 0.00220205
7.96435e-10 0.00117684 0.00219346
7.96536e-10 0.00117973 0.00218444
7.96637e-10 0.00118266 0.00217501
7.96739e-10 0.00118563 0.00216516
7.9684e-10 0.00118865 0.00215489
7.96941e-10 0.0011917 0.00214421
7.97042e-10 0.0011948 0.00213312
7.97144e-10 0.00119795 0.00212161
7.97245e-10 0.00120114 0.0021097
7.97346e-10 0.00120438 0.00209738
7.97448e-10 0.00120766 0.00208465
7.97549e-10 0.00121099 0.00207152
7.9765e-10 0.00121437 0.00205799
7.97751e-10 0.00121781 0.00204405
7.97853e-10 0.00122129 0.00202972
7.97954e-10 0.00122482 0.002015
7.98055e-10 0.00122841 0.00199989
7.98156e-10 0.00123205 0.00198439
7.98258e-10 0.00123575 0.0019685
7.98359e-10 0.0012395 0.00195224
7.9846e-10 0.0012433 0.0019356
7.98562e-10 0.00124716 0.00191858
7.98663e-10 0.00125109 0.0019012
7.98764e-10 0.00125506 0.00188346
7.98865e-10 0.0012591 0.00186535
7.98967e-10 0.0012632 0.00184689
7.99068e-10 0.00126736 0.00182808
7.99169e-10 0.00127158 0.00180893
7.9927e-10 0.00127587 0.00178944
7.99372e-10 0.00128022 0.00176961
7.99473e-10 0.00128463 0.00174946
7.99574e-10 0.00128911 0.00172899
7.99676e-10 0.00129365 0.0017082
7.99777e-10 0.00129826 0.00168711
7.99878e-10 0.00130293 0.00166571
7.99979e-10 0.00130767 0.00164402
8.00081e-10 0.00131249 0.00162203
8.00182e-10 0.00131737 0.00159977
8.00283e-10 0.00132232 0.00157724
8.00384e-10 0.00132734 0.00155444
8.00486e-10 0.00133243 0.00153139
8.00587e-10 0.00133759 0.00150808
8.00688e-10 0.00134282 0.00148454
8.00789e-10 0.00134813 0.00146077
8.00891e-10 0.00135351 0.00143677
8.00992e-10 0.00135896 0.00141256
8.01093e-10 0.00136449 0.00138815
8.01195e-10 0.00137009 0.00136354
8.01296e-10 0.00137576 0.00133875
8.01397e-10 0.00138151 0.00131379
8.01498e-10 0.00138734 0.00128866
8.016e-10 0.00139324 0.00126338
8.01701e-10 0.00139922 0.00123795
8.01802e-10 0.00140527 0.0012124
8.01903e-10 0.0014114 0.00118673
8.02005e-10 0.00141761 0.00116095
8.02106e-10 0.00142389 0.00113508
8.02207e-10 0.00143025 0.00110912
8.02309e-10 0.00143669 0.00108309
8.0241e-10 0.0014432 0.001057
8.02511e-10 0.0014498 0.00103087
8.02612e-10 0.00145646 0.0010047
8.02714e-10 0.00146321 0.000978517
8.02815e-10 0.00147004 0.000952327
8.02916e-10 0.00147694 0.000926146
8.03017e-10 0.00148392 0.000899988
8.03119e-10 0.00149097 0.000873867
8.0322e-10 0.0014981 0.000847797
8.03321e-10 0.00150531 0.000821795
8.03422e-10 0.0015126 0.000795875
8.03524e-10 0.00151996 0.000770052
8.03625e-10 0.00152739 0.000744343
8.03726e-10 0.0015349 0.000718763
8.03828e-10 0.00154249 0.000693329
8.03929e-10 0.00155015 0.000668056
8.0403e-10 0.00155788 0.000642963
8.04131e-10 0.00156569 0.000618065
8.04233e-10 0.00157357 0.00059338
8.04334e-10 0.00158152 0.000568926
8.04435e-10 0.00158954 0.00054472
8.04536e-10 0.00159764 0.000520781
8.04638e-10 0.0016058 0.000497126
8.04739e-10 0.00161403 0.000473775
8.0484e-10 0.00162233 0.000450746
8.04942e-10 0.0016307 0.000428058
8.05043e-10 0.00163913 0.000405731
8.05144e-10 0.00164763 0.000383784
8.05245e-10 0.00165619 0.000362237
8.05347e-10 0.00166482 0.00034111
8.05448e-10 0.0016735 0.000320424
8.05549e-10 0.00168225 0.000300199
8.0565e-10 0.00169105 0.000280456
8.05752e-10 0.00169992 0.000261216
8.05853e-10 0.00170884 0.0002425
8.05954e-10 0.00171782 0.000224331
8.06056e-10 0.00172685 0.00020673
8.06157e-10 0.00173593 0.000189718
8.06258e-10 0.00174506 0.000173319
8.06359e-10 0.00175424 0.000157556
8.06461e-10 0.00176347 0.00014245
8.06562e-10 0.00177274 0.000128024
8.06663e-10 0.00178206 0.000114304
8.06764e-10 0.00179142 0.000101311
8.06866e-10 0.00180082 8.90689e-05
8.06967e-10 0.00181026 7.76029e-05
8.07068e-10 0.00181973 6.69367e-05
8.07169e-10 0.00182924 5.70947e-05
8.07271e-10 0.00183878 4.81016e-05
8.07372e-10 0.00184834 3.99824e-05
8.07473e-10 0.00185794 3.27621e-05
8.07575e-10 0.00186756 2.64661e-05
8.07676e-10 0.00187721 2.112e-05
8.07777e-10 0.00188687 1.67494e-05
8.07878e-10 0.00189656 1.33804e-05
8.0798e-10 0.00190625 1.10391e-05
8.08081e-10 0.00191597 9.75197e-06
8.08182e-10 0.00192569 9.54548e-06
8.08283e-10 0.00193542 1.04464e-05
8.08385e-10 0.00194515 1.24817e-05
8.08486e-10 0.00195489 1.56785e-05
8.08587e-10 0.00196463 2.00642e-05
8.08689e-10 0.00197436 2.56661e-05
8.0879e-10 0.00198409 3.2512e-05
8.08891e-10 0.00199381 4.06298e-05
8.08992e-10 0.00200351 5.00473e-05
8.09094e-10 0.0020132 6.07929e-05
8.09195e-10 0.00202288 7.28947e-05
8.09296e-10 0.00203253 8.63812e-05
8.09397e-10 0.00204215 0.000101281
8.09499e-10 0.00205175 0.000117623
8.096e-10 0.00206132 0.000135436
8.09701e-10 0.00207085 0.000154749
8.09803e-10 0.00208034 0.000175591
8.09904e-10 0.0020898 0.000197992
8.10005e-10 0.0020992 0.00022198
8.10106e-10 0.00210856 0.000247586
8.10208e-10 0.00211787 0.000274839
8.10309e-10 0.00212712 0.000303768
8.1041e-10 0.00213631 0.000334403
8.10511e-10 0.00214544 0.000366774
8.10613e-10 0.0021545 0.000400912
8.10714e-10 0.0021635 0.000436845
8.10815e-10 0.00217241 0.000474605
8.10916e-10 0.00218125 0.00051422
8.11018e-10 0.00219001 0.000555723
8.11119e-10 0.00219868 0.000599141
8.1122e-10 0.00220726 0.000644506
8.11322e-10 0.00221575 0.000691849
8.11423e-10 0.00222414 0.000741198
8.11524e-10 0.00223243 0.000792585
8.11625e-10 0.00224061 0.00084604
8.11727e-10 0.00224868 0.000901593
8.11828e-10 0.00225664 0.000959274
8.11929e-10 0.00226448 0.00101911
8.1203e-10 0.0022722 0.00108114
8.12132e-10 0.00227979 0.00114539
8.12233e-10 0.00228725 0.00121188
8.12334e-10 0.00229458 0.00128066
8.12436e-10 0.00230176 0.00135174
8.12537e-10 0.00230881 0.00142516
8.12638e-10 0.0023157 0.00150096
8.12739e-10 0.00232245 0.00157914
8.12841e-10 0.00232904 0.00165976
8.12942e-10 0.00233547 0.00174283
8.13043e-10 0.00234173 0.00182839
8.13144e-10 0.00234783 0.00191647
8.13246e-10 0.00235375 0.00200709
8.13347e-10 0.0023595 0.00210028
8.13448e-10 0.00236507 0.00219607
8.1355e-10 0.00237045 0.0022945
8.13651e-10 0.00237564 0.00239558
8.13752e-10 0.00238064 0.00249935
8.13853e-10 0.00238544 0.00260583
8.13955e-10 0.00239004 0.00271505
8.14056e-10 0.00239444 0.00282705
8.14157e-10 0.00239862 0.00294183
8.14258e-10 0.00240259 0.00305945
8.1436e-10 0.00240634 0.00317991
8.14461e-10 0.00240987 0.00330324
8.14562e-10 0.00241318 0.00342948
8.14663e-10 0.00241626 0.00355864
8.14765e-10 0.0024191 0.00369075
8.14866e-10 0.0024217 0.00382584
8.14967e-10 0.00242407 0.00396393
8.15069e-10 0.00242619 0.00410504
8.1517e-10 0.00242806 0.0042492
8.15271e-10 0.00242968 0.00439644
8.15372e-10 0.00243105 0.00454676
8.15474e-10 0.00243216 0.0047002
8.15575e-10 0.002433 0.00485678
8.15676e-10 0.00243359 0.00501651
8.15777e-10 0.0024339 0.00517943
8.15879e-10 0.00243394 0.00534554
8.1598e-10 0.00243371 0.00551487
8.16081e-10 0.0024332 0.00568744
8.16183e-10 0.0024324 0.00586327
8.16284e-10 0.00243133 0.00604237
8.16385e-10 0.00242997 0.00622476
8.16486e-10 0.00242832 0.00641045
8.16588e-10 0.00242639 0.00659947
8.16689e-10 0.00242415 0.00679184
8.1679e-10 0.00242163 0.00698755
8.16891e-10 0.0024188 0.00718663
8.16993e-10 0.00241568 0.00738909
8.17094e-10 0.00241225 0.00759495
8.17195e-10 0.00240852 0.0078042
8.17296e-10 0.00240449 0.00801688
8.17398e-10 0.00240015 0.00823298
8.17499e-10 0.0023955 0.00845251
8.176e-10 0.00239054 0.00867549
8.17702e-10 0.00238527 0.00890191
8.17803e-10 0.00237969 0.0091318
8.17904e-10 0.0023738 0.00936514
8.18005e-10 0.00236759 0.00960195
8.18107e-10 0.00236108 0.00984224
8.18208e-10 0.00235424 0.010086
8.18309e-10 0.0023471 0.0103332
8.1841e-10 0.00233963 0.0105839
8.18512e-10 0.00233186 0.0108381
8.18613e-10 0.00232377 0.0110958
8.18714e-10 0.00231537 0.0113569
8.18816e-10 0.00230665 0.0116215
8.18917e-10 0.00229762 0.0118896
8.19018e-10 0.00228828 0.0121611
8.19119e-10 0.00227863 0.0124361
8.19221e-10 0.00226867 0.0127145
8.19322e-10 0.0022584 0.0129963
8.19423e-10 0.00224783 0.0132816
8.19524e-10 0.00223695 0.0135703
8.19626e-10 0.00222577 0.0138624
8.19727e-10 0.00221429 0.0141578
8.19828e-10 0.00220252 0.0144567
8.1993e-10 0.00219045 0.0147588
8.20031e-10 0.00217808 0.0150644
8.20132e-10 0.00216543 0.0153732
8.20233e-10 0.00215249 0.0156853
8.20335e-10 0.00213927 0.0160007
8.20436e-10 0.00212577 0.0163193
8.20537e-10 0.002112 0.0166411
8.20638e-10 0.00209795 0.0169662
8.2074e-10 0.00208364 0.0172943
8.20841e-10 0.00206906 0.0176256
8.20942e-10 0.00205423 0.0179601
8.21043e-10 0.00203914 0.0182975
8.21145e-10 0.00202381 0.018638
8.21246e-10 0.00200823 0.0189815
8.21347e-10 0.00199241 0.019328
8.21449e-10 0.00197637 0.0196773
8.2155e-10 0.00196009 0.0200295
8.21651e-10 0.0019436 0.0203846
8.21752e-10 0.0019269 0.0207424
8.21854e-10 0.00190998 0.0211029
8.21955e-10 0.00189287 0.0214662
8.22056e-10 0.00187556 0.021832
8.22157e-10 0.00185806 0.0222004
8.22259e-10 0.00184039 0.0225714
8.2236e-10 0.00182254 0.0229448
8.22461e-10 0.00180453 0.0233206
8.22563e-10 0.00178636 0.0236988
8.22664e-10 0.00176804 0.0240792
8.22765e-10 0.00174958 0.0244619
8.22866e-10 0.00173099 0.0248467
8.22968e-10 0.00171227 0.0252336
8.23069e-10 0.00169344 0.0256224
8.2317e-10 0.0016745 0.0260133
8.23271e-10 0.00165546 0.0264059
8.23373e-10 0.00163633 0.0268004
8.23474e-10 0.00161712 0.0271965
8.23575e-10 0.00159785 0.0275943
8.23677e-10 0.00157851 0.0279936
8.23778e-10 0.00155911 0.0283944
8.23879e-10 0.00153968 0.0287965
8.2398e-10 0.00152021 0.0291998
8.24082e-10 0.00150072 0.0296044
8.24183e-10 0.00148122 0.03001
8.24284e-10 0.00146172 0.0304167
8.24385e-10 0.00144222 0.0308242
8.24487e-10 0.00142274 0.0312324
8.24588e-10 0.00140329 0.0316414
8.24689e-10 0.00138388 0.0320509
8.2479e-10 0.00136451 0.0324609
8.24892e-10 0.0013452 0.0328713
8.24993e-10 0.00132597 0.0332818
8.25094e-10 0.00130681 0.0336925
8.25196e-10 0.00128774 0.0341032
8.25297e-10 0.00126877 0.0345138
8.25398e-10 0.00124991 0.0349242
8.25499e-10 0.00123117 0.0353341
8.25601e-10 0.00121257 0.0357436
8.25702e-10 0.0011941 0.0361525
8.25803e-10 0.00117579 0.0365606
8.25904e-10 0.00115764 0.0369678
8.26006e-10 0.00113966 0.037374
8.26107e-10 0.00112186 0.0377791
8.26208e-10 0.00110425 0.0381828
8.2631e-10 0.00108684 0.0385851
8.26411e-10 0.00106964 0.0389858
8.26512e-10 0.00105267 0.0393848
8.26613e-10 0.00103592 0.0397818
8.26715e-10 0.00101941 0.0401769
8.26816e-10 0.00100314 0.0405697
8.26917e-10 0.000987132 0.0409602
8.27018e-10 0.000971387 0.0413481
8.2712e-10 0.000955914 0.0417334
8.27221e-10 0.000940722 0.0421159
8.27322e-10 0.000925818 0.0424954
8.27424e-10 0.000911209 0.0428717
8.27525e-10 0.000896904 0.0432447
8.27626e-10 0.000882909 0.0436141
8.27727e-10 0.000869231 0.0439799
8.27829e-10 0.000855877 0.0443419
8.2793e-10 0.000842853 0.0446998
8.28031e-10 0.000830165 0.0450536
8.28132e-10 0.000817819 0.0454029
8.28234e-10 0.00080582 0.0457478
8.28335e-10 0.000794173 0.0460878
8.28436e-10 0.000782884 0.046423
8.28537e-10 0.000771957 0.046753
8.28639e-10 0.000761396 0.0470778
8.2874e-10 0.000751206 0.047397
8.28841e-10 0.000741389 0.0477106
8.28943e-10 0.00073195 0.0480184
8.29044e-10 0.000722891 0.0483201
8.29145e-10 0.000714216 0.0486156
8.29246e-10 0.000705927 0.0489046
8.29348e-10 0.000698026 0.0491871
8.29449e-10 0.000690516 0.0494627
8.2955e-10 0.000683399 0.0497313
8.29651e-10 0.000676675 0.0499927
8.29753e-10 0.000670348 0.0502468
8.29854e-10 0.000664418 0.0504932
8.29955e-10 0.000658887 0.0507319
8.30057e-10 0.000653755 0.0509625
8.30158e-10 0.000649024 0.0511851
8.30259e-10 0.000644695 0.0513992
8.3036e-10 0.000640768 0.0516049
8.30462e-10 0.000637246 0.0518017
8.30563e-10 0.000634129 0.0519897
8.30664e-10 0.000631418 0.0521685
8.30765e-10 0.000629115 0.0523379
8.30867e-10 0.000627222 0.0524979
8.30968e-10 0.00062574 0.0526482
8.31069e-10 0.000624672 0.0527887
8.31171e-10 0.000624021 0.052919
8.31272e-10 0.00062379 0.0530392
8.31373e-10 0.000623982 0.0531489
8.31474e-10 0.000624603 0.053248
8.31576e-10 0.000625658 0.0533363
8.31677e-10 0.000627152 0.0534137
8.31778e-10 0.000629092 0.05348
8.31879e-10 0.000631487 0.053535
8.31981e-10 0.000634346 0.0535786
8.32082e-10 0.000637679 0.0536106
8.32183e-10 0.000641498 0.0536308
8.32284e-10 0.000645816 0.0536391
8.32386e-10 0.000650648 0.0536353
8.32487e-10 0.000656011 0.0536194
8.32588e-10 0.000661923 0.0535911
8.3269e-10 0.000668405 0.0535504
8.32791e-10 0.000675479 0.053497
8.32892e-10 0.000683172 0.053431
8.32993e-10 0.00069151 0.0533521
8.33095e-10 0.000700525 0.0532602
8.33196e-10 0.000710249 0.0531553
8.33297e-10 0.00072072 0.0530372
8.33398e-10 0.000731978 0.0529058
8.335e-10 0.000744065 0.0527612
8.33601e-10 0.000757029 0.052603
8.33702e-10 0.000770921 0.0524314
8.33804e-10 0.000785797 0.0522463
8.33905e-10 0.000801716 0.0520475
8.34006e-10 0.000818743 0.0518351
8.34107e-10 0.000836947 0.0516089
8.34209e-10 0.000856404 0.051369
8.3431e-10 0.000877194 0.0511154
8.34411e-10 0.000899402 0.0508479
8.34512e-10 0.00092312 0.0505667
8.34614e-10 0.000948448 0.0502717
8.34715e-10 0.000975489 0.0499629
8.34816e-10 0.00100436 0.0496404
8.34917e-10 0.00103517 0.0493042
8.35019e-10 0.00106806 0.0489543
8.3512e-10 0.00110315 0.0485908
8.35221e-10 0.00114059 0.0482138
8.35323e-10 0.00118054 0.0478233
8.35424e-10 0.00122315 0.0474194
8.35525e-10 0.00126859 0.0470023
8.35626e-10 0.00131705 0.046572
8.35728e-10 0.00136871 0.0461286
8.35829e-10 0.00142377 0.0456724
8.3593e-10 0.00148244 0.0452034
8.36031e-10 0.00154495 0.0447219
8.36133e-10 0.00161153 0.0442279
8.36234e-10 0.00168242 0.0437218
8.36335e-10 0.00175788 0.0432036
8.36437e-10 0.00183818 0.0426736
8.36538e-10 0.00192361 0.0421321
8.36639e-10 0.00201446 0.0415792
8.3674e-10 0.00211104 0.0410153
8.36842e-10 0.00221367 0.0404406
8.36943e-10 0.00232269 0.0398554
8.37044e-10 0.00243846 0.03926
8.37145e-10 0.00256134 0.0386548
8.37247e-10 0.00269171 0.0380399
8.37348e-10 0.00282998 0.0374159
8.37449e-10 0.00297655 0.0367829
8.37551e-10 0.00313186 0.0361415
8.37652e-10 0.00329636 0.035492
8.37753e-10 0.0034705 0.0348348
8.37854e-10 0.00365477 0.0341703
8.37956e-10 0.00384967 0.033499
8.38057e-10 0.0040557 0.0328212
8.38158e-10 0.00427341 0.0321374
8.38259e-10 0.00450334 0.0314482
8.38361e-10 0.00474605 0.0307539
8.38462e-10 0.00500213 0.0300551
8.38563e-10 0.00527218 0.0293523
8.38664e-10 0.00555682 0.028646
8.38766e-10 0.00585668 0.0279367
8.38867e-10 0.00617242 0.027225
8.38968e-10 0.00650472 0.0265115
8.3907e-10 0.00685424 0.0257966
8.39171e-10 0.00722171 0.0250809
8.39272e-10 0.00760784 0.0243652
8.39373e-10 0.00801336 0.0236498
8.39475e-10 0.00843903 0.0229356
8.39576e-10 0.00888561 0.0222229
8.39677e-10 0.00935389 0.0215126
8.39778e-10 0.00984466 0.0208051
8.3988e-10 0.0103587 0.0201012
