6.9e-10 0.00176565 0.0217858
6.90101e-10 0.00175576 0.021923
6.90203e-10 0.00174887 0.0220938
6.90304e-10 0.00174435 0.0222932
6.90405e-10 0.00174158 0.0225161
6.90506e-10 0.00173993 0.0227576
6.90608e-10 0.0017388 0.0230125
6.90709e-10 0.00173763 0.0232762
6.9081e-10 0.00173587 0.0235437
6.90911e-10 0.00173301 0.0238103
6.91013e-10 0.00172859 0.0240717
6.91114e-10 0.00172216 0.0243236
6.91215e-10 0.00171337 0.0245619
6.91317e-10 0.00170189 0.0247828
6.91418e-10 0.00168743 0.024983
6.91519e-10 0.00166978 0.0251592
6.9162e-10 0.00164878 0.0253086
6.91722e-10 0.0016243 0.0254287
6.91823e-10 0.0015963 0.0255174
6.91924e-10 0.00156477 0.0255727
6.92025e-10 0.00152976 0.0255933
6.92127e-10 0.00149134 0.0255779
6.92228e-10 0.00144968 0.025526
6.92329e-10 0.00140493 0.0254369
6.9243e-10 0.00135733 0.0253106
6.92532e-10 0.00130711 0.0251474
6.92633e-10 0.00125458 0.0249478
6.92734e-10 0.00120003 0.0247126
6.92836e-10 0.0011438 0.024443
6.92937e-10 0.00108623 0.0241402
6.93038e-10 0.00102768 0.0238059
6.93139e-10 0.000968518 0.023442
6.93241e-10 0.000909117 0.0230504
6.93342e-10 0.000849844 0.0226333
6.93443e-10 0.000791064 0.0221931
6.93544e-10 0.000733132 0.0217323
6.93646e-10 0.000676391 0.0212533
6.93747e-10 0.000621168 0.0207589
6.93848e-10 0.000567769 0.0202517
6.9395e-10 0.00051648 0.0197344
6.94051e-10 0.000467562 0.0192098
6.94152e-10 0.00042125 0.0186805
6.94253e-10 0.00037775 0.0181494
6.94355e-10 0.000337239 0.0176188
6.94456e-10 0.000299865 0.0170915
6.94557e-10 0.000265742 0.0165697
6.94658e-10 0.000234955 0.016056
6.9476e-10 0.000207558 0.0155524
6.94861e-10 0.000183572 0.0150611
6.94962e-10 0.000162989 0.014584
6.95064e-10 0.000145773 0.0141227
6.95165e-10 0.00013186 0.013679
6.95266e-10 0.000121158 0.0132543
6.95367e-10 0.000113553 0.0128497
6.95469e-10 0.000108905 0.0124664
6.9557e-10 0.000107056 0.0121052
6.95671e-10 0.00010783 0.0117668
6.95772e-10 0.000111033 0.0114517
6.95874e-10 0.000116458 0.0111603
6.95975e-10 0.000123888 0.0108926
6.96076e-10 0.000133096 0.0106486
6.96177e-10 0.000143848 0.0104282
6.96279e-10 0.000155909 0.010231
6.9638e-10 0.000169038 0.0100565
6.96481e-10 0.000183 0.00990393
6.96583e-10 0.000197558 0.00977265
6.96684e-10 0.000212484 0.00966169
6.96785e-10 0.000227555 0.00957006
6.96886e-10 0.000242557 0.00949663
6.96988e-10 0.000257286 0.0094402
6.97089e-10 0.000271553 0.00939949
6.9719e-10 0.000285178 0.00937317
6.97291e-10 0.000297999 0.00935985
6.97393e-10 0.000309866 0.00935809
6.97494e-10 0.00032065 0.00936646
6.97595e-10 0.000330234 0.00938347
6.97697e-10 0.000338521 0.00940768
6.97798e-10 0.00034543 0.0094376
6.97899e-10 0.000350899 0.00947182
6.98e-10 0.000354881 0.00950892
6.98102e-10 0.000357349 0.00954753
6.98203e-10 0.00035829 0.00958634
6.98304e-10 0.000357708 0.00962407
6.98405e-10 0.000355623 0.00965955
6.98507e-10 0.000352069 0.00969163
6.98608e-10 0.000347094 0.00971927
6.98709e-10 0.000340757 0.00974151
6.9881e-10 0.000333131 0.00975747
6.98912e-10 0.000324297 0.00976636
6.99013e-10 0.000314347 0.00976748
6.99114e-10 0.000303379 0.00976023
6.99216e-10 0.0002915 0.00974412
6.99317e-10 0.00027882 0.00971873
6.99418e-10 0.000265454 0.00968376
6.99519e-10 0.00025152 0.00963898
6.99621e-10 0.000237138 0.00958429
6.99722e-10 0.000222428 0.00951963
6.99823e-10 0.000207507 0.00944509
6.99924e-10 0.000192495 0.00936078
7.00026e-10 0.000177503 0.00926695
7.00127e-10 0.000162644 0.00916388
7.00228e-10 0.000148022 0.00905194
7.0033e-10 0.000133736 0.00893156
7.00431e-10 0.000119881 0.00880324
7.00532e-10 0.000106543 0.00866753
7.00633e-10 9.38012e-05 0.00852501
7.00735e-10 8.17258e-05 0.00837633
7.00836e-10 7.03798e-05 0.00822215
7.00937e-10 5.98172e-05 0.00806318
7.01038e-10 5.00833e-05 0.00790013
7.0114e-10 4.12144e-05 0.00773374
7.01241e-10 3.32379e-05 0.00756476
7.01342e-10 2.61725e-05 0.00739394
7.01444e-10 2.00282e-05 0.00722202
7.01545e-10 1.48068e-05 0.00704975
7.01646e-10 1.05017e-05 0.00687785
7.01747e-10 7.09872e-06 0.00670703
7.01849e-10 4.57632e-06 0.00653797
7.0195e-10 2.90616e-06 0.00637134
7.02051e-10 2.05355e-06 0.00620775
7.02152e-10 1.97803e-06 0.00604779
7.02254e-10 2.63396e-06 0.00589201
7.02355e-10 3.97115e-06 0.00574092
7.02456e-10 5.93544e-06 0.00559498
7.02557e-10 8.46939e-06 0.0054546
7.02659e-10 1.15129e-05 0.00532016
7.0276e-10 1.50039e-05 0.00519196
7.02861e-10 1.88788e-05 0.00507028
7.02963e-10 2.30735e-05 0.00495534
7.03064e-10 2.75235e-05 0.00484728
7.03165e-10 3.21651e-05 0.00474624
7.03266e-10 3.69353e-05 0.00465227
7.03368e-10 4.17727e-05 0.00456539
7.03469e-10 4.66181e-05 0.00448556
7.0357e-10 5.14145e-05 0.0044127
7.03671e-10 5.61082e-05 0.0043467
7.03773e-10 6.06483e-05 0.00428739
7.03874e-10 6.4988e-05 0.00423457
7.03975e-10 6.9084e-05 0.00418798
7.04077e-10 7.28973e-05 0.00414737
7.04178e-10 7.63934e-05 0.00411243
7.04279e-10 7.95418e-05 0.00408282
7.0438e-10 8.2317e-05 0.0040582
7.04482e-10 8.4698e-05 0.00403817
7.04583e-10 8.66683e-05 0.00402236
7.04684e-10 8.82162e-05 0.00401035
7.04785e-10 8.93343e-05 0.00400172
7.04887e-10 9.00199e-05 0.00399605
7.04988e-10 9.02742e-05 0.0039929
7.05089e-10 9.01029e-05 0.00399186
7.05191e-10 8.95153e-05 0.00399249
7.05292e-10 8.85244e-05 0.00399437
7.05393e-10 8.71467e-05 0.00399709
7.05494e-10 8.54017e-05 0.00400024
7.05596e-10 8.33117e-05 0.00400344
7.05697e-10 8.09016e-05 0.00400631
7.05798e-10 7.81984e-05 0.00400851
7.05899e-10 7.5231e-05 0.0040097
7.06001e-10 7.20298e-05 0.00400956
7.06102e-10 6.86262e-05 0.00400781
7.06203e-10 6.50528e-05 0.0040042
7.06304e-10 6.13424e-05 0.00399848
7.06406e-10 5.75282e-05 0.00399044
7.06507e-10 5.36432e-05 0.00397991
7.06608e-10 4.97199e-05 0.00396673
7.0671e-10 4.57903e-05 0.00395078
7.06811e-10 4.18854e-05 0.00393197
7.06912e-10 3.80347e-05 0.00391022
7.07013e-10 3.42668e-05 0.00388549
7.07115e-10 3.06081e-05 0.00385779
7.07216e-10 2.70836e-05 0.00382711
7.07317e-10 2.37161e-05 0.0037935
7.07418e-10 2.05262e-05 0.00375703
7.0752e-10 1.75326e-05 0.00371778
7.07621e-10 1.47512e-05 0.00367586
7.07722e-10 1.21959e-05 0.00363141
7.07824e-10 9.87801e-06 0.00358457
7.07925e-10 7.80631e-06 0.0035355
7.08026e-10 5.98724e-06 0.00348439
7.08127e-10 4.42477e-06 0.00343143
7.08229e-10 3.12049e-06 0.00337683
7.0833e-10 2.0737e-06 0.0033208
7.08431e-10 1.28144e-06 0.00326357
7.08532e-10 7.38645e-07 0.00320536
7.08634e-10 4.38227e-07 0.00314641
7.08735e-10 3.71222e-07 0.00308696
7.08836e-10 5.26929e-07 0.00302723
7.08938e-10 8.93063e-07 0.00296747
7.09039e-10 1.45592e-06 0.00290789
7.0914e-10 2.20053e-06 0.00284873
7.09241e-10 3.11087e-06 0.00279021
7.09343e-10 4.16999e-06 0.00273253
7.09444e-10 5.36024e-06 0.0026759
7.09545e-10 6.66343e-06 0.00262051
7.09646e-10 8.06099e-06 0.00256653
7.09748e-10 9.53419e-06 0.00251414
7.09849e-10 1.10643e-05 0.00246348
7.0995e-10 1.26327e-05 0.00241469
7.10051e-10 1.42211e-05 0.0023679
7.10153e-10 1.58117e-05 0.0023232
7.10254e-10 1.73873e-05 0.0022807
7.10355e-10 1.89314e-05 0.00224047
7.10457e-10 2.04285e-05 0.00220255
7.10558e-10 2.18639e-05 0.00216701
7.10659e-10 2.3224e-05 0.00213385
7.1076e-10 2.44964e-05 0.00210309
7.10862e-10 2.56701e-05 0.00207472
7.10963e-10 2.6735e-05 0.00204872
7.11064e-10 2.76826e-05 0.00202505
7.11165e-10 2.85058e-05 0.00200366
7.11267e-10 2.91988e-05 0.00198448
7.11368e-10 2.97571e-05 0.00196743
7.11469e-10 3.01777e-05 0.00195244
7.11571e-10 3.04591e-05 0.00193938
7.11672e-10 3.06008e-05 0.00192816
7.11773e-10 3.06039e-05 0.00191865
7.11874e-10 3.04707e-05 0.00191073
7.11976e-10 3.02046e-05 0.00190427
7.12077e-10 2.98102e-05 0.00189911
7.12178e-10 2.92932e-05 0.00189512
7.12279e-10 2.866e-05 0.00189216
7.12381e-10 2.79183e-05 0.00189006
7.12482e-10 2.70763e-05 0.00188869
7.12583e-10 2.61429e-05 0.00188788
7.12684e-10 2.51278e-05 0.0018875
7.12786e-10 2.40409e-05 0.00188739
7.12887e-10 2.28927e-05 0.00188741
7.12988e-10 2.1694e-05 0.00188742
7.1309e-10 2.04555e-05 0.00188728
7.13191e-10 1.91883e-05 0.00188687
7.13292e-10 1.79034e-05 0.00188607
7.13393e-10 1.66115e-05 0.00188475
7.13495e-10 1.53233e-05 0.00188282
7.13596e-10 1.40492e-05 0.00188017
7.13697e-10 1.27989e-05 0.00187671
7.13798e-10 1.15821e-05 0.00187237
7.139e-10 1.04078e-05 0.00186708
7.14001e-10 9.28417e-06 0.00186077
7.14102e-10 8.21906e-06 0.0018534
7.14204e-10 7.21946e-06 0.00184493
7.14305e-10 6.29164e-06 0.00183532
7.14406e-10 5.44112e-06 0.00182457
7.14507e-10 4.67257e-06 0.00181266
7.14609e-10 3.98988e-06 0.00179959
7.1471e-10 3.39608e-06 0.00178539
7.14811e-10 2.89338e-06 0.00177006
7.14912e-10 2.48312e-06 0.00175363
7.15014e-10 2.16584e-06 0.00173616
7.15115e-10 1.94126e-06 0.00171768
7.15216e-10 1.80832e-06 0.00169825
7.15318e-10 1.7652e-06 0.00167793
7.15419e-10 1.80934e-06 0.00165679
7.1552e-10 1.93752e-06 0.0016349
7.15621e-10 2.14588e-06 0.00161235
7.15723e-10 2.42995e-06 0.00158922
7.15824e-10 2.78476e-06 0.00156558
7.15925e-10 3.20484e-06 0.00154155
7.16026e-10 3.68429e-06 0.00151719
7.16128e-10 4.21688e-06 0.00149262
7.16229e-10 4.79605e-06 0.00146793
7.1633e-10 5.41505e-06 0.0014432
7.16431e-10 6.06691e-06 0.00141853
7.16533e-10 6.74459e-06 0.00139403
7.16634e-10 7.441e-06 0.00136977
7.16735e-10 8.14905e-06 0.00134584
7.16837e-10 8.86175e-06 0.00132234
7.16938e-10 9.57223e-06 0.00129934
7.17039e-10 1.02738e-05 0.00127691
7.1714e-10 1.09601e-05 0.00125514
7.17242e-10 1.16249e-05 0.00123408
7.17343e-10 1.22624e-05 0.00121381
7.17444e-10 1.28673e-05 0.00119437
7.17545e-10 1.34345e-05 0.00117581
7.17647e-10 1.39594e-05 0.00115818
7.17748e-10 1.44379e-05 0.00114151
7.17849e-10 1.48665e-05 0.00112584
7.17951e-10 1.52421e-05 0.00111118
7.18052e-10 1.55622e-05 0.00109755
7.18153e-10 1.58247e-05 0.00108495
7.18254e-10 1.60282e-05 0.0010734
7.18356e-10 1.61718e-05 0.00106289
7.18457e-10 1.62552e-05 0.00105339
7.18558e-10 1.62784e-05 0.00104491
7.18659e-10 1.62422e-05 0.0010374
7.18761e-10 1.61477e-05 0.00103085
7.18862e-10 1.59967e-05 0.00102521
7.18963e-10 1.57911e-05 0.00102045
7.19065e-10 1.55337e-05 0.00101651
7.19166e-10 1.52272e-05 0.00101335
7.19267e-10 1.48751e-05 0.00101092
7.19368e-10 1.44808e-05 0.00100915
7.1947e-10 1.40485e-05 0.00100798
7.19571e-10 1.35821e-05 0.00100736
7.19672e-10 1.30861e-05 0.00100721
7.19773e-10 1.2565e-05 0.00100747
7.19875e-10 1.20236e-05 0.00100807
7.19976e-10 1.14665e-05 0.00100894
7.20077e-10 1.08986e-05 0.00101
7.20178e-10 1.03247e-05 0.0010112
7.2028e-10 9.74948e-06 0.00101246
7.20381e-10 9.17773e-06 0.00101371
7.20482e-10 8.614e-06 0.00101489
7.20584e-10 8.06273e-06 0.00101594
7.20685e-10 7.52816e-06 0.0010168
7.20786e-10 7.01432e-06 0.0010174
7.20887e-10 6.52502e-06 0.00101769
7.20989e-10 6.06376e-06 0.00101763
7.2109e-10 5.63377e-06 0.00101716
7.21191e-10 5.23798e-06 0.00101624
7.21292e-10 4.87894e-06 0.00101483
7.21394e-10 4.55891e-06 0.00101291
7.21495e-10 4.27974e-06 0.00101043
7.21596e-10 4.04294e-06 0.00100737
7.21698e-10 3.84965e-06 0.00100373
7.21799e-10 3.7006e-06 0.000999468
7.219e-10 3.5962e-06 0.000994591
7.22001e-10 3.53643e-06 0.000989092
7.22103e-10 3.52096e-06 0.000982969
7.22204e-10 3.54907e-06 0.000976229
7.22305e-10 3.6197e-06 0.000968882
7.22406e-10 3.73148e-06 0.000960942
7.22508e-10 3.88272e-06 0.000952429
7.22609e-10 4.07144e-06 0.000943365
7.2271e-10 4.29538e-06 0.000933779
7.22812e-10 4.55206e-06 0.000923702
7.22913e-10 4.83876e-06 0.000913168
7.23014e-10 5.15256e-06 0.000902214
7.23115e-10 5.49037e-06 0.000890883
7.23217e-10 5.84899e-06 0.000879216
7.23318e-10 6.22506e-06 0.00086726
7.23419e-10 6.61517e-06 0.000855062
7.2352e-10 7.01585e-06 0.000842671
7.23622e-10 7.4236e-06 0.000830136
7.23723e-10 7.83492e-06 0.000817508
7.23824e-10 8.24635e-06 0.000804839
7.23925e-10 8.65447e-06 0.000792179
7.24027e-10 9.05597e-06 0.00077958
7.24128e-10 9.44763e-06 0.000767092
7.24229e-10 9.82638e-06 0.000754763
7.24331e-10 1.01893e-05 0.000742643
7.24432e-10 1.05336e-05 0.000730777
7.24533e-10 1.08568e-05 0.000719209
7.24634e-10 1.11565e-05 0.000707982
7.24736e-10 1.14306e-05 0.000697135
7.24837e-10 1.16772e-05 0.000686705
7.24938e-10 1.18948e-05 0.000676726
7.25039e-10 1.20819e-05 0.000667228
7.25141e-10 1.22376e-05 0.00065824
7.25242e-10 1.23608e-05 0.000649784
7.25343e-10 1.24512e-05 0.000641882
7.25445e-10 1.25084e-05 0.000634549
7.25546e-10 1.25325e-05 0.0006278
7.25647e-10 1.25236e-05 0.000621642
7.25748e-10 1.24824e-05 0.000616081
7.2585e-10 1.24096e-05 0.000611119
7.25951e-10 1.23062e-05 0.000606752
7.26052e-10 1.21734e-05 0.000602975
7.26153e-10 1.20128e-05 0.000599778
7.26255e-10 1.1826e-05 0.000597147
7.26356e-10 1.16148e-05 0.000595066
7.26457e-10 1.13814e-05 0.000593515
7.26559e-10 1.11277e-05 0.00059247
7.2666e-10 1.08562e-05 0.000591905
7.26761e-10 1.05693e-05 0.000591791
7.26862e-10 1.02694e-05 0.000592097
7.26964e-10 9.95914e-06 0.00059279
7.27065e-10 9.64111e-06 0.000593833
7.27166e-10 9.31795e-06 0.00059519
7.27267e-10 8.9923e-06 0.000596821
7.27369e-10 8.66681e-06 0.000598686
7.2747e-10 8.34406e-06 0.000600745
7.27571e-10 8.02659e-06 0.000602955
7.27672e-10 7.71687e-06 0.000605275
7.27774e-10 7.41725e-06 0.000607662
7.27875e-10 7.13002e-06 0.000610075
7.27976e-10 6.85729e-06 0.000612472
7.28078e-10 6.60105e-06 0.000614812
7.28179e-10 6.36316e-06 0.000617056
7.2828e-10 6.14528e-06 0.000619164
7.28381e-10 5.9489e-06 0.000621101
7.28483e-10 5.77533e-06 0.000622831
7.28584e-10 5.62568e-06 0.000624319
7.28685e-10 5.50088e-06 0.000625536
7.28786e-10 5.40163e-06 0.000626452
7.28888e-10 5.32843e-06 0.000627041
7.28989e-10 5.28158e-06 0.000627279
7.2909e-10 5.26117e-06 0.000627145
7.29192e-10 5.26708e-06 0.00062662
7.29293e-10 5.29899e-06 0.00062569
7.29394e-10 5.35638e-06 0.000624342
7.29495e-10 5.43855e-06 0.000622568
7.29597e-10 5.54462e-06 0.000620361
7.29698e-10 5.67352e-06 0.000617718
7.29799e-10 5.82403e-06 0.000614639
7.299e-10 5.99477e-06 0.000611129
7.30002e-10 6.18424e-06 0.000607193
7.30103e-10 6.39079e-06 0.000602841
7.30204e-10 6.61269e-06 0.000598084
7.30305e-10 6.84808e-06 0.000592938
7.30407e-10 7.09504e-06 0.00058742
7.30508e-10 7.35158e-06 0.00058155
7.30609e-10 7.61566e-06 0.000575351
7.30711e-10 7.88521e-06 0.000568848
7.30812e-10 8.15814e-06 0.000562066
7.30913e-10 8.43236e-06 0.000555034
7.31014e-10 8.7058e-06 0.000547781
7.31116e-10 8.97641e-06 0.000540341
7.31217e-10 9.24219e-06 0.000532744
7.31318e-10 9.5012e-06 0.000525024
7.31419e-10 9.75159e-06 0.000517216
7.31521e-10 9.99158e-06 0.000509354
7.31622e-10 1.02195e-05 0.000501472
7.31723e-10 1.04338e-05 0.000493607
7.31825e-10 1.06329e-05 0.000485792
7.31926e-10 1.08157e-05 0.000478062
7.32027e-10 1.09809e-05 0.000470451
7.32128e-10 1.11276e-05 0.000462991
7.3223e-10 1.12547e-05 0.000455715
7.32331e-10 1.13617e-05 0.000448652
7.32432e-10 1.1448e-05 0.000441832
7.32533e-10 1.15131e-05 0.000435281
7.32635e-10 1.15569e-05 0.000429027
7.32736e-10 1.15793e-05 0.000423092
7.32837e-10 1.15804e-05 0.000417498
7.32939e-10 1.15605e-05 0.000412264
7.3304e-10 1.15199e-05 0.000407407
7.33141e-10 1.14593e-05 0.000402943
7.33242e-10 1.13793e-05 0.000398882
7.33344e-10 1.12809e-05 0.000395236
7.33445e-10 1.1165e-05 0.00039201
7.33546e-10 1.10327e-05 0.000389209
7.33647e-10 1.08852e-05 0.000386835
7.33749e-10 1.07239e-05 0.000384887
7.3385e-10 1.05501e-05 0.000383361
7.33951e-10 1.03654e-05 0.000382251
7.34052e-10 1.01713e-05 0.00038155
7.34154e-10 9.96946e-06 0.000381245
7.34255e-10 9.76147e-06 0.000381323
7.34356e-10 9.54905e-06 0.00038177
7.34458e-10 9.33389e-06 0.000382566
7.34559e-10 9.11771e-06 0.000383692
7.3466e-10 8.9022e-06 0.000385127
7.34761e-10 8.68904e-06 0.000386848
7.34863e-10 8.47987e-06 0.000388828
7.34964e-10 8.27628e-06 0.000391042
7.35065e-10 8.07983e-06 0.000393463
7.35166e-10 7.89197e-06 0.000396061
7.35268e-10 7.71411e-06 0.000398807
7.35369e-10 7.54755e-06 0.000401672
7.3547e-10 7.39351e-06 0.000404623
7.35572e-10 7.2531e-06 0.000407631
7.35673e-10 7.12731e-06 0.000410665
7.35774e-10 7.01702e-06 0.000413693
7.35875e-10 6.92299e-06 0.000416685
7.35977e-10 6.84585e-06 0.000419611
7.36078e-10 6.78609e-06 0.000422441
7.36179e-10 6.74409e-06 0.000425148
7.3628e-10 6.72008e-06 0.000427702
7.36382e-10 6.71416e-06 0.000430079
7.36483e-10 6.72628e-06 0.000432253
7.36584e-10 6.75628e-06 0.0004342
7.36686e-10 6.80386e-06 0.000435899
7.36787e-10 6.8686e-06 0.00043733
7.36888e-10 6.94994e-06 0.000438475
7.36989e-10 7.04722e-06 0.000439317
7.37091e-10 7.15967e-06 0.000439842
7.37192e-10 7.2864e-06 0.000440039
7.37293e-10 7.42643e-06 0.000439897
7.37394e-10 7.5787e-06 0.000439409
7.37496e-10 7.74205e-06 0.00043857
7.37597e-10 7.91528e-06 0.000437377
7.37698e-10 8.09709e-06 0.000435829
7.37799e-10 8.28616e-06 0.000433928
7.37901e-10 8.4811e-06 0.000431679
7.38002e-10 8.68052e-06 0.000429086
7.38103e-10 8.88298e-06 0.00042616
7.38205e-10 9.08705e-06 0.00042291
7.38306e-10 9.29129e-06 0.000419349
7.38407e-10 9.49427e-06 0.000415491
7.38508e-10 9.69458e-06 0.000411354
7.3861e-10 9.89086e-06 0.000406955
7.38711e-10 1.00818e-05 0.000402314
7.38812e-10 1.0266e-05 0.000397453
7.38913e-10 1.04424e-05 0.000392393
7.39015e-10 1.06097e-05 0.00038716
7.39116e-10 1.07669e-05 0.000381778
7.39217e-10 1.09129e-05 0.000376272
7.39319e-10 1.10469e-05 0.00037067
7.3942e-10 1.11681e-05 0.000364999
7.39521e-10 1.12757e-05 0.000359286
7.39622e-10 1.13691e-05 0.000353558
7.39724e-10 1.14478e-05 0.000347845
7.39825e-10 1.15114e-05 0.000342172
7.39926e-10 1.15596e-05 0.000336569
7.40027e-10 1.15923e-05 0.000331061
7.40129e-10 1.16094e-05 0.000325676
7.4023e-10 1.16109e-05 0.000320437
7.40331e-10 1.15971e-05 0.000315372
7.40433e-10 1.15682e-05 0.000310501
7.40534e-10 1.15245e-05 0.000305849
7.40635e-10 1.14667e-05 0.000301436
7.40736e-10 1.13953e-05 0.000297281
7.40838e-10 1.13109e-05 0.000293402
7.40939e-10 1.12144e-05 0.000289816
7.4104e-10 1.11066e-05 0.000286536
7.41141e-10 1.09884e-05 0.000283576
7.41243e-10 1.08608e-05 0.000280945
7.41344e-10 1.0725e-05 0.000278653
7.41445e-10 1.05819e-05 0.000276706
7.41546e-10 1.04328e-05 0.000275109
7.41648e-10 1.02789e-05 0.000273863
7.41749e-10 1.01214e-05 0.00027297
7.4185e-10 9.96154e-06 0.000272426
7.41952e-10 9.80055e-06 0.00027223
7.42053e-10 9.6397e-06 0.000272373
7.42154e-10 9.48023e-06 0.00027285
7.42255e-10 9.32336e-06 0.000273649
7.42357e-10 9.17029e-06 0.000274759
7.42458e-10 9.0222e-06 0.000276166
7.42559e-10 8.88019e-06 0.000277856
7.4266e-10 8.74535e-06 0.000279811
7.42762e-10 8.61869e-06 0.000282012
7.42863e-10 8.50116e-06 0.000284441
7.42964e-10 8.39364e-06 0.000287076
7.43066e-10 8.29693e-06 0.000289895
7.43167e-10 8.21177e-06 0.000292875
7.43268e-10 8.13877e-06 0.000295991
7.43369e-10 8.0785e-06 0.00029922
7.43471e-10 8.03141e-06 0.000302535
7.43572e-10 7.99784e-06 0.00030591
7.43673e-10 7.97806e-06 0.000309321
7.43774e-10 7.97224e-06 0.000312741
7.43876e-10 7.98043e-06 0.000316144
7.43977e-10 8.00259e-06 0.000319503
7.44078e-10 8.03859e-06 0.000322795
7.44179e-10 8.08819e-06 0.000325994
7.44281e-10 8.15106e-06 0.000329075
7.44382e-10 8.22678e-06 0.000332015
7.44483e-10 8.31484e-06 0.000334792
7.44585e-10 8.41465e-06 0.000337385
7.44686e-10 8.52553e-06 0.000339773
7.44787e-10 8.64674e-06 0.000341937
7.44888e-10 8.77745e-06 0.000343861
7.4499e-10 8.9168e-06 0.000345528
7.45091e-10 9.06384e-06 0.000346924
7.45192e-10 9.21759e-06 0.000348036
7.45293e-10 9.37702e-06 0.000348854
7.45395e-10 9.54107e-06 0.000349368
7.45496e-10 9.70865e-06 0.000349572
7.45597e-10 9.87866e-06 0.000349461
7.45699e-10 1.005e-05 0.000349031
7.458e-10 1.02215e-05 0.000348281
7.45901e-10 1.0392e-05 0.000347212
7.46002e-10 1.05605e-05 0.000345827
7.46104e-10 1.07259e-05 0.000344129
7.46205e-10 1.08871e-05 0.000342126
7.46306e-10 1.10431e-05 0.000339826
7.46407e-10 1.11929e-05 0.000337239
7.46509e-10 1.13356e-05 0.000334376
7.4661e-10 1.14703e-05 0.000331252
7.46711e-10 1.15961e-05 0.000327882
7.46813e-10 1.17124e-05 0.000324282
7.46914e-10 1.18184e-05 0.000320469
7.47015e-10 1.19135e-05 0.000316464
7.47116e-10 1.19972e-05 0.000312287
7.47218e-10 1.20691e-05 0.000307959
7.47319e-10 1.21288e-05 0.000303502
7.4742e-10 1.2176e-05 0.00029894
7.47521e-10 1.22106e-05 0.000294296
7.47623e-10 1.22324e-05 0.000289595
7.47724e-10 1.22414e-05 0.000284861
7.47825e-10 1.22377e-05 0.000280119
7.47926e-10 1.22216e-05 0.000275393
7.48028e-10 1.21932e-05 0.000270709
7.48129e-10 1.21529e-05 0.000266091
7.4823e-10 1.21011e-05 0.000261563
7.48332e-10 1.20383e-05 0.000257148
7.48433e-10 1.19652e-05 0.00025287
7.48534e-10 1.18823e-05 0.000248751
7.48635e-10 1.17904e-05 0.000244812
7.48737e-10 1.16903e-05 0.000241072
7.48838e-10 1.15827e-05 0.000237552
7.48939e-10 1.14687e-05 0.000234268
7.4904e-10 1.1349e-05 0.000231238
7.49142e-10 1.12246e-05 0.000228475
7.49243e-10 1.10967e-05 0.000225994
7.49344e-10 1.09661e-05 0.000223806
7.49446e-10 1.08338e-05 0.000221921
7.49547e-10 1.07011e-05 0.000220347
7.49648e-10 1.05687e-05 0.00021909
7.49749e-10 1.04379e-05 0.000218156
7.49851e-10 1.03096e-05 0.000217547
7.49952e-10 1.01848e-05 0.000217264
7.50053e-10 1.00646e-05 0.000217306
7.50154e-10 9.9497e-06 0.000217669
7.50256e-10 9.84118e-06 0.00021835
7.50357e-10 9.73985e-06 0.000219342
7.50458e-10 9.6465e-06 0.000220636
7.5056e-10 9.56189e-06 0.000222222
7.50661e-10 9.48671e-06 0.000224089
7.50762e-10 9.42156e-06 0.000226224
7.50863e-10 9.367e-06 0.00022861
7.50965e-10 9.32351e-06 0.000231233
7.51066e-10 9.29147e-06 0.000234075
7.51167e-10 9.27121e-06 0.000237115
7.51268e-10 9.26296e-06 0.000240336
7.5137e-10 9.26689e-06 0.000243715
7.51471e-10 9.28305e-06 0.000247231
7.51572e-10 9.31144e-06 0.000250861
7.51673e-10 9.35197e-06 0.000254581
7.51775e-10 9.40444e-06 0.000258369
7.51876e-10 9.46861e-06 0.000262199
7.51977e-10 9.54414e-06 0.000266049
7.52079e-10 9.63061e-06 0.000269892
7.5218e-10 9.72752e-06 0.000273705
7.52281e-10 9.83433e-06 0.000277463
7.52382e-10 9.95041e-06 0.000281143
7.52484e-10 1.00751e-05 0.000284722
7.52585e-10 1.02076e-05 0.000288176
7.52686e-10 1.03471e-05 0.000291485
7.52787e-10 1.04929e-05 0.000294625
7.52889e-10 1.06439e-05 0.000297579
7.5299e-10 1.07994e-05 0.000300326
7.53091e-10 1.09583e-05 0.000302849
7.53193e-10 1.11198e-05 0.000305131
7.53294e-10 1.12827e-05 0.000307158
7.53395e-10 1.14462e-05 0.000308916
7.53496e-10 1.16092e-05 0.000310392
7.53598e-10 1.17708e-05 0.000311577
7.53699e-10 1.19299e-05 0.000312463
7.538e-10 1.20857e-05 0.000313041
7.53901e-10 1.22372e-05 0.000313307
7.54003e-10 1.23835e-05 0.000313258
7.54104e-10 1.25237e-05 0.000312893
7.54205e-10 1.2657e-05 0.000312211
7.54307e-10 1.27827e-05 0.000311216
7.54408e-10 1.29e-05 0.000309911
7.54509e-10 1.30083e-05 0.000308303
7.5461e-10 1.3107e-05 0.000306398
7.54712e-10 1.31955e-05 0.000304208
7.54813e-10 1.32735e-05 0.000301741
7.54914e-10 1.33404e-05 0.000299012
7.55015e-10 1.3396e-05 0.000296035
7.55117e-10 1.34401e-05 0.000292826
7.55218e-10 1.34725e-05 0.000289401
7.55319e-10 1.34931e-05 0.000285779
7.5542e-10 1.3502e-05 0.000281979
7.55522e-10 1.34992e-05 0.000278023
7.55623e-10 1.34849e-05 0.000273932
7.55724e-10 1.34594e-05 0.000269727
7.55826e-10 1.34228e-05 0.000265434
7.55927e-10 1.33758e-05 0.000261074
7.56028e-10 1.33187e-05 0.000256672
7.56129e-10 1.3252e-05 0.000252253
7.56231e-10 1.31764e-05 0.000247841
7.56332e-10 1.30925e-05 0.00024346
7.56433e-10 1.3001e-05 0.000239136
7.56534e-10 1.29028e-05 0.000234891
7.56636e-10 1.27985e-05 0.000230751
7.56737e-10 1.26892e-05 0.000226737
7.56838e-10 1.25756e-05 0.000222874
7.5694e-10 1.24588e-05 0.000219181
7.57041e-10 1.23395e-05 0.000215681
7.57142e-10 1.22189e-05 0.000212394
7.57243e-10 1.20978e-05 0.000209336
7.57345e-10 1.19773e-05 0.000206527
7.57446e-10 1.18583e-05 0.000203983
7.57547e-10 1.17418e-05 0.000201716
7.57648e-10 1.16287e-05 0.000199742
7.5775e-10 1.152e-05 0.000198071
7.57851e-10 1.14165e-05 0.000196713
7.57952e-10 1.13191e-05 0.000195675
7.58053e-10 1.12287e-05 0.000194965
7.58155e-10 1.1146e-05 0.000194587
7.58256e-10 1.10717e-05 0.000194542
7.58357e-10 1.10066e-05 0.000194833
7.58459e-10 1.09512e-05 0.000195457
7.5856e-10 1.09061e-05 0.000196412
7.58661e-10 1.08717e-05 0.000197693
7.58762e-10 1.08485e-05 0.000199293
7.58864e-10 1.08368e-05 0.000201204
7.58965e-10 1.08369e-05 0.000203415
7.59066e-10 1.0849e-05 0.000205914
7.59167e-10 1.08731e-05 0.000208688
7.59269e-10 1.09093e-05 0.000211723
7.5937e-10 1.09575e-05 0.000215
7.59471e-10 1.10176e-05 0.000218502
7.59573e-10 1.10895e-05 0.000222211
7.59674e-10 1.11727e-05 0.000226104
7.59775e-10 1.12669e-05 0.000230162
7.59876e-10 1.13718e-05 0.000234362
7.59978e-10 1.14867e-05 0.00023868
7.60079e-10 1.16112e-05 0.000243092
7.6018e-10 1.17445e-05 0.000247574
7.60281e-10 1.1886e-05 0.000252101
7.60383e-10 1.2035e-05 0.000256648
7.60484e-10 1.21906e-05 0.000261189
7.60585e-10 1.23519e-05 0.000265699
7.60687e-10 1.25182e-05 0.000270153
7.60788e-10 1.26884e-05 0.000274526
7.60889e-10 1.28617e-05 0.000278793
7.6099e-10 1.30371e-05 0.00028293
7.61092e-10 1.32136e-05 0.000286914
7.61193e-10 1.33902e-05 0.000290723
7.61294e-10 1.35659e-05 0.000294335
7.61395e-10 1.37397e-05 0.000297729
7.61497e-10 1.39107e-05 0.000300887
7.61598e-10 1.4078e-05 0.00030379
7.61699e-10 1.42405e-05 0.000306421
7.618e-10 1.43974e-05 0.000308767
7.61902e-10 1.45478e-05 0.000310813
7.62003e-10 1.4691e-05 0.000312547
7.62104e-10 1.4826e-05 0.00031396
7.62206e-10 1.49523e-05 0.000315043
7.62307e-10 1.50691e-05 0.000315789
7.62408e-10 1.51759e-05 0.000316195
7.62509e-10 1.5272e-05 0.000316257
7.62611e-10 1.53571e-05 0.000315974
7.62712e-10 1.54307e-05 0.000315349
7.62813e-10 1.54926e-05 0.000314384
7.62914e-10 1.55425e-05 0.000313084
7.63016e-10 1.55801e-05 0.000311456
7.63117e-10 1.56056e-05 0.000309509
7.63218e-10 1.56187e-05 0.000307253
7.6332e-10 1.56198e-05 0.000304702
7.63421e-10 1.56088e-05 0.00030187
7.63522e-10 1.5586e-05 0.000298771
7.63623e-10 1.55518e-05 0.000295424
7.63725e-10 1.55066e-05 0.000291848
7.63826e-10 1.54508e-05 0.000288061
7.63927e-10 1.5385e-05 0.000284087
7.64028e-10 1.53098e-05 0.000279948
7.6413e-10 1.52259e-05 0.000275666
7.64231e-10 1.5134e-05 0.000271267
7.64332e-10 1.50349e-05 0.000266777
7.64434e-10 1.49295e-05 0.000262219
7.64535e-10 1.48186e-05 0.000257622
7.64636e-10 1.47033e-05 0.000253012
7.64737e-10 1.45844e-05 0.000248415
7.64839e-10 1.44629e-05 0.000243859
7.6494e-10 1.43399e-05 0.000239371
7.65041e-10 1.42164e-05 0.000234976
7.65142e-10 1.40934e-05 0.000230702
7.65244e-10 1.3972e-05 0.000226573
7.65345e-10 1.38531e-05 0.000222615
7.65446e-10 1.37379e-05 0.000218853
7.65547e-10 1.36273e-05 0.000215308
7.65649e-10 1.35223e-05 0.000212003
7.6575e-10 1.34238e-05 0.00020896
7.65851e-10 1.33328e-05 0.000206197
7.65953e-10 1.32501e-05 0.000203733
7.66054e-10 1.31764e-05 0.000201584
7.66155e-10 1.31127e-05 0.000199765
7.66256e-10 1.30595e-05 0.000198289
7.66358e-10 1.30175e-05 0.000197168
7.66459e-10 1.29873e-05 0.000196412
7.6656e-10 1.29694e-05 0.000196026
7.66661e-10 1.29641e-05 0.000196019
7.66763e-10 1.29718e-05 0.000196391
7.66864e-10 1.29927e-05 0.000197146
7.66965e-10 1.30271e-05 0.000198283
7.67067e-10 1.3075e-05 0.000199799
7.67168e-10 1.31365e-05 0.000201689
7.67269e-10 1.32113e-05 0.000203946
7.6737e-10 1.32993e-05 0.000206563
7.67472e-10 1.34004e-05 0.000209527
7.67573e-10 1.35141e-05 0.000212826
7.67674e-10 1.364e-05 0.000216446
7.67775e-10 1.37776e-05 0.000220371
7.67877e-10 1.39263e-05 0.000224582
7.67978e-10 1.40855e-05 0.000229059
7.68079e-10 1.42545e-05 0.000233782
7.68181e-10 1.44324e-05 0.000238728
7.68282e-10 1.46184e-05 0.000243873
7.68383e-10 1.48115e-05 0.000249191
7.68484e-10 1.5011e-05 0.000254657
7.68586e-10 1.52157e-05 0.000260244
7.68687e-10 1.54245e-05 0.000265924
7.68788e-10 1.56366e-05 0.000271669
7.68889e-10 1.58506e-05 0.000277449
7.68991e-10 1.60657e-05 0.000283236
7.69092e-10 1.62805e-05 0.000289
7.69193e-10 1.64941e-05 0.000294713
7.69294e-10 1.67052e-05 0.000300344
7.69396e-10 1.69128e-05 0.000305866
7.69497e-10 1.71158e-05 0.000311249
7.69598e-10 1.73132e-05 0.000316467
7.697e-10 1.75038e-05 0.000321492
7.69801e-10 1.76868e-05 0.000326298
7.69902e-10 1.78611e-05 0.000330862
7.70003e-10 1.80259e-05 0.000335158
7.70105e-10 1.81804e-05 0.000339165
7.70206e-10 1.83237e-05 0.000342863
7.70307e-10 1.84552e-05 0.000346231
7.70408e-10 1.85742e-05 0.000349253
7.7051e-10 1.86802e-05 0.000351914
7.70611e-10 1.87727e-05 0.000354198
7.70712e-10 1.88514e-05 0.000356095
7.70814e-10 1.89158e-05 0.000357595
7.70915e-10 1.8966e-05 0.000358691
7.71016e-10 1.90016e-05 0.000359377
7.71117e-10 1.90228e-05 0.00035965
7.71219e-10 1.90295e-05 0.00035951
7.7132e-10 1.9022e-05 0.000358957
7.71421e-10 1.90005e-05 0.000357996
7.71522e-10 1.89653e-05 0.000356633
7.71624e-10 1.8917e-05 0.000354875
7.71725e-10 1.8856e-05 0.000352733
7.71826e-10 1.8783e-05 0.00035022
7.71928e-10 1.86986e-05 0.000347351
7.72029e-10 1.86038e-05 0.000344142
7.7213e-10 1.84992e-05 0.000340612
7.72231e-10 1.83859e-05 0.000336782
7.72333e-10 1.82648e-05 0.000332673
7.72434e-10 1.81369e-05 0.00032831
7.72535e-10 1.80035e-05 0.000323719
7.72636e-10 1.78655e-05 0.000318926
7.72738e-10 1.77243e-05 0.00031396
7.72839e-10 1.75809e-05 0.000308851
7.7294e-10 1.74367e-05 0.000303627
7.73041e-10 1.72929e-05 0.000298322
7.73143e-10 1.71507e-05 0.000292965
7.73244e-10 1.70114e-05 0.000287591
7.73345e-10 1.68762e-05 0.000282232
7.73447e-10 1.67465e-05 0.00027692
7.73548e-10 1.66232e-05 0.000271688
7.73649e-10 1.65078e-05 0.000266569
7.7375e-10 1.64012e-05 0.000261595
7.73852e-10 1.63047e-05 0.000256798
7.73953e-10 1.62191e-05 0.000252208
7.74054e-10 1.61456e-05 0.000247857
7.74155e-10 1.60849e-05 0.000243773
7.74257e-10 1.6038e-05 0.000239983
7.74358e-10 1.60055e-05 0.000236515
7.74459e-10 1.59882e-05 0.000233393
7.74561e-10 1.59867e-05 0.00023064
7.74662e-10 1.60014e-05 0.000228278
7.74763e-10 1.60327e-05 0.000226327
7.74864e-10 1.60809e-05 0.000224804
7.74966e-10 1.61462e-05 0.000223725
7.75067e-10 1.62287e-05 0.000223102
7.75168e-10 1.63283e-05 0.000222947
7.75269e-10 1.6445e-05 0.000223267
7.75371e-10 1.65784e-05 0.00022407
7.75472e-10 1.67283e-05 0.000225358
7.75573e-10 1.68942e-05 0.000227133
7.75674e-10 1.70755e-05 0.000229392
7.75776e-10 1.72716e-05 0.000232132
7.75877e-10 1.74818e-05 0.000235347
7.75978e-10 1.77051e-05 0.000239026
7.7608e-10 1.79408e-05 0.000243158
7.76181e-10 1.81877e-05 0.000247729
7.76282e-10 1.84448e-05 0.000252722
7.76383e-10 1.87109e-05 0.000258119
7.76485e-10 1.89849e-05 0.000263898
7.76586e-10 1.92653e-05 0.000270036
7.76687e-10 1.9551e-05 0.000276507
7.76788e-10 1.98405e-05 0.000283285
7.7689e-10 2.01325e-05 0.000290341
7.76991e-10 2.04254e-05 0.000297643
7.77092e-10 2.07179e-05 0.00030516
7.77194e-10 2.10086e-05 0.000312858
7.77295e-10 2.12959e-05 0.000320703
7.77396e-10 2.15784e-05 0.000328658
7.77497e-10 2.18547e-05 0.000336688
7.77599e-10 2.21235e-05 0.000344756
7.777e-10 2.23833e-05 0.000352824
7.77801e-10 2.26329e-05 0.000360855
7.77902e-10 2.2871e-05 0.00036881
7.78004e-10 2.30965e-05 0.000376652
7.78105e-10 2.33082e-05 0.000384345
7.78206e-10 2.35051e-05 0.000391851
7.78308e-10 2.36862e-05 0.000399135
7.78409e-10 2.38507e-05 0.000406162
7.7851e-10 2.39978e-05 0.000412897
7.78611e-10 2.41269e-05 0.00041931
7.78713e-10 2.42375e-05 0.000425368
7.78814e-10 2.4329e-05 0.000431043
7.78915e-10 2.44012e-05 0.000436308
7.79016e-10 2.44539e-05 0.000441136
7.79118e-10 2.4487e-05 0.000445506
7.79219e-10 2.45006e-05 0.000449395
7.7932e-10 2.44949e-05 0.000452787
7.79421e-10 2.447e-05 0.000455664
7.79523e-10 2.44266e-05 0.000458013
7.79624e-10 2.43651e-05 0.000459825
7.79725e-10 2.42862e-05 0.000461091
7.79827e-10 2.41907e-05 0.000461807
7.79928e-10 2.40794e-05 0.00046197
7.80029e-10 2.39535e-05 0.000461582
7.8013e-10 2.38139e-05 0.000460648
7.80232e-10 2.3662e-05 0.000459172
7.80333e-10 2.34989e-05 0.000457167
7.80434e-10 2.33262e-05 0.000454644
7.80535e-10 2.31452e-05 0.00045162
7.80637e-10 2.29576e-05 0.000448113
7.80738e-10 2.27647e-05 0.000444144
7.80839e-10 2.25684e-05 0.000439737
7.80941e-10 2.23703e-05 0.00043492
7.81042e-10 2.21721e-05 0.00042972
7.81143e-10 2.19756e-05 0.00042417
7.81244e-10 2.17824e-05 0.000418303
7.81346e-10 2.15943e-05 0.000412154
7.81447e-10 2.14131e-05 0.000405761
7.81548e-10 2.12403e-05 0.000399162
7.81649e-10 2.10778e-05 0.000392398
7.81751e-10 2.09272e-05 0.000385511
7.81852e-10 2.07899e-05 0.000378544
7.81953e-10 2.06676e-05 0.000371539
7.82055e-10 2.05617e-05 0.000364542
7.82156e-10 2.04734e-05 0.000357598
7.82257e-10 2.04041e-05 0.00035075
7.82358e-10 2.0355e-05 0.000344043
7.8246e-10 2.0327e-05 0.000337523
7.82561e-10 2.03211e-05 0.000331234
7.82662e-10 2.03382e-05 0.000325217
7.82763e-10 2.03788e-05 0.000319516
7.82865e-10 2.04436e-05 0.000314171
7.82966e-10 2.05329e-05 0.000309223
7.83067e-10 2.0647e-05 0.000304709
7.83168e-10 2.07861e-05 0.000300664
7.8327e-10 2.09499e-05 0.000297124
7.83371e-10 2.11385e-05 0.000294119
7.83472e-10 2.13514e-05 0.00029168
7.83574e-10 2.15881e-05 0.000289832
7.83675e-10 2.18481e-05 0.000288599
7.83776e-10 2.21304e-05 0.000288003
7.83877e-10 2.24342e-05 0.000288062
7.83979e-10 2.27585e-05 0.000288789
7.8408e-10 2.31019e-05 0.000290197
7.84181e-10 2.34632e-05 0.000292293
7.84282e-10 2.38409e-05 0.000295083
7.84384e-10 2.42335e-05 0.000298566
7.84485e-10 2.46393e-05 0.000302742
7.84586e-10 2.50564e-05 0.000307603
7.84688e-10 2.54831e-05 0.00031314
7.84789e-10 2.59174e-05 0.000319341
7.8489e-10 2.63573e-05 0.000326188
7.84991e-10 2.68007e-05 0.000333662
7.85093e-10 2.72456e-05 0.00034174
7.85194e-10 2.76898e-05 0.000350393
7.85295e-10 2.81311e-05 0.000359594
7.85396e-10 2.85675e-05 0.000369309
7.85498e-10 2.89968e-05 0.000379501
7.85599e-10 2.94168e-05 0.000390134
7.857e-10 2.98255e-05 0.000401165
7.85802e-10 3.02209e-05 0.000412551
7.85903e-10 3.06009e-05 0.000424246
7.86004e-10 3.09637e-05 0.000436204
7.86105e-10 3.13074e-05 0.000448373
7.86207e-10 3.16303e-05 0.000460705
7.86308e-10 3.19309e-05 0.000473146
7.86409e-10 3.22075e-05 0.000485643
7.8651e-10 3.2459e-05 0.000498143
7.86612e-10 3.2684e-05 0.000510591
7.86713e-10 3.28815e-05 0.000522933
7.86814e-10 3.30506e-05 0.000535114
7.86915e-10 3.31905e-05 0.000547081
7.87017e-10 3.33006e-05 0.000558781
7.87118e-10 3.33806e-05 0.00057016
7.87219e-10 3.34303e-05 0.000581167
7.87321e-10 3.34497e-05 0.000591754
7.87422e-10 3.34388e-05 0.000601872
7.87523e-10 3.33981e-05 0.000611475
7.87624e-10 3.3328e-05 0.000620519
7.87726e-10 3.32294e-05 0.000628965
7.87827e-10 3.31031e-05 0.000636773
7.87928e-10 3.29503e-05 0.000643908
7.88029e-10 3.27721e-05 0.000650338
7.88131e-10 3.25702e-05 0.000656035
7.88232e-10 3.2346e-05 0.000660973
7.88333e-10 3.21014e-05 0.000665131
7.88435e-10 3.18382e-05 0.000668492
7.88536e-10 3.15587e-05 0.000671043
7.88637e-10 3.12649e-05 0.000672774
7.88738e-10 3.09592e-05 0.00067368
7.8884e-10 3.06441e-05 0.000673761
7.88941e-10 3.03219e-05 0.00067302
7.89042e-10 2.99954e-05 0.000671465
7.89143e-10 2.96672e-05 0.00066911
7.89245e-10 2.934e-05 0.00066597
7.89346e-10 2.90165e-05 0.000662067
7.89447e-10 2.86996e-05 0.000657426
7.89548e-10 2.8392e-05 0.000652077
7.8965e-10 2.80963e-05 0.000646054
7.89751e-10 2.78155e-05 0.000639394
7.89852e-10 2.7552e-05 0.000632138
7.89954e-10 2.73086e-05 0.000624333
7.90055e-10 2.70877e-05 0.000616025
7.90156e-10 2.68918e-05 0.000607268
7.90257e-10 2.67232e-05 0.000598116
7.90359e-10 2.65841e-05 0.000588625
7.9046e-10 2.64764e-05 0.000578857
7.90561e-10 2.64022e-05 0.000568874
7.90662e-10 2.63631e-05 0.000558739
7.90764e-10 2.63605e-05 0.000548519
7.90865e-10 2.6396e-05 0.00053828
7.90966e-10 2.64705e-05 0.000528091
7.91068e-10 2.65851e-05 0.00051802
7.91169e-10 2.67403e-05 0.000508136
7.9127e-10 2.69366e-05 0.000498509
7.91371e-10 2.71743e-05 0.000489206
7.91473e-10 2.74534e-05 0.000480296
7.91574e-10 2.77735e-05 0.000471845
7.91675e-10 2.81342e-05 0.000463918
7.91776e-10 2.85347e-05 0.00045658
7.91878e-10 2.89739e-05 0.000449891
7.91979e-10 2.94508e-05 0.000443911
7.9208e-10 2.99637e-05 0.000438695
7.92182e-10 3.05109e-05 0.000434296
7.92283e-10 3.10906e-05 0.000430764
7.92384e-10 3.17004e-05 0.000428145
7.92485e-10 3.23382e-05 0.00042648
7.92587e-10 3.30013e-05 0.000425808
7.92688e-10 3.36869e-05 0.000426162
7.92789e-10 3.43921e-05 0.000427569
7.9289e-10 3.51138e-05 0.000430054
7.92992e-10 3.58489e-05 0.000433636
7.93093e-10 3.6594e-05 0.000438327
7.93194e-10 3.73456e-05 0.000444135
7.93295e-10 3.81003e-05 0.000451064
7.93397e-10 3.88543e-05 0.00045911
7.93498e-10 3.96041e-05 0.000468264
7.93599e-10 4.0346e-05 0.000478514
7.93701e-10 4.10764e-05 0.000489838
7.93802e-10 4.17915e-05 0.000502212
7.93903e-10 4.24877e-05 0.000515605
7.94004e-10 4.31616e-05 0.000529981
7.94106e-10 4.38097e-05 0.000545299
7.94207e-10 4.44285e-05 0.000561513
7.94308e-10 4.50149e-05 0.00057857
7.94409e-10 4.55658e-05 0.000596415
7.94511e-10 4.60783e-05 0.000614987
7.94612e-10 4.65496e-05 0.000634222
7.94713e-10 4.69772e-05 0.000654049
7.94815e-10 4.73588e-05 0.000674398
7.94916e-10 4.76925e-05 0.000695192
7.95017e-10 4.79763e-05 0.000716351
7.95118e-10 4.82088e-05 0.000737795
7.9522e-10 4.83887e-05 0.00075944
7.95321e-10 4.85152e-05 0.000781199
7.95422e-10 4.85876e-05 0.000802986
7.95523e-10 4.86055e-05 0.000824712
7.95625e-10 4.85691e-05 0.000846289
7.95726e-10 4.84786e-05 0.000867627
7.95827e-10 4.83346e-05 0.000888638
7.95929e-10 4.81384e-05 0.000909234
7.9603e-10 4.7891e-05 0.000929327
7.96131e-10 4.75943e-05 0.000948834
7.96232e-10 4.72502e-05 0.00096767
7.96334e-10 4.6861e-05 0.000985756
7.96435e-10 4.64294e-05 0.00100301
7.96536e-10 4.59582e-05 0.00101937
7.96637e-10 4.54506e-05 0.00103475
7.96739e-10 4.49102e-05 0.00104909
7.9684e-10 4.43406e-05 0.00106233
7.96941e-10 4.37459e-05 0.00107442
7.97042e-10 4.31302e-05 0.0010853
7.97144e-10 4.24978e-05 0.00109492
7.97245e-10 4.18534e-05 0.00110325
7.97346e-10 4.12017e-05 0.00111026
7.97448e-10 4.05475e-05 0.00111591
7.97549e-10 3.98957e-05 0.00112019
7.9765e-10 3.92514e-05 0.00112308
7.97751e-10 3.86196e-05 0.00112458
7.97853e-10 3.80053e-05 0.00112469
7.97954e-10 3.74137e-05 0.00112341
7.98055e-10 3.68498e-05 0.00112077
7.98156e-10 3.63184e-05 0.00111679
7.98258e-10 3.58245e-05 0.00111149
7.98359e-10 3.53727e-05 0.00110492
7.9846e-10 3.49676e-05 0.00109712
7.98562e-10 3.46135e-05 0.00108814
7.98663e-10 3.43146e-05 0.00107803
7.98764e-10 3.40748e-05 0.00106688
7.98865e-10 3.38976e-05 0.00105474
7.98967e-10 3.37864e-05 0.0010417
7.99068e-10 3.37442e-05 0.00102785
7.99169e-10 3.37735e-05 0.00101326
7.9927e-10 3.38767e-05 0.00099804
7.99372e-10 3.40557e-05 0.000982286
7.99473e-10 3.43119e-05 0.000966103
7.99574e-10 3.46464e-05 0.000949599
7.99676e-10 3.50598e-05 0.000932885
7.99777e-10 3.55523e-05 0.000916076
7.99878e-10 3.61236e-05 0.000899289
7.99979e-10 3.6773e-05 0.000882642
8.00081e-10 3.74993e-05 0.000866257
8.00182e-10 3.83008e-05 0.000850253
8.00283e-10 3.91755e-05 0.000834751
8.00384e-10 4.01206e-05 0.000819873
8.00486e-10 4.11333e-05 0.000805737
8.00587e-10 4.221e-05 0.000792461
8.00688e-10 4.33469e-05 0.00078016
8.00789e-10 4.45395e-05 0.000768948
8.00891e-10 4.57833e-05 0.000758932
8.00992e-10 4.70732e-05 0.000750218
8.01093e-10 4.84036e-05 0.000742906
8.01195e-10 4.97689e-05 0.000737092
8.01296e-10 5.11629e-05 0.000732864
8.01397e-10 5.25794e-05 0.000730305
8.01498e-10 5.40119e-05 0.000729492
8.016e-10 5.54534e-05 0.000730494
8.01701e-10 5.68971e-05 0.000733371
8.01802e-10 5.83359e-05 0.000738178
8.01903e-10 5.97627e-05 0.000744959
8.02005e-10 6.11702e-05 0.000753749
8.02106e-10 6.25511e-05 0.000764575
8.02207e-10 6.38984e-05 0.000777456
8.02309e-10 6.52049e-05 0.000792398
8.0241e-10 6.64635e-05 0.000809399
8.02511e-10 6.76673e-05 0.000828448
8.02612e-10 6.88098e-05 0.000849523
8.02714e-10 6.98845e-05 0.000872591
8.02815e-10 7.08852e-05 0.000897612
8.02916e-10 7.18062e-05 0.000924532
8.03017e-10 7.26419e-05 0.00095329
8.03119e-10 7.33872e-05 0.000983814
8.0322e-10 7.40376e-05 0.00101603
8.03321e-10 7.45889e-05 0.00104983
8.03422e-10 7.50374e-05 0.00108514
8.03524e-10 7.538e-05 0.00112183
8.03625e-10 7.56141e-05 0.0011598
8.03726e-10 7.57377e-05 0.00119891
8.03828e-10 7.57494e-05 0.00123905
8.03929e-10 7.56485e-05 0.00128008
8.0403e-10 7.54348e-05 0.00132184
8.04131e-10 7.51089e-05 0.0013642
8.04233e-10 7.4672e-05 0.001407
8.04334e-10 7.41259e-05 0.00145007
8.04435e-10 7.34732e-05 0.00149328
8.04536e-10 7.2717e-05 0.00153644
8.04638e-10 7.18613e-05 0.00157939
8.04739e-10 7.09105e-05 0.00162198
8.0484e-10 6.98698e-05 0.00166402
8.04942e-10 6.87449e-05 0.00170537
8.05043e-10 6.75423e-05 0.00174584
8.05144e-10 6.62688e-05 0.00178529
8.05245e-10 6.4932e-05 0.00182356
8.05347e-10 6.354e-05 0.00186048
8.05448e-10 6.2101e-05 0.00189591
8.05549e-10 6.06242e-05 0.0019297
8.0565e-10 5.91188e-05 0.00196173
8.05752e-10 5.75944e-05 0.00199184
8.05853e-10 5.60612e-05 0.00201994
8.05954e-10 5.45292e-05 0.00204589
8.06056e-10 5.3009e-05 0.0020696
8.06157e-10 5.1511e-05 0.00209097
8.06258e-10 5.00461e-05 0.00210992
8.06359e-10 4.86248e-05 0.00212637
8.06461e-10 4.72578e-05 0.00214027
8.06562e-10 4.59557e-05 0.00215156
8.06663e-10 4.47289e-05 0.00216022
8.06764e-10 4.35877e-05 0.00216622
8.06866e-10 4.25419e-05 0.00216954
8.06967e-10 4.16011e-05 0.00217021
8.07068e-10 4.07746e-05 0.00216823
8.07169e-10 4.0071e-05 0.00216363
8.07271e-10 3.94987e-05 0.00215647
8.07372e-10 3.90652e-05 0.00214681
8.07473e-10 3.87775e-05 0.00213473
8.07575e-10 3.86421e-05 0.0021203
8.07676e-10 3.86646e-05 0.00210365
8.07777e-10 3.88497e-05 0.00208487
8.07878e-10 3.92017e-05 0.00206411
8.0798e-10 3.97235e-05 0.00204151
8.08081e-10 4.04177e-05 0.00201721
8.08182e-10 4.12855e-05 0.0019914
8.08283e-10 4.23274e-05 0.00196424
8.08385e-10 4.35429e-05 0.00193593
8.08486e-10 4.49305e-05 0.00190666
8.08587e-10 4.64878e-05 0.00187664
8.08689e-10 4.82112e-05 0.00184609
8.0879e-10 5.00964e-05 0.00181522
8.08891e-10 5.21378e-05 0.00178427
8.08992e-10 5.43291e-05 0.00175347
8.09094e-10 5.66629e-05 0.00172306
8.09195e-10 5.91308e-05 0.00169327
8.09296e-10 6.17236e-05 0.00166435
8.09397e-10 6.44312e-05 0.00163655
8.09499e-10 6.72427e-05 0.0016101
8.096e-10 7.01463e-05 0.00158525
8.09701e-10 7.31296e-05 0.00156223
8.09803e-10 7.61793e-05 0.00154128
8.09904e-10 7.92818e-05 0.00152263
8.10005e-10 8.24225e-05 0.0015065
8.10106e-10 8.55868e-05 0.00149311
8.10208e-10 8.87592e-05 0.00148265
8.10309e-10 9.19242e-05 0.00147534
8.1041e-10 9.50659e-05 0.00147135
8.10511e-10 9.81681e-05 0.00147085
8.10613e-10 0.000101215 0.00147401
8.10714e-10 0.00010419 0.00148097
8.10815e-10 0.000107077 0.00149187
8.10916e-10 0.00010986 0.00150681
8.11018e-10 0.000112524 0.00152589
8.11119e-10 0.000115052 0.0015492
8.1122e-10 0.000117432 0.00157679
8.11322e-10 0.000119647 0.00160872
8.11423e-10 0.000121684 0.00164499
8.11524e-10 0.00012353 0.00168563
8.11625e-10 0.000125173 0.0017306
8.11727e-10 0.000126602 0.00177987
8.11828e-10 0.000127806 0.00183339
8.11929e-10 0.000128776 0.00189108
8.1203e-10 0.000129503 0.00195283
8.12132e-10 0.000129981 0.00201853
8.12233e-10 0.000130204 0.00208804
8.12334e-10 0.000130167 0.00216119
8.12436e-10 0.000129866 0.00223781
8.12537e-10 0.000129301 0.00231771
8.12638e-10 0.000128471 0.00240066
8.12739e-10 0.000127377 0.00248642
8.12841e-10 0.000126021 0.00257476
8.12942e-10 0.000124408 0.00266539
8.13043e-10 0.000122543 0.00275805
8.13144e-10 0.000120434 0.00285243
8.13246e-10 0.000118088 0.00294822
8.13347e-10 0.000115516 0.00304512
8.13448e-10 0.000112729 0.00314278
8.1355e-10 0.000109741 0.00324088
8.13651e-10 0.000106566 0.00333906
8.13752e-10 0.00010322 0.00343699
8.13853e-10 9.97186e-05 0.0035343
8.13955e-10 9.60812e-05 0.00363065
8.14056e-10 9.23269e-05 0.00372568
8.14157e-10 8.84759e-05 0.00381904
8.14258e-10 8.45498e-05 0.00391037
8.1436e-10 8.05708e-05 0.00399933
8.14461e-10 7.65618e-05 0.00408559
8.14562e-10 7.25467e-05 0.00416882
8.14663e-10 6.85496e-05 0.00424869
8.14765e-10 6.45954e-05 0.00432491
8.14866e-10 6.0709e-05 0.00439717
8.14967e-10 5.69157e-05 0.00446521
8.15069e-10 5.32408e-05 0.00452876
8.1517e-10 4.97095e-05 0.00458758
8.15271e-10 4.63468e-05 0.00464146
8.15372e-10 4.31775e-05 0.0046902
8.15474e-10 4.02258e-05 0.00473361
8.15575e-10 3.75153e-05 0.00477156
8.15676e-10 3.50689e-05 0.00480392
8.15777e-10 3.29086e-05 0.00483059
8.15879e-10 3.10553e-05 0.00485151
8.1598e-10 2.9529e-05 0.00486663
8.16081e-10 2.83481e-05 0.00487594
8.16183e-10 2.753e-05 0.00487947
8.16284e-10 2.70903e-05 0.00487726
8.16385e-10 2.70431e-05 0.0048694
8.16486e-10 2.74007e-05 0.00485601
8.16588e-10 2.81737e-05 0.00483722
8.16689e-10 2.93709e-05 0.00481322
8.1679e-10 3.09987e-05 0.00478421
8.16891e-10 3.3062e-05 0.00475042
8.16993e-10 3.55632e-05 0.00471214
8.17094e-10 3.85025e-05 0.00466965
8.17195e-10 4.18782e-05 0.00462329
8.17296e-10 4.56862e-05 0.00457341
8.17398e-10 4.992e-05 0.00452038
8.17499e-10 5.4571e-05 0.00446462
8.176e-10 5.96282e-05 0.00440655
8.17702e-10 6.50786e-05 0.00434664
8.17803e-10 7.09067e-05 0.00428533
8.17904e-10 7.70949e-05 0.00422314
8.18005e-10 8.36234e-05 0.00416057
8.18107e-10 9.04705e-05 0.00409813
8.18208e-10 9.76123e-05 0.00403636
8.18309e-10 0.000105023 0.0039758
8.1841e-10 0.000112675 0.00391701
8.18512e-10 0.00012054 0.00386054
8.18613e-10 0.000128585 0.00380694
8.18714e-10 0.000136779 0.00375677
8.18816e-10 0.000145089 0.00371059
8.18917e-10 0.000153478 0.00366895
8.19018e-10 0.000161912 0.00363238
8.19119e-10 0.000170353 0.00360141
8.19221e-10 0.000178764 0.00357656
8.19322e-10 0.000187107 0.00355832
8.19423e-10 0.000195343 0.00354717
8.19524e-10 0.000203434 0.00354357
8.19626e-10 0.000211341 0.00354795
8.19727e-10 0.000219026 0.0035607
8.19828e-10 0.000226451 0.00358221
8.1993e-10 0.000233578 0.00361282
8.20031e-10 0.000240371 0.00365282
8.20132e-10 0.000246795 0.00370249
8.20233e-10 0.000252815 0.00376207
8.20335e-10 0.000258398 0.00383174
8.20436e-10 0.000263512 0.00391165
8.20537e-10 0.000268128 0.00400191
8.20638e-10 0.000272219 0.00410257
8.2074e-10 0.000275758 0.00421366
8.20841e-10 0.000278721 0.00433513
8.20942e-10 0.000281089 0.0044669
8.21043e-10 0.000282842 0.00460886
8.21145e-10 0.000283965 0.00476081
8.21246e-10 0.000284444 0.00492253
8.21347e-10 0.00028427 0.00509375
8.21449e-10 0.000283435 0.00527415
8.2155e-10 0.000281935 0.00546334
8.21651e-10 0.000279771 0.00566093
8.21752e-10 0.000276943 0.00586643
8.21854e-10 0.000273458 0.00607936
8.21955e-10 0.000269326 0.00629915
8.22056e-10 0.000264558 0.00652522
8.22157e-10 0.00025917 0.00675695
8.22259e-10 0.000253181 0.00699367
8.2236e-10 0.000246615 0.00723468
8.22461e-10 0.000239496 0.00747926
8.22563e-10 0.000231855 0.00772666
8.22664e-10 0.000223722 0.00797609
8.22765e-10 0.000215134 0.00822676
8.22866e-10 0.000206129 0.00847785
8.22968e-10 0.000196747 0.00872852
8.23069e-10 0.000187034 0.00897795
8.2317e-10 0.000177035 0.00922528
8.23271e-10 0.0001668 0.00946967
8.23373e-10 0.00015638 0.00971027
8.23474e-10 0.00014583 0.00994624
8.23575e-10 0.000135204 0.0101768
8.23677e-10 0.000124561 0.010401
8.23778e-10 0.000113959 0.0106182
8.23879e-10 0.000103459 0.0108276
8.2398e-10 9.31233e-05 0.0110284
8.24082e-10 8.30143e-05 0.0112199
8.24183e-10 7.31957e-05 0.0114015
8.24284e-10 6.37318e-05 0.0115725
8.24385e-10 5.46872e-05 0.0117324
8.24487e-10 4.61264e-05 0.0118806
8.24588e-10 3.81141e-05 0.0120165
8.24689e-10 3.07145e-05 0.0121399
8.2479e-10 2.39912e-05 0.0122504
8.24892e-10 1.80071e-05 0.0123475
8.24993e-10 1.2824e-05 0.0124312
8.25094e-10 8.50235e-06 0.0125011
8.25196e-10 5.10118e-06 0.0125573
8.25297e-10 2.6778e-06 0.0125996
8.25398e-10 1.28756e-06 0.0126282
8.25499e-10 9.83667e-07 0.0126431
8.25601e-10 1.81694e-06 0.0126446
8.25702e-10 3.83564e-06 0.0126328
8.25803e-10 7.08523e-06 0.0126083
8.25904e-10 1.16082e-05 0.0125712
8.26006e-10 1.7444e-05 0.0125223
8.26107e-10 2.46284e-05 0.0124621
8.26208e-10 3.31941e-05 0.0123911
8.2631e-10 4.31698e-05 0.0123102
8.26411e-10 5.45804e-05 0.0122201
8.26512e-10 6.74469e-05 0.0121217
8.26613e-10 8.17859e-05 0.0120159
8.26715e-10 9.76101e-05 0.0119037
8.26816e-10 0.000114927 0.0117861
8.26917e-10 0.000133741 0.0116643
8.27018e-10 0.00015405 0.0115394
8.2712e-10 0.000175849 0.0114126
8.27221e-10 0.000199126 0.0112851
8.27322e-10 0.000223865 0.0111583
8.27424e-10 0.000250046 0.0110333
8.27525e-10 0.000277643 0.0109116
8.27626e-10 0.000306623 0.0107944
8.27727e-10 0.000336951 0.0106831
8.27829e-10 0.000368583 0.0105792
8.2793e-10 0.000401474 0.0104838
8.28031e-10 0.000435569 0.0103985
8.28132e-10 0.00047081 0.0103245
8.28234e-10 0.000507134 0.0102631
8.28335e-10 0.00054447 0.0102157
8.28436e-10 0.000582745 0.0101834
8.28537e-10 0.000621877 0.0101674
8.28639e-10 0.000661782 0.010169
8.2874e-10 0.000702367 0.0101892
8.28841e-10 0.000743536 0.010229
8.28943e-10 0.000785188 0.0102895
8.29044e-10 0.000827216 0.0103714
8.29145e-10 0.000869508 0.0104757
8.29246e-10 0.000911948 0.010603
8.29348e-10 0.000954414 0.0107539
8.29449e-10 0.000996781 0.0109291
8.2955e-10 0.00103892 0.0111288
8.29651e-10 0.0010807 0.0113536
8.29753e-10 0.00112197 0.0116035
8.29854e-10 0.00116261 0.0118787
8.29955e-10 0.00120246 0.0121791
8.30057e-10 0.00124138 0.0125047
8.30158e-10 0.00127922 0.0128552
8.30259e-10 0.00131584 0.0132302
8.3036e-10 0.00135108 0.0136293
8.30462e-10 0.00138479 0.0140518
8.30563e-10 0.00141682 0.0144971
8.30664e-10 0.00144702 0.0149643
8.30765e-10 0.00147525 0.0154525
8.30867e-10 0.00150135 0.0159605
8.30968e-10 0.00152518 0.0164873
8.31069e-10 0.00154661 0.0170316
8.31171e-10 0.0015655 0.0175919
8.31272e-10 0.00158172 0.0181669
8.31373e-10 0.00159516 0.018755
8.31474e-10 0.0016057 0.0193545
8.31576e-10 0.00161323 0.0199638
8.31677e-10 0.00161767 0.020581
8.31778e-10 0.00161892 0.0212044
8.31879e-10 0.00161693 0.0218321
8.31981e-10 0.00161164 0.0224621
8.32082e-10 0.001603 0.0230925
8.32183e-10 0.00159099 0.0237213
8.32284e-10 0.0015756 0.0243466
8.32386e-10 0.00155685 0.0249663
8.32487e-10 0.00153477 0.0255784
8.32588e-10 0.0015094 0.0261811
8.3269e-10 0.00148084 0.0267723
8.32791e-10 0.00144917 0.0273503
8.32892e-10 0.00141453 0.027913
8.32993e-10 0.00137706 0.0284588
8.33095e-10 0.00133693 0.028986
8.33196e-10 0.00129436 0.0294929
8.33297e-10 0.00124958 0.029978
8.33398e-10 0.00120285 0.0304398
8.335e-10 0.00115447 0.0308771
8.33601e-10 0.00110475 0.0312886
8.33702e-10 0.00105406 0.0316733
8.33804e-10 0.00100278 0.0320301
8.33905e-10 0.000951327 0.0323584
8.34006e-10 0.00090015 0.0326575
8.34107e-10 0.000849727 0.0329268
8.34209e-10 0.000800567 0.033166
8.3431e-10 0.000753208 0.0333749
8.34411e-10 0.000708217 0.0335536
8.34512e-10 0.000666187 0.0337022
8.34614e-10 0.000627738 0.0338209
8.34715e-10 0.000593512 0.0339104
8.34816e-10 0.000564174 0.0339712
8.34917e-10 0.000540408 0.0340043
8.35019e-10 0.000522916 0.0340105
8.3512e-10 0.000512413 0.033991
8.35221e-10 0.000509627 0.0339472
8.35323e-10 0.000515292 0.0338806
8.35424e-10 0.000530148 0.0337926
8.35525e-10 0.000554933 0.0336852
8.35626e-10 0.000590384 0.0335601
8.35728e-10 0.000637228 0.0334193
8.35829e-10 0.00069618 0.033265
8.3593e-10 0.000767939 0.0330993
8.36031e-10 0.00085318 0.0329246
8.36133e-10 0.000952551 0.0327433
8.36234e-10 0.00106667 0.0325576
8.36335e-10 0.00119611 0.0323702
8.36437e-10 0.00134141 0.0321835
8.36538e-10 0.00150305 0.0320001
8.36639e-10 0.00168147 0.0318225
8.3674e-10 0.00187703 0.0316532
8.36842e-10 0.00209004 0.0314947
8.36943e-10 0.00232073 0.0313495
8.37044e-10 0.00256928 0.03122
8.37145e-10 0.00283574 0.0311085
8.37247e-10 0.00312013 0.0310173
8.37348e-10 0.00342233 0.0309486
8.37449e-10 0.00374217 0.0309043
8.37551e-10 0.00407935 0.0308863
8.37652e-10 0.00443348 0.0308965
8.37753e-10 0.00480408 0.0309365
8.37854e-10 0.00519054 0.0310077
8.37956e-10 0.00559216 0.0311113
8.38057e-10 0.00600813 0.0312485
8.38158e-10 0.00643753 0.0314202
8.38259e-10 0.00687933 0.0316271
8.38361e-10 0.00733239 0.0318697
8.38462e-10 0.00779547 0.0321482
8.38563e-10 0.00826724 0.0324628
8.38664e-10 0.00874625 0.0328133
8.38766e-10 0.00923097 0.0331992
8.38867e-10 0.00971978 0.0336202
8.38968e-10 0.010211 0.0340753
8.3907e-10 0.0107028 0.0345636
8.39171e-10 0.0111934 0.0350839
8.39272e-10 0.0116809 0.0356347
8.39373e-10 0.0121633 0.0362144
8.39475e-10 0.0126387 0.0368214
8.39576e-10 0.0131051 0.0374536
8.39677e-10 0.0135604 0.038109
8.39778e-10 0.0140027 0.0387853
8.3988e-10 0.0144299 0.0394801
